100
2 1
100 20
200 10
2 2
100 20
200 10
3 2
100 10
100 10
100 10
4 2
9 3
7 1
10 1
8 4
8 6
252347 68
20947 2962
25446 2690
28099 2581
212521 1
29621 2094
28149 2894
29194 2862
7 2
347994 723778
671063 321557
87470 624647
260625 737558
429734 2113
301337 485315
174417 475525
4 2
268685 231066
722346 672703
672437 331353
703060 75962
1 1
1 1
6 2
571408 137574
95501 823142
719241 109297
176564 445226
377641 208163
505325 155565
9 2
3018 331128
3698 361590
3109 305330
3398 302560
3069 302327
14419 34
13964 66
3120 303874
3000 376258
7 4
628488 86469
63714 852948
403522 134676
995106 54612
816183 66584
406638 133644
118104 460143
10 10
1000000 1000000
1000000 1000000
1000000 1000000
1000000 1000000
1000000 1000000
1000000 1000000
1000000 1000000
1000000 1000000
1000000 1000000
1000000 1000000
2 2
99138 214452
33579 633144
2 2
698523 10296
270396 26598
4 1
239967 469311
575336 589408
940998 545545
833029 369477
7 1
10746 35
3525 393775
3147 353217
3734 376702
19993 17
3419 320545
3090 392787
3 2
203112 67773
111321 123656
21033 654472
8 3
3311 322097
3145 379192
3022 348620
3424 361840
17890 26
11457 34
3065 376030
3219 392722
3 1
168552 167789
41835 676017
153591 184133
4 1
25628 2004
25066 2350
22577 2937
281298 14
9 4
442927 644968
838952 599176
141696 858240
423335 391358
1602 368734
477491 893643
885971 873338
820516 19570
641662 466397
9 5
999919 113342
787823 173735
894781 5928
520271 966369
737829 972784
634522 611086
591048 549497
945661 916676
148672 585045
9 4
28032 2624
21138 2851
276997 47
24721 2496
20750 2954
24570 2739
21171 2626
23974 2437
278783 91
2 1
16365 73
3016 345265
3 1
254488 10
29959 2685
25288 2353
8 3
3581 309911
3533 358056
11858 90
3305 319639
3030 345110
3981 357508
10583 62
3817 348234
4 1
128426 108164
365066 470336
679410 47070
107498 242652
3 1
244138 338049
273358 301914
763423 108106
5 1
26266 2812
288457 70
27324 2535
28926 2972
201416 59
7 4
459443 163047
450269 166369
569084 131634
96811 773784
247576 302577
711093 105346
311775 240272
4 2
27830 495815
889637 221551
76957 906113
905522 835170
6 4
105651 136648
101556 142158
37107 389064
455886 31668
14616 987753
113477 127224
10 4
240725 6
29625 2074
22428 2692
25562 2910
20625 2789
27897 2119
21307 2182
218073 46
24525 2687
212563 98
7 5
27816 2350
21893 2910
27063 2021
25429 2025
202746 88
239497 77
28245 2609
10 2
112125 388692
264853 164552
139848 311639
446131 97689
689721 63188
777183 56077
250773 173791
76193 571996
939168 46405
490138 88918
6 1
578729 739273
870402 908555
197860 373666
377882 485417
765209 131030
470754 524651
3 1
26960 2682
296509 7
21010 2624
3 1
173957 347812
835599 906376
437836 876891
6 4
145521 89544
142968 91143
49036 265734
34891 373464
638001 20424
28782 452732
9 6
24000 2317
20215 2753
249172 40
24239 2293
26254 2322
21933 2884
294113 35
23311 2548
27751 2265
4 2
523905 234306
949813 366228
638960 189327
418250 116302
9 6
29534 2751
26342 2829
27438 2303
23376 2285
20377 2908
20214 2657
209752 62
288974 25
20205 2921
4 3
66378 335916
50778 439116
186921 119288
503874 44252
4 1
196700 237707
72895 641429
293092 159530
314018 148899
6 4
64206 417508
89544 299367
97092 276094
50778 527916
144522 185484
110577 242424
3 1
29884 2488
24688 2741
206221 61
2 1
20243 2526
236349 29
3 2
446307 134389
338708 177081
415803 144248
8 3
288116 26
25796 2496
28803 2785
24055 2660
24915 2265
27205 2940
28135 2840
201747 100
5 3
3284 300771
18086 28
3658 381866
3894 321951
10003 54
8 3
3504 309465
19992 68
3816 395716
3713 320769
17516 50
3124 313371
3126 353362
3704 365893
4 3
376694 817409
910073 984595
142572 39918
857851 224231
9 4
269741 65
23674 2709
25713 2556
28558 2474
20487 2792
21741 2012
27469 2675
22157 2128
275180 100
6 4
3140 391942
3972 338662
3076 398967
12551 78
18621 89
3587 327262
8 5
482328 25327
531867 22968
29799 409944
77748 157122
111972 109098
58652 208278
52374 233244
21924 557194
8 2
15124 22
3903 347991
3255 394945
3750 334457
10781 58
3944 318565
3890 381261
3359 327422
7 3
12492 7
3702 361619
3140 355484
3310 381336
3674 366633
14952 25
4000 344726
2 1
167142 533943
917632 97255
7 5
220050 428831
338501 278771
103500 911732
601119 156981
199513 472973
593639 158959
355709 265285
10 6
177422 43524
68172 113274
34713 222456
171912 44919
81432 94829
18879 409032
912456 8463
434217 17784
357903 21576
39767 194184
2 1
497956 170344
94800 894766
2 1
3495 340782
17268 50
9 4
24680 2319
21631 2402
20372 2849
250084 70
260684 82
21508 2256
28075 2378
27238 2962
22357 2330
4 3
209558 76
23398 2646
21735 2701
29416 2540
8 5
329208 44289
71079 205128
22059 660968
78561 185592
26187 556776
35112 415251
67599 215688
88236 165242
10 3
22913 2793
22272 2807
28203 2417
278194 51
27789 2669
271137 14
21595 2653
264951 11
24504 2731
24524 2639
6 4
353696 486561
646874 626082
624773 558187
653965 790718
942943 674624
236562 566882
4 1
3450 311018
3577 330152
10009 82
3857 335098
6 4
390609 45752
39368 453951
91908 194446
183816 97223
43401 411768
816183 21896
9 3
2758 481101
878308 804288
394320 548877
455559 199793
216457 529740
28028 431269
113229 167562
292563 866914
624188 479148
7 3
252948 225980
233834 244452
171191 333903
82893 689578
66270 862550
267207 213921
420705 135870
3 1
482368 993532
326240 755446
96248 68964
2 1
652284 285606
106474 356131
8 3
258611 128775
718147 46373
740651 44964
153783 216556
57965 574530
40663 818991
36282 917883
282319 117961
6 4
4788 954822
68376 66861
168498 27132
28842 158508
17204 265734
66861 68376
9 4
3335 384079
3264 333237
3695 392676
3713 305761
11898 18
3538 306143
3799 394126
10208 79
3615 370158
7 4
271932 51282
25542 545972
33966 410564
353276 39474
428978 32508
19096 730269
64232 217107
4 3
5676 936054
178794 29716
5719 929016
158004 33626
3 2
204632 245703
132184 380369
209389 240121
8 5
939393 10824
11718 867724
11284 901098
90909 111848
67158 151404
61992 164021
26936 377487
12177 835016
4 3
358701 29304
138446 75924
176638 59508
61864 169911
10 3
3985 397971
3688 378405
3797 344408
3858 307790
3721 367604
11449 18
3492 375758
3485 361999
17999 31
17387 15
5 1
126545 378119
742387 64453
296481 161390
191160 250309
60287 793688
6 3
834125 572144
195756 131848
298592 233248
304393 761589
133825 482494
965597 875039
6 3
361685 249507
159659 565223
118171 763664
379086 238054
908425 99340
297056 303791
8 3
3426 330301
15992 73
18054 6
3783 316367
3578 373563
3867 325062
3101 318788
3535 385010
5 1
191053 152919
129369 75611
716403 983071
92417 442532
616030 871732
5 1
3047 367182
3741 338771
13668 24
10720 70
3263 362788
8 3
28953 2005
215195 54
272305 13
21192 2323
20537 2713
27247 2513
26671 2369
28347 2740
8 4
659907 16669
415973 26444
12549 876563
11769 934658
673730 16327
11823 930389
135062 81444
56876 193403
6 2
3291 313857
3055 389575
13945 1
3161 311886
16522 82
3001 355674
9 6
92350 475655
66281 662735
290442 151241
170860 257092
88167 498222
134335 326994
57556 763200
159016 276241
379120 115865
5 2
16732 1
3781 350468
11896 24
3362 374118
3503 324308
3 2
540493 652447
652851 151541
568226 533251
6 4
48546 490028
57276 415338
83979 283272
69832 340659
37324 637362
41151 578088
3 2
129585 266406
206684 167029
389088 88726
10 3
272928 569367
683938 171862
425887 152529
491696 191701
298163 230238
558064 763311
208941 55198
553205 703156
828019 354147
8535 695416
9 5
3652 387472
13716 38
3898 350016
3945 311752
3291 357970
3366 389001
3095 381715
3176 386136
10870 68
6 2
94206 423310
138059 288850
182877 218061
80147 497565
551377 72325
83885 475393
4 3
607614 45756
28152 987567
42476 654534
789291 35224
