399 41
559
3335
728
2697
2953
1938
4444
2065
1906
1300
1591
4404
3977
2081
471
4251
4137
1184
3013
2524
1520
1817
1292
2041
70
2423
1149
2618
1024
1024
4183
3496
1486
898
1558
1532
1033
1384
3409
4495
4554
4181
3104
3275
2695
465
3606
370
4662
1058
4667
70
2687
965
1950
3688
4500
1661
2857
2580
917
2987
4732
2917
386
2414
3519
318
3248
941
3346
3489
3000
2667
3808
2738
3548
2313
659
1262
2443
59
185
2929
1839
3924
1264
1782
3325
1507
1454
2971
2309
4954
60
3091
779
3908
35
3045
1885
4168
72
4253
349
1171
1412
1690
4737
2290
831
824
58
1952
1990
4702
746
2421
1170
1563
4017
3808
660
4213
425
3911
4638
2098
993
4660
1459
4618
4351
3729
1017
4828
2905
2903
2254
1009
1278
4700
1097
3014
3281
3764
3363
2134
2990
2825
2989
1103
2783
2597
2195
411
3377
4247
1250
2546
323
2205
2302
4158
943
2465
319
3319
1244
4327
4597
3560
1075
1790
4513
1858
2161
1845
46
1719
44
4447
816
1306
1801
1770
1940
2653
3861
4997
2688
411
4034
640
1236
3303
4309
2856
1498
1197
2446
163
1937
887
4920
2145
4680
2514
481
2499
4177
4171
732
3472
1524
1444
2517
2942
2166
3475
228
2599
1129
4501
4430
84
2166
4071
2217
2021
3616
4997
4559
4458
3627
1519
3188
2292
741
208
3531
4127
3124
1648
4533
188
3064
3085
116
3754
377
4094
3184
901
452
3688
2015
3378
3155
3228
4786
2257
2979
1857
2134
3980
2018
2662
1912
2863
2920
227
2565
2849
645
2760
4977
3362
1700
3397
3518
637
2702
3244
783
2856
3922
213
1565
457
3659
4528
562
2732
3042
3976
3460
4290
854
742
3940
204
4218
1227
2576
3576
2966
866
1782
867
4240
2917
2610
1048
3268
575
1202
2128
345
4146
1055
3978
1135
402
4367
21
4502
1922
3329
4740
808
1933
544
1993
3714
1927
2828
13
4934
238
4253
2446
805
4475
2090
698
2595
485
505
1484
3539
2856
3271
389
1126
4730
4986
340
3598
1326
269
169
4479
1093
4812
3854
1032
4417
1321
3583
3862
4900
4046
3556
2058
3737
4316
4092
2596
1056
4875
3869
1168
2080
1427
4393
2712
1144
2483
2314
954
3422
1543
1978
1931
4524
487
516
4108
