3141
551 11 71
25 164 375
341 61 1
963 45 169
996 751 334
307 131 461
25 749 300
311 441 465
725 857 931
185 459 357
77 949 709
790 378 165
576 760 689
521 945 761
81 384 817
191 381 41
403 316 611
607 861 371
171 975 940
473 41 958
151 411 401
511 401 913
631 389 354
804 517 865
159 929 896
335 265 641
657 818 179
581 101 1
881 467 874
603 626 79
281 921 223
179 316 881
251 297 825
421 797 851
21 584 753
427 613 745
472 841 429
866 811 525
705 824 478
388 829 857
641 199 205
221 32 946
624 9 197
880 525 461
471 402 758
361 95 625
531 435 972
410 72 399
145 457 216
313 137 576
415 945 951
661 129 473
363 301 6
629 487 181
766 84 256
76 113 521
697 98 124
401 586 921
541 337 964
473 904 721
421 801 391
487 385 1
762 41 501
838 977 113
497 164 775
847 840 921
826 71 571
231 747 411
381 365 602
988 163 61
434 293 729
161 486 825
102 671 621
961 97 49
383 889 984
400 223 912
577 573 803
621 955 433
221 410 177
621 441 525
653 646 291
597 473 510
606 603 286
585 790 704
242 773 701
991 193 806
113 87 769
465 721 276
52 623 453
217 996 641
673 501 685
829 267 377
273 641 961
513 501 801
613 313 389
871 151 403
622 19 346
941 597 371
276 276 841
431 901 996
829 805 111
781 29 696
561 618 641
607 456 171
629 551 161
949 645 586
985 187 957
175 557 905
617 264 577
871 629 801
661 515 701
489 511 705
329 123 581
849 1 979
506 486 274
261 816 655
397 826 34
676 441 189
801 299 770
387 46 726
440 185 881
85 620 184
641 368 446
857 908 626
715 809 997
430 175 306
393 759 97
989 733 579
643 697 251
817 571 562
236 171 301
157 493 851
413 237 47
929 101 817
109 574 551
121 781 648
966 941 306
976 711 569
611 681 601
403 535 137
183 291 455
74 576 321
62 353 26
129 991 236
107 939 281
817 97 101
121 549 269
929 216 324
609 401 696
678 285 906
433 406 73
633 491 626
451 771 327
87 481 150
267 351 923
371 965 427
961 481 835
133 398 401
59 203 808
341 728 992
343 961 799
401 631 581
367 888 9
281 60 274
57 729 817
702 763 601
189 497 929
301 966 26
161 22 295
65 501 916
697 769 65
49 851 252
211 307 493
831 633 345
847 745 37
85 725 185
145 469 527
403 801 505
609 997 274
110 361 963
369 452 162
153 673 33
451 594 773
135 507 253
373 601 309
776 745 585
901 803 897
631 526 843
505 21 604
661 875 245
139 838 165
809 935 641
665 967 691
931 201 481
281 501 206
641 441 287
785 553 333
71 951 79
863 805 261
801 951 917
701 876 850
167 74 203
891 631 114
263 513 231
551 842 165
693 894 13
238 641 560
66 741 741
965 736 709
161 823 65
769 477 641
747 201 611
572 232 62
796 701 251
681 503 920
135 591 121
244 879 125
611 145 676
794 893 905
793 63 576
971 311 384
83 203 173
211 1 821
809 721 945
792 82 601
601 289 943
116 416 751
501 641 881
483 65 210
966 111 266
708 124 560
798 575 285
663 609 723
713 69 405
6 286 461
61 203 203
910 566 505
305 423 673
665 411 301
892 488 790
537 919 346
286 559 763
759 805 181
863 464 807
937 837 601
463 581 565
295 857 301
262 823 161
361 416 213
914 447 876
673 196 89
953 241 145
483 446 301
291 24 951
811 364 457
445 215 431
49 846 173
5 766 832
938 5 751
629 181 1
461 497 653
681 371 515
965 961 545
115 136 687
577 671 966
39 674 874
669 727 643
641 313 385
269 749 261
814 929 321
187 300 323
895 662 116
649 609 789
409 83 896
611 567 386
116 985 865
687 173 737
659 120 321
489 79 648
93 622 363
709 881 637
51 781 837
249 389 103
827 344 719
961 506 876
667 481 311
305 489 317
875 508 947
461 17 1
777 545 722
535 151 365
669 257 629
725 373 461
615 192 404
265 385 910
61 855 117
201 852 988
945 305 13
868 369 527
491 759 216
401 801 171
196 697 633
118 731 161
866 401 368
665 301 643
701 105 789
576 538 65
601 613 92
301 335 62
262 51 185
865 973 835
219 209 293
447 338 723
801 129 721
205 985 72
762 873 175
67 601 462
496 801 531
121 616 617
745 859 253
596 938 704
25 961 646
801 859 314
202 963 751
105 451 761
153 103 491
41 295 666
589 664 561
137 401 361
101 213 905
795 542 553
3 71 526
33 446 181
393 788 46
665 426 321
926 61 161
59 393 599
840 74 304
625 988 428
453 201 857
973 719 361
489 783 428
702 881 991
420 964 649
967 779 891
433 533 817
960 683 965
307 680 251
585 97 496
417 57 811
716 701 533
481 215 751
761 853 33
209 9 51
381 67 288
593 618 192
629 395 871
954 573 613
598 41 231
401 857 769
138 585 446
326 434 408
501 233 367
436 353 579
115 161 319
526 793 691
481 655 225
881 358 101
161 761 207
611 311 755
269 651 896
653 573 413
811 281 741
306 36 129
1 171 213
506 1 521
1 913 584
145 299 760
668 605 702
280 102 60
561 426 863
732 873 617
946 249 424
371 743 666
713 477 489
189 209 265
729 797 461
741 591 771
241 587 961
799 701 196
369 657 271
517 413 671
793 258 21
113 841 776
917 809 522
530 649 896
508 751 155
711 209 141
696 897 783
473 661 164
373 690 9
217 729 93
231 597 831
194 631 921
932 392 916
533 235 841
284 900 533
238 393 401
569 704 620
19 729 701
203 561 327
641 410 41
452 311 601
66 740 8
233 101 449
214 320 845
121 371 47
404 88 199
802 161 866
801 530 226
851 669 136
767 41 321
471 543 903
17 35 941
909 41 139
928 171 281
601 891 846
401 837 125
308 8 461
401 873 539
389 313 341
229 713 241
361 692 281
651 443 136
631 308 509
857 945 181
954 329 569
311 36 981
721 356 700
271 105 401
849 767 473
604 271 641
1 707 665
53 1 882
623 381 219
173 47 526
656 701 921
981 861 985
318 777 723
335 25 235
225 821 749
326 567 651
81 66 15
938 387 769
27 31 542
493 489 937
7 993 199
299 651 579
631 393 741
32 481 657
83 17 183
133 625 661
419 885 329
930 403 121
791 711 541
818 361 637
565 109 259
21 963 771
291 481 470
741 722 849
671 545 754
365 206 457
417 547 881
411 873 511
251 983 337
351 153 710
88 3 101
177 831 453
729 216 848
309 241 876
569 379 585
819 989 355
791 533 506
109 137 9
741 993 859
961 334 801
675 527 191
11 301 994
456 697 501
228 487 35
631 557 951
833 415 318
936 915 306
581 61 241
477 703 1
803 1 701
65 201 871
757 211 982
785 90 875
899 873 831
719 457 781
577 494 157
601 629 366
263 761 945
653 231 769
162 357 924
51 413 765
625 944 201
787 801 773
321 117 937
345 577 731
798 416 776
581 736 559
368 261 501
81 837 136
397 425 321
357 792 942
112 451 745
116 429 413
145 870 328
525 51 289
663 425 691
241 228 539
61 193 282
279 641 8
471 329 991
593 536 33
714 321 323
367 251 942
537 464 690
649 454 657
629 365 422
114 826 761
146 315 41
41 365 451
129 169 997
329 72 967
999 321 917
636 809 579
313 89 149
507 889 1
531 341 1
385 651 577
467 60 395
97 681 425
913 970 281
582 46 352
308 545 321
551 153 530
875 164 345
630 113 71
506 874 643
434 977 693
775 157 223
577 281 803
50 645 677
255 811 300
299 15 531
321 379 913
17 209 941
829 535 907
852 526 571
314 271 871
789 1 841
671 283 91
716 49 765
769 377 945
281 721 153
48 505 195
1 435 259
21 577 916
771 303 456
845 248 480
642 577 111
861 889 871
734 937 969
625 251 409
625 550 261
31 674 71
666 249 915
9 729 203
45 803 273
479 54 667
321 601 429
645 381 260
451 831 429
431 727 489
629 305 881
809 409 985
156 77 121
105 426 878
302 291 841
81 103 961
471 50 497
293 1 1
334 176 820
144 635 207
865 332 159
801 359 601
655 117 871
911 695 39
737 827 231
49 161 333
257 649 975
912 145 427
465 825 303
869 155 953
556 385 769
270 198 513
553 121 937
881 589 253
750 696 396
148 176 441
929 689 297
831 717 517
29 233 183
81 441 929
881 805 497
701 639 745
886 951 409
177 671 97
737 926 811
633 291 897
305 705 593
289 415 945
81 13 12
25 157 837
76 415 621
76 66 57
741 841 891
225 659 751
279 1 13
718 695 246
269 201 535
49 5 318
931 137 277
422 20 186
107 7 445
441 525 206
36 697 497
585 891 251
844 611 321
297 977 11
539 859 489
469 201 808
369 221 551
317 1 527
556 513 305
461 997 551
756 715 681
821 445 789
65 529 379
369 969 712
675 271 127
793 377 167
686 279 993
911 13 549
785 341 801
108 529 295
773 241 856
65 817 367
531 867 220
59 621 537
600 661 701
993 776 177
735 1 891
666 329 899
991 369 525
723 46 941
36 943 785
414 401 401
965 504 45
128 7 601
254 423 577
853 2 549
833 103 26
101 217 841
632 481 361
524 412 81
875 649 969
299 945 206
169 25 40
251 87 501
5 531 321
550 302 66
95 621 70
74 1 371
19 783 981
31 793 728
553 107 151
281 211 361
775 17 529
911 497 969
621 69 953
713 125 491
241 839 61
494 721 955
840 483 585
327 565 761
425 937 929
457 471 1
825 971 992
937 686 421
829 34 1000
623 575 157
657 496 721
774 997 403
661 351 575
81 818 587
506 367 979
115 154 681
497 61 509
695 683 132
769 361 581
443 517 130
401 601 265
901 799 801
876 317 531
900 689 959
522 937 978
481 106 814
152 639 745
349 985 376
176 275 381
657 129 181
621 833 361
161 751 169
245 875 907
857 660 549
121 509 541
175 1 169
826 906 113
173 161 81
47 999 641
682 385 169
731 999 455
132 557 409
756 281 731
185 487 639
49 261 105
317 464 721
473 182 876
381 497 753
871 777 765
230 696 760
321 893 861
457 691 619
9 429 56
201 940 833
653 331 609
41 115 521
237 415 587
921 666 173
973 669 439
41 367 779
513 921 801
89 161 737
35 541 41
81 903 311
665 249 511
828 201 611
106 463 423
95 651 841
37 89 209
193 517 420
601 913 556
931 720 716
329 756 705
579 49 437
603 171 950
644 40 573
403 701 257
851 116 393
428 27 382
625 261 785
582 513 561
716 715 279
145 255 11
513 245 397
171 507 256
935 699 659
320 136 501
833 236 861
362 374 83
333 169 680
290 633 597
634 521 241
507 771 259
901 817 691
17 275 647
563 405 778
697 411 797
811 136 376
203 304 799
993 791 231
86 965 213
951 597 265
774 411 977
697 999 816
981 940 848
31 609 465
88 51 831
631 566 733
296 609 901
757 901 287
20 776 858
91 738 883
981 845 495
604 5 521
39 35 161
621 724 465
540 431 289
161 729 713
729 311 618
603 113 773
507 826 710
445 754 721
894 381 592
53 52 204
417 556 784
41 176 835
449 217 617
115 261 16
287 261 930
921 633 296
729 891 507
714 1 896
984 911 573
176 518 195
529 902 530
637 500 427
884 709 598
56 795 959
526 411 293
761 338 173
263 743 631
316 333 184
165 407 31
459 23 741
125 307 897
529 288 671
714 54 542
195 661 449
920 377 561
113 401 370
479 705 251
271 842 713
726 283 966
7 49 48
161 231 342
131 666 345
261 373 305
105 705 577
633 57 126
351 372 645
873 281 901
243 72 557
41 811 606
767 481 301
718 257 487
389 297 191
761 260 921
966 251 25
553 761 873
141 967 135
674 505 631
361 611 569
478 83 912
919 40 581
941 461 521
489 692 811
448 13 9
973 894 23
125 633 92
464 621 724
985 377 231
241 746 501
432 491 315
145 631 400
439 294 557
217 279 6
913 699 258
626 515 433
401 985 729
321 901 777
849 184 527
41 779 506
253 625 225
865 130 799
913 115 259
239 59 46
41 161 593
206 137 151
691 31 251
692 275 511
497 801 920
235 151 637
291 314 376
894 513 615
399 229 241
765 641 369
471 293 178
351 392 817
891 165 933
497 530 301
65 942 265
781 691 186
701 831 401
157 366 477
956 626 665
486 73 545
22 115 6
305 721 986
631 443 401
965 177 19
281 529 953
326 869 181
661 149 874
361 89 763
61 354 293
794 493 3
251 444 1
401 438 655
211 931 366
26 673 726
695 161 903
667 117 371
143 843 401
105 121 325
433 558 913
151 217 893
433 624 426
651 233 388
520 881 68
73 829 178
901 257 169
929 545 981
636 400 174
26 301 166
653 492 409
313 985 1
501 996 526
279 697 147
377 216 875
847 806 557
741 491 601
141 149 391
667 683 343
957 787 913
122 249 733
851 337 889
251 716 454
385 716 17
852 697 545
429 416 801
558 52 433
807 33 612
969 884 865
671 1 200
631 626 869
101 612 781
819 195 42
569 681 635
393 329 275
40 370 561
631 379 299
529 539 749
281 658 33
101 461 1
312 35 3
445 186 25
39 179 777
215 125 975
221 528 897
886 645 889
99 80 98
131 129 393
681 121 503
201 307 401
665 906 601
861 410 611
371 986 425
201 253 364
492 476 32
217 937 77
361 353 549
205 332 41
829 167 999
821 631 361
371 1 965
363 164 853
599 647 638
217 778 131
105 241 507
699 361 336
259 521 161
335 720 401
683 894 341
401 187 1
845 41 836
505 253 39
171 409 926
145 787 466
881 134 81
622 833 11
49 245 665
145 367 428
31 551 851
233 7 625
931 704 249
585 249 294
217 449 946
737 571 1
630 382 341
606 662 729
217 219 445
649 83 89
226 381 237
757 47 373
496 817 416
731 137 174
64 278 46
431 433 661
5 304 77
86 371 216
1 153 825
85 399 721
159 509 521
801 416 289
401 611 243
59 735 93
652 687 735
991 303 749
493 169 101
393 237 92
249 911 553
225 399 767
561 771 749
405 1000 470
759 15 346
27 350 25
297 951 220
184 432 241
291 232 743
817 954 325
937 61 185
929 127 76
362 369 830
6 495 833
271 368 268
216 321 75
159 934 418
654 447 925
545 90 251
16 921 679
250 795 18
327 433 802
687 649 387
829 97 201
285 11 721
969 873 313
597 556 313
771 364 361
301 829 224
119 82 713
529 13 813
377 562 553
677 761 313
149 264 641
771 361 586
446 161 1
325 85 269
701 941 49
713 172 449
433 201 254
581 611 209
286 513 307
111 131 729
231 501 391
751 451 681
153 835 81
495 41 691
49 328 444
945 602 601
991 635 385
943 153 697
956 463 310
321 153 467
681 913 222
812 41 631
689 83 611
601 111 3
636 841 1
39 240 212
24 441 137
673 813 973
718 601 615
185 768 473
237 651 955
899 310 213
481 913 355
895 569 76
161 721 320
623 166 473
93 684 51
699 431 156
559 992 801
291 681 16
389 676 931
361 67 176
404 481 553
739 426 561
95 601 899
497 201 726
950 353 709
49 475 631
531 929 836
184 242 766
601 365 532
461 41 552
507 521 971
676 821 59
753 521 758
709 682 751
302 272 181
629 809 342
711 154 16
42 881 703
791 116 161
31 51 259
500 939 313
928 853 267
565 399 718
39 193 229
5 331 376
445 596 311
461 672 493
323 701 935
241 165 671
951 386 812
381 221 745
377 809 201
138 916 1
915 251 501
877 51 139
671 353 77
853 249 262
985 247 586
939 346 701
125 9 627
597 843 783
600 393 41
727 130 441
899 189 159
291 307 313
51 919 617
721 193 276
201 397 321
956 371 270
861 492 201
501 913 443
224 65 823
813 816 169
167 251 351
727 576 945
817 223 866
900 741 429
493 481 206
379 387 893
635 973 416
879 579 955
380 901 941
261 1 827
25 177 731
478 222 457
845 289 857
121 797 412
983 572 241
834 518 106
156 497 321
721 357 700
578 463 909
464 666 561
963 959 873
348 758 430
37 461 57
671 649 476
161 834 145
436 1 153
609 281 951
933 433 602
861 385 661
687 504 521
521 826 341
594 996 581
785 576 600
856 313 12
944 635 205
45 25 201
399 81 996
439 973 821
977 668 43
972 508 511
596 902 951
359 495 193
264 590 521
775 826 636
540 1 457
40 99 745
553 78 945
851 360 513
979 241 640
321 253 437
22 306 397
977 441 513
741 402 106
501 453 305
601 66 449
119 561 677
761 195 487
951 746 601
899 156 712
174 813 1
176 376 361
851 461 989
801 373 413
407 969 7
160 634 581
563 480 277
70 590 497
769 464 33
191 449 293
317 841 725
131 926 917
392 153 753
1 493 191
641 901 825
289 125 101
753 545 249
873 393 801
64 1 801
657 961 13
901 835 793
371 81 996
781 355 799
885 753 929
285 465 61
885 255 49
296 55 31
399 241 560
927 201 673
909 331 626
153 704 481
813 206 497
842 613 709
553 585 250
537 271 129
781 662 81
329 331 961
455 790 745
796 891 252
282 409 157
521 499 79
550 601 841
33 508 701
182 277 134
943 179 627
351 798 245
460 887 369
101 209 45
222 211 399
151 754 944
505 641 115
689 376 5
289 673 409
385 466 331
505 711 821
451 788 985
366 492 973
887 108 195
857 1 276
939 805 191
169 941 109
57 513 561
337 183 591
351 771 845
953 51 581
237 641 651
201 249 804
515 103 49
761 621 793
85 197 681
787 876 931
301 921 577
221 661 566
351 705 873
89 741 421
901 665 207
881 750 802
774 129 845
105 936 351
77 657 565
981 253 425
100 345 11
147 471 75
131 235 309
287 351 318
296 305 613
553 647 325
839 300 241
375 608 698
93 871 401
841 423 626
953 602 293
859 615 589
973 273 220
481 945 677
881 400 143
841 669 851
873 827 421
873 633 354
181 636 793
573 791 435
418 441 131
129 978 926
609 221 173
281 417 465
356 146 145
581 851 632
649 715 553
31 159 641
706 370 444
319 796 563
185 367 457
421 975 925
760 347 344
346 961 637
370 733 211
834 87 888
255 769 941
401 76 239
201 677 306
413 7 513
424 725 301
396 361 470
61 43 249
802 287 578
201 393 263
571 943 612
983 768 657
883 1 145
141 965 816
96 331 537
586 129 215
435 665 591
741 126 446
881 911 997
74 501 328
365 209 244
403 89 373
299 859 249
540 1 277
71 601 741
857 193 481
130 961 45
998 733 457
24 401 141
561 289 865
80 921 63
593 985 49
329 223 989
61 231 301
561 385 206
486 491 971
389 393 465
751 410 583
957 870 421
277 211 497
640 710 473
81 932 481
518 829 406
257 309 15
851 137 1
949 227 441
187 705 884
979 811 601
176 956 728
718 785 66
605 856 681
297 741 11
841 255 215
285 825 826
753 953 345
394 801 569
29 895 401
697 539 497
173 849 401
897 500 267
602 781 881
293 445 312
539 165 246
944 761 845
869 49 302
501 984 169
671 96 658
481 91 361
181 669 1
546 73 29
317 276 521
627 396 106
236 669 515
1 379 833
738 111 642
803 933 91
89 745 255
84 490 909
605 455 441
209 11 791
935 65 2
7 181 315
921 137 189
733 101 50
519 338 89
961 978 945
301 281 535
587 624 83
604 699 633
259 863 875
991 847 249
933 207 672
822 904 925
633 215 819
243 909 165
11 647 135
77 45 986
389 851 771
731 615 701
21 981 501
497 385 136
683 891 808
401 436 542
891 407 639
477 961 402
590 533 569
361 555 69
881 433 574
538 373 339
846 601 505
581 609 205
424 781 430
122 483 643
747 748 919
278 251 397
100 41 361
218 121 222
817 356 96
663 713 501
561 249 15
541 411 819
159 553 145
897 721 208
801 261 401
517 112 999
365 773 612
491 917 461
197 823 713
715 321 921
196 291 66
731 301 377
31 201 745
591 491 711
986 426 125
679 25 831
545 852 45
736 19 43
333 195 755
571 377 142
849 92 225
67 313 757
762 627 126
641 135 761
340 377 41
27 196 291
545 946 56
365 858 401
7 161 833
696 76 573
659 732 296
143 405 17
738 782 261
658 501 882
386 221 127
856 751 208
864 130 697
523 301 141
271 241 30
63 857 597
521 746 315
401 969 561
453 316 129
33 265 839
976 581 277
705 816 969
789 406 377
609 193 493
921 922 517
857 274 929
336 633 866
415 759 353
429 86 761
827 817 901
961 544 415
405 989 921
857 580 446
929 814 626
129 637 278
951 462 365
351 535 652
405 623 251
926 301 701
701 121 530
579 26 427
487 549 497
281 141 618
715 785 321
791 630 945
727 681 421
406 945 797
701 23 25
337 359 5
344 726 733
766 951 425
946 985 269
170 281 421
209 169 587
139 131 833
806 125 49
420 541 80
866 313 521
181 69 497
566 149 343
109 467 241
677 459 685
851 521 761
917 726 941
523 178 728
733 425 696
679 741 90
123 345 899
201 510 931
713 993 901
65 461 273
927 376 101
60 791 881
251 813 277
697 271 101
897 417 481
185 415 429
921 693 13
293 734 371
605 830 896
63 807 631
173 489 158
41 431 73
699 717 263
142 233 624
723 49 509
370 875 715
745 746 441
597 195 26
877 293 365
597 301 856
191 147 995
633 124 621
916 513 897
347 87 438
783 21 263
491 81 332
897 599 247
472 541 175
505 569 555
595 501 921
219 393 570
688 965 497
917 413 881
544 819 281
457 639 537
857 241 761
785 523 392
441 917 149
269 305 496
737 849 784
204 725 724
450 897 141
359 687 884
571 897 525
57 517 751
397 419 632
906 473 145
655 645 931
663 81 51
361 337 518
409 801 887
99 91 27
666 793 569
758 840 881
817 607 900
539 457 825
821 921 291
237 845 667
511 331 957
960 863 981
681 262 521
241 711 631
641 545 445
143 11 276
745 349 849
577 495 305
960 111 427
652 790 844
491 568 353
491 201 702
943 789 184
804 940 239
857 305 517
201 726 939
166 533 221
113 621 737
231 536 601
291 815 737
281 679 589
555 746 874
665 483 893
457 736 681
127 135 545
899 609 189
971 293 449
621 713 871
38 857 351
404 450 461
999 151 151
801 778 281
591 751 457
115 387 591
961 889 99
63 31 612
205 147 718
865 32 1
237 965 213
384 350 497
1 375 421
6 452 600
363 151 449
106 363 839
217 313 1
706 83 131
502 196 261
116 257 629
455 986 126
56 81 201
257 293 201
289 141 736
809 801 11
681 713 861
476 401 999
337 794 417
433 76 668
509 917 297
898 649 357
344 37 485
401 459 864
979 547 565
333 529 514
61 857 185
631 837 653
317 69 37
467 181 457
521 1 581
710 170 531
473 981 965
751 418 860
23 871 419
401 787 726
921 76 355
792 765 38
876 521 834
505 153 956
878 156 791
467 426 487
327 18 461
185 517 291
789 202 367
717 399 221
211 81 395
525 746 777
951 207 646
520 481 951
718 190 501
106 185 761
529 548 41
131 455 99
381 369 137
77 456 795
620 281 175
633 701 301
977 469 681
51 865 739
121 765 505
671 800 825
341 31 845
455 657 526
361 601 135
487 421 823
731 697 801
717 1 616
741 495 941
250 181 847
659 702 969
43 1 357
173 517 909
289 814 511
281 89 553
821 274 113
257 773 361
368 33 31
860 249 286
669 655 597
97 961 969
59 976 309
690 697 751
229 910 521
77 281 63
782 233 181
933 756 281
77 826 351
413 98 391
65 681 226
793 792 117
903 25 681
151 753 642
210 575 677
849 129 807
46 304 91
95 451 272
65 276 696
851 231 314
121 108 468
501 637 870
901 9 764
987 705 191
161 789 285
541 798 289
857 881 109
361 986 521
172 603 961
391 409 553
246 471 595
139 504 986
925 557 241
796 662 901
713 818 79
345 815 641
345 427 946
275 881 834
637 119 931
44 430 426
241 870 269
459 163 984
678 938 757
535 117 540
651 729 251
101 423 403
686 991 706
45 210 852
513 779 402
686 978 893
985 849 741
141 791 961
638 503 785
988 892 297
15 374 881
41 965 101
543 937 315
381 243 466
960 689 821
169 769 11
137 54 689
561 931 751
490 681 151
68 145 783
549 640 521
761 865 71
533 521 523
766 265 693
705 249 511
14 829 409
555 773 441
521 723 581
171 43 456
916 693 367
256 827 526
261 33 41
477 964 121
631 336 732
953 537 732
281 532 861
351 229 897
481 721 983
821 781 518
10 809 13
221 769 501
705 593 199
146 428 789
50 487 521
527 143 413
685 57 41
631 931 861
251 118 721
189 541 59
217 1 329
61 315 362
745 441 5
553 708 281
49 799 25
626 276 641
548 593 615
339 756 167
131 981 772
162 266 153
577 440 456
91 970 950
57 797 551
255 521 536
477 33 601
267 1 453
167 19 199
377 587 276
153 765 792
70 873 653
516 869 979
141 784 251
831 969 193
277 265 704
991 595 311
115 811 181
596 165 681
452 867 75
401 431 701
757 905 711
586 409 891
205 118 384
370 232 159
885 145 377
13 367 729
825 405 401
361 4 117
691 863 341
246 697 425
19 15 841
979 555 799
594 212 709
310 976 161
954 285 839
686 686 570
471 921 631
178 759 257
436 7 133
531 751 5
337 1 31
171 282 61
897 273 639
152 927 725
751 841 731
977 425 59
630 761 521
417 571 273
124 926 561
296 335 276
441 856 430
639 551 276
753 581 931
521 235 909
703 551 893
768 793 57
7 683 625
376 121 431
176 855 709
33 194 180
511 501 824
26 349 841
835 691 691
809 226 481
743 701 595
844 701 997
969 136 345
602 676 830
325 887 958
457 985 51
357 186 276
396 492 729
636 571 832
943 97 620
393 247 678
741 281 551
977 761 104
509 897 25
571 13 107
291 793 753
244 73 973
991 701 393
401 681 401
693 973 246
401 136 277
176 471 999
423 975 693
323 251 711
7 393 89
605 961 682
122 966 118
562 846 451
561 626 666
901 795 849
457 551 677
842 511 897
933 154 698
276 341 169
103 476 657
553 735 321
827 847 939
595 23 737
463 11 746
907 828 259
11 377 519
965 753 417
8 82 395
769 826 405
441 433 995
145 545 228
937 18 73
697 797 477
271 886 750
381 536 261
601 111 239
608 921 402
33 77 804
851 599 787
476 221 751
401 657 101
45 781 451
497 750 865
265 461 318
29 846 125
897 447 927
647 421 351
191 596 353
115 626 25
797 390 629
521 311 861
5 103 761
351 374 389
982 798 281
940 801 125
209 653 357
897 301 357
233 278 426
899 32 316
485 385 587
9 521 266
727 755 816
215 721 11
376 773 569
38 341 251
299 736 359
401 841 846
72 281 641
25 701 563
71 766 657
21 301 845
542 426 219
411 286 461
337 21 743
326 400 573
868 221 459
825 817 755
121 926 221
257 442 633
918 421 529
781 615 923
791 721 281
149 36 665
991 260 366
251 935 465
146 832 701
976 777 730
512 533 52
520 521 585
481 501 199
785 436 50
207 148 105
756 727 77
501 741 270
997 531 352
315 759 71
591 457 985
109 877 104
85 146 937
111 455 305
333 571 345
559 369 409
193 189 799
777 17 57
145 853 757
9 264 808
45 342 961
211 961 446
17 430 179
379 355 92
723 596 189
865 76 692
85 893 466
661 367 887
301 701 91
975 81 176
153 849 335
117 908 927
719 431 161
421 761 21
21 571 509
793 764 585
849 939 908
857 935 161
526 429 717
493 673 329
445 329 713
984 55 350
589 851 66
921 173 101
61 662 661
375 294 551
767 131 434
715 809 117
361 907 367
700 407 703
843 801 356
559 846 915
389 441 211
477 801 392
364 701 30
534 791 189
449 641 886
220 451 455
910 409 337
563 601 28
241 331 451
401 384 677
241 296 38
690 809 345
665 883 207
869 201 636
501 576 591
47 349 349
6 833 860
209 577 971
921 841 693
396 505 797
393 243 61
425 593 475
116 981 891
616 599 441
63 761 113
751 410 401
345 975 117
422 25 751
671 641 603
679 330 879
665 891 626
151 651 588
393 618 921
183 761 96
271 882 235
389 391 352
986 282 749
873 569 990
713 1 824
451 378 312
713 1 527
177 693 174
329 204 465
441 740 401
6 589 752
389 811 317
866 361 959
426 793 721
431 320 16
201 369 661
251 519 709
37 441 477
521 249 641
1000 179 511
361 373 401
409 477 365
755 641 536
836 759 329
785 51 3
601 605 447
682 191 123
693 817 331
541 773 590
453 881 286
721 911 571
991 571 793
221 760 575
289 201 241
621 61 185
172 201 277
445 161 379
961 251 585
63 304 545
839 95 466
769 925 83
953 831 176
169 935 417
996 12 935
109 768 959
790 839 418
413 617 771
761 721 729
496 996 709
706 89 44
542 434 353
551 81 991
193 260 88
737 893 81
449 991 339
11 974 371
969 361 357
301 777 567
689 939 472
271 684 325
363 116 101
516 149 611
885 897 45
31 113 741
841 570 9
71 366 88
792 951 41
711 376 638
261 192 709
865 661 891
231 441 73
830 778 151
241 375 533
170 681 201
611 481 653
195 801 753
237 881 477
25 858 617
926 423 101
481 259 105
973 289 267
541 957 761
521 561 25
805 587 573
391 361 84
281 919 601
72 729 331
576 752 961
601 983 105
89 661 878
12 653 51
721 659 335
506 966 985
521 511 201
665 881 681
51 197 501
71 934 972
813 296 307
833 904 976
182 9 505
730 51 809
285 693 953
855 596 586
274 13 489
971 961 164
321 762 381
435 806 475
567 505 21
67 156 149
953 990 535
74 829 39
629 898 233
485 801 201
209 916 293
853 345 366
281 125 265
602 655 161
6 809 862
926 257 452
535 110 86
741 626 817
778 785 553
431 873 841
505 481 523
626 391 815
104 144 41
401 29 764
742 906 715
766 467 33
28 332 504
1 215 549
505 11 688
4 971 1
615 846 801
614 209 21
721 745 427
605 865 37
516 197 462
433 741 215
415 969 25
510 937 308
481 305 641
121 373 191
26 481 656
851 294 803
90 830 721
793 985 111
539 633 377
181 851 539
392 265 95
953 574 889
80 421 857
890 104 1
916 961 31
697 335 180
357 201 513
49 405 580
175 940 609
465 706 251
95 517 852
736 201 375
1 43 155
621 712 114
401 325 519
521 751 551
49 521 256
15 116 926
553 433 326
138 1 30
256 721 904
361 555 281
776 749 1
865 328 133
915 641 953
121 859 619
972 664 76
509 925 631
73 746 237
901 321 863
615 910 369
201 81 510
679 65 836
585 251 905
21 963 105
492 828 893
551 829 157
785 480 1
23 809 213
946 669 552
124 89 266
336 201 111
906 671 629
976 6 438
685 453 756
270 401 701
977 73 13
794 909 674
226 926 69
389 811 576
855 341 711
851 736 361
901 777 484
409 701 376
727 409 281
753 901 541
177 721 181
557 669 131
505 779 401
11 450 183
761 905 257
347 97 237
721 131 748
301 625 437
33 521 1
286 493 193
128 529 941
821 609 201
282 681 607
977 657 771
921 360 821
477 704 401
495 636 237
253 989 57
65 532 87
209 681 657
25 593 695
265 919 825
383 249 763
102 741 265
440 351 129
691 28 150
968 901 335
273 150 401
777 41 741
807 161 629
501 178 665
771 489 977
7 737 345
281 787 807
985 709 305
651 527 517
160 665 681
33 768 441
681 953 679
989 848 89
21 749 957
273 537 155
365 331 703
594 192 261
551 201 616
203 825 506
621 107 587
1 654 669
129 19 301
61 707 479
831 600 967
807 951 570
634 705 752
89 925 481
761 81 147
833 697 428
176 186 193
338 543 941
781 493 83
594 274 599
363 33 239
649 811 146
103 938 741
251 223 13
359 296 281
744 831 157
891 441 24
265 35 668
126 586 769
751 150 666
81 127 27
695 296 21
558 41 273
43 636 114
589 561 673
401 869 489
466 497 671
242 74 980
881 111 429
985 755 651
493 171 236
5 165 191
481 451 750
326 756 768
305 901 803
373 429 635
845 245 851
405 855 495
889 877 391
447 760 165
861 611 221
871 113 493
423 471 145
890 664 877
724 566 299
816 96 126
651 347 325
719 705 25
939 921 825
757 433 819
314 956 665
208 106 681
81 541 245
166 505 153
21 646 313
101 913 598
645 209 684
827 426 883
252 825 245
41 384 876
777 597 211
38 689 852
588 256 193
723 953 582
206 989 381
551 731 321
777 383 661
765 888 781
431 201 751
297 239 561
589 746 357
354 683 806
84 905 609
981 657 376
81 41 193
551 805 202
969 541 608
1 695 522
314 571 566
806 95 445
233 129 207
319 625 41
601 357 349
546 761 405
89 856 685
816 321 161
165 703 517
527 639 831
968 778 793
461 534 147
76 651 201
968 900 983
493 724 241
233 37 631
670 961 761
504 346 601
24 566 492
311 206 189
239 747 353
57 506 239
131 801 689
387 909 313
456 991 917
361 724 115
893 129 681
495 873 242
595 641 129
573 345 169
961 416 781
773 657 201
151 373 1
941 996 397
806 402 274
845 623 696
657 701 361
958 85 165
221 92 972
965 73 431
681 841 54
431 436 386
321 343 744
905 593 980
465 601 755
137 755 261
488 11 383
457 675 609
1 158 701
441 173 201
473 401 417
989 791 585
569 817 425
989 461 907
29 938 319
256 448 65
17 590 985
926 275 576
460 454 385
367 515 376
681 429 503
776 666 675
592 864 151
787 787 470
769 641 225
691 293 733
375 641 784
13 901 969
282 849 757
191 697 33
281 317 657
801 101 341
203 188 365
176 757 756
833 748 561
632 987 929
97 177 596
205 113 700
438 849 474
590 553 221
41 178 322
347 753 912
581 351 983
449 869 754
315 12 938
627 815 85
501 581 126
21 881 1
227 311 721
299 108 809
446 161 649
281 713 51
189 877 901
636 813 26
976 985 56
407 247 636
354 676 223
384 361 621
974 164 976
561 849 355
61 889 823
315 11 41
289 312 951
688 690 461
153 404 145
241 809 773
252 611 791
553 633 199
321 33 981
561 392 577
994 901 53
355 395 547
951 407 865
121 269 135
601 271 241
849 957 88
618 826 589
191 315 284
508 985 497
146 233 658
338 926 570
854 385 505
18 691 985
676 13 575
575 125 181
641 275 131
217 601 703
525 397 55
293 351 796
541 223 179
521 281 415
185 141 182
597 104 876
905 145 137
879 986 917
229 879 426
508 937 21
261 595 781
145 47 611
220 58 133
771 238 573
361 753 271
789 849 176
500 183 1
713 723 151
419 467 892
653 417 737
16 951 276
278 937 361
344 39 751
721 40 839
551 221 345
325 341 184
721 764 161
641 97 281
637 211 828
277 901 121
391 251 861
321 391 56
979 541 751
417 360 417
132 150 305
969 785 949
43 911 16
180 990 56
88 1 413
249 375 931
211 901 849
499 821 841
11 14 489
866 209 281
164 677 661
969 937 57
221 983 778
878 89 999
900 777 661
46 349 563
441 923 443
580 109 506
976 555 141
17 724 333
265 979 391
369 870 385
769 7 32
236 986 756
441 461 849
843 675 543
552 59 449
5 405 785
526 480 193
561 777 618
977 240 961
408 850 958
5 841 821
926 593 765
925 809 256
838 737 971
308 475 532
801 161 675
71 741 971
563 879 417
161 777 961
689 486 649
700 989 570
477 424 665
242 714 76
477 759 365
59 525 1
264 513 553
386 262 266
240 986 531
877 611 351
747 309 841
179 759 929
562 466 701
968 351 21
907 111 469
565 720 840
9 793 679
451 542 82
39 444 921
173 961 981
276 945 793
811 393 171
257 289 221
896 360 311
729 1 425
761 856 329
458 43 155
837 483 998
5 829 209
491 751 740
475 549 451
711 501 136
641 101 846
953 489 473
451 313 571
297 17 456
981 819 211
539 487 627
929 115 547
71 444 925
33 899 498
911 451 757
501 521 369
721 353 912
684 865 444
581 66 29
429 77 665
402 381 11
481 727 171
573 247 726
233 734 821
301 481 161
458 833 631
761 978 133
648 920 313
855 81 262
869 865 707
764 347 173
317 636 198
143 97 1
130 811 175
921 738 875
271 521 473
65 191 353
581 193 881
743 879 883
495 881 997
652 151 281
396 193 769
21 873 459
366 929 733
73 148 71
201 993 665
705 29 101
883 386 364
195 153 426
63 793 360
871 79 953
701 617 839
265 468 113
241 153 81
817 201 443
852 575 309
585 783 56
677 325 759
463 45 287
154 279 339
56 595 701
196 914 919
453 99 784
577 777 706
93 469 177
401 570 174
1 527 861
225 684 365
201 209 959
365 411 989
737 941 419
457 661 708
705 631 145
373 481 27
88 887 561
258 895 446
885 233 313
388 634 299
526 531 637
771 807 385
729 121 465
251 329 585
431 866 745
111 741 131
657 261 21
330 124 626
769 398 711
73 57 131
649 603 873
60 401 700
183 9 937
923 309 671
729 501 413
637 561 49
654 550 123
626 411 647
888 664 631
541 821 500
249 230 273
801 401 29
715 246 230
45 819 925
155 97 606
281 791 349
521 31 764
425 713 274
269 749 529
631 719 232
433 709 817
121 651 266
756 335 901
1 998 506
386 551 921
992 961 509
768 971 245
111 317 500
346 404 276
861 194 87
181 209 721
849 443 815
651 737 639
848 501 361
125 165 298
705 911 453
559 479 812
717 656 677
521 95 825
241 907 737
817 441 107
981 609 224
353 679 62
196 425 491
425 737 981
376 96 297
231 25 760
109 439 401
57 957 665
825 39 525
633 28 379
327 621 981
689 284 63
819 1 461
669 765 985
601 431 425
61 116 971
219 201 314
889 991 466
629 75 693
297 703 671
425 662 817
606 793 921
627 133 671
306 944 637
501 246 127
556 985 913
989 614 713
297 426 594
161 501 11
17 665 257
281 423 321
427 12 501
41 265 997
51 35 345
195 211 529
376 244 149
1 411 951
942 859 537
297 521 996
561 497 193
75 393 916
959 529 158
615 286 366
729 609 438
110 32 309
6 337 601
701 421 985
219 868 56
458 987 312
643 377 105
257 259 843
576 857 851
113 273 195
357 11 295
387 517 104
1 186 459
271 49 451
53 466 584
572 85 897
916 31 790
917 733 761
571 481 501
424 471 563
747 479 28
276 251 745
525 46 755
613 802 344
181 675 917
794 745 137
893 214 526
985 359 11
953 205 154
57 981 979
695 187 783
182 170 157
501 681 344
921 5 701
575 337 795
146 591 573
896 959 226
486 817 676
631 97 532
139 997 651
45 307 865
432 549 513
995 937 17
777 674 546
229 221 290
657 376 353
667 860 901
786 25 91
399 59 389
401 369 285
625 976 621
190 369 289
753 32 303
436 115 645
161 66 851
172 235 929
721 952 15
630 121 945
405 9 267
820 975 865
226 211 516
47 685 361
441 986 433
975 557 491
11 201 809
395 641 49
254 521 870
583 289 645
73 56 942
817 875 943
968 145 313
701 953 754
541 888 595
645 147 21
251 581 197
110 209 201
898 653 719
821 651 137
449 977 925
334 742 775
897 50 153
621 401 427
993 321 753
706 558 186
881 659 164
53 451 390
31 305 561
417 917 858
821 995 133
801 108 113
876 913 121
601 331 247
937 865 316
633 721 339
445 557 273
125 289 348
401 131 406
387 259 61
220 75 959
227 542 882
297 451 767
505 457 501
185 348 257
619 933 721
361 847 356
595 572 160
401 63 351
136 564 576
565 346 601
738 225 367
851 186 549
935 897 925
79 774 422
33 29 701
517 351 861
849 325 489
761 707 505
824 38 786
825 465 97
769 474 545
407 129 787
421 541 42
738 701 941
201 67 333
480 433 681
753 525 841
93 121 121
151 226 816
694 191 436
995 126 225
205 267 811
201 76 888
873 299 201
17 399 263
220 579 41
197 396 731
361 711 513
576 165 278
627 172 508
189 719 851
223 969 705
741 726 307
839 366 86
365 603 488
629 201 57
603 186 905
637 161 515
801 905 155
725 501 435
630 501 353
556 593 34
589 641 313
415 40 720
241 441 238
222 76 441
755 5 821
149 93 391
91 973 543
701 875 863
251 801 756
305 230 371
701 901 665
1 761 166
111 604 481
517 21 126
626 305 751
717 337 353
741 385 431
76 855 846
141 121 626
609 1 290
249 696 401
716 151 188
40 823 345
198 25 325
521 8 777
835 265 415
738 321 857
485 921 757
506 349 30
306 224 692
629 223 442
661 551 263
954 529 741
751 209 301
650 673 561
43 195 979
222 317 786
477 205 412
151 209 354
48 981 161
497 271 165
461 543 861
185 753 305
187 529 257
196 709 946
111 969 299
481 171 301
656 891 441
285 749 121
706 956 671
793 721 653
191 203 211
234 103 305
471 584 449
117 490 972
761 669 769
395 645 812
286 257 608
312 148 549
145 399 986
541 537 676
292 806 721
31 869 817
681 767 649
126 541 561
882 675 705
601 161 77
221 46 236
377 634 501
297 767 819
786 521 197
241 969 139
185 149 267
201 17 231
925 613 341
659 453 881
674 801 374
561 709 7
851 561 93
57 753 994
281 985 778
617 901 611
697 367 301
909 611 181
843 679 825
301 611 721
385 436 921
546 615 209
561 715 578
546 91 971
989 73 341
295 840 599
61 903 371
439 251 982
261 519 131
301 304 66
7 229 409
185 953 849
625 475 387
995 305 372
325 315 754
761 523 77
301 225 856
361 93 696
297 659 947
363 807 657
843 201 801
581 779 377
126 341 301
953 334 501
209 650 17
752 997 161
309 89 973
355 665 813
173 52 363
761 541 89
691 301 591
301 509 867
231 583 803
199 802 737
751 615 72
941 21 766
321 809 181
661 406 741
124 599 993
921 961 946
463 691 77
206 193 255
362 261 132
663 601 441
701 730 457
57 185 531
147 55 776
29 277 321
551 541 991
131 75 426
473 911 789
137 863 401
261 439 961
881 617 513
293 689 203
42 277 957
277 221 350
138 741 976
489 849 831
496 177 8
449 291 719
130 917 717
969 701 489
726 381 759
361 351 138
321 303 876
493 691 829
841 476 131
251 801 919
167 313 903
430 289 476
521 957 985
802 194 921
722 561 173
639 353 985
812 817 946
6 625 741
713 846 47
3 905 121
442 995 453
419 803 805
354 68 286
513 308 81
952 665 25
218 226 107
137 255 929
117 273 785
579 805 221
565 215 695
16 235 645
877 894 793
