3493
359 254 879
321 301 897
304 68 423
959 676 495
51 561 394
293 565 267
739 253 671
791 77 433
1 237 858
336 858 563
103 480 93
493 770 678
831 245 29
449 193 940
203 571 624
333 126 557
377 621 781
1 921 401
495 910 133
549 703 76
473 773 857
196 994 22
61 731 463
617 765 192
185 50 771
934 919 78
782 969 601
677 609 419
789 725 424
201 156 725
622 67 781
91 13 473
481 79 897
291 936 597
121 219 303
191 970 571
217 53 524
27 826 401
127 433 31
701 545 431
148 755 501
47 241 425
753 646 635
794 745 738
501 736 371
933 416 331
713 441 506
247 641 849
809 389 281
607 105 670
25 433 329
605 582 721
373 146 222
164 129 709
167 981 284
840 365 861
117 406 381
263 491 935
39 876 629
481 151 401
875 725 720
601 622 705
511 321 841
945 136 203
385 49 737
641 389 296
837 609 143
56 251 50
249 531 341
881 51 191
645 945 411
585 463 321
343 771 226
194 577 559
595 801 776
347 773 841
176 45 693
505 892 631
708 215 711
7 915 113
942 657 376
593 572 607
376 668 151
283 617 737
511 929 520
367 595 609
705 324 542
76 21 18
481 867 769
174 973 183
785 333 493
435 689 392
760 728 889
73 25 221
626 65 893
777 868 48
498 557 276
237 336 457
581 176 269
97 501 647
241 636 459
445 497 222
279 211 986
602 997 837
253 235 405
998 481 801
503 767 651
721 707 901
201 576 805
345 713 201
627 887 596
913 447 360
67 897 896
630 681 609
191 25 690
861 182 321
837 944 41
591 750 249
435 75 144
933 601 209
675 615 21
589 833 129
883 49 250
685 784 801
545 833 661
449 21 177
851 851 774
345 181 7
221 196 550
405 309 551
357 334 501
829 530 906
31 321 657
433 751 266
335 705 867
705 606 995
743 517 206
1 1 221
391 756 209
229 910 939
957 43 47
705 161 33
113 946 364
965 129 417
731 386 501
769 651 604
734 21 712
347 537 576
721 689 278
641 868 517
137 848 381
432 891 65
691 105 811
311 781 924
963 602 961
671 498 421
646 469 928
953 926 259
690 881 114
125 951 349
345 612 872
136 921 337
723 701 629
791 441 185
947 433 785
751 894 601
743 361 629
45 327 941
529 509 27
393 410 21
565 357 337
253 499 243
757 451 875
721 809 521
763 337 685
590 381 471
783 993 700
676 298 671
169 543 641
813 74 366
724 733 810
864 925 741
875 1 1
650 11 483
703 216 41
81 725 581
604 687 257
745 366 491
101 471 841
96 577 577
643 481 901
51 305 353
429 825 727
206 413 47
41 41 111
778 501 264
269 25 585
599 981 126
205 678 276
676 341 281
633 645 678
805 121 121
837 31 971
195 149 477
227 636 149
275 211 769
674 69 385
517 902 390
562 404 433
289 836 840
801 633 129
815 649 921
86 881 97
489 361 169
392 661 821
907 645 649
569 905 309
841 184 223
89 662 893
905 261 961
339 743 923
764 744 757
366 45 254
477 696 31
131 243 672
394 401 329
475 921 249
206 640 425
609 289 591
53 251 580
674 161 315
334 253 640
581 157 274
426 33 857
915 87 137
525 43 625
579 97 680
425 2 44
358 756 417
537 605 317
471 409 241
981 553 231
921 669 951
326 765 956
489 233 717
429 603 337
382 33 937
417 596 461
657 401 721
295 309 70
200 279 614
463 435 85
663 578 415
355 396 655
236 577 557
711 350 131
764 207 881
233 579 986
606 451 906
889 709 839
753 945 353
380 561 297
295 797 425
426 690 850
95 341 882
356 581 245
603 955 482
925 731 161
529 935 359
501 141 537
599 575 307
990 1 149
321 675 479
181 351 500
468 51 233
751 601 228
416 452 901
515 601 176
58 905 455
621 97 6
926 509 177
321 946 401
921 165 63
684 601 801
881 51 37
941 91 834
771 837 388
853 805 111
905 184 144
845 806 711
652 719 477
941 481 967
721 626 129
253 801 551
441 973 961
39 640 126
385 29 73
463 751 17
743 563 333
529 473 417
801 254 617
417 721 255
706 937 882
33 701 461
163 965 821
146 652 309
987 129 681
501 78 831
271 906 926
899 343 474
133 945 529
627 201 108
56 341 425
409 69 346
801 391 19
25 629 737
501 309 405
49 589 959
549 213 804
962 676 545
112 591 665
655 378 877
844 26 161
401 737 657
71 42 703
929 949 691
4 920 41
9 511 81
869 566 53
867 51 728
747 565 127
681 927 403
426 787 300
389 771 405
27 381 959
951 623 535
537 198 865
758 211 868
921 429 446
81 681 673
843 913 884
345 361 494
281 774 428
641 118 589
432 347 913
405 265 776
676 625 707
809 681 501
231 545 533
356 931 621
954 397 761
585 764 479
713 911 171
616 89 197
441 281 451
99 381 363
537 950 831
81 841 679
701 461 893
515 218 449
604 853 447
726 459 965
469 374 359
414 121 417
961 443 951
637 311 946
900 437 936
211 209 13
577 265 342
249 26 691
833 889 563
597 907 681
155 819 9
133 697 441
946 380 687
445 611 534
657 155 93
841 601 957
45 534 921
601 977 633
201 310 225
295 797 323
207 275 473
850 481 964
126 553 481
428 457 49
551 376 595
422 625 132
937 325 264
483 281 495
564 698 841
451 427 198
505 37 179
111 164 621
83 677 769
51 393 674
401 849 5
611 42 710
764 869 523
347 660 707
451 617 809
577 246 869
577 161 566
417 855 976
103 600 166
853 903 907
251 151 50
657 211 45
801 128 206
897 137 469
681 556 11
901 847 796
92 444 71
877 860 663
597 521 9
871 143 705
549 521 981
281 841 265
589 521 51
595 159 556
899 616 466
207 313 935
847 457 737
471 434 165
369 811 171
918 613 116
295 401 896
959 634 835
8 849 961
256 923 55
711 156 345
525 219 376
885 273 723
433 731 851
711 807 473
365 201 777
385 745 906
221 882 767
229 501 941
529 581 345
712 87 86
27 805 593
449 436 313
861 481 149
411 141 117
883 53 411
181 685 735
238 289 902
135 177 801
532 935 537
206 868 563
761 281 409
351 520 15
94 307 921
357 33 341
821 4 733
65 501 75
41 366 25
709 557 651
153 409 609
97 503 419
796 134 331
35 71 321
976 389 229
361 811 981
261 901 176
353 391 63
177 805 657
289 751 497
369 521 624
885 961 239
535 916 535
825 881 409
147 500 522
443 837 681
146 306 906
449 134 699
956 721 101
297 482 136
473 648 227
980 121 111
971 445 901
834 161 937
113 593 189
297 661 568
829 347 842
653 385 801
121 496 12
453 211 601
570 11 381
533 309 671
147 607 978
791 273 657
119 31 585
759 546 217
737 338 153
729 308 441
81 739 217
905 506 86
415 221 171
651 271 101
505 485 981
117 266 1
8 101 209
925 67 646
271 517 656
601 369 641
341 76 365
624 21 560
305 735 501
21 288 311
894 846 527
243 417 768
771 739 407
931 729 681
61 775 689
167 857 951
362 156 139
41 503 144
73 997 441
31 421 465
895 706 614
543 155 301
571 305 439
953 397 342
131 233 757
125 55 183
889 806 585
161 871 771
999 585 591
225 965 745
825 291 131
751 28 929
541 9 85
571 797 392
551 695 605
657 162 632
278 90 788
942 469 454
334 185 999
881 513 149
740 466 205
883 368 25
27 765 421
84 793 725
768 65 505
850 65 420
237 971 601
705 651 280
71 625 592
451 601 667
993 477 326
586 791 211
930 801 372
261 885 214
803 407 989
362 323 61
702 926 734
648 274 162
531 467 633
761 751 921
303 231 501
686 481 421
213 665 241
45 723 549
79 37 573
947 581 465
854 914 161
827 982 785
557 895 169
569 825 755
896 995 481
941 761 782
466 936 517
507 185 689
655 792 504
926 147 86
281 401 526
251 511 530
52 485 697
477 281 731
617 851 387
978 851 102
701 561 801
43 815 301
413 999 740
371 589 711
283 937 495
193 956 278
810 778 205
17 93 655
753 565 242
105 785 65
132 779 793
881 31 960
663 151 691
353 157 336
226 103 441
711 481 325
901 405 843
351 957 33
763 161 15
499 457 199
571 329 557
961 701 459
164 516 941
881 89 191
623 164 511
218 219 786
198 971 369
103 183 57
229 159 553
577 833 301
711 385 513
982 639 577
665 489 961
194 351 633
350 401 41
435 761 321
188 201 983
929 722 653
711 937 541
185 237 316
551 829 694
339 336 255
461 236 521
599 166 625
509 176 675
677 465 849
987 841 932
227 161 523
311 587 243
201 905 545
952 441 621
273 825 73
449 931 240
215 221 30
736 657 37
217 880 375
882 549 929
421 753 401
122 107 501
75 569 776
605 281 673
451 801 353
585 601 105
245 25 87
317 977 263
627 781 601
717 161 209
351 11 45
762 661 561
626 891 251
461 71 853
809 442 391
937 627 583
65 341 621
476 281 366
837 103 711
903 981 39
135 541 958
76 553 401
705 505 161
985 161 433
267 105 357
552 301 69
316 261 441
17 341 61
441 256 801
696 465 311
912 1 42
405 15 53
899 561 57
31 961 921
193 551 593
961 726 19
928 233 493
637 649 230
353 764 521
361 911 41
125 913 370
662 785 940
281 26 957
86 841 676
159 661 501
481 205 159
254 949 13
521 977 474
457 903 94
859 889 653
289 127 113
541 961 527
944 281 545
467 181 737
392 169 54
783 947 865
345 479 195
967 851 105
784 729 993
217 521 221
361 323 812
673 21 506
177 201 539
751 593 321
388 622 895
331 719 7
376 745 537
162 869 876
785 201 431
816 845 843
201 21 81
994 795 177
497 701 296
431 325 53
141 179 576
21 381 941
965 801 57
607 601 615
976 323 74
391 318 739
481 681 505
320 441 969
472 173 409
520 565 889
334 487 401
221 910 655
30 397 376
767 650 231
253 670 159
527 888 781
423 952 695
113 971 268
428 369 989
721 123 757
249 818 897
250 560 401
71 641 110
701 266 268
55 11 865
150 763 571
553 804 849
505 889 665
151 51 901
327 345 304
457 657 804
114 61 321
431 240 54
433 713 440
141 257 385
570 71 240
63 565 673
473 609 146
575 475 753
754 721 529
912 858 653
551 832 553
762 17 45
140 586 871
12 876 233
154 513 533
321 87 869
513 831 561
521 57 537
513 205 236
81 289 457
265 126 921
762 936 674
757 454 250
141 773 395
985 617 520
537 1 477
883 501 721
814 430 559
391 211 991
601 769 171
685 121 921
401 37 561
401 325 211
347 369 809
825 481 643
201 299 576
113 140 475
1 515 451
936 341 973
433 935 381
221 555 490
601 408 665
562 401 639
247 461 181
79 257 857
355 222 558
380 276 271
560 993 274
829 945 289
493 689 255
321 278 977
986 579 781
671 196 461
96 756 736
428 541 4
353 33 363
965 763 451
561 126 741
607 801 989
624 185 481
111 569 793
862 619 19
721 705 919
256 948 361
810 773 559
836 585 301
876 944 469
460 401 986
853 721 65
405 101 699
501 643 681
437 466 891
384 401 741
473 169 345
421 451 328
406 535 513
881 851 909
668 737 453
601 556 8
951 913 263
773 651 855
258 236 481
610 293 339
806 512 45
61 110 549
136 273 376
987 901 251
13 345 151
385 153 908
185 911 961
409 881 551
376 232 153
661 957 336
571 650 700
935 69 485
63 767 64
919 377 179
755 551 961
567 782 433
301 45 321
529 561 31
931 860 446
889 261 77
841 641 493
251 951 601
754 874 621
801 522 443
723 841 739
701 71 581
857 737 177
501 551 764
266 993 366
832 861 742
927 651 413
981 291 665
23 501 674
599 861 253
919 973 679
681 252 209
735 753 193
639 741 842
621 997 182
601 632 718
761 471 261
531 929 461
575 365 501
721 645 619
699 106 81
859 356 737
538 725 776
401 538 25
841 481 969
304 326 730
773 121 935
661 267 825
337 139 436
591 549 464
696 254 186
885 256 158
193 815 201
705 12 922
876 191 364
336 991 313
801 969 541
705 981 851
535 817 981
412 16 559
851 644 433
433 31 96
13 496 463
321 337 863
283 773 577
471 251 541
471 561 161
926 53 176
137 753 756
821 851 645
818 989 569
861 845 521
123 725 519
171 339 899
387 577 94
823 121 829
289 301 229
206 524 686
685 461 355
442 85 449
81 108 693
546 143 246
960 777 836
49 596 157
457 701 987
581 561 436
197 251 787
693 514 44
899 516 476
1 445 771
593 786 475
925 761 881
563 589 507
171 790 927
896 369 483
145 671 991
531 789 101
877 540 433
265 761 26
129 521 275
576 862 386
419 125 896
16 279 332
242 376 131
637 721 298
541 681 365
977 647 371
667 961 446
885 538 64
611 776 785
981 387 1
295 848 481
383 181 976
6 504 354
251 949 669
781 51 633
829 659 309
835 383 73
485 141 60
346 185 191
985 521 585
77 983 614
641 55 521
439 305 646
287 360 333
575 1 114
865 721 873
336 861 843
905 696 881
953 217 785
781 361 739
901 226 574
361 607 761
441 891 756
401 440 529
937 65 189
785 541 101
181 574 335
805 889 409
928 426 941
292 345 183
581 911 517
35 817 626
595 809 190
769 347 933
501 869 933
851 29 377
180 721 273
437 677 601
637 876 689
305 444 201
342 831 710
347 325 967
629 227 705
237 46 201
181 761 621
219 695 486
689 448 901
979 146 868
466 784 335
801 938 937
866 504 837
929 841 601
693 41 93
225 322 956
781 225 985
794 426 71
61 1 689
185 861 104
555 477 714
393 631 57
251 391 259
148 959 853
441 105 985
1 954 165
746 555 489
649 449 35
249 406 125
791 651 287
55 707 885
1 227 621
151 355 223
299 799 147
473 425 722
940 229 929
705 839 821
50 249 1
70 703 459
241 824 633
171 696 953
394 264 993
657 443 601
209 566 882
491 839 626
641 354 805
443 923 574
862 999 185
96 505 189
161 950 145
877 631 425
947 189 647
843 201 521
647 399 681
251 689 747
799 835 953
796 591 763
28 593 295
981 889 397
689 347 439
126 341 929
661 796 963
522 153 525
121 731 513
345 676 70
281 276 703
357 821 621
549 770 781
879 671 1
118 371 557
349 395 252
284 249 241
413 459 277
401 656 375
320 261 537
567 257 121
761 301 927
701 971 678
491 749 576
927 667 60
637 605 457
509 579 941
526 310 341
631 208 741
263 939 327
984 345 649
733 253 921
51 311 73
193 879 686
275 409 261
647 598 541
831 676 481
561 523 985
957 793 941
213 383 924
929 609 181
987 686 207
665 705 117
511 493 337
729 710 823
794 711 105
357 519 589
329 391 946
671 459 469
303 819 473
401 705 73
204 331 786
867 449 667
626 417 391
931 801 516
176 584 871
76 489 866
369 1 441
904 41 73
400 833 1
933 127 213
121 264 333
926 978 589
941 607 963
139 5 481
871 451 451
651 417 6
356 33 891
213 881 169
263 179 893
751 730 958
921 57 651
969 89 381
508 826 251
136 3 861
153 719 977
161 343 988
929 223 521
189 481 22
141 318 46
225 129 751
271 311 581
659 185 594
383 196 898
557 694 681
697 341 760
553 101 811
711 401 821
761 689 687
401 111 761
941 823 931
777 620 229
344 714 317
911 633 966
866 645 849
953 391 721
737 801 175
321 397 601
427 656 745
836 515 509
240 441 62
711 481 51
961 231 835
669 825 54
767 601 545
782 575 737
49 580 501
329 907 447
947 683 826
551 701 868
167 289 465
767 781 647
73 43 489
627 721 340
197 536 897
641 779 825
216 768 111
391 37 713
437 853 431
89 9 461
557 58 681
465 73 818
520 39 308
790 887 465
873 597 859
689 287 351
383 566 205
841 645 623
189 943 81
799 561 161
87 811 986
139 65 259
58 66 745
121 623 681
558 969 806
501 919 301
641 99 133
642 111 863
78 793 434
657 968 554
682 177 401
276 87 961
433 656 249
4 489 337
145 383 500
165 964 191
285 137 71
441 848 26
817 273 353
845 346 825
112 943 507
555 751 645
413 403 525
611 241 917
299 75 279
311 641 324
201 553 591
933 867 366
825 851 101
809 911 53
296 613 638
461 15 773
401 195 188
813 41 249
806 311 937
55 295 451
469 979 433
581 631 693
507 198 601
423 841 615
826 494 101
401 141 849
241 685 795
21 324 871
780 308 166
211 121 639
849 701 569
989 929 682
671 297 361
136 39 757
39 21 477
771 357 201
545 254 623
586 507 713
177 163 189
118 956 305
359 305 434
577 615 481
825 757 289
441 117 557
938 526 753
26 589 31
777 97 32
326 389 877
1 201 210
421 878 993
837 584 521
681 29 801
401 81 681
192 311 553
129 104 543
837 641 503
931 90 601
633 201 841
1000 190 626
25 121 393
549 151 613
457 379 485
321 999 761
993 21 501
389 511 241
317 752 943
246 417 883
927 819 406
593 432 672
126 129 771
421 901 1
125 258 53
181 193 638
629 337 941
511 257 165
423 569 234
901 213 877
856 553 474
506 774 164
233 839 337
395 101 86
631 759 201
641 951 937
327 260 303
91 783 86
735 381 625
322 712 851
186 521 159
491 321 371
744 424 25
243 817 521
315 527 901
741 729 781
316 636 769
241 437 250
249 525 401
405 727 530
495 137 161
26 57 433
252 756 17
974 152 716
677 304 381
102 833 77
506 486 151
781 241 371
841 866 409
307 429 709
318 96 449
267 651 196
541 76 653
631 381 737
945 215 125
643 254 822
317 581 729
30 728 824
705 967 619
149 328 369
810 377 101
297 1 391
716 26 332
459 791 641
466 271 677
25 669 229
221 669 129
25 441 536
992 948 339
349 971 991
693 26 541
601 771 213
367 56 539
277 956 535
71 409 945
672 177 945
441 730 793
255 97 177
611 489 101
908 761 913
719 625 401
514 572 401
457 30 850
468 294 789
505 606 713
121 401 187
704 17 357
109 20 169
68 777 512
249 977 169
995 201 1
631 872 321
845 877 737
727 141 121
595 601 66
598 231 527
433 275 893
579 733 636
841 696 37
306 873 50
717 659 79
197 374 951
201 116 221
235 39 713
249 329 129
525 925 481
696 345 599
795 416 29
219 901 881
368 553 597
423 817 225
826 901 147
901 901 319
155 319 581
4 689 875
494 381 448
861 472 448
697 715 103
249 221 792
916 256 878
83 708 442
713 342 933
1 592 817
213 519 860
201 651 669
1 320 629
733 201 46
611 145 193
9 867 301
117 375 721
812 441 561
837 341 566
507 672 144
624 338 841
722 156 173
613 891 241
609 908 551
647 621 999
6 801 489
699 563 720
399 205 453
101 139 139
431 606 877
86 985 237
884 570 707
770 154 827
539 704 201
626 576 913
630 519 150
587 101 206
957 377 127
705 601 157
459 861 525
156 535 433
6 313 801
577 531 801
101 929 53
872 81 705
131 163 3
209 849 585
823 421 301
462 981 349
85 621 121
657 277 597
201 997 457
463 453 91
614 801 976
971 949 651
281 309 726
563 51 880
45 634 161
996 723 889
598 562 927
177 787 392
601 325 480
579 369 823
795 97 243
991 621 381
293 413 865
435 823 365
341 191 751
41 391 114
451 501 574
921 219 674
240 359 296
914 583 26
775 801 553
649 401 501
753 841 813
452 17 369
49 464 265
611 305 905
999 97 733
893 703 113
994 761 448
787 879 705
887 343 181
823 961 333
541 721 919
271 651 941
859 856 837
465 563 566
81 151 2
983 338 509
329 549 166
741 969 725
597 961 689
801 251 767
316 841 89
63 817 481
961 951 902
553 777 434
508 289 801
941 532 785
946 537 867
221 374 192
278 36 323
854 347 825
44 889 319
545 752 501
893 597 619
51 869 749
412 599 782
711 837 877
185 270 700
430 163 185
481 620 693
889 729 830
305 137 801
329 554 281
721 351 762
473 211 656
433 497 868
610 649 162
369 863 280
743 395 422
373 340 182
409 537 131
236 344 117
1 430 468
301 227 147
857 685 773
857 529 56
802 305 723
545 936 286
329 17 354
741 556 126
611 839 594
305 701 119
761 13 625
251 691 574
638 59 669
324 603 153
493 973 546
334 379 697
393 207 717
496 265 489
241 537 833
162 663 369
575 572 601
234 241 633
223 481 297
86 431 861
69 389 431
625 888 296
719 845 829
25 929 655
618 333 991
561 944 123
537 857 240
801 226 466
7 151 261
660 429 289
153 525 307
819 255 781
481 817 249
621 297 351
715 176 19
119 111 701
838 633 846
340 829 74
201 16 331
341 369 553
471 467 557
895 943 231
221 161 331
265 836 691
531 916 511
135 70 647
650 788 397
249 463 551
930 525 497
977 233 463
589 143 364
813 422 609
813 447 109
989 383 511
411 37 137
590 581 639
353 377 181
1 171 225
318 599 123
849 118 361
1 233 713
619 837 385
417 117 149
638 921 629
327 412 881
21 55 311
926 175 614
625 329 993
430 941 291
209 921 734
246 961 183
521 717 19
683 947 693
146 899 613
607 513 892
723 501 945
313 598 213
512 645 577
337 621 601
493 251 771
454 473 876
287 862 117
601 20 359
461 515 261
701 241 926
101 96 237
854 355 87
611 97 956
269 281 181
521 853 756
39 34 61
171 73 980
51 863 73
864 769 163
252 616 349
409 1 793
976 391 533
89 217 76
891 351 31
523 836 118
335 969 1
371 83 886
989 777 976
306 836 51
742 888 865
333 991 539
788 241 877
400 939 947
601 514 546
81 973 819
659 990 441
842 328 282
201 588 530
555 333 901
929 241 414
36 566 505
201 451 75
529 751 69
852 612 123
839 233 913
845 791 621
141 53 96
396 621 170
545 511 593
57 328 401
59 848 826
751 863 871
488 569 233
86 915 929
769 441 813
501 97 627
759 216 257
215 401 278
318 769 257
817 912 697
262 301 442
721 117 731
881 979 389
795 611 617
37 801 793
810 861 137
971 701 501
301 769 851
401 531 285
151 969 317
737 41 773
659 610 717
450 1 301
288 136 258
833 284 644
37 745 885
241 390 778
53 811 401
721 885 965
681 358 894
75 254 740
311 601 871
531 57 861
665 690 245
439 567 501
386 261 26
791 425 767
254 301 720
502 253 71
776 87 257
9 513 247
141 189 875
265 141 297
97 176 490
685 589 743
161 801 641
197 921 664
729 537 177
696 721 838
161 966 33
389 857 33
525 689 481
471 551 755
343 979 753
238 33 876
175 253 941
609 487 81
809 395 773
409 448 22
450 61 623
133 91 315
813 385 451
985 921 165
690 778 1
796 751 499
39 37 676
465 785 706
575 981 721
34 491 93
195 471 281
56 249 693
444 211 551
186 535 21
631 225 35
21 798 569
501 507 792
701 855 411
489 791 545
179 473 791
151 961 773
785 417 739
53 951 37
37 131 531
599 418 937
721 601 4
796 127 209
443 905 663
495 378 944
829 153 891
320 131 153
621 683 415
153 145 97
680 253 279
985 939 103
167 1 230
296 267 147
236 381 803
689 241 793
737 747 137
673 779 604
798 408 691
41 810 961
9 873 91
709 433 636
685 185 537
691 801 389
49 431 489
58 536 537
181 216 697
181 675 961
817 834 215
833 515 267
17 116 761
101 699 725
825 276 947
251 951 541
431 89 601
49 609 64
641 961 714
951 6 457
89 771 143
957 494 507
865 238 791
492 879 569
459 217 787
537 551 308
955 51 833
861 969 749
867 61 430
137 485 341
857 511 788
698 349 651
293 181 136
696 809 417
841 941 117
959 623 411
600 910 670
225 147 569
959 751 982
548 152 81
584 153 949
51 53 266
499 879 473
719 216 249
957 386 636
575 246 729
325 965 66
401 46 851
476 929 386
641 319 449
213 464 989
236 217 475
255 528 833
793 371 991
801 615 209
376 441 875
302 283 801
141 905 553
477 383 777
1 539 149
697 179 199
269 945 429
852 519 840
253 49 64
441 94 665
713 969 225
620 178 147
621 255 371
137 653 704
635 53 986
760 955 612
135 852 191
391 559 581
535 911 211
235 769 561
217 453 248
409 601 407
153 537 326
8 561 8
913 1 953
201 383 7
804 97 93
233 76 665
999 351 613
989 429 497
25 576 143
549 367 785
675 511 746
231 518 536
727 293 323
396 817 321
99 907 672
519 197 401
695 629 216
126 996 281
259 485 37
846 922 703
776 788 591
407 579 311
917 46 767
865 868 816
701 921 246
473 899 381
666 209 781
426 529 651
19 310 624
926 491 767
281 399 741
377 401 328
134 489 828
529 720 8
53 169 849
663 841 367
977 65 601
795 133 613
965 941 649
105 851 793
511 41 543
401 696 382
181 221 841
766 751 641
669 536 51
661 741 195
801 99 289
113 507 201
485 476 483
1 94 761
676 356 126
631 571 754
21 449 755
653 919 657
340 40 889
138 927 199
13 570 235
411 499 590
935 248 449
421 676 557
345 913 273
17 203 513
953 901 524
97 671 751
980 785 1
291 472 25
250 951 903
826 471 667
123 969 169
120 153 861
355 794 901
761 61 205
681 707 321
642 880 681
410 137 761
401 663 913
133 321 201
433 677 996
644 779 551
405 886 386
837 783 257
876 410 211
406 277 759
509 961 755
408 919 727
87 237 596
689 117 901
349 520 887
17 133 193
312 41 361
121 1 966
705 921 355
466 934 581
929 336 73
81 564 742
467 336 162
716 461 221
271 457 601
131 209 279
757 550 353
657 797 347
881 867 477
416 700 959
590 92 713
146 643 608
257 733 131
901 124 925
901 455 751
277 429 729
857 709 231
1 537 181
947 25 23
212 706 112
640 383 212
890 518 363
453 311 131
545 681 957
521 981 113
399 462 475
989 655 225
671 141 153
125 780 873
620 104 595
173 377 433
316 463 201
929 693 521
321 153 967
249 581 341
431 521 801
419 369 669
451 573 969
907 569 76
329 801 79
838 389 376
886 573 441
908 969 977
497 971 958
905 1 407
161 366 373
902 281 682
701 399 507
95 335 457
396 733 931
673 525 829
89 669 564
805 14 607
435 433 480
325 470 260
221 22 917
777 762 486
473 19 283
41 657 786
951 985 585
816 211 209
796 813 854
401 129 287
219 946 521
625 531 536
89 895 383
33 221 421
125 425 939
746 41 701
189 796 959
291 901 333
345 521 641
47 1 503
489 794 305
276 673 597
187 243 644
869 965 316
5 199 341
217 518 363
1 961 163
351 712 332
367 816 879
297 644 986
345 881 605
537 887 801
961 399 249
1 947 481
231 431 661
385 669 109
406 806 951
51 160 421
533 219 153
951 769 175
393 805 713
757 696 759
897 763 29
801 593 629
141 366 177
705 301 621
532 341 116
331 780 289
471 836 901
280 385 271
258 501 479
947 21 2
452 454 852
581 781 985
429 89 883
97 339 698
77 121 501
411 355 887
927 182 537
662 77 811
646 763 297
596 757 846
145 165 953
997 199 461
786 913 309
548 783 151
463 601 721
521 158 30
315 876 267
979 665 285
92 753 501
116 825 969
81 365 723
948 46 45
524 594 618
93 118 109
912 253 211
325 133 377
305 397 721
121 434 120
916 41 241
441 141 732
116 855 462
673 553 565
956 295 585
361 736 125
305 989 441
909 641 246
61 399 521
685 907 938
425 297 204
741 71 509
529 765 315
318 758 1
193 69 1
876 312 536
353 416 477
889 927 689
261 886 811
457 1 971
601 791 961
683 319 931
114 969 269
130 801 331
444 881 542
711 401 241
605 449 219
551 57 801
126 713 850
685 751 71
779 392 811
25 165 221
98 1 160
302 39 568
75 969 609
687 491 473
641 95 197
580 11 26
551 582 833
48 276 213
259 227 561
79 353 681
465 835 397
314 849 350
17 449 178
994 271 841
911 387 621
401 999 671
279 301 266
456 109 11
657 931 623
535 71 615
897 657 843
896 873 551
741 929 125
255 101 264
281 487 385
146 112 711
937 635 764
169 481 286
122 361 217
59 783 902
3 399 362
776 916 381
966 933 357
483 304 1
629 191 71
439 391 869
409 549 710
161 811 933
345 519 948
566 574 789
169 149 208
341 701 721
701 681 27
151 988 461
196 161 512
101 654 501
106 984 694
193 861 123
104 841 989
327 249 839
681 501 589
137 126 926
251 937 499
681 597 876
256 495 266
880 801 621
469 119 709
707 841 978
312 223 101
353 927 417
385 11 653
685 351 56
261 886 831
37 880 628
603 649 951
731 851 837
526 427 745
41 416 281
649 826 997
921 307 52
961 201 469
876 130 301
376 466 322
319 849 561
13 100 906
125 98 451
97 226 556
1 241 570
499 935 9
519 493 101
142 183 361
87 729 248
533 715 996
201 146 569
471 355 501
777 817 10
896 889 476
401 333 904
941 951 24
281 701 436
929 326 697
434 685 348
649 126 696
875 262 301
765 803 238
583 605 654
874 865 75
151 844 465
763 489 341
137 172 79
641 735 313
414 996 833
437 838 361
217 953 689
603 409 265
419 280 929
513 631 6
95 749 841
943 847 451
626 816 276
786 218 196
641 937 901
114 977 751
269 921 86
765 747 881
1 441 501
17 361 981
481 278 409
305 1 197
231 717 47
571 537 977
301 561 752
345 561 969
941 644 281
337 561 865
549 428 686
917 118 337
171 431 481
616 433 476
89 899 901
381 366 348
801 833 236
534 498 501
52 811 325
158 721 33
635 337 396
921 784 756
545 367 977
664 333 837
65 551 362
217 521 745
341 273 901
51 183 797
553 373 309
781 449 61
971 81 802
257 541 697
133 101 541
698 125 169
235 381 512
52 370 914
954 33 256
463 39 795
173 113 299
401 847 313
736 102 689
471 115 243
668 996 144
521 741 472
69 841 697
861 105 533
992 113 939
531 27 993
241 633 791
969 841 916
103 873 384
195 759 399
251 721 649
956 271 555
276 797 801
873 205 985
695 832 353
749 333 968
261 29 386
273 193 41
941 853 833
97 138 605
373 26 333
951 833 206
648 71 848
927 517 957
165 953 353
177 841 787
198 688 257
217 861 409
955 829 497
922 649 601
777 259 945
753 265 149
617 609 559
133 921 345
414 813 91
557 729 76
478 281 590
993 185 922
53 1 58
816 398 849
225 391 489
33 401 217
485 777 308
441 148 677
621 187 605
898 625 823
336 623 419
333 112 1
632 469 917
793 61 734
711 961 27
466 800 817
191 721 105
417 9 956
597 737 185
626 201 987
986 101 91
668 49 459
409 179 948
401 215 521
136 502 4
223 119 802
377 761 861
5 801 849
601 359 399
911 182 773
404 418 725
1 56 681
623 525 189
574 894 901
561 795 779
121 493 697
935 567 73
701 271 429
537 65 197
353 571 375
681 969 517
673 282 209
49 436 655
793 10 837
609 319 625
113 449 857
701 721 581
389 911 181
148 491 717
441 851 11
261 305 821
961 953 79
335 179 498
911 157 860
305 215 246
309 385 869
103 450 361
893 97 635
825 239 141
963 503 281
113 865 471
261 81 301
681 301 681
901 425 856
128 1 817
785 898 426
932 518 953
471 326 111
761 569 269
311 265 496
763 225 669
639 713 399
113 809 601
361 816 561
387 591 341
126 462 321
89 541 797
321 631 265
559 905 383
525 273 269
161 279 301
665 114 321
860 936 537
780 47 345
6 416 185
748 340 991
718 433 617
745 597 433
218 67 131
921 551 144
121 56 907
95 529 212
105 582 357
492 159 227
281 968 693
81 223 797
921 54 236
628 441 576
345 603 317
6 275 71
171 51 19
504 896 769
276 351 148
503 501 671
78 429 451
493 359 390
102 68 899
15 601 815
49 167 345
264 124 669
611 965 325
588 631 323
674 615 816
271 238 996
870 777 213
954 819 301
465 301 182
507 533 92
417 591 197
745 951 425
823 965 426
361 346 809
633 487 451
385 555 163
657 730 993
713 239 591
777 69 769
393 188 212
833 59 594
49 573 196
669 718 701
827 834 617
953 241 681
918 683 950
281 773 373
721 883 651
463 956 266
257 533 973
605 57 1
973 737 729
977 811 421
791 231 770
581 266 847
958 201 538
983 913 653
285 597 817
978 865 72
247 991 45
641 588 733
216 806 693
53 873 527
564 165 993
921 721 476
578 561 989
63 931 606
287 101 899
50 145 217
994 796 336
166 705 811
441 796 501
406 847 302
433 477 327
889 989 867
141 57 388
141 999 389
209 228 706
261 806 879
726 921 462
99 61 307
369 993 917
491 236 893
29 565 858
785 171 456
455 90 785
141 801 453
818 591 617
846 405 856
883 937 847
371 470 947
853 750 583
776 697 541
339 101 381
680 313 269
971 81 226
237 238 828
289 944 57
571 393 833
841 585 751
851 418 777
171 541 546
869 743 332
361 401 836
111 19 301
601 87 713
457 419 592
251 922 446
539 661 661
395 821 971
351 709 990
421 329 127
46 181 442
76 810 97
693 981 729
517 75 396
213 918 148
3 955 758
184 505 505
181 225 141
31 271 931
650 723 906
827 816 823
967 969 873
313 963 829
652 877 699
583 789 431
761 393 916
881 357 319
593 212 321
51 141 953
193 322 431
107 475 633
201 195 485
137 105 801
519 947 19
826 17 201
863 552 663
353 89 327
362 275 641
149 585 601
801 692 343
693 217 839
166 416 226
993 248 905
809 900 921
212 971 833
792 993 481
601 697 386
957 305 91
85 709 769
985 65 849
976 601 985
1 791 29
265 924 361
97 801 851
841 396 449
811 805 961
211 442 61
905 810 245
871 370 901
621 269 137
881 407 70
276 957 230
821 622 11
163 487 363
529 777 719
149 871 396
641 404 37
771 121 879
366 641 682
159 366 473
430 73 817
44 451 571
39 6 385
661 475 97
745 369 676
506 156 937
829 305 731
728 369 165
767 353 521
801 365 702
134 724 897
130 363 220
769 739 312
925 990 735
357 933 150
33 800 523
841 499 454
267 303 904
841 452 21
126 766 593
20 337 76
607 801 426
689 377 21
686 177 436
761 795 95
909 353 770
617 466 498
816 463 351
274 121 593
241 726 117
813 616 359
102 307 790
897 555 141
406 629 246
21 817 337
863 969 439
297 833 429
277 367 8
981 44 122
809 479 702
245 817 105
601 61 535
97 276 615
321 498 607
845 665 957
857 153 477
314 47 801
641 936 733
905 729 428
501 532 594
551 764 419
729 569 551
551 306 145
143 369 651
226 767 169
96 227 801
397 885 953
960 60 521
255 173 351
26 149 943
567 883 585
543 547 773
309 248 225
765 843 272
49 831 676
673 241 939
273 417 353
317 801 465
936 641 165
249 835 159
680 529 725
836 29 23
548 531 804
395 147 426
41 21 201
133 690 999
721 547 574
241 1 95
41 833 181
851 99 809
485 609 56
820 230 838
329 772 874
80 977 447
258 709 1
504 672 788
421 161 29
503 173 526
97 976 235
185 969 591
261 692 535
791 934 335
833 53 19
973 751 377
181 69 341
366 241 911
401 987 726
661 341 405
525 935 691
897 46 566
521 610 735
605 289 529
539 823 463
741 593 3
289 148 199
403 536 887
283 521 429
752 897 976
751 992 82
376 789 130
643 209 318
881 271 311
685 335 825
545 109 673
735 673 821
307 998 125
835 206 930
757 401 353
270 329 401
235 547 821
678 707 153
137 149 892
581 481 29
441 607 821
933 626 141
749 844 995
321 431 561
649 833 751
658 263 914
587 8 891
81 215 857
1 115 240
569 910 37
493 299 770
753 191 981
973 813 643
131 428 329
213 191 731
861 241 800
710 610 303
761 854 321
612 808 161
783 105 65
675 749 236
463 271 315
251 748 823
241 916 245
51 773 30
993 32 524
133 291 65
672 173 1
345 488 353
805 689 404
961 305 951
809 925 441
883 11 317
991 747 128
376 861 573
635 711 671
594 947 953
221 611 401
721 301 755
601 445 381
787 851 929
661 237 743
953 21 926
233 791 328
315 567 143
631 129 851
376 554 837
489 807 611
282 145 256
805 434 509
167 681 940
216 911 187
937 507 1
814 646 669
833 775 505
262 250 888
351 1 779
421 353 624
886 211 281
926 323 596
480 921 348
1 9 51
117 678 495
481 738 941
476 161 435
701 441 497
82 336 793
327 881 596
639 477 193
538 79 941
201 786 105
967 353 801
362 569 21
933 242 45
696 801 815
741 2 321
701 665 398
437 883 444
97 615 670
716 736 29
967 481 862
601 301 237
192 158 316
751 365 883
641 573 561
691 101 819
965 957 361
565 471 926
979 180 686
197 899 401
667 292 425
1 801 506
86 596 276
142 609 628
538 11 381
591 937 121
755 545 816
81 937 349
999 617 291
629 833 455
635 941 605
831 9 474
377 829 775
916 708 908
905 759 273
800 489 716
21 447 803
346 631 881
889 397 937
901 962 553
417 665 51
789 549 720
473 341 186
998 761 121
70 721 71
483 501 76
471 856 65
149 471 417
913 870 49
452 1 794
154 74 937
251 602 969
601 709 921
661 968 88
611 67 452
381 833 101
649 823 777
430 829 988
695 52 749
473 673 511
437 836 801
821 985 314
329 565 111
406 307 900
897 701 793
510 585 9
929 121 101
455 968 897
961 137 381
30 241 111
830 286 916
205 556 116
473 781 361
726 161 369
226 273 571
267 499 421
569 259 435
725 73 765
247 223 204
81 411 401
431 754 725
669 381 571
95 310 61
696 45 356
745 941 802
294 108 331
1 723 775
345 351 46
236 238 927
237 191 405
833 161 10
379 588 193
451 327 915
445 149 779
798 73 533
365 543 261
181 821 801
618 643 67
609 881 620
251 224 33
761 89 649
717 761 135
441 653 161
373 356 611
787 89 533
201 177 755
557 161 865
521 195 255
621 51 623
689 41 831
46 425 456
792 716 37
596 914 771
341 385 73
237 861 246
471 371 433
708 351 83
867 525 680
429 121 55
869 877 554
85 281 889
319 902 153
545 873 651
105 339 73
931 836 281
903 721 873
13 595 951
326 549 61
33 396 922
189 473 221
104 426 656
233 49 739
641 878 9
82 709 891
535 997 977
67 109 988
251 543 977
633 179 726
87 161 721
350 285 791
301 407 609
264 681 75
262 761 729
129 636 351
341 65 685
637 18 186
906 249 737
602 311 41
521 681 288
976 761 985
745 413 949
425 901 361
111 741 961
766 191 801
951 633 481
397 409 293
681 385 33
54 391 469
857 785 449
995 35 289
581 713 161
923 793 749
491 209 329
806 241 441
35 45 958
629 899 221
577 361 281
702 917 560
554 76 187
195 735 200
212 726 35
425 461 225
641 336 73
505 381 321
925 746 113
661 251 544
354 871 330
202 916 801
854 971 233
703 329 671
829 63 321
665 566 695
31 677 493
268 201 863
449 685 57
745 525 341
577 905 489
426 361 961
39 629 697
23 100 845
183 693 743
801 381 913
755 73 495
409 371 176
941 401 601
781 285 434
317 611 785
411 280 832
913 96 374
864 861 96
131 303 931
101 605 620
342 35 73
915 149 697
346 835 253
601 525 444
790 989 516
358 811 874
111 141 708
862 229 251
937 545 580
745 575 76
881 427 389
433 730 669
944 806 95
268 713 807
951 400 37
22 189 931
683 835 81
273 385 805
826 985 581
163 572 315
641 878 960
691 287 48
897 343 773
756 325 219
489 946 236
409 255 881
981 102 209
631 181 646
799 429 865
181 731 433
922 442 277
553 371 561
146 884 10
213 507 851
165 544 989
665 67 981
20 727 193
583 221 185
617 927 753
41 621 319
827 501 745
117 121 911
757 289 289
249 281 19
221 473 558
871 61 589
646 41 117
928 618 826
273 301 919
705 463 45
520 376 366
901 673 152
193 849 990
778 921 414
763 513 167
376 329 531
721 981 841
278 684 81
175 551 583
801 130 123
321 866 145
382 401 292
991 931 601
745 81 885
723 692 533
859 251 858
269 657 81
661 775 497
351 90 353
626 930 920
561 291 434
481 166 41
41 56 761
241 641 969
899 641 921
249 865 876
726 61 202
680 859 826
687 525 191
228 725 842
521 341 244
217 626 956
716 683 217
626 409 287
851 780 706
441 449 505
768 81 545
627 959 249
213 9 251
633 373 217
405 855 351
611 830 928
509 93 305
338 141 401
803 273 265
817 722 376
823 431 661
225 551 421
764 231 631
253 119 841
565 657 206
676 627 335
597 417 821
57 411 395
225 677 861
823 601 107
676 517 865
656 967 337
938 755 787
138 821 601
806 1 981
795 745 166
931 425 469
684 558 141
377 711 601
391 691 186
947 481 615
329 425 23
741 839 770
728 201 127
743 190 374
863 633 256
199 193 435
676 897 701
499 361 749
785 631 852
161 93 185
609 141 325
146 627 919
944 11 457
581 936 615
246 464 38
51 331 921
821 173 751
362 175 23
161 41 961
941 406 981
364 63 203
861 705 849
151 637 162
307 161 969
647 563 17
623 101 633
821 297 499
996 541 226
831 937 274
377 519 581
593 143 791
809 549 526
170 227 916
61 503 805
409 715 805
157 836 945
31 971 231
501 991 695
601 73 849
369 661 121
497 342 426
441 141 251
369 539 145
737 321 828
850 313 338
250 281 696
429 26 871
467 865 580
335 881 426
176 321 296
376 107 371
936 345 709
791 684 407
425 81 891
985 665 971
221 370 17
521 696 359
426 920 798
841 806 792
666 557 342
651 873 41
936 921 339
145 158 633
931 945 235
465 968 101
626 151 857
985 901 506
54 504 19
596 614 403
939 769 856
837 297 438
126 311 912
513 857 395
649 651 937
435 421 903
91 744 399
325 888 273
687 762 1
703 401 235
613 551 281
633 897 841
325 613 49
275 645 857
401 243 829
322 1 53
116 385 355
129 426 383
975 937 607
669 385 556
705 113 35
985 769 492
121 425 633
553 601 671
170 599 329
742 387 381
748 689 925
260 923 11
949 533 101
476 649 381
840 627 91
139 76 925
299 176 661
406 306 738
665 829 831
401 41 121
260 800 313
261 164 217
303 473 881
489 435 761
907 846 537
680 152 750
592 289 437
538 553 894
354 141 304
591 966 851
355 865 97
531 401 309
423 235 25
492 999 387
438 671 905
485 393 39
457 191 913
15 26 209
128 759 169
257 83 141
321 69 783
217 918 41
600 313 88
69 390 831
377 233 33
21 503 381
996 600 275
451 689 301
967 985 362
561 300 602
201 491 511
100 449 463
831 351 156
691 127 283
382 345 636
548 916 105
209 965 184
487 907 113
537 116 351
376 601 713
870 297 313
532 441 153
442 219 927
545 586 557
833 21 805
587 289 488
699 161 181
757 78 61
985 633 1
108 12 149
581 824 245
241 433 21
169 371 442
685 305 239
401 518 641
417 451 487
545 790 481
838 121 323
697 401 645
15 601 102
248 693 702
251 685 161
701 891 529
883 129 823
397 650 521
769 89 473
37 595 705
151 651 913
992 587 401
13 145 324
785 925 585
448 846 323
609 951 551
461 876 469
917 785 474
269 628 461
447 607 673
291 822 665
627 795 677
531 120 351
903 903 345
857 506 3
88 489 34
451 591 280
835 1 832
373 549 276
13 793 711
113 921 147
903 285 304
866 265 161
875 470 489
425 519 84
141 421 446
1 693 241
791 417 23
995 389 213
583 79 953
987 620 911
463 103 51
193 621 753
613 929 249
633 281 561
593 481 707
589 681 517
233 283 949
372 951 951
689 721 920
501 204 157
885 909 687
769 824 421
391 839 607
609 971 501
895 721 521
281 22 95
506 105 11
20 751 901
345 313 463
626 721 751
636 376 185
1 705 225
81 261 430
629 867 493
171 698 77
396 830 547
701 945 241
837 606 211
585 948 701
285 449 371
969 777 498
601 529 551
877 57 737
601 601 584
417 321 547
562 41 736
566 581 110
829 73 449
481 709 991
411 57 751
91 201 441
99 309 965
601 111 313
75 337 45
321 501 309
511 303 640
75 893 292
361 958 681
793 785 3
438 515 409
506 586 842
876 137 194
497 413 846
132 301 870
39 891 954
209 569 217
77 791 515
777 169 617
285 1 667
431 659 225
580 363 769
809 377 735
105 717 236
323 694 831
87 845 85
401 172 691
221 781 393
681 359 541
959 433 9
733 681 190
890 69 264
456 297 9
357 925 185
720 753 587
541 737 767
396 239 795
81 671 815
91 292 113
981 662 51
471 657 891
201 301 611
281 410 356
601 273 171
593 864 491
701 705 533
306 991 525
681 109 337
463 802 215
778 379 861
653 3 999
988 969 511
61 973 601
161 791 921
56 209 839
685 297 488
601 945 338
935 509 137
416 862 196
513 1 593
331 649 33
376 586 888
897 865 920
513 381 859
434 270 493
251 505 991
991 988 114
176 547 161
697 912 689
501 376 859
781 651 761
521 625 567
225 6 289
851 545 894
636 920 188
637 93 985
306 308 65
866 569 281
457 468 649
920 121 1
841 323 51
473 17 642
329 997 150
589 553 1
396 499 35
248 761 850
227 295 395
407 791 473
665 322 140
807 701 106
645 989 925
542 249 990
691 505 845
857 813 963
29 152 736
51 368 533
593 583 265
455 245 33
498 593 897
881 961 945
206 895 825
233 86 934
279 710 961
286 384 762
769 581 939
221 462 421
627 281 625
29 756 828
955 989 901
548 193 201
665 77 493
575 45 477
109 777 705
401 433 229
981 145 835
579 7 670
479 466 513
9 711 428
212 957 419
281 916 997
541 75 73
609 256 17
986 521 579
424 695 73
251 189 53
401 474 473
983 713 835
201 301 713
880 505 699
589 385 681
687 937 641
851 585 897
71 641 357
441 831 578
310 426 497
448 283 941
914 786 236
249 165 685
39 330 599
910 982 912
801 29 285
92 32 113
808 878 413
460 946 471
953 29 286
331 162 281
635 305 545
281 239 223
81 271 881
991 802 300
223 289 677
349 495 377
865 771 781
553 761 41
206 371 49
333 752 870
929 946 256
987 305 855
113 681 71
651 581 995
407 187 426
344 781 270
881 922 621
499 116 383
511 209 821
301 605 81
901 473 621
8 148 421
801 536 654
361 226 701
94 477 937
647 178 287
407 139 491
37 918 207
395 999 703
869 543 33
789 551 645
846 229 823
295 576 509
832 376 115
849 323 41
691 585 3
40 101 93
476 82 385
125 369 494
631 933 321
249 561 333
822 386 637
86 611 185
501 4 801
17 521 417
455 596 927
311 637 603
733 481 331
525 301 693
921 89 881
429 83 559
921 389 237
345 426 686
837 31 229
372 866 921
201 789 175
426 265 947
143 697 437
713 725 912
465 545 817
791 33 859
102 687 221
465 316 261
311 485 55
646 521 769
491 17 281
851 823 295
505 381 241
961 62 701
609 899 717
485 137 91
819 355 539
201 89 761
931 897 161
892 986 611
634 615 335
971 586 979
789 251 867
490 253 213
6 861 774
57 656 666
945 41 689
336 289 897
531 445 321
401 813 263
361 671 4
984 318 508
165 607 829
955 256 835
411 577 516
755 641 927
225 476 890
521 321 697
667 176 583
507 992 535
7 797 823
905 481 917
885 369 232
