3019
601 836 148
166 597 661
905 670 547
481 631 235
597 996 421
488 746 231
946 441 879
518 243 801
908 712 318
101 125 726
719 613 901
489 301 825
666 912 580
429 729 801
305 105 713
783 959 705
614 601 1000
793 103 554
301 911 126
430 578 271
116 641 529
231 46 577
995 693 580
591 186 321
772 374 807
341 593 237
926 523 609
849 901 120
934 593 671
97 159 401
907 191 444
293 658 449
661 781 121
990 526 48
141 17 4
949 567 356
320 57 146
26 43 721
50 781 481
251 302 172
881 716 393
656 757 813
121 143 851
913 264 917
959 41 364
591 3 77
369 313 26
251 17 856
15 417 71
377 384 745
511 71 993
348 109 617
616 202 910
668 265 701
153 260 657
64 248 201
627 441 345
454 649 765
953 280 953
312 219 301
313 65 78
26 560 441
28 625 27
543 997 768
291 741 215
368 465 633
89 845 348
120 811 781
908 778 641
371 657 181
436 420 357
185 376 240
141 551 359
256 841 415
481 301 529
611 545 853
839 11 564
114 483 7
761 486 620
225 606 705
13 237 571
301 405 899
453 505 635
282 201 106
604 433 565
963 1 97
417 661 512
874 721 108
913 301 735
131 273 633
268 968 935
101 737 921
241 961 246
285 249 621
865 165 861
670 689 286
527 450 460
722 653 483
236 508 19
389 223 200
281 621 71
953 321 946
549 601 538
615 873 480
609 425 671
575 781 875
757 149 617
123 497 503
401 963 879
436 716 417
875 899 841
101 990 151
601 228 84
333 11 132
941 276 771
133 139 545
566 219 891
151 521 621
777 201 545
301 988 579
219 401 321
493 601 244
226 706 706
925 208 591
685 16 488
13 505 49
820 959 10
379 873 233
903 547 389
661 751 491
43 916 777
361 377 17
826 918 17
880 689 791
541 78 753
537 148 861
126 873 671
218 769 769
281 625 101
534 165 73
132 594 969
1 921 315
19 1 583
811 405 980
201 601 761
57 467 974
305 201 369
776 401 353
571 301 269
513 889 951
435 255 935
842 751 7
191 882 103
735 608 713
383 671 901
349 57 281
687 181 423
971 489 725
456 933 581
491 371 126
201 877 225
26 491 387
501 461 201
91 551 350
201 710 553
981 73 33
491 781 496
13 941 687
677 301 435
681 829 339
299 721 837
75 721 861
169 481 475
589 753 297
111 676 751
96 609 648
573 918 897
162 680 541
265 498 725
561 838 233
146 923 319
657 49 730
594 304 311
623 869 758
381 58 501
364 233 301
151 401 407
403 913 93
236 81 73
390 497 743
567 433 419
333 196 669
501 321 961
401 697 341
1 498 485
996 359 439
531 911 501
963 6 307
691 634 765
471 300 407
120 785 837
901 41 535
345 391 187
889 572 739
645 883 509
563 981 769
75 665 685
353 785 386
301 281 921
856 661 129
517 161 976
271 369 921
689 881 721
982 376 809
425 561 689
519 957 421
665 775 425
156 859 61
461 616 329
864 785 182
855 12 723
551 335 777
515 917 101
553 595 617
495 209 652
966 493 985
714 591 628
701 141 59
551 760 580
344 706 441
741 586 361
507 304 629
553 971 368
721 473 235
66 780 531
104 53 781
920 163 191
14 159 329
875 741 11
93 201 179
769 601 601
302 879 153
581 481 467
571 433 325
572 983 390
945 555 933
270 535 973
625 1 169
878 180 213
331 701 651
781 801 937
914 367 745
78 415 801
133 630 404
231 793 311
226 761 841
107 666 101
113 501 349
721 455 346
937 199 188
5 537 655
409 291 205
396 81 706
65 233 32
405 521 677
745 213 27
882 918 157
521 655 541
263 251 478
593 1 323
907 945 450
79 476 169
761 961 941
585 317 506
563 601 631
241 993 832
650 684 613
391 174 861
942 984 69
881 929 825
301 262 603
873 689 29
792 479 225
211 561 737
423 166 115
47 193 884
865 248 958
123 515 217
31 105 711
294 205 161
683 198 829
751 45 275
401 496 331
875 541 96
33 621 17
225 390 3
901 561 960
161 501 717
362 525 309
471 385 564
568 494 683
41 678 917
561 943 5
81 605 851
713 231 251
71 925 682
565 521 201
769 681 101
507 433 993
241 713 989
999 311 899
481 441 991
736 581 31
909 686 713
28 11 769
465 51 591
665 877 246
231 330 77
537 691 636
521 615 809
261 929 775
917 441 655
790 703 583
288 351 161
77 904 993
655 176 392
1 257 541
691 184 563
91 937 676
461 81 828
168 638 926
668 80 829
456 750 845
819 286 713
307 961 801
393 251 647
526 687 663
193 931 211
451 957 741
285 21 361
979 970 300
851 521 783
616 133 817
612 376 651
274 125 239
933 907 549
746 57 333
81 370 1000
57 105 121
501 258 137
262 246 1
691 641 901
131 341 561
727 769 421
321 611 761
291 249 506
346 730 81
331 124 508
452 951 906
347 145 801
136 124 485
898 777 16
310 939 3
779 651 218
919 646 893
181 926 141
231 670 287
142 916 515
660 666 371
321 719 496
986 47 301
383 47 567
685 176 461
472 125 396
981 697 555
351 201 191
321 97 71
905 269 775
871 617 717
46 306 981
745 401 867
16 179 6
41 761 731
345 887 918
669 733 491
97 583 51
481 922 774
393 945 239
135 887 353
491 631 223
30 376 461
807 903 321
11 201 801
641 859 761
247 859 997
204 801 1
781 173 545
77 996 361
257 709 430
484 259 361
379 678 281
363 301 985
251 241 981
273 508 768
321 593 945
503 733 787
417 881 865
789 974 197
754 314 83
706 39 1
146 179 623
689 425 201
323 436 211
876 572 726
897 705 888
756 273 533
521 332 381
130 241 871
921 858 777
769 561 16
782 961 413
121 923 971
405 199 743
161 953 126
337 241 689
41 822 770
239 551 43
793 971 969
701 893 323
231 242 937
591 689 433
321 273 201
642 993 905
429 51 21
225 321 281
801 909 901
576 211 443
782 761 448
617 343 306
564 525 296
519 722 174
378 586 337
369 725 239
255 399 607
581 993 747
373 711 151
131 785 361
668 677 521
539 926 293
185 236 976
85 832 126
876 531 646
601 785 9
807 597 261
32 725 701
257 261 701
226 202 47
855 325 736
881 977 354
28 951 28
438 396 609
361 655 615
569 361 266
601 101 991
409 973 859
293 196 17
647 429 541
173 492 788
481 349 180
889 364 876
31 978 391
801 483 840
383 703 946
831 328 671
996 75 566
585 371 769
721 741 187
574 313 589
267 581 121
464 774 63
403 76 189
659 811 171
577 527 591
471 701 352
726 161 139
639 785 319
629 921 876
653 817 391
215 641 601
597 41 417
187 581 273
529 301 649
261 489 911
857 570 597
383 698 298
871 938 775
983 727 735
873 666 473
501 598 481
907 352 312
731 796 521
966 155 189
793 711 89
289 754 827
811 816 828
797 69 691
845 251 612
401 85 268
981 647 698
772 308 721
426 266 945
178 561 361
717 321 465
375 776 297
553 256 623
89 374 625
241 991 633
881 71 349
349 923 183
600 561 171
899 740 211
305 561 560
161 256 21
1000 410 809
487 357 561
273 901 981
894 617 906
682 173 695
949 545 721
798 701 85
866 726 861
998 371 885
91 192 857
289 550 110
285 876 257
951 545 677
951 166 375
551 285 726
883 187 929
559 17 905
933 585 625
801 471 281
857 461 589
688 184 220
144 239 701
262 785 889
358 113 917
753 961 562
357 354 91
933 970 495
725 1 178
727 479 455
26 840 441
865 231 865
641 774 127
256 911 480
487 116 597
389 51 101
138 575 796
289 107 293
153 930 845
761 93 765
501 349 326
992 511 698
982 751 825
677 761 423
976 619 224
978 801 885
681 113 41
548 261 283
651 701 136
401 596 669
859 601 873
292 701 123
513 949 745
601 909 501
159 757 746
987 627 50
639 334 41
664 221 487
962 823 377
347 185 710
91 744 811
130 321 265
520 277 513
165 385 388
757 233 574
773 670 628
873 905 869
855 421 507
888 465 665
457 779 221
257 591 733
613 841 564
640 129 997
58 37 11
278 375 977
215 393 725
597 841 977
441 471 921
203 365 718
89 577 954
395 633 853
765 400 91
481 230 1
297 8 991
355 369 711
181 101 465
279 533 173
771 121 513
481 761 69
953 62 993
915 543 801
217 697 57
755 481 161
161 541 493
566 945 789
81 692 345
759 947 461
15 206 642
385 161 891
75 257 657
661 299 561
763 61 805
835 89 905
52 630 649
221 941 957
3 721 505
487 861 779
801 733 231
449 801 379
25 107 270
733 761 121
343 321 565
95 123 861
865 421 249
491 433 513
313 829 261
704 991 383
291 173 741
531 401 215
211 81 751
836 657 608
641 474 737
704 380 513
661 271 319
245 449 941
425 975 165
469 11 341
331 181 831
823 501 245
861 678 977
441 121 788
168 343 351
541 11 845
101 649 579
367 856 546
221 70 989
801 306 328
628 691 111
755 670 759
543 801 105
245 33 656
260 1 929
977 490 573
577 794 801
612 789 971
741 247 387
509 776 721
617 955 353
204 773 266
349 19 606
496 598 996
251 289 169
133 805 377
479 388 487
733 996 589
980 199 866
285 123 929
733 203 321
863 567 626
689 843 801
257 797 553
403 44 343
885 725 313
753 588 601
94 705 17
901 801 161
601 373 345
1 211 947
841 265 475
395 53 181
181 157 114
460 561 197
293 187 261
801 72 873
605 618 990
395 627 89
1 546 345
427 221 881
735 9 956
789 277 281
497 821 201
309 975 41
169 121 953
987 793 561
498 269 985
356 53 169
493 615 1
309 587 416
742 771 783
157 121 660
73 517 831
696 417 825
395 216 498
682 794 393
355 826 112
603 443 453
513 181 353
26 421 321
996 956 866
331 72 12
729 297 345
109 361 181
865 872 575
902 80 907
261 610 944
943 151 946
240 111 746
851 889 89
462 453 581
817 358 198
699 753 705
265 198 851
853 761 993
695 101 271
447 423 585
431 401 287
708 282 65
41 809 249
301 65 743
721 42 415
505 585 296
126 119 673
401 809 29
101 795 758
428 51 31
39 141 187
417 803 783
497 211 137
829 661 437
281 728 973
991 883 871
615 866 231
649 275 229
101 233 7
669 513 64
323 219 838
37 717 556
998 264 665
667 540 376
761 881 657
305 16 603
217 501 73
271 299 786
297 837 816
481 423 903
825 225 293
207 881 241
501 33 516
487 5 204
241 918 65
201 133 845
777 573 62
167 66 44
845 238 451
731 121 921
446 437 933
461 857 61
299 651 441
249 281 11
403 771 183
526 657 107
780 501 146
591 432 441
709 481 551
266 647 817
141 503 114
520 1 510
916 390 309
921 680 651
729 365 721
745 878 189
665 533 53
430 437 216
393 996 514
801 967 545
727 180 608
491 159 316
61 601 721
1000 18 509
625 821 769
561 381 538
131 545 556
1 989 994
1 381 913
585 584 698
191 325 575
72 177 676
891 73 572
745 601 489
937 289 725
39 99 545
707 592 501
674 67 477
72 481 77
396 279 977
637 501 892
475 222 29
425 487 761
376 101 173
515 265 579
193 413 171
400 627 49
721 941 501
774 988 245
387 917 505
349 601 714
33 117 441
209 209 475
766 556 77
862 771 913
361 727 687
689 665 281
679 416 491
928 981 137
57 562 641
493 988 481
268 246 551
801 361 91
89 3 640
273 389 989
793 791 134
751 465 807
691 529 621
554 953 205
756 481 401
985 238 492
206 709 871
385 649 892
221 296 341
641 874 621
261 545 326
391 793 539
969 741 173
130 893 716
425 613 246
177 158 351
892 361 447
641 1 719
953 101 851
737 41 711
951 251 823
361 60 912
51 687 71
623 154 128
998 891 836
951 46 357
988 17 29
674 835 969
571 761 673
330 103 51
287 256 959
267 979 605
901 801 879
503 31 625
996 656 169
79 385 845
629 721 292
361 918 317
381 241 309
681 766 606
529 825 409
473 169 826
991 73 105
708 901 601
377 273 478
75 321 337
482 625 801
197 865 963
495 969 377
1 353 521
737 129 165
314 825 606
921 256 914
448 848 7
945 307 781
81 495 985
159 181 985
761 730 751
985 581 761
733 294 593
345 901 188
394 370 733
225 439 331
161 601 125
86 842 925
33 956 625
61 453 874
799 441 581
833 865 303
990 91 577
309 201 632
911 705 291
711 976 986
641 337 555
801 35 266
393 965 477
930 761 585
977 921 166
133 826 925
853 81 725
691 597 73
276 509 505
737 179 967
507 581 614
153 768 465
873 481 413
696 49 349
451 803 101
383 901 981
405 475 966
881 798 371
576 565 943
126 781 863
197 469 283
840 351 421
602 831 5
163 211 447
156 761 854
488 561 376
933 865 241
158 369 934
523 329 1
226 115 485
356 295 961
777 301 690
399 951 13
978 353 757
713 953 305
411 971 545
326 761 501
752 650 527
332 185 536
872 122 6
27 369 287
138 565 737
771 536 573
697 524 693
93 185 976
7 273 293
745 961 117
933 610 105
868 821 829
400 901 73
901 489 579
369 547 305
256 721 845
799 794 913
669 41 922
768 961 338
441 745 81
369 381 301
686 274 579
779 737 633
955 787 705
729 254 927
691 449 127
222 36 919
103 560 771
589 481 335
711 132 601
532 101 423
20 585 169
441 351 298
880 29 31
469 391 411
770 576 748
659 147 985
705 97 771
9 626 196
181 565 969
91 121 942
752 796 437
265 356 395
283 819 345
775 489 320
77 637 835
519 571 221
406 254 250
251 11 670
129 407 941
481 867 349
298 372 608
279 373 182
121 781 373
309 361 661
298 869 957
321 425 497
363 1 449
716 463 240
825 620 765
967 214 651
701 83 33
392 21 767
623 785 125
329 840 857
446 349 709
321 492 985
564 420 19
916 145 61
401 369 641
114 977 117
211 408 193
225 776 40
792 761 321
20 169 757
777 286 456
803 121 351
225 637 141
851 721 876
161 110 491
107 800 841
929 369 385
861 636 171
121 292 713
627 617 257
7 843 1
997 913 937
567 168 690
441 635 251
655 496 51
993 264 743
326 509 337
777 387 117
273 478 53
863 251 73
389 397 67
169 926 581
735 337 101
336 957 993
863 158 959
801 533 483
768 442 225
795 777 614
777 675 587
848 971 514
625 169 857
617 585 329
61 733 207
381 893 285
889 42 445
251 521 323
139 176 309
437 227 867
94 642 235
41 225 419
257 119 149
521 246 535
729 277 541
794 416 861
254 461 127
389 501 86
581 581 952
864 195 107
204 746 823
987 501 368
682 461 473
561 547 437
361 915 81
881 969 893
261 111 513
189 113 436
588 81 1
613 175 165
101 31 781
341 437 488
759 505 971
251 410 241
246 1000 980
23 479 965
768 301 679
803 97 721
901 193 9
229 125 541
977 49 925
449 219 321
830 33 901
641 775 606
257 647 351
181 481 657
209 519 127
551 893 745
206 733 24
5 667 601
500 358 765
245 975 36
730 57 657
845 49 913
393 657 219
651 901 5
701 189 190
601 781 838
199 309 536
578 641 123
647 989 509
961 584 899
490 293 137
397 601 617
605 793 521
172 826 421
876 691 767
811 601 573
661 731 31
729 451 83
914 541 546
723 230 683
499 57 441
525 881 891
863 989 33
121 76 737
957 451 433
341 171 576
589 424 385
141 579 699
799 820 701
473 944 879
669 361 761
16 9 281
537 191 576
781 197 410
818 149 771
876 321 121
338 262 441
795 617 519
161 753 169
129 369 231
103 751 209
881 561 941
761 985 81
901 953 809
781 645 517
503 841 145
449 224 119
361 217 817
521 610 81
859 913 872
751 353 713
185 211 427
785 101 297
222 33 245
501 331 3
758 557 599
622 125 217
319 361 405
721 455 971
423 981 813
876 21 701
149 633 399
629 913 221
192 413 53
816 158 921
929 993 805
669 401 821
931 195 625
821 911 943
176 418 197
362 241 861
738 501 490
335 376 60
657 458 131
441 947 741
528 383 728
281 112 947
104 913 201
617 760 214
162 226 441
907 557 744
413 17 689
180 749 741
393 833 397
813 617 863
761 833 602
541 15 783
981 67 517
389 195 566
889 604 899
728 885 377
171 23 367
489 425 937
605 910 407
93 697 454
359 455 756
741 139 374
168 845 401
576 741 378
561 951 417
351 253 676
711 858 641
994 169 313
879 666 557
569 661 297
490 211 831
105 590 331
251 426 375
415 334 729
217 571 177
669 631 821
251 16 200
372 749 6
533 203 289
317 985 345
241 328 949
33 965 457
515 937 165
71 305 41
801 73 914
781 781 265
535 227 577
955 523 225
681 329 61
420 849 649
336 113 699
237 245 879
550 426 756
515 233 469
149 71 137
995 651 95
715 931 991
811 411 504
121 127 649
481 105 861
156 303 773
996 125 473
991 161 73
251 521 813
866 911 173
819 261 106
168 134 659
80 57 796
271 901 181
989 873 97
501 361 301
177 191 143
844 12 783
331 126 459
208 519 649
512 212 40
285 825 28
927 434 164
881 701 617
681 576 361
581 946 791
579 730 61
88 599 943
81 93 552
908 153 873
735 585 785
473 453 41
9 59 841
891 131 13
56 731 717
105 284 11
668 521 39
469 320 462
898 342 231
280 951 859
589 315 148
445 881 421
945 511 658
336 218 871
844 893 170
617 289 401
73 131 371
396 948 473
705 104 921
949 441 721
175 563 625
869 161 387
223 657 301
321 59 119
119 385 453
746 76 44
526 473 307
311 625 361
9 639 498
168 281 977
793 516 301
41 225 637
297 97 901
229 577 636
504 63 791
611 25 772
872 378 154
623 446 317
358 518 510
527 261 764
401 193 393
249 549 578
53 489 860
421 970 713
641 921 194
128 117 921
171 654 101
284 259 765
127 467 554
905 9 33
505 681 396
601 31 456
528 795 208
569 511 247
396 400 806
821 931 681
53 856 201
223 393 536
595 681 717
145 873 521
339 579 95
715 89 260
662 209 513
629 871 791
409 473 393
734 795 101
769 726 771
30 167 703
623 344 339
811 229 379
316 581 744
609 29 889
187 201 889
776 171 247
386 513 705
814 785 303
236 58 367
402 599 223
1 189 851
485 966 65
56 781 601
505 961 797
771 199 620
457 173 801
743 493 488
961 397 321
504 705 705
46 385 966
609 787 226
621 361 500
233 287 345
889 801 357
51 745 516
397 589 856
221 371 577
961 494 749
501 394 226
190 149 301
713 111 705
157 103 544
121 91 549
401 5 523
835 720 213
267 913 401
995 181 370
1 372 541
407 201 829
93 617 700
365 370 429
92 411 952
76 731 814
121 817 73
875 61 569
241 437 641
594 601 984
97 525 737
991 239 276
401 972 88
496 733 561
709 281 561
125 633 377
49 357 125
713 415 685
237 717 542
185 849 207
111 546 697
122 431 561
935 47 544
891 191 157
59 665 181
573 461 864
194 49 265
121 739 214
21 625 373
730 625 725
647 49 831
161 581 624
210 17 551
261 976 566
255 613 553
830 938 101
777 115 593
539 871 561
225 401 726
913 425 161
441 939 30
751 502 557
310 875 643
451 805 118
291 626 890
418 277 931
233 26 403
399 191 726
696 623 113
91 856 401
621 976 387
113 49 209
447 494 561
474 113 63
180 275 265
833 141 287
477 216 535
231 615 241
453 757 851
81 984 909
649 274 85
801 581 455
812 231 511
425 274 326
737 850 755
647 151 22
155 149 666
897 451 369
560 232 921
601 581 397
585 571 62
33 7 651
841 161 619
495 400 109
885 113 121
584 266 780
249 781 945
144 297 513
476 418 826
497 709 558
409 785 110
101 362 961
35 809 924
91 113 201
490 911 562
13 361 638
471 490 869
365 665 371
941 601 405
745 226 356
610 595 781
729 325 487
345 674 91
75 689 482
539 135 126
777 844 341
841 146 906
646 313 43
937 1 649
81 659 507
989 110 677
213 521 129
57 57 607
844 981 643
102 742 929
627 211 379
541 409 406
662 761 907
701 850 971
737 231 297
611 146 706
16 184 886
951 249 301
855 969 31
751 137 805
970 923 139
49 289 741
461 477 431
103 401 21
889 537 214
839 502 11
697 273 352
497 697 817
6 291 794
702 23 889
353 81 9
702 567 601
917 529 779
911 114 137
343 617 81
973 451 606
641 337 501
288 440 849
832 561 683
314 953 428
727 551 473
11 89 661
323 49 433
341 39 174
257 121 612
50 629 86
251 206 324
793 401 719
525 621 991
520 716 793
609 226 13
901 911 929
599 8 19
977 229 516
753 311 611
739 641 823
535 191 198
293 1 305
256 611 647
526 491 329
7 105 359
942 992 381
549 576 305
414 981 109
1 709 961
37 951 696
641 616 801
163 985 945
781 435 653
236 945 705
249 989 189
723 201 98
513 307 415
88 707 360
137 81 567
309 688 881
849 929 947
818 972 361
81 125 515
533 519 131
956 361 338
841 61 21
936 337 773
401 965 681
641 459 445
617 967 78
324 449 103
33 801 984
918 44 89
340 585 5
637 29 806
126 722 801
671 781 268
286 702 973
103 807 931
214 399 441
681 851 173
661 768 515
771 961 433
865 249 724
545 171 801
128 537 769
291 583 554
799 913 271
777 721 684
116 545 346
901 122 62
681 511 388
120 657 1
827 373 621
901 783 101
724 463 31
836 505 411
656 321 841
484 446 613
185 441 121
756 201 151
347 322 409
69 121 55
365 649 703
208 386 441
416 501 926
241 22 784
141 481 21
541 41 531
491 553 481
638 563 439
273 389 552
881 451 619
452 726 561
717 459 855
801 393 295
669 635 429
738 665 695
905 313 101
926 851 146
264 581 733
219 921 321
951 19 783
961 221 866
201 417 701
860 401 597
375 786 201
811 601 70
247 721 34
76 737 145
891 475 891
779 793 88
136 366 859
813 57 726
423 117 329
3 113 641
458 992 171
107 317 849
146 9 251
189 369 857
919 532 108
705 53 83
479 535 921
492 649 721
851 345 885
968 737 7
79 761 435
469 430 855
315 457 823
76 409 349
101 953 501
121 573 953
657 743 277
201 381 755
611 423 757
345 71 597
841 348 429
951 929 145
545 857 501
311 801 851
421 273 95
843 801 633
663 878 1
461 181 145
575 262 156
366 81 699
177 51 197
27 411 746
87 217 631
585 381 316
154 565 521
945 889 545
893 209 177
621 369 998
624 748 258
881 447 585
535 179 149
490 477 17
341 853 341
731 761 914
249 321 901
721 339 372
722 399 283
547 801 813
865 217 981
26 401 227
951 413 997
965 833 635
72 75 569
893 861 945
635 321 717
919 724 47
185 933 77
311 216 229
929 317 943
880 406 265
871 129 439
770 636 459
625 223 971
539 705 327
52 110 76
447 757 925
611 481 995
501 861 105
889 71 502
811 210 461
949 596 885
351 784 351
491 505 321
189 601 551
276 153 545
149 921 573
129 913 652
344 342 721
657 271 484
201 831 269
247 177 382
288 441 981
1 921 394
821 980 49
723 682 246
741 307 129
37 95 976
181 625 201
881 351 493
845 402 401
751 349 817
243 759 1
993 409 377
809 441 991
991 947 691
174 337 417
983 275 955
266 691 5
969 338 953
796 873 266
227 373 113
351 266 585
796 897 792
92 25 289
650 37 814
169 290 554
91 61 165
720 143 911
506 551 647
489 567 285
456 116 816
983 505 17
356 13 643
961 53 957
604 855 492
129 161 374
134 217 1
171 85 307
314 73 993
817 229 522
138 77 886
278 517 550
238 235 501
662 553 44
575 109 241
409 319 375
377 195 753
165 751 117
929 691 367
1 801 847
27 47 341
3 396 399
573 426 841
953 351 513
149 26 192
381 433 751
713 591 765
904 906 217
134 982 551
458 273 716
381 905 889
816 961 653
121 777 377
841 416 654
401 428 721
401 553 892
25 601 977
441 731 25
805 89 73
641 421 301
686 785 241
170 395 949
505 677 357
401 439 791
233 137 145
101 959 536
738 193 848
884 293 786
144 251 509
821 445 941
265 807 799
995 21 317
937 675 838
955 136 63
613 706 253
593 508 581
638 736 676
699 551 558
37 209 501
321 815 501
376 277 672
972 186 531
516 985 74
368 495 857
837 816 265
279 1 520
513 27 796
717 379 146
921 571 718
882 913 261
905 301 43
761 17 67
788 833 126
90 421 855
701 258 405
597 438 449
741 785 223
1 96 979
601 908 215
876 204 888
313 266 525
211 110 486
909 465 780
439 970 511
591 323 716
703 458 633
317 155 963
457 222 871
215 561 737
128 524 576
787 163 156
711 401 983
721 961 200
967 661 246
501 117 679
961 26 364
451 769 31
334 971 499
363 694 301
459 473 463
523 901 657
554 209 549
421 309 778
836 365 893
591 354 265
779 827 281
963 361 789
719 105 935
266 156 885
977 276 991
937 149 401
13 189 769
721 901 161
530 212 181
473 525 418
513 546 161
648 126 333
188 809 372
1 905 666
837 365 832
261 289 566
951 803 819
123 443 452
599 601 75
88 112 703
230 361 364
941 916 928
250 25 791
761 95 821
549 765 537
840 755 797
931 629 921
176 265 121
448 175 11
928 901 1
334 207 179
701 659 665
436 768 611
301 326 706
19 739 617
745 691 69
89 481 451
491 47 589
695 631 711
275 680 793
181 475 975
321 633 228
983 576 424
277 211 969
959 617 913
881 761 543
376 517 611
860 801 95
346 889 826
509 81 769
736 731 271
201 495 299
501 111 122
326 251 35
764 1 881
1 183 361
272 199 887
551 41 735
139 116 589
437 591 561
453 521 612
665 288 207
941 96 4
513 537 826
926 649 757
901 326 225
633 129 626
461 559 317
339 921 81
221 484 180
889 69 32
735 405 469
571 505 321
797 76 705
421 345 101
761 553 481
659 383 781
873 175 741
465 409 286
989 543 101
325 701 101
151 352 915
345 717 166
759 97 430
857 286 519
359 781 573
945 957 187
946 841 406
72 837 236
969 441 59
113 283 936
921 270 139
519 926 795
25 35 77
121 354 666
999 51 450
169 993 971
481 871 121
621 721 12
49 255 501
676 463 257
821 311 949
665 941 465
121 777 437
614 634 226
745 793 649
945 389 315
401 51 671
61 753 592
324 501 204
409 666 391
361 501 946
202 272 201
536 5 566
683 111 592
421 419 246
441 446 208
761 487 561
535 953 952
81 173 790
744 930 33
237 269 215
31 761 165
411 932 709
214 1 486
223 573 921
197 531 992
563 813 271
478 66 391
111 84 155
661 71 961
632 224 1
851 681 791
981 401 81
961 949 349
266 435 876
6 121 887
747 545 801
727 118 41
83 26 833
465 265 719
75 872 751
780 826 737
82 258 737
161 723 677
153 17 205
121 685 57
285 641 201
977 45 954
853 309 533
85 5 48
156 237 107
701 881 887
468 687 286
951 589 65
84 13 733
381 810 763
201 841 620
796 986 121
897 110 481
891 53 449
721 601 443
885 266 336
721 274 691
70 713 91
939 29 375
877 326 409
656 41 59
96 989 877
251 271 541
551 205 528
281 237 505
144 571 776
689 789 619
589 951 665
563 435 7
908 961 281
922 671 329
536 431 804
953 664 695
545 272 885
426 686 380
312 585 785
961 627 813
679 835 369
371 496 513
846 790 575
951 976 1
941 186 401
721 721 241
321 983 809
145 592 387
793 748 19
570 531 571
201 699 41
561 649 61
139 298 567
41 986 992
81 83 875
523 941 442
131 559 845
853 457 708
825 753 355
924 141 487
789 61 456
107 287 861
981 552 553
12 403 862
923 305 633
168 795 761
199 996 181
287 93 17
801 881 885
769 119 749
60 964 241
689 825 463
897 745 93
305 251 709
965 656 121
89 343 832
328 651 633
198 13 514
601 328 639
350 361 406
419 126 835
233 265 457
401 324 99
521 120 89
297 34 266
361 161 585
481 61 541
965 954 201
505 933 273
934 296 783
871 247 753
235 321 25
609 763 607
701 473 826
885 278 131
110 253 583
203 917 345
173 969 769
115 547 684
698 75 649
8 367 925
869 780 227
457 281 731
301 331 375
873 441 146
837 654 377
10 817 247
721 401 729
521 865 601
221 165 177
633 951 751
401 897 315
251 231 451
945 861 487
831 61 751
223 501 181
1 179 509
177 723 561
105 257 257
292 25 865
831 638 93
588 866 263
393 26 483
865 758 761
771 161 901
44 282 900
281 265 556
340 30 773
113 961 431
192 43 991
401 653 952
189 586 945
611 593 505
585 497 81
234 466 927
953 465 41
577 625 681
976 655 386
162 573 721
281 225 751
663 705 479
892 913 343
721 31 411
697 588 285
401 401 137
367 529 125
601 217 821
677 1 927
21 705 206
101 791 535
891 401 27
933 996 921
249 404 808
226 356 617
326 899 16
175 213 408
1 67 701
914 103 265
53 741 627
597 737 585
99 65 93
793 826 884
863 521 981
1 186 509
511 799 628
489 985 577
108 290 826
561 466 597
966 843 871
733 153 521
266 155 137
316 105 34
900 476 880
41 515 169
633 977 1
953 971 241
181 333 791
647 191 661
980 888 615
745 101 217
559 7 413
723 941 393
305 556 921
711 325 177
655 585 997
405 961 839
551 481 473
611 161 217
251 991 766
193 521 241
113 793 246
66 787 376
741 101 828
489 714 411
323 204 894
650 15 673
577 525 849
1 817 471
345 831 593
195 783 829
229 705 339
841 641 611
932 609 494
545 601 251
166 515 953
51 317 541
381 369 541
593 901 351
28 944 935
966 688 773
427 98 999
221 997 651
560 472 486
57 169 449
242 465 841
267 572 982
406 487 427
24 463 926
7 935 505
976 501 507
538 68 861
490 46 557
233 746 651
991 818 867
260 53 661
185 751 39
967 265 432
159 520 149
143 79 858
529 65 553
751 789 382
241 785 489
355 777 879
187 785 781
351 814 25
566 961 225
129 715 225
903 99 949
809 917 545
769 597 997
41 755 237
911 109 316
448 617 860
758 591 569
435 785 665
756 337 913
459 297 233
105 635 577
917 293 687
913 201 660
1 313 443
422 26 674
597 771 663
769 185 125
721 514 729
377 473 215
73 104 391
349 591 391
693 679 689
597 446 311
444 256 801
828 625 737
577 781 878
501 385 751
529 617 917
492 611 57
41 974 833
101 460 585
36 285 81
581 946 355
661 417 460
876 379 517
181 141 641
737 773 843
913 821 449
201 971 921
430 685 167
449 761 41
541 111 380
233 546 931
995 648 941
607 121 777
141 925 305
41 131 485
969 41 111
585 297 587
247 535 953
401 488 847
998 217 216
344 61 381
705 248 851
101 151 897
585 527 926
303 103 329
768 886 118
737 376 601
713 985 323
221 596 809
123 276 547
793 793 437
311 793 479
861 523 746
151 811 157
227 395 441
928 577 665
101 475 406
411 249 526
473 628 873
92 65 362
411 541 385
936 381 17
573 871 449
375 676 417
291 581 653
853 792 276
158 93 341
500 741 881
529 457 226
573 260 533
649 51 149
62 414 326
274 809 68
617 985 449
455 969 956
776 376 734
306 223 513
528 929 1000
551 337 65
501 693 763
113 331 993
169 481 256
457 381 701
73 241 1
63 785 241
953 121 149
619 277 681
519 549 455
189 101 536
481 529 863
516 459 795
857 741 337
777 65 676
896 809 473
878 601 242
675 964 701
865 753 791
160 336 958
153 239 665
695 521 929
401 7 212
788 574 360
337 261 25
830 273 799
807 29 155
670 566 169
176 781 684
945 761 809
476 335 609
961 401 866
421 987 51
159 555 664
575 518 147
491 541 554
701 949 912
717 873 263
881 71 157
785 723 806
134 313 929
17 398 589
555 411 457
409 606 617
428 971 717
961 319 556
439 145 777
919 331 473
327 441 210
47 971 350
817 457 59
681 143 841
27 654 209
153 843 889
423 707 713
601 365 920
607 291 641
55 729 365
741 636 915
126 651 780
895 361 341
61 576 129
433 117 92
450 581 25
225 736 753
537 915 44
616 596 325
698 372 401
813 597 808
901 748 81
149 673 521
591 425 345
113 626 376
31 805 657
51 313 361
977 246 426
941 617 217
89 841 561
511 838 174
33 875 825
273 409 641
402 413 721
333 305 981
705 194 859
801 791 275
510 958 6
391 779 325
73 245 51
789 817 63
476 473 922
862 692 889
895 273 717
970 511 753
555 281 967
761 96 486
76 1 219
413 197 617
851 566 197
547 785 821
305 98 401
456 541 372
931 417 851
477 242 926
974 420 851
921 9 684
259 91 769
463 261 737
409 94 395
466 116 429
624 9 613
734 891 245
971 730 905
456 987 396
801 333 252
719 592 441
737 276 297
351 241 780
553 751 971
866 142 851
709 761 318
72 289 986
771 913 129
735 649 405
800 195 7
361 924 566
861 291 87
525 556 357
833 841 479
569 16 841
939 81 241
25 400 183
83 801 819
475 221 835
475 745 817
465 5 641
569 482 59
720 609 28
471 399 963
901 377 100
201 779 429
231 919 737
596 814 371
768 431 41
573 78 602
271 120 86
945 381 19
577 591 569
341 41 914
9 935 415
601 400 985
271 573 806
251 98 708
633 147 223
731 697 27
905 541 437
122 941 437
601 974 790
978 636 329
752 238 406
223 420 81
321 36 421
287 337 791
457 781 801
921 803 23
107 21 207
377 255 107
697 344 801
86 625 228
818 921 642
81 603 707
821 785 760
977 951 321
331 121 41
776 717 519
831 769 361
167 461 519
587 524 821
665 805 593
657 427 51
227 956 922
521 306 32
218 671 145
376 279 649
7 426 49
481 193 357
440 541 537
41 381 209
577 853 821
505 197 503
581 445 964
656 277 375
381 694 929
515 419 161
826 601 537
292 120 145
740 117 385
265 641 33
406 805 477
331 425 81
873 77 817
701 240 316
428 927 209
556 449 921
477 616 309
598 15 871
566 281 897
525 327 119
298 925 274
935 266 751
993 161 969
301 102 921
141 553 106
382 241 436
303 245 167
733 656 337
113 591 72
539 801 596
261 251 895
489 326 286
545 749 267
261 435 829
287 835 812
445 135 533
376 172 132
509 739 693
872 911 88
823 400 641
512 65 88
441 660 971
113 193 853
471 81 329
74 761 891
419 595 657
21 547 783
561 746 710
921 433 213
587 707 621
804 21 1
961 681 941
921 251 805
678 739 399
17 373 69
211 847 561
975 528 809
425 981 796
193 141 371
795 695 571
574 280 113
782 513 41
501 265 837
249 203 801
353 457 435
385 373 849
97 877 571
914 252 95
716 313 67
873 981 330
609 335 746
721 928 501
110 409 954
889 645 321
241 282 341
516 5 921
986 220 781
691 1 827
377 734 457
96 3 352
954 943 636
643 641 677
161 512 888
787 768 659
621 773 489
885 753 651
380 309 537
814 793 185
301 309 827
637 653 174
91 713 516
9 138 75
417 766 856
773 240 511
976 389 215
291 528 266
342 969 469
225 960 251
364 999 549
180 417 201
297 323 871
471 270 77
372 428 913
89 574 13
241 362 169
801 331 582
445 496 317
857 801 700
73 105 329
427 594 155
951 681 79
176 311 477
826 637 721
266 134 21
288 776 565
281 301 739
101 298 267
631 20 963
141 327 300
616 389 793
481 781 835
997 825 132
502 471 589
794 941 941
556 297 916
321 981 661
841 435 501
545 401 906
81 381 591
601 969 176
929 910 131
381 257 713
650 581 985
211 89 962
97 133 491
376 220 969
241 125 265
441 170 401
32 385 869
210 421 552
587 661 361
103 23 203
577 206 729
369 376 667
491 507 212
239 638 683
901 558 921
889 97 279
321 904 187
1 883 521
586 566 401
970 592 851
273 529 479
901 401 561
20 278 976
335 501 699
10 469 16
440 294 285
146 449 793
873 355 105
395 518 286
7 245 375
857 748 378
643 351 909
97 739 633
681 289 35
161 560 161
521 673 127
759 644 183
329 821 345
635 989 634
891 330 879
961 145 474
276 451 789
693 605 339
131 821 859
625 395 835
224 30 353
688 47 996
717 29 969
991 401 321
601 204 251
201 731 577
501 377 52
981 31 466
936 233 251
226 366 633
491 261 673
653 465 158
601 79 217
1 779 120
29 993 261
1 547 429
55 61 797
886 149 177
624 343 630
833 773 125
799 791 961
501 576 14
721 280 656
385 816 312
627 459 699
469 576 551
337 551 286
895 429 221
611 971 613
70 855 673
181 609 964
748 689 377
807 416 711
808 271 661
995 681 253
263 64 432
119 809 619
897 573 969
975 337 821
177 582 691
1 681 149
349 324 407
576 969 693
970 674 252
63 523 571
842 885 531
881 511 1
45 156 961
486 889 241
869 137 81
959 101 293
791 129 163
281 943 801
425 819 331
95 753 291
251 376 801
125 765 506
14 121 756
691 332 336
656 911 961
540 291 737
481 679 769
455 625 511
401 593 123
144 858 881
560 451 329
351 801 961
916 579 379
296 852 837
775 613 202
723 527 702
573 515 345
25 413 437
949 26 3
87 894 801
477 106 449
61 255 201
499 111 976
986 689 469
704 197 759
254 713 561
405 973 59
713 879 711
393 629 741
601 97 601
23 649 910
684 672 635
851 973 905
709 504 696
25 641 913
25 109 97
425 423 952
745 566 331
96 561 209
682 572 333
689 521 501
553 925 333
934 651 851
831 497 717
57 81 411
287 175 744
229 525 994
109 645 838
745 652 913
317 326 103
185 385 329
702 345 21
471 927 296
885 111 497
388 866 905
881 140 513
801 973 546
743 171 171
263 151 317
601 545 395
1 981 733
601 53 501
690 821 185
481 100 193
481 739 681
351 777 3
151 43 429
571 879 976
211 338 235
396 36 350
621 11 81
555 971 393
104 381 115
158 698 257
524 266 849
925 847 826
932 751 353
761 41 909
331 201 396
781 123 473
441 451 423
406 381 166
801 522 901
726 701 559
829 516 381
236 303 933
409 691 89
681 908 87
310 309 621
141 673 352
251 431 631
553 801 541
225 741 921
529 686 936
316 109 871
97 392 515
955 907 585
102 991 6
985 197 413
816 261 971
197 49 446
97 737 869
111 600 809
871 361 512
525 261 321
297 187 735
681 610 181
80 611 765
257 43 955
887 231 637
16 875 742
109 594 653
401 261 608
811 320 720
595 69 565
446 769 855
307 862 696
886 13 516
959 510 961
437 502 145
133 729 949
999 27 489
1 737 577
207 665 356
513 930 45
327 937 119
683 998 955
811 693 1
975 399 901
295 395 593
242 537 81
5 886 447
701 73 118
817 839 656
451 518 96
981 141 202
936 521 1
171 443 741
808 189 469
175 11 458
422 387 806
225 420 349
813 369 169
921 755 587
1 201 219
585 853 351
888 622 223
537 9 400
819 149 1
157 553 89
465 998 367
9 401 881
289 479 742
378 703 689
287 513 153
70 514 663
267 907 458
649 537 211
822 569 161
816 628 642
519 474 61
306 185 769
795 417 625
801 52 227
401 283 451
108 316 871
951 297 881
990 727 963
200 807 689
989 911 277
837 632 595
405 701 721
600 697 193
620 17 824
133 1 701
521 391 106
646 405 129
397 381 991
569 451 369
431 600 73
971 261 568
935 605 625
251 126 634
705 879 563
161 851 134
495 857 895
761 671 268
893 58 561
385 291 953
441 897 956
761 977 1
511 961 985
653 481 697
765 494 881
67 942 746
170 225 17
301 400 697
35 897 201
311 260 238
851 393 188
495 404 359
177 241 861
416 382 735
541 729 534
61 937 133
52 689 342
351 984 215
826 836 677
371 251 495
321 817 121
401 910 736
588 585 355
947 41 971
730 877 601
755 316 681
521 795 521
965 651 376
853 925 254
169 375 647
921 122 601
33 863 820
976 151 381
261 922 616
281 320 237
739 931 6
386 563 821
833 369 811
410 224 161
246 146 705
866 519 601
673 681 201
75 126 991
561 543 741
402 473 565
311 512 641
470 481 126
529 641 751
427 451 409
69 201 233
797 453 777
872 873 589
501 977 193
148 223 153
617 965 401
89 346 828
545 641 281
100 186 529
716 596 960
369 605 573
433 873 254
653 915 161
710 376 401
799 353 516
41 301 201
994 569 51
29 983 565
221 598 511
265 813 947
849 501 976
459 829 711
709 119 341
737 401 387
912 743 577
229 371 489
421 535 431
321 708 377
616 527 176
712 993 270
113 727 865
449 13 193
743 481 829
375 382 631
625 237 745
244 337 217
72 879 418
681 901 611
963 826 363
585 173 807
255 705 801
724 269 121
476 79 761
713 835 149
802 953 963
487 158 89
11 25 491
826 100 597
852 241 145
292 305 765
902 527 9
646 825 671
835 116 833
340 920 557
752 531 241
551 239 343
721 416 921
