3482
401 855 664
479 241 197
18 329 237
866 739 1
96 687 477
701 1 896
49 949 21
852 846 720
121 381 178
27 445 435
951 897 211
51 329 869
129 310 231
656 322 731
961 452 147
621 105 185
246 358 615
801 833 153
535 803 691
193 273 9
131 341 151
421 1 833
587 457 905
611 933 209
701 682 745
633 744 293
375 82 847
201 585 537
449 501 643
395 977 569
313 457 553
216 1 427
233 981 61
641 915 667
241 953 137
477 381 754
525 231 112
353 765 366
611 53 611
205 578 473
271 313 501
115 453 179
401 957 625
457 851 725
209 921 247
51 107 827
441 471 300
452 377 927
353 922 378
616 846 569
821 366 729
419 151 971
949 441 380
621 501 167
821 39 433
849 961 395
473 524 3
373 941 751
558 206 321
227 51 751
281 309 687
733 255 65
801 225 95
501 101 687
633 426 611
544 628 691
616 237 761
6 196 971
224 64 781
414 133 167
317 19 965
266 201 869
871 461 164
127 484 201
621 401 408
717 118 529
608 825 865
969 876 721
915 101 495
983 622 264
464 505 332
369 201 291
774 205 501
241 161 213
428 228 853
672 321 656
329 481 125
414 593 953
881 737 166
822 536 221
565 343 745
543 201 821
756 784 183
321 727 945
304 657 481
658 445 828
697 110 48
470 145 489
586 933 7
79 151 966
741 89 648
941 197 415
15 493 561
269 387 538
417 722 201
49 353 973
747 981 377
461 890 345
951 469 437
411 691 451
787 352 432
509 393 426
983 353 656
929 342 801
101 90 751
1 427 219
142 345 782
717 951 1
269 361 45
353 416 90
805 451 801
609 511 753
441 585 61
299 573 327
773 933 946
871 66 221
70 971 850
257 777 231
495 787 195
626 25 228
5 17 247
611 872 7
84 590 387
555 311 861
136 103 979
913 439 608
730 625 49
949 821 38
101 731 961
618 481 177
10 336 700
974 877 821
637 120 611
294 981 358
653 737 41
561 767 233
587 227 336
691 673 115
143 24 602
387 710 205
126 911 406
81 511 817
501 881 801
761 688 785
153 855 770
953 961 796
997 906 143
155 733 993
210 653 913
574 127 580
641 211 733
985 374 977
271 550 37
76 845 439
989 247 547
36 779 23
505 741 658
771 654 184
117 44 811
677 473 359
687 169 313
925 754 927
201 241 402
515 541 696
681 909 896
177 769 99
1 481 941
89 737 652
325 138 118
661 231 751
693 687 601
25 103 150
111 273 165
406 729 474
288 674 3
673 423 579
551 305 896
491 726 760
901 121 734
252 273 543
993 423 1
177 957 153
266 853 442
77 676 801
641 523 417
481 525 651
416 111 661
569 167 901
465 595 128
245 151 873
855 664 745
533 15 681
697 850 745
477 661 281
463 313 687
31 369 857
437 321 809
274 561 379
473 596 733
809 227 821
26 601 321
935 711 771
79 432 81
27 661 917
838 364 146
985 956 865
965 472 279
704 733 305
44 751 411
49 305 234
145 249 1
307 451 645
649 751 375
372 65 211
57 437 563
363 360 601
505 753 321
285 544 337
433 211 157
501 26 531
311 506 351
605 786 561
121 961 713
487 257 934
488 897 94
251 350 753
345 313 977
541 679 649
331 273 576
769 56 391
785 965 41
310 273 66
397 862 671
486 359 677
496 581 277
537 998 347
875 125 255
507 607 136
458 744 295
587 251 901
604 783 867
117 211 115
99 211 526
150 360 811
738 221 392
801 1 716
681 502 841
11 591 406
789 660 533
391 501 870
197 869 340
625 976 985
990 958 809
56 531 824
693 553 794
249 753 1
286 805 768
985 893 649
239 5 938
177 666 338
300 565 489
626 81 431
641 206 273
103 588 309
758 609 894
91 621 123
318 563 566
447 139 761
77 131 601
559 271 467
719 321 452
687 712 242
811 241 414
711 901 691
501 89 329
621 184 713
45 226 181
425 765 817
981 633 551
898 901 515
343 404 991
203 151 416
155 152 602
433 488 593
145 349 993
741 498 249
325 641 349
786 121 319
356 621 979
491 671 333
268 776 73
589 331 701
602 311 177
501 941 521
149 909 143
931 52 265
83 245 156
763 877 128
803 557 917
113 249 689
273 421 429
348 775 91
361 969 237
948 631 425
376 559 981
600 933 368
401 25 970
305 847 371
177 810 461
73 601 382
155 991 765
969 927 451
445 149 961
705 273 540
1000 926 358
833 176 450
556 105 761
674 395 713
316 404 128
265 1 257
5 955 974
777 68 141
605 303 641
313 264 221
661 558 65
759 161 969
105 505 711
963 33 675
110 371 657
389 521 566
275 951 695
303 633 21
1 974 590
149 858 609
481 229 397
269 625 973
87 969 29
89 608 621
213 796 937
113 87 201
404 225 444
957 620 650
604 51 794
497 931 998
621 525 281
567 501 939
459 651 343
181 901 681
201 454 731
961 214 866
371 87 673
766 661 351
245 81 879
846 737 151
289 391 208
579 351 169
559 661 491
51 674 151
801 352 593
247 549 941
779 951 497
858 81 138
845 428 633
97 117 33
825 981 508
991 486 937
673 421 586
705 989 849
707 719 53
629 496 11
769 821 165
457 445 940
886 826 613
921 854 561
616 540 681
77 541 673
357 35 920
381 1 673
837 936 121
881 248 241
985 441 766
641 484 576
521 185 549
924 385 521
631 876 91
907 821 376
553 945 401
141 841 257
321 769 305
409 45 4
364 563 905
701 965 597
834 661 977
291 533 815
731 401 89
301 487 681
969 877 531
351 715 345
211 129 630
561 197 268
849 193 149
625 665 801
892 274 25
149 841 509
258 799 636
531 738 415
593 791 416
148 185 541
513 941 103
742 662 209
809 757 337
350 90 596
41 669 401
235 443 628
86 453 819
750 301 176
20 271 352
273 161 173
715 6 181
723 778 211
8 671 709
471 865 201
26 916 865
193 853 120
633 751 725
18 833 439
161 402 367
821 599 821
578 631 51
81 978 665
588 387 133
979 914 261
721 193 934
131 253 960
521 701 270
784 428 481
909 263 510
123 841 151
132 126 888
981 617 409
833 305 1
945 473 661
571 633 751
951 337 926
981 736 782
401 341 537
597 680 233
875 319 810
526 688 344
342 697 816
50 397 393
601 241 955
181 251 780
161 935 945
869 55 1
803 887 277
669 571 905
65 991 218
563 815 121
8 136 712
1 301 651
980 375 856
131 397 845
426 481 603
601 807 649
887 138 891
273 409 673
147 961 276
377 723 714
526 479 603
62 133 601
641 731 592
613 484 631
691 341 989
605 326 497
744 905 698
26 858 761
721 482 677
991 95 209
51 756 276
45 789 584
351 391 55
881 669 131
934 683 416
857 208 385
845 847 353
465 256 301
799 821 170
447 331 801
46 801 376
463 851 961
718 601 487
571 69 211
733 660 465
347 833 871
830 33 417
342 758 208
859 848 488
103 75 819
286 569 873
834 95 481
905 201 657
239 337 545
281 725 305
825 733 376
769 1 75
881 210 771
79 271 529
729 38 523
316 815 56
27 187 586
782 472 901
393 749 61
957 645 894
416 366 581
535 545 73
89 833 66
229 552 545
273 681 393
383 151 305
622 879 385
743 209 723
297 343 537
338 781 521
703 977 776
661 828 291
427 415 7
867 941 257
789 695 977
959 456 205
413 765 431
213 521 341
777 401 651
889 301 425
131 169 45
735 961 981
358 345 756
636 904 547
840 730 245
583 221 785
87 963 678
645 541 129
544 389 573
385 107 476
255 1 621
959 771 562
771 521 819
433 870 929
741 325 517
977 721 459
337 376 157
301 755 849
323 781 161
670 971 153
765 232 178
841 979 919
756 66 540
481 947 93
171 878 641
226 401 961
901 191 973
973 847 216
965 741 615
913 921 454
261 975 473
462 377 709
257 665 749
68 839 757
694 7 705
511 208 501
681 65 151
137 338 682
322 641 433
698 245 825
345 715 132
988 155 971
53 281 167
351 401 799
61 391 297
718 333 481
489 811 721
999 31 91
619 371 929
14 281 211
59 281 615
249 801 663
519 705 793
721 743 51
497 183 801
934 463 447
361 935 686
571 509 171
967 843 801
726 603 532
330 696 525
713 873 700
960 110 601
773 631 737
751 540 161
977 553 877
959 994 981
411 461 324
450 25 762
866 584 45
734 73 795
237 745 445
823 93 953
751 838 405
153 377 705
784 597 425
931 99 521
651 971 811
609 35 773
162 251 61
121 467 361
533 320 617
361 875 101
183 543 401
809 21 413
87 737 364
155 385 797
143 907 842
851 761 573
621 332 92
553 796 422
860 331 604
781 117 165
183 791 616
246 809 249
465 747 87
42 669 451
523 691 112
102 719 168
206 57 218
33 611 416
646 561 881
505 573 88
385 77 536
691 321 73
717 346 601
356 758 129
40 923 241
969 92 483
142 555 181
477 845 277
101 109 361
354 41 451
197 952 561
873 406 404
393 401 476
519 649 651
112 201 349
173 746 648
359 385 661
775 622 941
65 985 494
481 193 919
737 789 741
906 386 955
101 713 881
946 360 930
439 665 341
545 956 751
401 533 219
856 789 913
577 609 289
89 733 701
737 883 765
501 459 299
699 219 801
177 435 411
201 743 805
841 251 646
229 561 931
430 429 71
436 658 274
161 711 905
5 329 15
676 52 14
863 337 236
651 505 526
570 947 166
221 23 501
108 841 541
495 687 161
286 104 201
829 829 953
313 642 721
681 746 825
126 181 336
301 873 129
139 233 951
25 728 815
681 581 794
601 855 781
951 461 243
301 610 201
210 298 724
693 73 866
949 374 313
957 900 719
565 683 643
641 541 313
865 921 496
382 671 354
636 369 90
9 323 41
696 415 226
279 257 928
701 2 280
584 457 617
770 885 197
885 104 306
393 391 969
524 961 577
493 981 401
827 811 117
65 121 729
971 209 621
357 70 876
831 623 287
786 695 665
833 1 335
501 18 588
325 481 801
153 373 91
224 145 1
945 101 921
833 881 966
608 789 325
913 91 743
261 201 693
851 795 851
693 65 149
528 407 377
652 505 701
266 753 881
738 831 649
406 27 291
813 535 830
841 389 137
160 646 761
739 493 207
921 277 146
761 703 973
951 917 97
745 965 18
308 117 761
113 382 830
273 241 572
225 27 97
440 625 731
973 785 721
545 757 640
197 163 891
287 839 339
722 401 761
972 641 801
363 564 29
734 996 982
641 821 571
383 239 261
810 177 609
395 131 225
665 806 105
408 489 845
851 781 887
885 3 298
393 905 433
801 257 877
837 921 697
235 459 617
376 25 434
525 551 754
69 49 91
141 797 133
401 49 510
178 301 888
339 641 987
351 881 977
511 936 831
205 301 325
903 577 241
65 933 287
639 483 317
221 406 906
473 985 653
773 1 441
347 343 912
586 497 650
138 869 876
79 866 1
81 149 528
173 569 354
524 257 324
732 853 821
52 615 251
125 424 957
681 231 213
679 313 589
423 850 929
681 36 861
482 916 750
79 582 876
274 171 638
717 737 571
156 653 121
751 86 433
729 1 273
409 236 479
746 57 609
635 675 986
342 284 473
64 726 889
725 613 604
743 653 126
846 869 4
421 991 713
281 1 121
161 769 173
281 996 461
619 564 787
333 338 491
529 361 641
311 289 745
33 353 707
625 145 897
385 931 681
849 133 257
394 881 191
256 317 157
139 154 837
385 17 349
361 289 40
961 505 401
157 301 704
695 351 201
803 769 897
946 833 603
718 321 99
72 217 111
872 305 993
449 51 731
928 89 495
812 421 845
201 104 223
721 636 641
462 842 722
201 519 501
595 169 151
976 116 141
929 64 667
553 135 483
27 469 717
629 606 789
420 260 230
148 397 481
626 79 950
106 847 116
273 406 865
453 233 289
617 585 627
261 441 497
272 945 941
270 249 105
191 707 349
867 361 951
277 522 651
884 177 341
531 537 27
771 875 457
705 342 301
556 47 236
603 726 149
801 801 997
745 585 55
648 316 961
969 859 943
213 465 826
325 912 426
325 913 229
48 551 73
317 541 416
517 941 413
966 695 264
480 440 899
593 51 644
661 33 297
885 416 361
916 987 171
206 401 479
816 585 281
306 929 153
553 426 119
855 241 487
469 203 940
437 329 305
555 646 843
901 65 309
504 560 945
139 172 177
831 321 651
97 809 530
865 691 901
73 934 955
925 525 921
491 326 399
934 561 553
193 699 737
121 601 166
92 135 526
897 913 401
81 945 421
833 885 989
891 282 481
885 715 601
771 501 573
761 225 423
844 581 625
393 973 656
187 503 481
716 686 573
951 785 405
903 336 251
475 351 66
347 216 703
561 937 811
25 286 809
53 821 343
541 148 345
961 801 969
665 850 801
388 421 18
41 141 316
637 221 220
969 635 792
545 649 877
481 305 97
45 897 444
738 179 681
213 446 371
221 881 608
171 279 686
813 851 595
377 251 93
421 411 67
969 861 337
981 944 33
837 441 241
359 751 145
651 57 225
609 337 567
35 709 661
607 645 171
861 429 425
296 773 177
191 511 660
873 104 887
447 503 501
221 284 281
861 137 169
585 813 457
97 763 135
321 926 873
26 881 565
920 321 67
621 721 33
994 331 341
736 452 757
865 767 271
649 171 766
915 813 393
797 26 737
48 822 381
83 597 289
435 566 417
999 360 259
695 861 69
853 401 442
941 925 129
99 801 657
791 39 916
783 625 825
34 265 156
326 471 934
75 167 457
331 921 325
265 845 489
501 425 643
593 991 671
889 713 337
381 29 815
639 361 339
29 329 572
981 307 176
71 430 629
731 137 533
470 501 175
434 730 802
696 201 418
401 987 726
624 481 94
789 301 618
947 791 41
3 861 941
401 173 889
775 839 565
669 705 601
16 213 139
419 561 585
83 19 760
225 638 581
317 921 595
987 944 377
351 487 691
341 365 299
321 631 387
201 143 694
602 537 132
412 209 249
571 407 777
820 261 781
977 197 693
160 897 897
279 453 1
905 160 433
491 686 1
537 433 341
249 603 593
959 794 912
259 941 45
61 892 609
711 117 191
26 921 89
331 299 349
193 586 41
330 357 803
767 849 465
136 693 101
151 79 759
3 949 795
748 585 41
33 949 796
61 195 538
177 369 345
916 126 672
211 841 501
241 795 367
84 506 580
717 403 76
139 401 501
754 102 335
105 305 313
741 136 650
212 977 545
949 996 761
927 788 661
251 61 491
753 561 901
499 726 223
85 163 174
696 916 816
111 379 153
122 256 513
74 561 651
1 776 41
948 497 351
305 41 937
601 617 506
897 193 110
647 921 761
392 989 301
124 889 26
9 421 441
421 621 227
735 338 216
861 801 362
921 55 71
358 61 558
161 355 615
201 11 901
107 444 28
501 508 535
151 101 475
57 183 851
978 297 347
545 131 275
686 321 31
529 478 854
413 822 401
654 740 650
343 713 913
631 582 771
393 757 165
267 536 120
861 721 795
320 353 625
491 617 809
585 83 691
479 869 961
371 257 617
391 551 689
513 21 646
497 786 571
307 357 952
808 423 361
243 200 201
425 61 163
619 340 261
490 1 133
540 173 467
501 955 825
371 170 981
561 763 541
375 955 937
740 897 881
577 201 431
861 899 921
621 693 841
721 167 887
801 629 26
606 586 251
900 329 801
434 210 576
9 649 831
941 354 493
566 206 796
137 795 545
72 316 57
860 286 251
736 66 161
937 457 670
429 978 625
629 305 103
591 137 705
145 33 401
949 610 936
181 147 265
265 285 115
427 205 567
711 901 751
22 821 841
945 412 638
67 378 876
717 353 545
265 477 21
869 823 357
941 161 450
436 947 710
217 146 815
653 416 257
945 625 439
167 441 105
881 23 215
100 808 751
801 716 870
75 98 95
902 223 297
485 290 913
1 897 401
599 734 981
229 1 473
81 701 309
883 121 753
486 651 517
381 700 601
804 652 817
273 45 141
241 271 365
876 123 531
864 282 945
31 313 566
133 607 303
153 901 265
470 146 51
630 801 801
321 896 801
873 725 85
133 632 913
257 329 673
11 905 601
635 145 265
431 401 713
313 833 637
737 971 55
951 562 126
591 517 423
792 610 337
809 755 57
10 523 401
281 799 977
581 689 676
61 25 267
837 873 145
430 81 791
207 832 809
593 889 297
102 87 321
1 885 733
1 893 825
381 631 109
811 342 371
305 409 375
159 443 461
161 245 997
939 779 581
541 935 911
816 778 861
490 621 49
993 826 517
487 309 545
378 857 729
86 689 46
357 116 698
999 683 599
844 271 121
969 683 597
959 903 273
397 709 184
12 686 976
489 121 631
601 52 97
109 929 336
221 791 253
893 640 874
567 621 293
245 668 117
337 756 841
177 401 845
961 863 403
531 321 868
258 913 617
457 801 912
364 857 611
513 657 529
155 698 590
617 626 864
824 204 814
821 953 113
795 897 1
759 783 182
78 531 825
777 101 150
518 735 53
177 121 945
557 651 864
708 726 145
237 450 14
369 321 53
915 551 501
772 157 625
851 611 281
575 531 477
793 47 518
401 441 521
20 777 138
237 120 291
360 53 521
111 599 501
910 195 77
140 701 993
24 671 393
765 517 931
478 767 131
246 76 858
481 501 761
607 211 521
611 737 259
701 105 491
663 549 913
884 697 273
901 262 981
674 90 563
901 729 839
97 801 239
649 847 150
865 689 781
544 797 957
806 168 603
365 81 821
77 372 61
501 130 952
81 501 661
841 345 861
372 497 243
101 788 681
366 661 363
935 163 829
251 177 713
679 501 97
84 481 167
66 160 965
83 697 521
643 563 957
288 437 731
203 375 823
805 642 109
161 161 851
559 801 815
347 431 361
916 872 143
301 566 491
273 423 921
896 160 807
377 137 1000
299 825 421
997 956 109
121 941 80
689 321 998
245 941 130
427 12 617
563 421 977
873 547 876
706 1 499
451 352 611
377 470 670
661 901 529
695 717 821
721 343 341
994 745 761
983 825 71
923 300 914
1 185 173
851 318 388
989 925 929
20 721 141
841 675 936
386 276 269
619 366 49
981 26 642
585 89 671
53 301 707
201 465 821
637 626 31
84 775 771
479 767 383
471 551 793
798 697 245
557 766 661
902 601 941
432 774 169
530 151 526
983 393 289
89 577 52
442 636 441
888 352 647
719 785 735
253 941 231
705 960 350
313 289 936
896 211 801
713 617 699
225 745 84
737 969 761
556 81 363
281 700 891
865 497 56
471 153 897
881 421 301
527 25 133
787 277 563
693 276 979
762 676 295
637 697 666
561 201 646
875 913 297
845 511 90
595 366 830
162 52 633
929 633 648
561 541 681
981 169 54
219 105 615
545 863 577
958 241 601
281 669 949
337 101 275
725 300 607
601 643 285
101 127 386
712 377 599
949 579 802
515 473 339
857 756 685
869 140 880
801 470 508
118 376 361
658 481 576
193 197 298
955 636 185
457 338 595
987 701 315
473 161 429
767 211 401
133 909 805
1 361 77
271 856 431
449 413 383
7 661 953
50 651 361
713 436 521
103 898 890
977 964 864
97 661 21
749 711 236
361 61 903
335 872 979
914 711 809
833 667 781
83 429 674
881 897 376
260 592 963
741 519 264
576 761 502
509 639 805
660 400 901
469 391 241
671 501 985
786 925 936
29 631 170
576 356 305
667 751 758
804 75 31
881 501 56
876 973 882
739 802 185
186 626 393
187 572 41
25 49 149
329 637 201
705 491 179
83 421 980
81 321 737
937 470 217
175 111 576
148 203 313
521 325 179
963 913 675
983 113 281
280 921 125
637 116 729
24 63 461
861 739 266
931 615 341
216 803 345
360 376 521
361 729 587
633 465 344
585 969 339
453 793 171
773 666 381
399 381 827
865 38 716
361 669 891
591 571 286
81 949 841
457 125 111
987 483 550
529 813 453
714 513 890
853 153 37
461 662 603
141 221 521
97 565 333
505 441 981
449 161 300
903 987 945
583 885 809
945 319 957
393 11 338
601 945 193
861 105 906
701 241 591
145 213 727
229 329 401
121 486 591
226 101 885
897 26 531
694 431 771
89 797 629
181 149 5
921 789 581
363 902 404
361 743 321
105 331 835
460 460 883
505 976 793
801 769 809
91 173 381
9 226 721
563 921 227
787 741 11
966 571 77
269 301 853
651 946 596
73 531 744
701 161 885
385 1 75
837 30 396
553 626 225
551 375 983
377 501 961
561 151 89
561 5 231
637 262 437
826 245 261
149 169 329
99 127 161
862 647 265
633 526 781
691 425 985
521 751 786
891 136 881
857 217 131
476 665 981
171 907 29
433 713 461
609 517 6
828 612 427
220 1 940
403 111 195
155 436 849
581 683 921
260 454 108
61 71 560
983 891 9
726 996 999
701 953 601
21 469 789
696 245 601
1 546 13
153 836 277
711 541 501
260 667 306
621 705 345
473 742 895
756 666 217
326 185 547
275 422 834
722 983 986
813 189 747
227 181 235
545 343 949
84 465 625
901 315 584
451 473 89
663 249 73
707 325 505
913 423 727
737 217 233
480 809 371
569 537 999
42 407 926
758 604 904
529 917 937
503 706 685
984 927 150
537 977 882
586 473 818
593 321 633
489 129 411
457 545 690
739 951 793
177 368 693
709 285 707
501 605 387
885 587 651
293 281 704
246 981 538
801 393 219
517 937 193
201 561 176
719 39 929
481 927 745
3 961 68
391 117 249
641 701 1
293 264 901
781 596 783
876 244 386
567 989 411
569 337 158
77 413 273
105 231 25
542 979 601
58 397 778
401 685 261
709 397 337
381 881 161
238 261 413
171 887 833
983 208 305
981 945 373
877 31 251
921 785 83
737 207 112
303 767 693
746 550 334
841 337 823
665 641 357
746 983 753
911 591 238
556 536 140
917 481 27
1000 17 211
653 17 601
625 945 537
365 385 321
461 913 897
151 681 615
273 141 284
59 333 95
733 409 175
841 271 800
649 59 126
782 537 921
705 217 287
977 953 238
636 248 360
60 63 617
621 471 957
457 687 617
401 993 179
349 801 581
897 961 151
901 801 526
769 207 445
673 941 575
126 129 649
893 949 411
373 911 257
921 587 307
577 320 259
659 521 568
945 295 416
666 555 897
225 969 121
593 297 381
453 139 246
173 70 241
771 481 721
921 446 953
301 657 254
416 290 297
81 819 615
43 758 152
145 471 575
601 953 808
973 935 25
25 141 989
613 785 47
425 596 681
607 861 465
645 941 576
41 109 841
41 741 216
81 169 945
777 441 577
769 877 691
801 980 97
769 209 391
617 309 622
285 591 517
871 695 59
231 689 520
577 413 617
11 676 135
953 521 885
657 888 473
369 169 476
251 35 603
300 271 601
157 461 914
95 849 393
455 91 297
390 311 256
821 441 542
251 19 315
788 193 76
233 49 398
97 887 351
506 803 865
761 818 163
751 217 516
849 197 656
352 881 453
827 433 673
327 566 129
561 972 377
321 297 635
237 1 326
238 66 901
611 806 394
665 77 969
305 143 517
815 876 71
893 85 161
585 251 525
643 611 185
823 879 463
507 997 33
441 637 569
769 339 190
363 141 724
541 851 717
889 833 161
147 281 257
109 967 801
661 596 995
702 435 567
666 436 741
381 463 83
332 593 654
801 153 31
933 105 805
530 929 978
497 549 713
834 521 59
511 723 301
701 904 711
457 839 49
833 450 347
761 115 329
717 967 784
993 941 816
301 329 746
41 42 251
954 934 492
53 505 827
561 852 972
565 23 621
45 611 681
85 89 367
501 439 817
149 753 297
240 171 561
551 811 805
635 277 546
274 281 651
249 1 281
609 91 746
577 139 181
889 265 112
535 841 424
51 977 201
857 997 941
1 1 587
708 783 441
334 368 803
241 735 281
981 191 94
244 692 193
591 217 351
581 521 209
931 348 843
960 401 807
441 711 647
85 143 339
497 541 649
194 471 745
801 937 25
257 969 319
851 61 933
31 811 125
617 521 65
681 245 391
677 565 496
341 373 426
981 169 921
529 637 841
977 555 541
321 128 705
401 880 645
188 976 277
992 211 893
565 135 437
245 286 656
708 511 101
707 1 165
96 389 496
645 54 985
151 25 614
1 105 376
801 437 703
93 401 69
391 739 381
61 876 521
57 577 596
500 675 881
1000 775 346
350 57 279
489 36 986
311 871 426
267 725 493
641 997 959
901 401 991
161 593 205
511 354 537
189 879 349
652 76 325
420 517 425
921 413 14
921 875 501
961 961 14
321 931 663
185 812 415
752 484 933
847 633 452
929 621 185
246 431 668
693 689 31
827 577 304
236 58 153
514 525 583
883 785 528
801 155 757
201 679 57
976 339 872
445 481 785
759 901 595
749 850 897
25 679 101
306 126 739
66 499 870
335 76 531
240 840 923
928 772 741
100 161 625
675 663 749
595 268 21
791 826 429
537 604 697
801 677 634
101 532 236
41 347 460
438 741 979
246 474 809
880 633 840
305 174 900
841 341 54
429 779 123
786 17 961
953 345 480
265 716 795
217 657 641
913 359 11
125 581 601
916 25 338
46 46 497
591 147 92
457 981 671
253 26 721
857 593 13
570 511 526
157 606 821
899 916 369
529 966 877
226 513 417
593 601 513
791 795 401
561 342 33
400 801 163
361 679 105
52 257 593
341 662 973
681 705 14
295 1 41
463 981 657
480 733 150
621 395 249
571 761 945
317 505 978
351 101 929
669 169 254
273 796 649
636 327 687
601 943 585
200 133 324
539 373 737
990 221 331
449 776 28
97 408 15
851 685 201
26 763 964
761 881 163
897 68 649
814 227 849
217 846 637
241 426 314
293 681 425
881 561 441
449 553 331
300 241 417
593 938 217
591 661 927
706 817 53
645 181 753
81 246 111
691 729 302
919 501 541
453 301 112
205 969 721
41 996 413
73 851 325
106 532 206
231 569 801
497 961 247
393 313 737
351 954 501
876 81 153
771 187 719
802 641 841
710 727 641
121 922 329
929 441 97
14 371 752
938 451 86
33 383 606
429 646 567
443 826 549
101 749 199
341 301 497
753 891 462
803 983 299
351 522 967
465 657 297
226 185 130
367 157 949
872 977 997
606 949 477
229 734 426
929 366 61
495 25 601
585 473 361
525 59 185
777 523 279
166 541 705
9 41 41
36 498 289
841 536 4
113 536 841
691 274 383
115 187 715
65 987 752
316 806 666
859 558 697
520 487 687
505 667 731
640 894 601
873 597 551
676 717 77
734 647 419
21 971 497
319 749 653
693 77 971
501 631 618
307 711 701
945 119 841
976 902 399
96 199 984
835 251 111
836 681 846
496 725 73
105 680 527
896 473 65
283 100 477
546 31 591
816 201 161
597 866 385
99 597 425
329 989 964
970 315 537
781 741 589
429 751 477
346 571 499
147 709 532
437 457 649
594 653 661
601 689 385
401 121 311
548 801 158
617 371 181
420 498 157
89 15 557
497 393 101
613 461 753
90 871 35
746 817 893
778 831 721
591 256 720
656 564 223
487 615 545
921 609 863
960 37 583
865 153 819
785 621 217
879 419 793
264 97 373
801 526 289
106 621 43
49 265 645
401 372 533
521 321 381
348 467 949
510 473 77
581 121 579
681 792 313
451 889 601
69 126 449
193 466 613
86 885 894
901 197 899
51 13 601
801 96 501
101 677 849
633 769 321
948 95 495
561 126 251
441 138 403
373 321 614
670 331 246
582 681 653
401 913 507
757 989 538
811 905 427
725 913 452
7 228 249
1 70 180
814 862 841
809 387 927
324 729 446
853 740 849
385 33 633
889 361 649
551 129 881
684 631 791
981 501 873
333 551 784
741 761 501
33 905 351
209 63 309
891 736 969
257 861 441
557 301 61
781 841 359
812 350 661
249 994 421
822 745 793
509 960 276
276 719 177
476 749 601
666 355 697
991 785 261
441 616 690
91 526 422
113 663 913
172 816 116
541 913 41
718 546 342
301 651 651
586 329 564
945 45 506
861 218 273
451 786 737
411 813 785
65 721 375
961 555 937
953 575 611
416 561 429
736 901 345
793 916 701
858 721 891
895 599 701
562 735 703
273 991 617
156 801 845
731 746 942
929 65 47
673 251 571
287 879 561
56 477 799
719 358 689
301 201 190
1 1 125
809 901 145
631 401 749
25 903 801
649 903 477
861 709 909
532 736 613
602 163 565
93 785 541
531 501 544
481 686 913
229 785 681
291 222 952
497 801 431
601 421 561
541 213 856
253 833 621
900 688 52
581 491 979
787 619 710
161 721 397
828 877 145
929 345 341
726 991 229
251 101 41
215 992 881
863 68 881
326 707 11
976 69 885
441 32 373
268 371 201
211 476 911
632 829 591
961 220 192
883 11 689
338 705 205
7 489 841
297 270 526
89 721 825
941 545 513
1 672 388
530 22 161
923 888 811
51 684 5
403 917 736
111 801 587
33 926 163
906 729 486
428 657 807
149 966 197
818 236 106
59 613 373
24 829 481
5 117 928
957 673 364
705 277 451
949 62 709
341 777 851
213 412 663
136 621 271
444 401 409
19 393 87
713 217 33
338 528 791
191 121 825
913 537 842
536 685 757
665 719 57
361 473 185
345 137 963
937 6 561
45 906 261
2 439 763
327 41 305
881 725 132
953 41 733
618 689 233
67 273 501
689 1 861
21 513 945
897 416 11
879 297 264
993 246 191
64 689 387
291 181 844
933 481 201
460 29 1
29 141 521
596 585 765
493 58 960
699 561 555
31 326 65
713 185 881
231 756 661
297 573 456
923 371 633
251 661 973
527 353 526
686 869 791
625 363 71
303 184 929
424 745 946
54 626 144
751 643 851
129 576 538
673 419 564
154 281 881
529 967 376
854 342 793
363 619 301
247 840 519
26 465 360
721 639 85
881 813 681
49 602 99
601 225 977
380 199 289
730 697 610
376 451 545
556 188 516
615 168 916
333 683 971
953 657 837
217 232 21
951 187 483
56 549 704
992 917 616
878 697 857
229 311 796
742 703 689
82 176 968
719 407 300
981 265 101
566 451 609
732 401 829
131 772 701
241 745 198
242 911 361
391 495 889
922 682 243
391 253 831
122 207 737
721 887 417
173 761 361
138 445 181
456 764 46
113 341 12
860 501 421
967 151 113
291 519 37
687 621 580
242 11 361
332 751 406
414 889 443
876 297 681
417 407 831
619 391 753
126 583 492
205 593 811
811 537 265
697 151 49
121 593 993
251 911 723
301 91 596
581 741 601
921 475 611
185 597 501
649 136 51
961 217 399
825 899 115
961 107 15
865 35 844
709 241 37
223 796 577
913 675 471
309 194 589
876 65 777
526 447 386
771 23 321
799 754 429
105 915 271
542 829 921
501 285 793
454 481 1000
373 976 754
485 675 123
525 841 526
875 101 771
616 431 566
891 806 869
853 861 765
910 577 560
333 689 171
237 191 750
241 949 201
730 76 921
771 41 433
548 361 217
689 901 239
954 569 169
73 115 161
1000 357 486
408 585 237
256 53 501
711 456 593
529 365 305
743 827 281
813 145 753
661 513 141
581 791 363
985 879 923
251 1 481
525 280 729
165 921 317
665 801 761
297 201 793
432 741 231
641 293 649
1 526 981
959 137 987
743 659 73
921 941 787
86 858 758
451 887 155
132 29 475
391 57 57
315 345 536
575 561 369
129 485 117
845 859 461
501 182 468
167 551 585
625 601 421
376 161 889
876 274 193
289 365 527
249 146 921
842 607 993
405 515 937
385 456 489
961 151 789
316 921 649
353 857 201
725 691 481
283 426 627
448 585 537
285 477 34
505 21 987
730 638 329
671 675 603
393 433 584
946 1 451
581 996 131
273 129 209
625 841 26
50 16 609
768 473 133
1 51 921
825 187 372
201 884 994
351 871 546
241 589 450
421 348 325
581 351 551
392 45 201
313 578 855
621 931 812
41 295 88
401 646 377
673 937 770
901 922 945
369 905 781
541 328 669
76 151 305
663 909 535
249 916 828
797 713 778
601 377 241
661 865 299
174 590 411
417 679 546
409 324 49
881 384 61
331 455 225
425 181 952
461 793 997
561 291 899
81 921 570
289 855 822
151 515 412
521 475 917
19 551 60
413 217 305
163 267 605
473 641 255
997 931 841
19 886 294
253 53 851
491 739 833
146 201 331
534 505 73
681 163 540
414 639 217
520 997 446
699 350 453
97 169 277
417 47 191
965 81 349
1 824 961
801 959 156
328 36 766
829 50 753
28 385 101
167 897 177
625 41 409
681 850 995
151 403 242
895 687 433
845 411 351
753 161 449
279 937 979
952 1 770
135 811 663
615 932 989
379 958 500
873 593 975
737 854 231
516 507 257
948 938 241
149 809 695
607 921 586
745 851 567
216 193 897
952 906 656
379 369 577
837 833 546
705 738 613
991 181 553
801 801 496
106 631 991
517 91 153
521 541 569
155 306 805
801 341 673
811 47 527
601 226 101
306 909 25
218 169 523
249 841 221
396 745 64
941 743 641
477 925 245
517 483 23
97 220 718
956 779 481
249 565 921
855 691 901
337 481 753
279 338 131
253 837 637
821 97 975
231 455 981
125 388 813
269 636 609
776 606 157
33 857 923
599 818 430
871 481 259
1 687 951
289 390 410
711 253 894
93 17 313
761 609 748
111 422 826
141 125 57
928 721 766
241 729 704
457 719 218
353 638 961
624 76 893
301 921 555
941 773 943
761 813 769
591 255 837
587 252 745
593 341 993
612 401 887
651 456 285
47 311 681
77 997 245
271 425 608
217 546 797
163 161 665
201 967 101
597 665 498
530 705 705
431 637 307
672 363 28
685 441 539
553 693 501
803 822 851
856 189 89
305 115 442
541 494 909
557 721 96
243 151 881
936 501 587
762 708 953
946 453 341
433 697 540
616 123 741
656 884 705
505 633 754
262 43 810
215 58 546
859 373 92
1 516 916
914 433 61
979 369 401
681 334 265
733 939 481
466 913 217
687 549 361
544 287 449
79 961 196
503 713 909
36 531 323
542 241 121
899 433 655
426 951 551
930 881 372
581 10 305
381 179 857
622 449 985
439 617 813
348 441 59
641 1 7
776 326 959
326 130 161
511 806 897
926 739 701
721 904 923
881 69 542
219 201 975
149 586 37
402 877 545
313 541 753
987 634 721
165 97 321
366 129 297
69 937 462
851 775 579
649 355 385
145 337 348
238 513 934
13 657 946
261 241 970
407 291 135
489 1 29
973 241 582
129 263 16
255 828 538
945 799 279
619 641 534
491 829 811
109 877 563
861 471 501
817 81 985
542 815 821
426 660 511
625 604 401
233 394 301
469 781 411
38 981 225
773 763 561
31 1 929
764 783 712
481 353 953
585 991 845
897 819 149
161 533 85
697 231 271
873 475 41
910 801 881
246 644 897
777 261 63
657 94 487
409 901 605
281 729 638
805 420 189
417 779 90
501 821 149
666 579 201
905 74 411
369 441 351
857 452 837
81 601 127
592 975 576
551 793 101
997 222 209
731 269 813
401 296 123
729 397 916
431 425 953
889 661 153
979 919 193
513 154 436
175 643 227
945 721 724
737 739 521
101 725 251
937 425 519
445 380 455
571 315 569
791 596 635
313 716 984
433 304 18
179 745 881
565 96 729
417 537 529
299 649 289
945 724 826
283 185 961
271 993 977
941 21 11
309 822 953
781 357 665
437 261 2
759 241 806
196 95 237
941 840 49
665 207 867
751 681 313
591 609 573
717 91 276
441 683 607
678 95 113
881 673 359
345 951 705
537 464 583
931 395 151
469 553 788
113 81 456
766 144 493
956 345 49
487 966 701
827 924 672
280 541 963
301 569 721
126 413 6
471 441 517
687 87 769
260 649 861
585 543 213
813 457 17
98 346 867
857 561 153
212 763 501
821 269 537
847 201 289
851 45 51
701 297 214
853 301 808
802 545 1
393 217 419
98 211 137
777 601 121
521 405 377
837 261 497
601 768 71
621 462 861
852 267 127
179 235 748
998 159 569
225 11 590
880 636 525
905 57 386
765 329 67
209 511 690
789 997 534
400 399 224
751 657 677
426 230 428
433 413 821
961 121 691
991 356 593
29 221 573
391 63 776
651 529 771
226 233 727
656 256 791
329 817 474
947 465 108
711 969 63
269 484 313
713 539 943
467 546 183
537 155 705
923 665 257
169 735 881
991 51 833
867 251 430
346 309 161
625 351 733
74 720 345
453 469 131
753 790 187
720 953 980
297 398 976
561 674 803
309 832 334
992 81 133
90 553 601
106 847 521
103 297 891
186 229 121
681 71 289
239 481 783
890 671 693
961 718 340
651 457 174
254 771 378
125 401 551
512 249 933
789 273 267
513 793 987
588 541 336
971 969 65
545 639 809
443 301 121
981 569 781
531 585 541
996 681 175
597 403 521
481 830 577
355 749 805
427 125 881
431 897 635
653 380 243
381 575 66
347 125 161
486 411 141
909 787 551
567 9 193
438 133 349
751 341 851
938 473 829
881 601 660
831 629 368
141 726 371
637 137 101
175 921 465
796 811 882
27 921 91
902 991 379
801 561 766
257 609 153
520 615 815
10 173 647
922 329 583
289 826 313
916 1 837
103 817 437
843 842 10
221 891 25
751 221 166
372 577 97
177 844 251
296 668 901
1 130 495
256 376 497
761 302 387
503 536 661
133 221 283
675 679 99
398 779 41
813 783 49
538 831 672
241 221 645
883 801 526
425 929 441
308 626 911
835 479 520
582 691 771
866 961 451
797 555 87
401 226 485
185 386 135
645 417 96
886 266 785
46 207 953
701 908 518
626 891 17
11 24 209
871 425 113
513 441 926
253 850 483
426 48 633
565 338 62
106 267 395
151 689 775
201 661 350
837 201 592
352 381 705
910 81 481
705 891 201
163 501 971
669 186 876
521 801 753
387 609 201
366 317 193
221 201 122
871 105 232
753 441 723
236 547 361
941 861 609
897 921 438
809 103 195
23 113 302
719 561 889
801 883 585
453 651 221
125 988 560
147 49 260
885 966 331
309 89 543
976 801 37
572 128 985
369 856 393
632 303 241
809 793 937
649 441 39
977 926 266
813 377 11
431 593 729
329 513 226
944 529 722
557 193 301
337 857 199
65 141 81
901 75 77
686 87 771
531 809 961
705 473 89
889 402 29
337 235 137
784 441 351
1 57 402
896 347 328
355 541 221
376 337 501
771 912 786
642 681 225
996 44 53
138 734 861
745 973 493
313 36 769
493 113 261
281 151 321
797 117 565
705 600 341
451 260 94
281 659 896
691 237 3
540 537 901
497 247 217
329 108 701
129 249 997
945 435 824
15 773 336
201 61 401
425 673 633
437 133 978
331 165 963
622 436 690
12 141 255
321 985 411
97 281 161
563 275 287
976 609 113
417 327 966
689 23 997
721 661 713
193 105 666
592 359 374
172 873 562
871 829 22
326 298 61
251 357 258
125 851 200
261 399 117
465 273 771
281 501 737
802 823 401
913 945 476
729 433 997
441 161 321
689 93 470
29 211 721
521 953 744
750 113 292
761 384 421
604 126 113
629 168 289
983 153 689
641 151 393
865 369 796
39 673 321
201 685 988
103 641 276
601 363 675
698 752 421
607 52 522
79 697 345
121 285 831
818 541 45
51 161 960
129 171 437
460 17 314
568 318 787
789 54 607
581 409 87
298 832 536
416 805 536
261 300 145
839 200 271
697 302 137
713 753 835
713 236 585
697 361 817
105 705 441
101 881 640
799 627 421
467 73 947
133 365 699
1 502 673
988 971 172
541 397 905
865 391 985
385 941 781
641 285 929
517 10 666
734 590 658
982 585 161
194 706 711
497 695 985
481 271 602
501 585 491
706 626 776
231 823 865
496 791 457
741 425 529
141 649 889
797 551 433
981 690 701
752 217 165
801 301 563
401 953 44
394 229 433
426 151 881
851 661 229
471 80 537
314 993 581
239 95 525
910 486 511
780 291 977
961 201 172
231 322 955
15 896 989
577 221 736
785 69 777
493 971 377
889 521 395
502 513 289
57 542 303
950 465 241
733 401 501
155 253 801
136 325 985
346 801 887
566 409 697
1 503 799
413 389 229
566 155 966
430 19 456
81 519 911
167 415 369
945 25 91
502 266 669
196 744 19
569 1 481
381 354 501
377 36 997
985 405 412
947 655 830
201 993 965
980 837 861
85 270 532
9 923 161
951 565 541
198 209 321
11 383 406
962 453 433
726 225 615
319 193 966
324 361 280
679 129 961
129 881 675
366 883 943
954 641 526
579 853 107
697 165 561
97 467 251
328 129 77
176 190 657
309 463 306
996 587 396
849 746 20
345 56 988
3 873 615
51 301 95
384 618 225
640 471 576
193 633 33
211 342 753
621 556 661
365 685 741
899 677 857
223 556 243
586 861 57
913 569 945
61 41 173
979 181 625
83 941 401
993 949 255
531 271 91
236 172 47
990 389 821
131 406 345
966 813 41
673 632 605
376 363 793
872 656 783
111 970 367
445 729 515
919 85 685
651 876 1
31 585 79
552 141 645
401 865 739
345 951 671
261 617 227
472 441 719
201 760 301
129 1 838
401 731 919
601 947 43
523 807 212
233 926 323
229 706 773
137 571 985
830 191 601
614 205 61
105 970 805
433 227 393
437 621 488
777 741 805
265 776 481
726 585 115
659 73 169
321 812 88
393 46 6
509 531 481
749 6 968
113 801 606
301 641 329
29 168 435
93 217 825
276 473 45
516 910 90
567 153 899
353 765 71
3 32 945
940 513 821
307 827 222
5 536 461
885 849 817
323 521 8
159 481 673
653 411 941
961 993 312
985 377 508
457 821 901
651 573 221
570 73 393
473 881 766
457 489 881
33 961 641
250 861 67
461 570 61
797 8 441
386 203 5
321 44 409
34 397 305
857 748 506
50 323 763
483 702 435
417 996 265
282 204 153
367 221 557
951 958 31
72 881 391
456 197 174
459 876 743
593 923 682
963 637 506
967 415 669
116 700 587
569 491 329
521 7 811
407 727 97
529 433 588
613 253 521
241 215 589
943 291 485
913 204 872
873 101 407
973 21 987
617 745 122
897 973 671
801 361 63
279 286 465
701 918 857
801 685 133
565 741 695
788 905 403
897 411 211
739 751 32
473 839 729
81 157 273
601 759 49
300 971 885
745 362 171
171 5 139
485 596 541
945 951 1000
264 589 795
372 681 934
285 394 89
1 981 253
137 163 980
24 137 930
531 792 390
770 501 261
321 665 493
944 452 209
97 737 513
29 141 17
54 593 291
33 543 19
411 705 1
697 140 317
912 249 417
336 911 496
143 613 571
247 83 113
655 47 935
946 801 657
654 844 76
245 447 817
596 190 33
172 801 863
659 341 893
935 561 518
530 721 825
657 591 66
515 321 173
921 577 461
821 217 151
287 751 435
866 983 614
965 599 121
349 649 531
203 149 831
751 463 321
931 605 75
433 871 609
147 56 439
153 399 284
771 1 108
276 907 21
421 489 661
751 510 968
195 905 375
261 345 194
670 771 201
321 827 489
137 781 321
881 423 533
726 88 603
12 941 919
220 564 54
715 889 986
581 281 299
119 285 613
280 58 386
155 111 301
267 376 545
634 483 357
430 253 993
657 507 353
800 467 601
886 821 426
867 333 475
306 699 95
189 901 345
776 547 187
649 758 895
615 461 570
281 135 406
581 670 150
1 856 513
270 134 953
954 215 546
241 615 273
73 661 777
149 33 666
897 801 644
236 197 781
135 664 558
754 233 598
701 99 40
304 908 701
585 433 501
397 740 888
853 121 889
526 351 382
267 689 593
369 833 259
743 959 448
271 542 841
919 917 541
777 431 294
167 624 785
457 939 449
471 229 74
481 596 957
862 465 226
846 289 281
611 981 61
729 401 209
669 413 164
9 549 471
678 839 396
827 801 234
996 201 264
951 441 781
429 832 921
385 403 953
859 40 941
248 531 571
674 329 385
651 1000 300
257 161 271
281 953 169
820 210 321
875 105 941
37 793 25
891 716 485
1000 478 955
661 334 218
461 14 596
15 356 801
317 397 428
487 529 67
948 473 165
557 971 941
333 873 376
428 72 751
251 573 525
394 401 275
965 437 345
614 137 811
715 422 317
361 248 651
785 649 951
141 341 696
176 571 629
839 891 321
828 953 781
361 259 386
745 780 360
143 546 516
777 77 514
333 585 796
78 998 737
503 456 846
579 131 227
517 441 290
153 610 506
718 91 539
741 356 217
89 829 957
156 101 329
681 616 731
649 676 93
151 591 203
255 783 785
749 889 969
969 21 839
373 809 861
994 373 123
219 271 657
517 727 805
929 744 663
473 73 547
843 271 758
231 361 620
567 777 489
199 361 50
367 673 33
945 609 543
684 819 479
828 205 49
896 841 999
579 121 611
416 589 561
501 175 229
237 221 21
377 745 661
103 705 366
619 273 620
533 905 13
72 726 164
531 221 249
598 43 793
291 691 901
881 79 399
106 657 661
639 689 81
807 121 791
501 209 401
817 909 981
389 137 996
847 697 501
572 1 201
333 817 155
524 211 523
555 289 251
117 325 11
161 941 42
956 567 45
641 804 661
393 402 873
477 777 651
966 703 879
317 335 951
909 117 965
36 93 485
121 826 986
207 628 33
41 589 373
11 545 265
901 960 292
218 849 210
701 587 95
171 525 226
546 681 549
641 145 805
413 602 113
90 385 281
681 399 885
476 289 124
49 361 201
129 404 71
633 136 398
378 151 585
926 818 811
517 557 701
828 375 502
231 269 985
184 602 139
435 411 943
211 121 738
675 601 794
402 856 121
409 611 67
729 45 487
993 896 747
651 901 661
937 830 342
304 652 791
65 557 911
177 461 283
575 525 321
9 921 881
611 441 953
348 919 759
833 487 277
299 491 721
281 803 618
972 967 296
126 789 460
52 366 185
869 855 17
469 795 801
257 89 991
753 361 634
568 665 516
618 953 733
599 937 142
845 265 465
526 897 793
547 294 139
657 8 673
626 933 256
481 193 601
556 176 275
203 233 726
161 528 376
268 1 709
163 174 766
751 451 553
641 463 359
677 851 295
748 659 9
53 893 781
21 341 201
466 811 762
121 446 480
41 181 401
537 620 913
965 711 85
951 906 147
551 100 225
293 818 714
1 566 414
545 55 269
289 157 501
999 661 347
495 297 106
461 811 803
884 9 956
297 425 351
381 419 341
701 361 860
634 383 143
598 881 376
989 761 268
48 533 639
584 675 249
163 993 742
765 943 940
234 535 636
334 296 945
734 943 329
925 779 135
930 921 957
681 607 769
521 897 28
777 771 759
368 901 271
33 761 133
169 122 181
741 877 379
411 801 761
212 47 761
727 501 581
491 721 907
392 667 70
970 658 799
861 516 969
401 493 558
71 103 831
768 216 457
625 505 213
937 510 213
56 746 451
253 756 235
513 64 455
929 21 561
769 633 988
377 29 291
337 275 335
102 695 935
929 393 455
101 449 97
977 729 393
139 763 719
