3427
436 979 924
965 30 176
827 735 326
875 501 865
426 365 511
471 799 996
701 824 21
231 711 739
783 661 261
651 665 633
144 151 778
646 630 147
917 313 800
497 353 857
41 138 551
41 259 359
786 209 326
491 438 695
449 816 601
335 750 131
186 601 453
421 321 921
17 521 137
321 894 599
868 581 321
697 69 475
656 861 481
579 374 511
969 453 54
393 391 37
281 871 841
836 273 94
251 25 897
857 401 205
239 231 378
321 63 321
619 161 582
627 856 375
80 245 125
173 625 449
748 323 904
293 689 301
438 855 701
801 652 384
501 84 305
873 727 281
842 557 296
883 915 273
711 136 567
70 685 833
983 734 321
931 946 914
819 761 777
961 33 257
477 393 337
632 191 489
787 370 813
809 185 497
786 295 689
947 683 647
643 126 977
417 489 366
401 7 163
695 291 780
411 327 9
209 912 475
991 301 475
234 416 806
857 551 471
621 529 733
401 745 303
421 242 607
832 345 347
173 429 785
818 517 985
926 849 149
211 898 61
455 817 581
366 781 628
882 489 966
801 977 126
523 166 273
161 386 351
219 929 781
713 67 641
641 777 710
549 301 741
981 850 113
177 483 5
170 837 410
621 907 67
52 177 33
174 119 899
315 438 146
521 270 591
593 631 363
493 331 71
851 113 897
881 501 201
342 857 119
89 45 793
456 506 539
649 636 776
673 356 697
261 706 637
121 161 993
681 701 884
776 670 434
501 726 933
436 113 961
401 417 213
468 294 695
289 219 801
856 987 143
198 861 845
667 137 133
525 775 75
371 527 349
971 409 378
721 741 523
281 753 891
92 358 201
12 713 820
481 41 501
816 593 86
708 385 279
817 300 249
76 209 463
745 624 895
922 965 725
660 253 627
355 26 105
657 611 929
641 227 976
34 537 959
587 419 201
371 933 297
626 249 549
365 825 920
51 43 341
626 729 575
883 225 287
357 703 533
360 321 142
237 409 851
952 586 115
425 993 769
921 951 169
123 585 193
586 121 821
826 91 107
850 801 441
77 460 916
52 656 545
41 501 817
265 629 869
196 553 445
423 255 309
591 657 563
329 973 627
884 429 135
999 126 577
90 715 113
841 19 323
721 120 155
617 553 599
136 105 763
606 917 961
995 33 277
985 884 793
189 431 491
873 366 641
179 346 721
158 841 902
465 19 41
325 41 401
151 12 631
887 11 281
663 641 931
640 721 217
41 870 849
129 738 393
499 193 6
334 901 942
710 745 993
483 701 705
731 209 266
429 901 109
167 837 264
609 744 307
961 886 336
118 294 943
889 373 29
976 701 582
155 88 81
777 649 949
223 281 719
37 145 489
384 657 409
891 859 507
271 605 556
583 39 959
879 565 509
401 181 977
293 988 481
927 969 497
351 879 457
555 405 757
176 566 863
927 18 651
350 945 265
591 92 872
672 753 331
960 263 721
226 765 9
541 601 689
559 380 274
841 366 990
463 81 431
776 964 856
921 947 311
806 146 966
39 109 641
410 219 168
985 631 386
371 474 231
377 130 183
449 11 845
377 521 85
243 641 169
809 953 973
252 881 251
604 561 613
701 448 151
82 81 33
77 901 609
210 41 829
673 265 661
112 265 427
201 18 446
457 865 461
981 429 293
901 665 193
956 41 121
265 710 261
211 921 534
841 731 479
883 1 551
149 335 231
635 329 561
979 257 247
937 939 625
176 468 257
714 921 175
307 41 951
673 1 900
991 614 1
273 971 825
513 886 276
185 543 201
195 99 65
759 667 988
273 641 767
64 660 656
921 665 817
101 517 86
49 367 1
832 769 261
211 619 731
982 621 385
145 867 479
681 500 641
457 408 655
46 905 821
996 403 419
791 316 191
584 841 931
441 16 509
796 427 873
387 688 676
217 161 179
738 161 151
689 987 601
833 166 126
481 757 281
963 431 99
81 596 680
986 646 9
861 700 461
65 608 811
633 611 916
597 947 961
297 446 621
890 839 342
536 5 909
161 598 159
882 680 386
361 503 991
92 321 207
651 611 84
603 321 424
981 355 661
207 22 935
801 605 485
35 184 845
780 15 557
800 685 531
45 799 393
541 575 751
482 196 893
613 113 185
745 89 602
916 297 779
27 621 53
91 851 439
121 621 45
177 478 969
551 130 715
298 301 981
297 611 573
627 231 576
17 841 591
346 281 475
445 503 995
19 297 995
567 761 1
801 36 657
501 601 68
811 222 861
796 289 989
905 347 656
153 575 509
792 441 71
99 95 951
296 465 49
167 826 76
509 645 837
609 806 171
667 733 779
781 744 679
827 923 860
925 181 421
17 675 521
201 971 214
606 665 501
801 425 769
61 700 607
116 657 426
742 226 20
833 553 9
501 828 786
287 701 464
370 905 27
335 649 516
286 134 877
989 105 287
489 156 329
218 921 796
201 489 585
377 255 797
49 586 141
257 941 183
576 401 833
994 741 386
700 253 897
272 792 920
233 716 936
579 933 93
361 257 439
465 940 175
549 301 433
396 771 284
132 479 876
574 271 111
743 897 184
102 41 975
626 188 908
161 481 904
691 609 721
222 993 539
576 881 419
721 888 577
389 837 830
682 261 401
881 9 501
666 866 13
549 201 417
610 601 103
217 893 609
523 327 599
242 73 451
548 376 726
381 625 416
792 41 291
301 781 625
373 861 407
81 935 520
970 421 851
816 21 318
614 753 137
408 81 711
865 661 389
81 973 235
702 21 8
793 489 57
237 231 161
685 273 601
85 405 257
865 481 49
641 121 336
209 849 121
425 789 181
291 897 611
945 628 101
115 551 141
625 569 549
201 157 989
631 49 784
255 423 967
169 616 39
865 137 965
731 922 249
56 193 13
510 905 714
621 957 841
841 546 297
479 329 701
638 553 233
35 953 279
270 193 124
243 292 306
465 61 977
571 95 286
353 785 137
844 405 926
309 774 991
515 659 351
366 149 60
343 201 701
417 421 526
443 151 847
114 232 161
81 131 273
248 973 961
561 425 457
66 339 601
775 901 235
716 545 838
356 373 183
796 171 105
961 676 771
125 727 625
765 213 745
729 737 289
831 279 903
379 797 841
3 165 781
33 851 313
641 868 611
391 249 193
189 489 677
221 697 131
668 323 757
609 57 69
181 478 575
881 721 225
413 541 781
721 279 289
62 410 286
841 53 201
88 407 61
1 901 21
141 225 396
281 739 123
991 131 267
635 93 911
159 678 80
953 637 233
607 501 159
996 505 223
896 946 741
495 377 553
391 386 177
922 445 451
423 21 181
561 196 385
241 309 681
728 983 489
349 675 121
923 429 305
441 426 893
396 201 253
119 971 634
9 699 705
258 30 633
501 13 417
545 249 748
530 601 925
123 984 233
443 81 751
671 489 874
466 916 591
620 979 249
631 985 69
375 893 936
659 880 290
481 461 578
269 387 210
975 752 287
441 173 961
796 431 897
429 290 437
391 249 936
941 453 36
385 646 565
483 881 186
783 226 977
601 143 491
751 628 855
928 473 331
321 873 605
797 288 160
731 1 386
49 999 827
561 551 501
358 974 729
151 413 826
21 976 181
937 996 651
177 253 523
315 281 268
825 245 783
529 925 401
697 217 866
913 317 46
5 785 152
921 245 849
497 281 912
721 951 121
697 641 897
951 253 525
151 797 745
249 766 910
155 363 773
609 937 807
266 247 933
726 197 861
659 561 456
550 617 753
164 753 246
621 750 73
285 391 163
961 329 941
611 897 43
689 660 611
595 489 592
268 232 206
849 546 541
160 73 193
733 91 825
711 455 941
49 458 841
457 217 874
329 97 821
687 385 241
771 193 501
321 1 761
364 595 770
653 529 125
349 856 955
797 798 952
41 501 709
209 518 341
864 761 823
8 562 505
83 201 989
269 761 418
681 197 501
412 697 83
684 594 788
37 715 625
547 33 762
39 874 115
477 563 121
713 399 732
746 765 581
631 441 201
539 551 655
113 626 799
613 803 241
993 757 381
949 338 487
346 625 873
930 865 829
377 407 483
312 19 164
955 577 131
15 827 111
815 985 29
87 680 478
608 877 17
159 395 731
93 213 715
927 807 301
269 586 261
19 507 299
7 941 493
149 85 361
41 440 931
35 136 353
436 806 67
751 871 357
665 66 334
997 777 777
539 821 369
449 574 946
829 451 238
793 289 661
961 789 152
133 166 594
235 851 219
76 191 222
547 253 652
1 433 66
953 998 481
492 896 279
457 381 513
481 439 421
779 371 951
905 433 649
273 488 1
765 601 381
904 903 133
781 28 779
421 141 285
7 609 915
441 929 516
651 330 563
501 641 887
969 369 591
59 407 482
242 301 943
609 455 153
948 61 344
915 891 101
707 779 555
417 526 121
636 441 531
857 205 506
451 118 721
151 185 396
881 17 451
220 403 41
482 832 341
10 689 471
641 561 496
740 317 771
268 40 751
797 905 466
126 405 666
805 682 458
29 847 456
631 136 648
90 89 51
997 69 175
289 966 959
113 37 569
954 59 801
401 113 677
836 825 937
665 935 504
173 837 329
64 921 861
278 777 529
953 645 737
810 589 529
970 601 336
913 650 751
151 801 477
278 1 691
665 597 209
56 367 717
157 489 353
196 374 193
926 730 481
69 414 911
518 149 423
759 204 421
503 331 270
845 301 949
713 746 283
826 483 783
661 81 777
653 546 571
177 969 351
726 1 471
929 301 894
73 989 437
311 889 513
999 389 776
822 101 638
711 385 386
97 685 2
857 181 457
865 419 355
891 977 70
293 777 508
941 896 26
641 377 981
637 329 606
477 15 821
67 545 701
331 685 51
881 225 165
486 101 227
146 96 725
433 504 775
421 778 219
761 627 89
198 59 145
201 637 1
125 217 511
688 29 812
575 81 171
733 741 793
951 477 361
177 505 545
479 357 153
373 61 909
886 315 701
310 456 991
623 551 917
385 166 857
911 537 291
829 351 558
361 480 11
1 5 986
267 59 921
26 321 693
51 378 77
437 21 781
61 176 511
435 507 121
284 941 876
545 513 11
543 558 591
901 527 251
1 668 641
943 719 456
669 71 609
617 811 155
277 657 803
953 626 320
581 657 165
885 593 256
427 345 249
671 1 641
745 105 329
131 808 433
61 981 461
705 376 273
73 128 236
93 132 506
721 245 391
647 220 331
105 629 57
541 919 733
203 608 418
401 801 591
205 67 23
913 883 41
177 430 761
617 31 603
747 163 146
617 825 846
808 817 257
935 652 571
337 81 637
145 595 5
125 955 799
691 373 904
351 797 969
126 41 609
951 391 601
713 621 959
587 76 833
197 649 905
343 153 424
327 851 940
430 876 995
96 881 291
465 334 303
997 976 676
116 703 761
33 765 577
574 579 406
901 573 345
645 665 591
496 577 355
927 801 977
447 701 531
578 114 377
811 981 41
200 857 575
415 273 339
73 989 339
965 489 973
609 847 294
673 111 812
970 501 983
71 591 1
946 473 431
911 289 803
227 663 761
553 331 287
391 572 485
59 254 361
800 137 141
941 701 976
926 209 113
943 485 846
388 720 347
183 929 986
419 895 313
897 961 994
731 51 446
684 61 124
225 997 375
170 126 368
1 953 449
645 897 553
357 472 801
633 195 377
913 37 196
841 823 705
546 985 265
76 852 869
509 521 738
705 149 376
573 893 721
291 616 531
155 693 749
801 658 773
769 481 511
437 925 981
413 29 51
261 881 553
89 229 526
522 403 817
301 445 535
634 356 519
471 283 65
699 30 993
628 643 432
261 806 676
89 146 889
353 604 766
172 135 835
426 975 215
130 989 897
213 651 989
298 399 469
39 861 195
665 91 997
226 1 191
711 110 344
73 247 486
206 141 946
761 249 777
364 305 51
687 251 741
665 1 581
304 643 52
1 287 441
933 781 65
277 785 539
801 771 961
941 633 815
56 201 877
135 757 351
393 126 945
913 311 303
109 631 99
1 289 301
401 936 509
767 421 322
341 391 339
678 313 659
497 213 477
869 901 681
526 503 921
337 25 53
754 641 553
717 969 376
97 767 260
881 934 485
103 421 321
281 73 179
24 645 818
145 679 349
686 849 829
505 423 662
281 317 229
220 153 901
282 31 357
226 999 601
681 330 921
432 69 751
329 753 639
297 290 146
839 549 449
433 511 678
888 283 639
59 80 921
228 424 235
991 810 161
596 636 581
453 926 541
201 236 51
681 967 921
765 853 661
406 33 969
721 533 281
226 881 476
651 89 431
553 193 742
663 499 51
944 106 485
461 217 500
470 853 105
946 671 945
527 281 905
379 66 811
105 274 165
471 451 684
414 146 881
198 845 467
931 296 510
506 933 671
629 308 827
593 691 397
127 611 846
151 50 917
626 660 265
739 330 654
130 5 49
281 221 381
831 313 102
967 713 580
476 209 303
62 961 433
501 861 583
801 891 413
731 306 464
641 837 993
121 427 705
590 553 737
899 279 866
73 103 996
689 447 981
392 441 601
985 631 621
649 699 926
465 733 289
577 751 998
837 993 995
949 929 913
619 701 507
691 432 436
901 791 600
555 694 101
161 265 845
724 593 591
736 524 681
161 108 57
148 693 551
549 113 345
657 111 861
829 734 786
401 885 629
961 261 1
129 71 658
988 989 778
143 817 615
399 661 709
249 761 695
851 389 475
518 393 261
597 251 657
273 841 837
851 802 873
585 101 593
588 177 217
679 673 666
900 401 36
1 623 131
76 911 227
29 340 178
122 593 233
760 232 75
266 886 1
701 63 895
473 848 829
449 841 875
441 277 831
355 951 929
251 276 777
765 472 622
625 61 652
901 51 685
576 299 359
345 617 741
441 248 799
259 207 35
731 661 628
901 457 396
547 307 665
791 253 365
633 255 514
681 835 709
22 384 322
536 303 125
369 961 781
71 633 81
5 801 657
428 821 971
247 621 462
489 329 691
231 257 643
571 911 594
476 149 766
968 145 194
125 87 734
94 986 607
705 127 746
519 465 780
407 909 251
703 557 713
801 263 155
714 301 753
841 359 264
383 461 807
953 435 937
1 451 742
1 473 457
443 529 436
166 993 744
823 756 297
248 566 855
591 180 937
93 195 993
315 221 615
751 437 784
441 441 303
43 233 976
321 215 120
703 357 57
26 132 199
189 24 434
85 25 491
635 563 177
26 561 631
925 371 404
653 413 1
384 345 570
244 750 301
255 878 81
945 291 877
410 796 252
316 745 204
427 376 983
521 36 257
647 302 885
41 631 289
161 16 501
433 65 555
501 507 771
217 681 804
505 285 63
101 753 321
289 353 981
197 318 41
360 13 56
887 863 55
575 29 723
315 479 743
161 849 181
841 138 906
422 358 746
566 611 745
154 18 149
499 577 497
751 333 322
751 185 877
346 290 908
909 705 55
580 161 673
367 617 331
943 427 115
647 201 735
843 618 19
604 299 155
993 527 501
441 241 296
138 443 329
578 221 865
985 99 73
521 924 705
202 857 353
293 125 383
86 358 941
976 997 201
511 863 72
257 26 881
333 44 27
135 955 772
93 199 721
177 141 221
53 459 497
398 569 217
701 862 397
382 229 225
759 511 887
733 559 839
404 9 307
458 841 421
326 21 169
207 461 445
895 377 495
70 525 510
86 577 948
457 93 521
933 421 121
93 21 817
326 386 923
936 156 501
65 915 449
225 730 615
851 360 551
801 51 376
885 817 382
501 451 691
720 623 681
377 110 576
761 641 441
77 107 359
182 161 757
821 21 934
562 51 523
870 229 601
901 239 46
976 501 44
133 187 121
841 947 121
662 69 25
34 81 270
237 89 301
807 763 943
961 689 525
900 881 943
932 838 491
863 681 882
296 509 912
737 930 208
717 804 376
601 873 753
573 431 929
36 666 7
932 121 580
351 701 709
885 510 813
891 736 691
127 375 199
481 1 93
261 176 213
274 369 783
751 481 517
851 361 959
481 857 361
317 719 521
753 169 297
301 541 577
512 976 661
686 617 811
897 326 777
942 155 571
379 836 323
812 85 721
220 852 877
741 306 365
511 127 765
893 443 167
289 256 457
441 375 925
356 951 671
943 801 805
737 957 45
251 37 529
636 601 529
35 756 497
639 721 846
229 813 181
601 481 541
969 817 976
567 806 805
267 882 33
477 477 93
350 989 911
726 71 575
331 866 523
441 933 25
331 399 596
615 143 707
537 132 599
958 867 421
201 691 317
337 840 740
941 366 942
647 397 585
113 158 836
691 391 750
353 769 107
209 732 225
187 243 329
264 701 681
536 710 674
49 361 169
971 943 541
905 708 701
464 815 983
285 813 294
297 756 993
841 587 9
929 917 372
441 469 929
3 325 801
633 699 172
429 155 448
271 641 263
473 377 855
970 217 545
655 325 46
905 391 351
889 523 79
586 247 913
619 154 359
811 972 465
730 145 767
297 120 127
298 27 581
439 80 826
58 733 713
201 110 801
505 512 987
154 96 417
753 343 313
981 6 161
516 801 577
676 537 686
669 536 525
859 293 242
537 575 946
825 553 855
96 832 641
25 821 851
471 581 637
401 93 649
257 145 704
491 615 433
957 145 713
517 693 411
825 256 612
751 321 969
291 219 937
245 519 826
111 315 397
345 411 941
285 174 181
241 318 185
151 595 183
571 25 981
640 71 977
785 401 581
973 161 172
937 301 61
217 571 241
499 161 95
32 801 503
631 354 81
501 771 833
991 848 937
871 505 884
524 927 597
248 39 182
791 226 133
329 339 481
401 81 808
988 765 922
329 516 790
386 881 831
777 991 41
564 920 969
421 345 185
839 195 307
782 475 993
241 501 469
673 975 49
467 504 951
108 933 931
76 669 700
245 867 21
273 645 751
793 973 785
826 785 975
998 784 856
447 881 271
32 694 93
896 613 585
429 363 799
689 137 270
730 903 241
439 93 26
841 665 683
777 901 51
681 697 869
617 341 681
106 321 270
631 301 841
451 585 269
609 931 565
645 25 345
617 505 165
211 381 255
473 92 937
751 761 744
377 187 736
176 449 625
871 745 201
285 182 196
781 155 993
51 407 898
702 545 129
807 913 681
393 273 595
645 981 255
110 884 701
616 579 401
648 208 366
441 801 826
939 353 485
893 937 231
468 226 922
997 993 363
881 436 217
786 501 971
702 995 999
913 493 59
756 517 857
166 455 626
101 911 637
122 929 813
9 785 41
76 853 821
281 622 225
541 681 346
367 833 526
241 958 870
145 796 535
870 766 901
674 553 722
961 625 999
233 913 273
449 859 722
551 55 408
504 481 585
445 76 990
234 347 854
251 513 492
468 976 473
511 981 425
523 624 420
971 913 895
526 329 950
337 597 625
265 275 845
185 173 876
725 270 337
429 799 175
761 129 734
281 412 273
241 497 81
413 879 658
985 664 667
806 411 858
446 481 281
321 151 587
825 769 645
11 291 224
793 239 249
366 257 792
61 753 746
560 129 924
961 95 217
103 884 573
897 385 801
965 804 511
908 25 129
34 51 167
461 564 976
985 103 601
131 531 981
848 474 217
173 919 617
991 863 129
801 768 167
820 526 505
297 334 810
113 766 800
41 848 81
851 633 712
205 1 985
792 989 563
569 625 737
483 307 196
376 596 517
437 911 377
898 141 741
321 111 751
926 313 665
825 54 759
753 836 353
171 961 533
931 457 676
76 101 967
173 821 193
976 801 871
89 453 290
997 360 492
9 74 216
849 823 210
751 197 616
822 934 101
989 900 910
617 261 241
841 549 90
997 106 546
702 621 501
763 840 439
501 951 131
600 1 901
241 804 801
213 816 47
577 73 961
941 853 857
569 757 725
781 387 961
211 561 539
666 95 177
1 633 851
633 141 89
923 52 693
881 445 337
457 425 606
669 825 480
185 221 453
209 729 850
553 655 241
537 315 249
592 765 533
248 217 567
180 549 781
573 921 1
876 807 345
281 1 561
473 511 281
839 721 343
97 571 126
621 865 616
879 721 131
652 246 120
85 735 713
454 1 433
705 501 503
625 893 181
82 577 51
593 49 559
137 121 681
771 31 849
341 121 611
903 133 832
585 505 169
728 41 321
313 15 245
520 9 725
565 893 561
441 755 709
675 207 738
928 381 951
441 144 867
977 626 773
635 291 577
654 341 201
707 197 549
491 503 343
520 87 471
943 498 530
481 224 121
573 81 857
401 603 321
417 700 896
394 313 266
591 965 981
341 611 986
594 919 283
713 359 73
771 826 831
490 77 59
607 661 767
96 57 432
551 357 171
137 480 185
395 772 702
874 241 711
734 362 273
719 851 239
664 117 966
729 97 107
764 978 701
145 41 601
717 153 514
801 823 810
338 836 577
231 357 1
499 171 661
611 660 141
997 127 81
403 262 686
916 184 665
685 75 501
5 947 701
453 291 397
759 871 337
85 703 471
144 421 13
443 981 623
177 357 183
759 657 354
896 461 84
262 491 704
656 38 3
939 757 951
529 753 51
921 73 885
241 531 906
828 41 424
626 793 409
917 261 286
409 761 197
230 681 733
593 334 621
761 476 579
906 235 252
921 909 281
336 212 145
685 851 454
417 636 436
560 945 851
801 598 566
485 997 391
603 569 833
415 397 749
352 181 71
113 631 209
15 489 653
970 101 938
595 614 796
1 193 661
401 688 377
617 569 335
365 642 89
757 16 121
887 346 346
555 982 302
231 21 961
625 623 815
273 761 193
845 381 58
385 693 809
232 141 480
593 441 813
591 677 831
927 687 432
626 841 21
838 251 156
987 185 360
932 55 693
764 57 321
981 759 990
769 17 872
658 617 448
486 468 727
326 229 727
771 281 745
314 103 443
41 361 411
893 801 88
7 221 697
796 587 821
569 1 335
849 474 267
481 41 381
761 201 201
696 925 541
721 441 615
661 553 797
644 29 270
626 362 261
711 304 489
949 513 374
429 949 709
988 748 405
241 791 57
241 798 967
140 530 361
503 768 697
1 396 529
585 379 601
491 109 304
675 439 977
371 289 201
246 525 553
925 841 457
185 905 765
591 265 801
369 961 541
293 779 813
386 767 72
120 481 721
198 841 126
451 992 876
830 369 303
467 696 641
21 919 896
226 587 456
296 983 371
19 758 201
553 393 651
533 917 439
105 512 941
581 969 98
873 445 343
49 729 129
5 401 985
501 181 187
860 133 184
13 476 505
4 129 376
579 601 137
1 196 533
641 956 326
289 458 926
721 141 705
74 458 387
873 576 597
87 311 633
101 602 747
900 34 883
351 421 61
261 94 917
993 521 475
551 665 819
36 601 70
593 121 777
481 523 853
373 557 620
973 282 376
801 904 759
383 828 98
268 423 56
361 725 918
692 32 385
441 347 277
305 183 451
411 985 201
376 983 8
66 797 697
988 129 521
89 149 356
755 111 241
401 151 73
785 701 441
496 665 482
445 917 611
35 107 887
351 121 633
421 351 513
167 833 361
725 96 426
434 837 751
187 220 844
921 793 106
929 42 810
22 706 462
561 369 866
811 489 60
181 951 623
965 893 481
347 763 137
185 751 693
501 23 237
311 44 485
399 507 601
561 671 425
181 158 213
944 68 201
209 441 919
402 789 741
311 634 316
841 221 405
771 725 289
351 635 156
770 981 851
814 245 9
689 447 709
553 864 620
911 865 409
827 615 507
771 348 813
25 409 576
959 188 278
625 745 568
359 967 633
816 111 271
581 985 661
293 368 225
540 201 969
985 537 141
931 516 181
37 433 111
51 901 385
311 240 251
117 751 449
536 793 124
558 961 481
641 629 427
967 928 676
46 248 576
289 637 281
831 779 771
5 425 459
957 857 91
926 121 810
353 473 172
181 101 169
49 601 541
799 138 630
145 407 372
201 501 942
53 235 249
99 523 476
461 994 48
387 101 249
740 21 241
699 319 785
30 905 1
783 24 756
146 996 585
741 753 155
123 591 832
619 577 21
941 81 542
72 1 353
593 778 209
864 497 168
2 806 397
745 125 118
321 837 733
265 408 262
401 443 524
67 156 321
897 379 999
101 283 411
519 985 873
193 681 577
78 225 684
117 874 901
320 505 274
50 492 37
951 157 451
413 921 96
489 1 434
870 362 496
546 235 789
491 991 915
13 689 851
535 473 706
218 261 536
911 773 131
15 669 949
592 488 681
641 751 507
582 410 15
76 265 677
601 941 172
481 737 131
385 123 65
65 141 176
704 151 881
321 753 801
984 305 970
267 907 541
843 566 109
597 601 91
695 324 635
61 771 247
125 784 345
301 798 937
201 985 51
961 531 201
913 296 645
579 947 691
599 195 1
419 579 743
196 581 561
155 898 775
115 293 917
33 513 153
41 256 380
561 404 877
626 109 477
461 665 394
797 715 673
495 499 597
383 446 721
406 677 677
617 169 930
801 615 489
610 597 576
216 129 231
545 222 581
33 891 420
91 845 109
620 782 351
401 401 738
163 23 41
434 531 991
577 257 97
455 193 53
121 17 519
615 43 791
257 925 716
391 521 836
17 1 581
801 491 126
449 429 673
836 87 345
953 745 969
53 701 211
242 308 723
769 138 551
921 616 103
583 577 581
761 311 793
676 521 745
753 865 793
1 379 356
975 421 169
55 856 981
509 439 583
981 871 538
95 747 568
347 565 940
466 175 901
475 376 865
305 746 461
597 193 9
226 646 353
495 165 337
76 149 689
801 911 29
563 733 321
213 427 369
285 860 625
479 665 189
161 147 216
687 601 898
95 926 549
553 209 852
850 499 446
819 389 611
351 601 161
801 137 811
369 961 719
346 353 87
901 291 241
797 941 506
396 738 969
942 751 257
353 339 65
211 929 116
753 404 311
217 313 251
589 799 425
301 677 21
121 1 886
206 851 586
211 631 736
672 711 461
861 260 281
766 409 601
465 133 291
206 878 845
251 837 27
513 358 41
119 997 929
15 228 321
721 466 261
501 257 735
967 592 641
741 705 209
547 498 124
199 821 521
238 210 386
551 801 296
841 181 720
99 69 431
589 308 346
908 204 533
354 223 501
769 505 257
491 823 203
833 439 952
477 601 453
21 738 945
807 445 423
95 396 981
496 165 865
679 257 401
195 961 553
1 315 69
881 848 761
183 46 676
841 835 761
321 597 376
648 897 623
601 912 917
959 841 577
181 817 281
719 37 497
84 955 967
525 261 113
876 359 931
777 237 301
733 401 65
351 305 413
116 123 363
97 354 297
279 10 997
195 253 49
687 671 969
118 145 766
201 529 811
29 511 490
528 453 781
382 167 708
297 761 101
190 121 305
458 370 497
77 251 409
841 401 897
63 257 747
268 757 81
561 485 539
91 33 787
547 201 272
780 901 145
619 471 726
739 601 361
273 236 225
1 185 819
553 388 639
441 742 639
766 598 681
633 166 126
376 701 910
569 121 437
101 945 691
828 208 818
83 928 67
713 977 201
547 459 592
745 11 777
41 475 405
27 287 643
517 240 969
818 411 919
457 403 21
346 768 4
445 913 276
175 110 941
701 593 371
601 245 624
943 307 923
143 980 20
211 201 229
566 323 133
522 976 949
11 989 58
313 425 117
686 358 601
751 715 825
861 634 281
829 251 407
731 367 886
514 701 221
217 648 993
725 53 375
809 403 458
359 269 248
631 898 326
545 196 151
713 740 811
125 211 901
443 721 800
29 977 819
233 993 681
594 218 701
837 930 649
920 241 179
724 877 178
97 659 527
371 341 753
937 77 793
776 221 542
817 153 449
720 751 316
147 781 753
530 355 708
107 841 473
376 935 534
201 729 597
793 571 708
831 345 282
571 276 239
829 833 937
298 401 879
5 275 627
1 89 755
785 457 94
689 726 823
161 693 481
488 654 617
507 791 952
281 633 13
481 986 301
656 371 973
27 77 307
829 933 414
993 641 530
365 703 597
563 753 289
697 101 94
150 815 329
746 969 341
569 931 281
425 657 698
974 138 769
331 780 949
603 526 39
977 201 217
869 938 61
147 541 697
700 913 308
137 833 433
651 751 329
641 500 841
889 995 621
709 849 901
905 596 1
3 934 979
707 541 204
403 967 67
246 626 305
851 799 601
729 29 721
148 897 371
149 113 9
447 236 531
260 776 161
695 727 608
588 912 357
930 209 586
657 751 771
306 165 311
889 517 151
766 294 921
949 357 101
639 741 329
285 65 353
691 657 624
926 18 441
513 561 481
162 161 15
713 171 861
125 698 34
549 485 481
123 93 88
497 73 697
781 681 525
121 913 351
858 296 486
95 548 771
134 521 373
963 955 873
20 936 113
331 321 729
751 831 28
83 937 845
676 707 585
495 529 504
549 550 379
364 788 541
943 51 351
345 1 701
894 723 63
454 958 829
875 176 373
849 665 971
410 497 901
521 875 921
217 419 453
221 571 550
93 417 436
713 34 261
553 521 711
880 336 721
41 126 126
124 249 67
909 389 349
933 719 851
861 919 77
91 967 563
529 196 241
190 251 845
733 697 601
777 918 751
148 569 789
285 822 826
65 151 261
745 521 661
585 991 412
359 846 829
41 498 481
361 746 793
584 785 628
807 36 976
823 41 614
33 413 425
176 1 571
265 967 378
689 409 341
929 437 490
877 958 570
56 772 605
551 794 485
615 535 642
961 357 607
809 661 578
985 745 459
539 267 198
661 202 245
621 588 31
81 650 776
613 633 729
951 517 141
287 373 57
1 985 11
201 209 364
421 754 367
481 851 177
283 333 560
675 97 21
45 121 26
988 903 1
241 117 543
51 427 26
767 609 407
664 857 853
34 52 209
853 257 411
221 996 286
713 704 696
156 109 457
815 818 461
25 476 556
526 881 503
941 129 97
751 57 326
589 737 346
875 721 241
481 277 501
126 140 553
186 461 969
687 891 434
337 661 257
217 411 681
589 43 801
17 943 565
533 53 491
581 401 706
89 286 81
437 951 771
281 421 25
993 906 369
1 666 593
677 531 265
31 373 901
755 269 475
599 1 293
163 529 825
180 1 394
415 537 505
587 626 466
883 595 853
961 901 151
56 951 229
167 523 151
139 374 653
359 531 389
896 858 439
293 161 705
937 921 801
659 275 811
97 972 477
683 530 969
971 341 965
401 992 433
381 264 137
571 459 259
919 401 987
281 257 149
139 17 606
661 989 113
886 37 945
730 585 368
269 665 909
801 141 123
681 365 389
884 491 809
461 585 883
13 719 61
405 323 55
7 459 191
546 905 511
111 16 877
125 542 385
801 701 581
966 173 76
271 497 225
201 226 919
211 597 958
713 959 994
117 52 567
545 1 461
626 393 1
737 419 203
351 752 421
917 209 559
341 391 987
59 458 633
247 53 945
519 361 709
271 137 665
273 985 989
801 331 826
45 677 917
541 574 706
109 976 641
145 935 272
505 256 633
875 759 786
533 213 377
981 201 862
501 15 505
935 994 641
159 332 5
803 157 329
404 907 419
201 791 623
881 471 214
377 284 921
21 545 674
370 449 626
961 981 495
545 369 596
593 226 470
801 613 201
966 63 947
633 177 698
43 581 571
563 917 266
868 966 161
940 409 408
817 65 26
890 155 1
431 617 101
329 905 267
29 989 797
15 15 144
139 861 429
494 521 305
848 371 298
61 125 501
421 441 727
541 593 177
269 462 713
737 206 927
569 681 947
217 101 458
369 937 61
17 829 649
431 942 786
497 809 686
921 543 41
716 716 717
126 208 440
55 826 564
747 518 175
713 200 343
783 445 511
726 693 865
213 89 864
289 515 991
481 901 465
951 454 59
449 641 701
997 481 41
51 220 411
795 506 756
456 401 361
297 361 492
941 317 927
521 565 419
537 49 863
121 377 873
49 236 82
857 693 751
371 248 562
146 369 409
595 633 634
599 552 393
765 401 745
281 971 479
894 321 981
415 543 709
670 632 981
185 107 479
176 161 876
701 821 951
701 583 211
388 551 585
593 324 51
225 201 212
871 173 576
25 929 100
576 681 267
451 386 644
921 201 83
413 6 945
201 281 969
349 309 55
793 33 841
521 51 540
637 1 743
448 497 167
503 369 559
559 885 600
891 853 209
81 90 511
515 801 877
988 801 301
966 576 456
233 241 547
826 725 694
434 729 1
188 358 513
826 337 79
56 657 96
129 285 331
328 657 317
551 169 581
441 50 667
83 927 680
101 651 154
529 639 273
528 137 419
686 35 599
201 734 285
966 571 146
416 71 791
218 670 19
433 531 357
889 281 331
573 613 513
751 969 501
460 873 247
229 428 924
241 225 943
681 335 861
69 213 608
313 147 257
905 953 292
379 235 16
521 280 421
966 82 828
695 523 591
425 757 567
301 691 834
919 833 353
621 321 633
704 417 341
277 559 871
875 141 801
829 587 597
155 181 945
435 336 576
483 1000 81
449 483 327
524 506 901
838 24 275
357 609 1
403 537 135
665 601 929
619 481 577
312 81 25
473 857 70
971 643 283
521 613 940
985 215 963
249 897 325
717 267 791
107 981 597
93 890 893
737 189 705
293 345 937
571 329 426
147 166 574
565 181 246
216 973 921
705 362 201
976 329 751
809 681 667
437 411 346
233 6 477
650 925 431
503 363 11
257 434 941
171 275 869
818 541 937
239 709 589
380 581 345
341 527 529
177 601 889
849 617 576
851 182 575
205 597 573
362 997 862
485 97 57
674 401 371
377 626 823
73 401 497
539 250 896
321 677 888
891 626 521
573 607 250
241 118 309
945 877 487
301 383 151
916 241 890
13 241 161
101 704 213
521 167 721
33 586 37
186 205 119
546 713 705
621 637 341
455 601 101
160 501 873
967 526 141
841 415 202
28 475 521
633 489 401
177 372 1
151 573 594
785 641 457
255 41 167
140 124 526
365 921 997
937 651 919
453 822 265
471 489 781
485 921 861
369 566 945
761 548 291
106 876 646
73 452 71
142 206 443
111 821 666
53 470 711
737 121 661
943 363 407
61 85 731
245 811 213
965 738 48
817 561 371
791 111 181
822 881 281
843 125 76
410 56 308
513 897 791
176 343 977
549 417 141
469 221 929
172 295 132
921 41 97
964 43 13
913 281 653
201 941 801
411 1 773
449 749 561
852 771 65
811 771 867
177 321 131
137 316 571
445 141 429
823 151 687
504 25 263
737 219 450
601 516 81
151 743 977
297 573 53
241 119 52
201 617 295
813 895 286
953 135 941
265 813 86
67 781 261
301 356 137
529 809 871
937 169 217
417 157 343
44 925 337
673 401 227
44 580 625
138 765 122
957 333 913
676 697 417
849 89 177
30 97 346
780 472 497
445 509 457
549 489 881
491 151 383
726 181 892
937 717 201
811 801 232
742 866 99
33 441 941
201 168 311
881 827 785
375 661 162
519 697 37
487 733 589
705 317 641
5 538 321
451 841 393
281 619 881
913 579 570
281 841 380
611 46 340
457 121 636
325 337 881
387 706 763
393 548 485
345 913 401
505 467 144
518 795 145
713 333 697
169 491 869
631 544 357
819 833 671
967 291 996
801 585 416
324 293 393
365 769 447
1 483 605
646 46 851
562 289 189
889 203 291
611 163 78
281 375 740
747 635 893
903 846 451
105 785 746
411 581 861
437 762 652
395 981 39
841 913 41
133 676 801
89 283 249
633 625 954
110 178 925
167 633 507
917 827 481
713 497 976
139 185 203
586 941 181
683 941 16
273 41 376
761 186 825
593 201 793
281 437 73
271 21 771
975 416 666
654 611 908
143 280 835
82 445 216
573 904 814
116 87 449
919 337 881
876 96 961
231 851 831
623 924 45
631 421 825
351 817 897
126 631 766
681 441 435
241 181 971
606 809 231
576 469 176
242 781 789
497 846 169
947 71 614
567 981 239
433 427 41
779 906 742
767 125 662
60 185 864
877 537 5
90 47 305
585 676 245
456 892 661
379 609 217
114 551 633
81 598 976
953 761 65
417 291 551
433 516 797
151 361 231
601 217 853
149 153 241
226 417 92
108 97 989
723 167 437
926 671 351
11 897 635
597 743 913
491 201 739
329 269 41
102 151 765
681 665 985
743 289 997
905 201 305
19 252 386
949 353 129
563 239 385
801 467 573
625 660 376
183 275 969
395 382 345
472 161 562
460 789 5
561 763 941
454 643 233
491 466 209
965 247 840
513 81 9
975 118 704
227 528 641
561 313 216
662 665 561
665 586 977
774 494 627
343 473 20
613 987 151
781 971 741
435 197 493
74 31 209
217 83 181
947 65 381
773 384 501
283 49 393
333 227 521
838 563 539
996 417 25
53 543 637
227 113 601
251 897 111
65 197 323
7 597 401
729 753 868
173 449 113
545 289 892
877 701 960
33 713 969
1 202 819
531 957 291
307 621 646
373 351 721
345 578 853
11 661 565
116 435 34
873 985 820
955 191 251
765 139 545
601 210 833
241 547 1
441 325 725
620 325 619
489 41 961
538 457 241
617 877 449
631 19 808
321 661 913
113 149 741
401 457 17
1 832 643
108 177 385
115 49 102
601 451 478
21 349 976
693 578 881
11 693 77
513 829 641
136 145 577
367 271 441
568 608 137
888 238 801
977 560 421
251 441 777
977 150 1
641 467 761
663 602 637
689 475 867
451 909 101
776 473 983
729 401 961
1 513 353
561 601 559
409 861 632
801 492 472
961 609 504
601 201 1
101 825 762
250 321 629
513 405 868
107 665 737
161 371 281
345 566 415
446 689 84
441 166 925
561 576 420
173 961 1
169 285 275
81 803 275
851 641 951
541 306 378
736 33 91
407 767 989
420 201 1
219 201 359
391 313 105
561 826 422
501 907 901
153 247 661
361 474 913
711 305 61
271 61 21
425 29 653
513 96 777
288 881 157
221 586 318
605 190 321
569 343 612
737 117 391
569 569 593
117 386 97
231 161 626
216 393 225
193 561 801
993 625 251
722 697 694
642 297 201
345 717 789
896 296 601
185 410 311
116 325 462
65 347 753
846 573 971
151 681 419
850 577 826
805 989 426
537 221 276
789 101 141
213 177 797
390 257 49
594 894 100
766 525 890
569 91 293
84 573 481
781 970 521
873 717 193
326 616 483
597 783 217
987 285 607
911 565 777
130 532 405
56 134 145
206 478 841
401 673 491
941 629 665
468 854 681
857 836 545
781 119 226
21 601 161
113 112 518
506 177 481
288 951 881
473 563 421
142 743 111
681 21 795
442 588 373
293 39 481
521 209 596
807 883 790
57 973 421
201 89 433
952 813 721
728 841 687
777 173 900
297 201 217
815 775 133
613 880 613
696 941 558
713 467 757
709 425 993
525 737 26
816 609 301
935 681 353
247 251 221
361 747 33
989 852 509
287 198 649
243 9 499
785 333 307
726 146 593
974 547 685
25 109 379
681 921 241
403 511 541
925 837 514
859 99 337
475 186 455
486 462 841
369 471 692
529 546 921
721 609 338
501 620 299
874 853 451
936 906 925
529 656 225
996 306 463
296 261 581
77 591 171
739 607 161
451 961 345
896 721 619
575 266 273
567 835 987
16 331 104
81 155 161
61 775 830
167 851 851
401 841 641
431 841 273
921 936 721
666 169 61
457 713 329
128 151 777
841 705 909
865 503 465
949 149 839
145 463 69
241 801 437
397 519 717
321 994 877
1 289 201
829 928 25
25 433 706
719 13 1
593 867 881
961 681 126
498 105 181
793 335 751
12 801 417
797 533 555
880 626 543
671 569 976
508 600 903
997 329 576
960 241 435
719 289 233
326 526 585
242 598 901
23 25 254
521 335 881
657 313 463
809 681 626
137 641 608
67 160 778
270 900 36
849 825 672
711 413 670
93 481 135
425 643 381
923 217 745
901 121 732
457 409 45
861 626 169
630 27 256
259 122 177
971 383 241
281 941 861
805 197 781
663 101 82
893 513 697
839 571 82
389 833 13
365 51 630
431 21 641
565 1 501
457 827 761
346 126 571
204 399 7
356 780 615
561 77 105
889 361 469
585 650 841
696 593 551
425 521 884
616 257 405
988 820 681
121 750 295
991 391 997
19 529 19
551 829 401
378 827 665
196 89 451
716 468 921
121 217 7
717 301 121
969 473 305
345 397 810
466 637 151
589 448 569
327 527 906
826 245 621
479 536 193
105 41 361
97 32 64
736 258 903
501 626 445
961 927 433
263 65 347
406 776 1
686 772 801
484 776 442
417 774 676
637 801 26
615 327 65
907 492 345
295 383 32
797 521 481
951 55 893
391 455 705
259 262 760
617 286 459
137 841 76
665 945 109
476 73 433
773 3 776
474 474 253
708 530 73
260 102 251
670 660 468
625 126 451
641 289 440
6 536 983
741 763 901
281 536 83
817 435 661
926 327 241
687 140 553
333 449 486
15 926 817
249 966 385
835 841 951
351 569 709
91 483 396
549 336 338
696 566 187
809 301 931
308 615 462
261 923 145
789 46 375
817 713 568
270 251 685
931 845 869
656 976 484
92 431 861
113 113 506
567 856 985
497 84 643
513 685 757
756 256 281
389 801 952
759 545 191
737 241 864
701 937 511
754 435 261
513 466 746
995 837 161
745 81 7
621 537 661
992 440 212
257 292 115
176 383 159
283 761 905
25 269 49
157 216 653
244 61 195
948 912 14
617 233 767
153 491 973
426 622 3
953 865 427
841 858 105
821 737 638
25 683 867
681 953 989
839 663 111
164 133 287
897 317 601
563 426 201
848 74 568
863 817 672
125 971 730
425 630 837
910 841 693
353 944 605
384 781 371
845 131 749
321 80 921
550 841 631
93 945 831
627 649 186
729 77 514
351 961 821
851 641 646
241 539 801
246 450 755
397 207 430
461 611 986
585 935 150
961 417 727
857 596 421
355 361 945
517 401 879
401 385 781
563 80 698
504 356 471
826 1 749
240 161 521
85 619 909
732 633 29
677 629 53
59 457 521
625 224 757
81 69 329
526 907 326
301 683 815
16 1 240
551 959 196
506 23 438
945 426 115
201 421 585
833 661 399
871 196 240
284 869 926
51 89 411
621 289 256
391 846 561
43 903 175
85 923 211
166 107 41
61 999 465
951 491 521
511 201 569
896 517 513
702 961 825
613 825 626
331 333 553
603 470 125
539 835 33
601 306 481
673 765 999
243 364 625
146 951 305
97 599 769
881 871 46
63 585 256
885 818 491
698 793 401
259 691 841
612 699 381
17 625 141
691 265 589
880 125 885
87 631 57
993 762 301
49 345 881
645 953 746
853 516 328
447 409 501
699 683 640
901 401 126
218 957 874
411 313 350
473 575 797
885 814 352
141 421 866
603 323 678
138 595 424
843 475 105
641 794 681
825 873 67
71 391 506
761 898 729
117 969 771
903 51 35
11 81 553
437 161 571
36 643 981
801 949 474
273 561 284
269 625 156
809 161 898
301 96 671
461 979 923
731 57 635
337 881 211
933 451 417
901 573 801
688 1 271
731 809 371
967 676 321
429 191 406
455 805 151
841 321 627
17 21 261
406 447 388
95 43 697
461 215 849
159 701 247
401 78 716
401 647 954
783 119 251
162 601 574
336 325 241
255 40 777
45 507 87
581 271 801
843 896 9
881 21 974
213 876 965
473 722 541
34 522 262
56 463 351
387 9 422
425 665 795
349 690 269
41 336 52
924 869 496
937 173 608
197 609 158
561 977 910
943 121 701
741 160 77
559 262 594
417 973 849
767 417 11
425 59 498
141 583 361
709 829 701
233 513 389
949 171 942
676 959 897
921 484 173
785 695 264
449 3 426
201 241 581
642 61 825
359 125 651
305 802 13
411 826 287
593 209 369
920 605 433
66 611 601
451 613 505
905 17 896
491 562 863
3 17 281
721 209 860
767 81 946
941 609 137
591 305 501
256 267 601
905 634 437
487 349 816
853 333 157
233 815 301
860 874 17
809 307 805
28 104 912
739 24 385
366 163 188
483 901 437
641 751 711
441 954 541
233 449 233
172 571 345
653 801 429
489 721 719
525 122 491
78 792 905
521 461 815
833 150 510
595 969 924
501 161 641
637 430 367
301 169 455
256 633 131
997 761 851
484 497 531
357 751 839
985 725 173
201 732 177
707 776 218
901 795 113
357 761 998
401 131 161
761 457 641
944 105 825
875 657 297
17 181 953
426 913 490
921 501 411
61 219 41
345 55 475
72 649 213
505 903 880
51 261 893
955 673 361
464 865 521
406 250 437
195 971 33
656 967 753
973 191 181
34 589 405
766 101 821
964 585 21
990 47 135
281 337 408
838 379 23
761 541 185
365 613 200
579 205 521
735 540 632
612 298 922
451 786 574
443 941 704
491 376 417
143 351 113
742 361 141
897 559 821
146 877 977
34 993 25
279 321 974
796 114 601
297 480 601
401 720 56
201 746 454
745 346 449
394 507 910
31 343 35
30 591 409
505 569 697
991 546 4
979 301 441
833 289 397
29 955 697
681 681 401
419 545 250
575 246 554
166 691 713
58 686 101
102 433 557
725 231 740
42 191 315
334 750 993
817 110 289
270 438 229
389 281 33
591 453 418
129 508 518
333 300 564
932 577 597
905 844 324
305 123 105
741 869 501
51 966 611
110 771 847
62 501 361
481 235 409
457 91 569
59 969 679
913 141 934
901 921 23
321 40 574
205 377 767
121 215 433
678 511 720
731 377 852
377 863 509
52 251 433
102 73 969
727 235 105
709 461 824
60 281 750
977 422 217
180 301 241
441 401 264
145 241 427
985 13 687
709 817 94
26 917 525
805 798 360
401 789 516
475 721 312
551 729 551
873 809 691
538 389 657
469 869 753
257 555 685
489 605 422
281 449 516
161 150 290
889 212 597
968 369 39
733 506 161
817 880 988
610 701 281
579 308 607
49 993 114
501 373 722
159 633 401
410 157 844
251 730 119
17 337 983
45 729 30
385 959 865
771 573 805
151 109 874
140 193 165
306 841 261
217 841 545
251 61 61
735 401 491
301 15 761
591 751 111
633 81 789
921 871 279
493 991 501
577 897 6
857 77 991
745 516 471
57 516 831
706 669 740
258 596 888
735 883 655
375 985 988
165 101 797
495 29 739
641 513 191
430 219 701
405 561 726
761 1 886
956 639 594
484 156 929
746 999 965
21 521 741
201 406 351
365 225 51
179 159 304
18 249 209
895 871 937
47 398 792
