3404
437 458 501
317 832 981
251 210 725
711 463 321
831 429 403
521 335 329
131 757 243
339 889 45
667 750 232
341 741 285
445 738 847
391 889 1
607 449 825
134 404 956
691 131 297
766 809 681
91 514 832
669 126 224
637 657 1
645 227 305
993 401 751
85 210 11
255 623 922
709 601 698
657 505 967
777 345 597
961 403 980
576 169 572
277 481 539
365 390 637
502 59 641
991 594 283
815 688 633
326 433 367
465 153 197
386 273 97
971 961 336
141 729 615
919 122 219
481 476 483
801 353 975
46 171 225
95 126 717
389 475 687
889 289 987
414 267 367
592 4 745
261 395 450
65 617 701
911 101 89
485 76 208
226 137 171
919 916 753
321 109 509
943 248 149
994 937 721
969 850 671
619 865 109
501 195 254
159 537 280
232 417 271
633 49 715
526 281 609
55 555 21
337 334 631
671 519 446
993 614 665
912 465 193
597 885 685
775 999 397
153 231 260
233 251 736
851 417 325
857 849 284
531 353 97
901 761 605
721 738 481
528 715 251
1 421 781
375 377 17
495 6 576
221 409 974
77 171 857
235 763 893
277 433 951
773 961 748
941 36 185
73 230 610
353 361 953
636 747 281
66 806 201
39 233 538
16 993 376
626 481 38
501 432 301
363 477 273
113 993 875
153 319 939
151 886 425
737 497 831
38 271 613
465 375 881
521 717 201
500 751 305
523 535 529
832 844 729
745 484 377
36 51 91
121 793 300
866 753 631
906 695 51
323 769 563
501 511 836
903 90 281
217 247 292
389 684 325
439 397 725
258 529 279
567 341 89
851 501 185
25 149 761
879 429 881
227 464 661
105 925 879
729 877 137
743 546 99
492 536 502
938 817 160
177 726 587
76 761 786
505 373 501
14 442 993
501 860 441
993 505 342
886 933 631
291 37 481
459 41 421
153 493 621
144 485 967
561 221 107
181 559 893
381 581 12
296 611 321
851 692 665
685 544 749
321 721 911
757 328 853
337 21 51
391 971 106
677 809 231
403 761 680
681 233 166
169 229 469
83 169 841
809 673 771
122 839 545
641 113 834
577 986 417
25 201 281
465 43 451
801 737 51
481 265 181
274 364 880
105 826 957
572 121 239
586 849 485
361 22 762
665 295 771
833 1 585
413 289 687
560 187 212
831 501 996
85 24 454
451 981 607
214 149 521
231 881 573
446 723 825
941 825 245
189 445 68
509 369 115
283 178 268
357 223 103
197 155 40
781 279 286
171 891 595
921 596 221
31 717 9
805 516 119
901 585 215
323 336 671
287 502 565
66 869 501
129 626 215
537 705 991
141 626 488
129 499 941
98 314 564
547 333 566
105 726 561
581 576 867
625 427 601
455 48 1
640 16 317
91 341 547
137 996 510
905 46 91
811 516 405
800 626 671
701 207 77
217 1 97
649 157 660
261 657 141
761 925 567
577 16 812
443 225 350
637 664 253
696 665 417
497 565 974
334 261 121
931 753 813
938 251 237
888 505 741
655 196 587
153 179 7
541 226 979
673 448 609
661 985 416
761 661 414
781 467 41
799 875 749
627 617 1
314 742 937
65 285 465
849 801 933
381 466 793
776 511 389
60 697 326
6 172 601
860 981 7
655 591 941
384 831 271
156 869 341
121 489 60
332 401 1
360 265 456
11 735 561
37 985 849
602 506 200
609 67 152
305 746 563
660 796 924
960 476 381
461 265 521
469 677 463
629 297 785
427 749 223
340 506 621
131 921 1
17 899 115
553 117 951
103 241 411
141 691 92
363 31 396
253 765 418
790 65 933
313 397 153
179 824 113
521 751 729
993 545 603
526 921 701
441 901 695
851 667 42
835 949 825
889 387 581
571 67 578
913 243 451
33 644 161
507 581 167
531 362 641
463 809 266
751 84 397
988 129 956
237 687 646
561 776 913
351 1 25
673 494 916
65 217 437
321 949 553
215 348 979
996 681 657
935 225 65
697 395 901
953 763 481
165 766 343
562 923 889
208 657 653
457 991 425
766 665 621
942 377 368
661 227 841
590 291 107
957 337 251
993 793 785
57 347 787
351 408 347
78 401 275
773 361 616
776 26 207
994 921 759
361 592 519
609 530 323
700 805 325
453 937 281
797 769 725
477 864 669
595 531 501
893 234 648
380 601 294
667 789 864
689 265 921
891 174 899
942 440 787
211 574 151
967 565 416
646 153 216
608 65 917
1 321 590
569 641 690
915 852 693
494 735 871
865 223 554
271 793 57
55 841 119
572 675 222
1 449 251
432 451 149
937 597 817
1 162 913
547 865 345
936 801 531
730 854 63
929 739 940
82 387 463
20 923 195
166 122 801
481 560 837
290 539 361
877 655 549
323 253 361
649 821 684
260 992 606
167 954 899
729 189 841
61 377 783
352 118 331
969 632 633
982 875 468
601 994 108
448 68 656
801 826 749
261 261 378
4 535 919
185 609 109
516 471 586
361 730 803
786 799 269
521 461 39
713 751 277
763 39 329
401 591 621
942 121 316
73 678 851
893 126 221
531 297 113
296 201 315
24 691 913
360 536 607
981 673 565
201 875 291
490 749 501
81 204 683
423 33 521
813 51 503
92 983 246
517 262 678
181 11 265
601 421 450
276 556 801
617 336 600
106 50 81
899 981 266
550 106 116
426 952 679
293 639 401
662 93 436
271 934 881
835 281 40
841 478 349
373 485 131
101 177 126
524 857 365
939 563 634
915 401 377
966 206 561
957 662 887
841 371 11
535 31 493
41 961 22
643 91 897
541 509 313
281 433 397
721 253 426
109 901 749
349 882 571
575 811 849
705 773 487
418 1 401
946 227 783
113 704 139
721 803 699
1000 357 574
321 629 205
336 791 85
857 66 919
167 852 409
633 177 151
313 419 61
839 946 371
501 763 81
291 609 397
139 870 601
816 281 433
400 917 381
749 931 2
249 466 292
228 774 431
439 744 601
249 849 421
397 280 281
590 752 526
61 144 450
629 696 159
566 477 17
5 145 230
585 581 761
289 193 585
735 681 901
501 750 933
385 186 419
391 111 265
297 906 113
13 713 985
570 49 876
161 293 501
388 317 664
65 91 195
417 321 552
850 41 793
191 146 5
961 300 773
151 461 241
73 477 33
663 505 575
640 389 821
113 49 226
66 11 976
704 626 736
121 192 551
795 57 596
37 877 804
486 225 21
513 882 221
825 551 135
546 688 471
771 236 577
769 381 35
455 526 557
301 925 911
529 996 201
360 873 56
776 746 102
409 61 448
171 837 521
42 700 701
548 866 41
81 481 131
601 788 555
55 909 928
591 197 747
17 173 184
113 180 421
568 733 83
951 11 112
551 361 784
870 178 227
726 187 909
939 61 494
759 510 257
379 362 916
499 602 161
999 744 961
525 227 575
497 10 783
191 941 460
162 613 34
816 881 91
920 407 801
441 881 879
409 459 537
751 753 351
611 651 101
105 921 548
445 826 354
401 811 801
429 451 371
729 550 231
615 2 669
683 373 969
341 130 541
210 157 605
238 837 65
454 769 349
553 155 515
451 737 469
265 361 981
318 661 81
713 738 473
441 277 311
433 146 879
525 740 705
289 799 18
235 313 261
796 481 815
751 305 851
797 121 925
746 921 571
731 611 113
718 684 697
865 881 793
956 601 143
273 1 209
879 702 129
899 337 957
749 41 747
453 776 384
501 75 461
225 9 721
761 941 377
526 651 781
865 384 417
601 212 999
411 821 561
115 901 766
47 262 541
709 715 495
621 310 793
231 753 609
861 265 651
161 257 519
729 981 713
775 713 809
537 9 446
537 291 624
141 161 467
145 543 803
502 843 225
726 353 677
839 971 57
955 765 471
401 841 151
761 481 617
121 967 489
665 929 417
473 961 535
981 220 713
111 223 18
117 246 789
65 841 263
13 699 574
337 680 257
167 892 264
277 701 511
149 57 281
545 178 801
731 786 551
398 831 613
846 581 413
457 121 271
181 657 497
305 181 187
611 657 937
721 325 264
538 542 412
590 111 609
736 273 729
465 391 360
121 964 417
401 431 804
98 529 961
569 576 443
661 620 43
391 88 401
5 127 653
101 343 497
817 922 446
842 233 853
61 280 425
658 207 761
1 361 77
275 809 22
477 611 474
501 541 547
345 358 448
443 547 81
30 149 105
95 861 607
383 305 461
31 925 681
617 302 689
820 533 893
197 349 994
607 167 891
544 521 445
621 174 984
904 326 536
942 796 257
371 745 100
686 129 611
444 287 346
845 611 571
972 927 261
830 1 665
937 986 981
261 871 193
841 726 857
781 106 627
302 69 837
722 767 635
553 649 209
493 203 851
59 854 454
517 836 684
569 901 361
961 259 264
529 69 815
791 559 494
39 333 12
718 257 843
786 107 474
745 241 57
517 865 61
501 294 957
397 51 399
455 377 861
745 555 66
625 215 844
630 841 255
437 849 675
101 91 317
708 957 818
829 1 419
89 612 591
781 501 166
149 1 399
671 453 41
561 679 175
897 479 405
346 761 47
819 789 516
90 991 626
261 99 636
247 870 46
343 521 585
856 475 297
245 55 949
976 661 547
481 553 126
161 139 671
305 185 321
23 801 141
517 751 935
947 521 467
739 193 547
807 74 495
89 261 501
235 951 561
301 336 481
100 201 750
885 249 875
436 317 279
539 545 828
3 88 401
459 305 573
141 493 651
89 726 553
579 861 785
625 997 76
919 481 971
641 663 308
647 353 201
177 285 441
361 911 281
250 937 661
620 301 799
148 130 861
529 409 703
655 43 356
940 419 481
411 57 391
606 803 171
401 913 426
725 401 276
241 342 575
2 31 209
931 301 223
815 16 305
899 841 149
587 710 599
510 339 76
671 596 372
649 37 229
601 649 615
615 949 212
477 723 289
785 789 465
111 849 524
990 26 576
321 849 157
35 398 691
533 896 361
419 554 809
689 551 726
465 593 401
301 985 391
541 261 546
607 875 589
831 242 294
137 871 977
321 841 876
556 595 571
784 777 559
638 469 94
257 835 195
133 113 277
53 701 847
543 552 313
546 615 636
528 805 601
286 261 503
491 200 354
441 701 805
662 551 651
501 29 937
321 511 49
809 701 11
529 265 512
769 346 297
24 903 757
193 12 599
804 57 117
909 211 85
9 435 489
901 753 137
844 456 1
139 877 765
233 347 17
160 770 666
291 176 66
529 874 666
211 601 779
747 755 997
997 356 265
481 291 925
943 406 16
345 33 606
119 125 911
286 119 686
157 638 869
528 571 149
845 509 603
673 985 601
103 159 758
706 17 749
289 5 148
137 393 350
741 417 507
962 645 626
983 109 893
473 955 397
381 4 407
53 785 557
41 501 351
649 1 689
113 35 610
753 937 831
285 740 161
901 449 789
425 201 169
260 993 823
214 972 793
477 780 813
366 311 355
703 821 411
811 829 156
814 739 497
801 673 37
354 841 46
481 185 130
101 571 676
781 263 804
161 739 361
829 126 181
260 80 717
789 130 183
185 731 407
694 429 611
47 660 361
641 701 377
506 561 80
617 848 905
913 751 724
436 561 275
897 440 151
153 161 867
171 305 981
494 751 525
456 749 931
681 101 261
476 988 653
817 251 885
529 624 661
217 314 343
901 46 477
757 46 694
921 49 185
279 462 721
435 911 599
35 436 531
187 965 452
293 725 970
85 449 706
766 745 699
156 997 441
731 57 821
331 665 135
75 201 701
394 105 561
641 897 901
716 345 697
45 619 765
221 681 385
553 677 148
441 703 849
592 33 804
186 435 401
469 526 12
750 805 766
761 909 33
745 641 353
263 969 797
593 159 289
736 229 569
73 913 913
164 457 561
979 181 849
777 217 432
325 621 161
291 1 61
113 721 421
833 355 336
421 126 261
673 976 123
361 410 317
541 129 241
657 588 791
940 245 329
857 321 956
681 665 441
831 240 701
436 603 263
73 377 17
581 858 16
636 112 601
457 101 64
361 248 545
681 62 317
531 598 476
887 67 79
916 241 181
681 373 585
42 601 838
930 33 441
847 50 876
337 565 436
769 909 379
226 661 512
649 934 206
856 113 243
145 756 409
617 55 547
137 453 774
271 593 101
461 464 791
657 591 695
202 721 411
989 323 836
533 831 793
627 719 876
975 821 651
141 457 117
417 981 791
601 362 781
565 31 251
112 841 352
542 223 553
849 945 482
553 280 49
621 285 315
981 737 763
437 113 513
65 813 1
868 851 873
905 528 585
109 271 616
217 684 221
649 601 151
944 51 813
861 269 1
141 91 555
901 32 731
506 145 826
958 513 621
271 76 343
457 31 955
373 105 229
321 651 671
851 657 873
597 997 401
451 685 750
447 626 88
209 921 881
276 569 666
505 913 669
781 721 641
833 783 29
394 801 367
33 449 684
369 577 945
541 39 589
653 776 364
547 579 505
921 621 803
696 705 897
132 782 765
81 801 362
131 126 191
851 337 473
259 357 210
257 409 844
799 721 710
527 922 173
831 471 720
661 929 65
547 396 571
905 761 139
148 525 829
776 295 393
336 383 209
977 773 417
629 363 881
241 21 86
585 529 911
908 717 846
601 913 864
385 815 193
731 216 333
71 619 306
96 99 330
406 866 16
568 169 193
678 205 131
101 538 772
342 64 269
941 336 724
647 971 81
409 563 24
733 169 898
155 827 21
571 657 141
463 701 447
457 665 549
966 566 817
401 361 701
505 751 498
27 623 609
601 267 101
491 469 641
375 36 41
587 67 880
644 455 951
291 695 711
977 729 93
71 163 101
104 149 875
281 86 590
721 457 225
501 355 983
329 171 961
639 167 261
465 184 92
899 853 83
151 281 695
965 761 535
982 721 702
261 439 872
322 10 623
445 537 381
511 496 127
785 395 665
601 641 166
41 501 140
895 973 723
917 642 169
172 545 411
526 794 826
53 482 151
793 516 81
157 193 430
345 701 154
918 685 329
298 309 612
492 998 828
246 694 481
241 703 383
785 332 84
462 981 501
745 964 201
289 787 376
896 741 1000
257 281 1
377 706 777
947 813 17
467 928 322
675 826 153
685 637 926
113 626 27
733 227 948
601 689 569
721 271 957
919 786 554
417 573 827
35 529 935
83 96 35
932 81 285
229 361 176
517 433 31
526 405 751
236 92 989
121 19 263
826 334 221
923 20 851
936 353 475
885 861 16
850 861 981
751 891 193
275 601 557
980 321 866
509 278 691
577 961 91
812 453 225
281 338 911
54 751 851
45 569 75
501 385 916
159 433 904
442 75 993
647 161 193
971 483 257
291 266 801
433 155 81
501 426 241
565 457 674
268 507 401
516 773 201
851 960 929
249 821 461
725 92 225
797 601 669
590 814 69
566 49 481
495 585 977
772 47 346
489 529 789
929 290 249
981 639 369
948 684 555
541 109 185
563 976 1
735 233 59
816 591 185
872 169 873
581 100 341
31 888 778
545 743 938
269 302 151
563 794 161
181 441 961
377 876 171
377 886 721
319 791 332
965 853 626
416 611 476
225 123 696
589 853 313
835 631 695
83 209 60
585 29 599
249 985 174
526 441 521
921 625 18
635 29 759
701 239 855
396 775 778
235 911 786
141 871 651
656 297 721
558 617 265
65 341 697
571 797 281
235 961 164
486 697 42
436 573 482
248 167 191
1 13 761
785 254 7
449 192 1
921 686 124
32 691 176
601 1 657
73 1 181
969 175 481
115 895 461
509 168 225
360 101 581
465 713 940
849 649 437
546 551 192
265 666 271
27 723 405
281 11 653
939 9 81
741 921 966
951 206 271
479 949 541
913 68 451
326 619 735
241 633 822
921 489 934
685 241 434
131 705 441
394 951 324
865 82 61
837 357 633
873 801 682
601 77 196
331 107 11
731 897 473
801 435 195
929 447 953
529 381 673
95 469 469
969 63 995
976 891 903
825 118 655
653 366 351
161 229 233
716 391 819
313 430 836
501 185 873
570 439 777
997 187 721
843 777 781
922 613 867
394 945 617
193 829 329
541 365 154
139 147 621
1 235 421
957 148 964
444 90 553
431 793 997
479 813 845
225 805 863
601 906 811
445 135 363
559 149 885
311 705 169
836 560 421
966 853 228
629 521 445
331 15 194
381 235 797
476 800 700
523 993 841
86 589 89
865 485 992
281 760 103
63 76 277
281 641 681
531 958 878
575 42 779
713 53 855
505 161 71
516 875 973
745 879 609
381 773 8
41 706 821
449 583 255
409 945 856
541 330 593
633 269 87
61 300 777
883 793 869
851 985 16
881 681 143
693 161 321
666 546 249
961 539 149
229 329 739
863 222 701
809 169 861
771 841 441
495 635 185
629 881 721
105 505 164
815 851 334
791 651 685
476 747 796
407 335 825
191 762 924
469 533 906
484 159 453
301 377 36
559 401 661
173 515 714
886 713 731
397 961 859
621 721 889
903 671 311
801 121 408
5 741 936
737 48 108
373 311 261
952 494 374
625 705 609
621 741 803
313 511 851
621 821 909
507 951 881
768 237 581
221 371 416
501 191 469
735 971 883
735 812 428
691 67 979
829 486 351
133 685 99
840 876 695
241 445 822
563 41 918
651 50 129
101 975 145
81 453 423
239 124 83
451 21 655
928 937 779
963 440 635
283 431 341
585 531 489
143 991 585
207 666 277
497 689 596
341 76 398
275 369 348
283 796 986
201 673 916
61 741 237
229 579 57
726 215 909
156 699 8
817 441 947
870 219 52
62 945 575
131 1 321
903 223 540
325 292 781
868 61 886
246 376 294
948 489 2
111 323 876
485 549 85
871 729 191
493 453 961
138 221 973
189 320 416
411 762 105
605 503 721
251 631 877
961 551 52
43 713 56
206 217 337
268 122 672
565 851 1
401 929 516
581 905 861
647 651 391
637 149 873
571 101 483
770 507 697
625 637 443
817 521 763
668 771 986
469 181 260
469 575 905
959 101 233
556 826 813
703 201 884
661 972 402
841 976 103
240 569 843
979 469 728
844 25 291
181 403 521
643 697 921
685 833 506
233 453 777
686 244 462
691 623 674
493 881 77
17 140 116
851 121 806
451 599 397
126 789 293
664 661 314
617 246 605
811 115 351
477 409 851
857 865 751
237 238 291
411 495 841
281 544 73
171 783 945
637 424 965
147 507 495
247 931 431
700 861 67
501 805 453
618 873 126
651 861 703
921 998 817
1 581 989
461 621 108
945 475 905
364 621 593
965 361 88
69 624 764
301 481 499
105 760 292
805 954 411
421 301 746
581 123 846
561 26 929
961 273 873
204 461 232
331 321 953
785 884 880
101 15 821
75 166 982
271 580 205
607 788 809
245 547 246
357 111 68
225 561 609
654 979 424
221 1 978
758 980 571
13 345 841
220 61 559
139 761 978
817 331 489
21 5 912
427 40 281
353 437 653
525 156 963
943 373 537
40 715 581
329 501 417
841 159 785
703 467 445
671 829 181
433 348 798
380 910 309
29 51 957
826 371 644
326 561 861
231 785 337
559 855 606
321 409 385
44 6 151
723 957 125
353 532 399
40 709 821
81 865 781
137 93 33
532 745 916
877 32 574
314 84 129
600 313 150
152 201 287
701 531 171
938 916 385
801 809 175
841 46 943
541 361 497
339 889 361
281 111 221
709 297 297
278 931 681
305 157 346
49 769 259
557 655 161
472 841 141
985 169 337
87 649 184
401 705 640
609 665 401
191 127 961
575 633 197
625 261 755
831 872 111
269 591 47
153 18 713
251 426 426
525 601 801
361 607 144
730 404 177
491 686 961
888 456 877
455 960 264
81 177 237
644 201 360
559 405 21
501 221 93
668 919 921
468 395 52
403 331 557
591 49 753
769 583 369
627 849 719
776 574 611
965 169 708
703 953 916
207 582 886
661 583 328
4 556 729
255 193 591
353 667 501
129 294 932
627 822 82
793 969 61
631 745 221
65 585 951
971 82 901
715 538 626
603 397 121
51 657 580
625 101 507
303 911 135
773 687 401
703 366 894
713 187 373
945 764 811
544 171 41
33 957 665
302 529 827
1 205 785
751 301 401
873 501 1
534 117 493
935 781 425
711 901 232
121 165 126
33 997 417
974 833 396
983 395 473
471 305 860
469 17 837
381 615 25
841 541 667
29 187 717
441 709 626
865 793 969
888 821 381
745 211 701
740 261 217
201 258 993
273 393 601
441 569 893
458 821 961
281 125 773
696 453 501
253 731 649
791 534 105
465 421 313
867 269 601
112 797 533
5 791 931
241 807 348
449 464 365
769 628 11
593 561 251
175 771 82
716 255 995
429 519 807
828 441 353
311 882 326
761 156 661
359 399 162
183 151 621
393 685 499
677 280 611
241 451 193
256 61 826
318 481 881
561 553 353
46 181 21
297 258 789
390 700 861
603 676 21
451 733 121
291 693 47
581 481 441
546 52 102
721 571 409
127 545 943
236 263 753
635 301 369
966 644 278
558 702 513
148 985 121
79 228 291
479 264 850
194 34 501
993 855 909
521 212 514
5 507 656
629 492 460
655 627 811
893 357 130
429 736 961
946 238 818
489 781 233
142 596 567
653 591 296
325 574 401
897 601 523
281 281 155
685 613 514
501 577 941
201 81 190
525 125 461
85 765 19
616 813 321
382 467 21
956 26 710
295 600 669
323 323 429
824 721 187
551 231 281
629 279 715
921 772 29
27 841 649
330 311 772
776 861 145
186 425 875
157 352 957
497 590 531
745 378 935
826 403 894
552 216 289
841 771 763
161 417 409
189 449 596
749 68 651
211 804 36
536 161 407
725 971 973
691 241 189
629 699 224
415 943 576
1 830 597
909 121 661
593 589 559
953 389 649
617 137 153
977 1 451
767 961 513
903 761 201
901 466 744
453 245 794
601 473 26
400 70 573
145 159 949
482 824 625
58 587 225
329 574 217
285 462 997
241 397 439
781 613 393
11 761 893
946 521 501
424 401 884
213 241 752
597 582 421
83 875 651
502 717 153
709 771 99
193 861 762
305 817 471
513 193 665
645 661 62
577 714 951
937 857 368
161 629 397
931 560 531
187 949 941
809 117 739
547 529 201
486 841 901
215 921 57
937 995 997
731 721 341
747 601 381
876 981 951
946 639 996
93 787 257
564 782 505
762 121 257
556 478 579
601 66 403
105 30 41
446 734 354
523 651 419
619 357 253
449 678 997
669 385 1
145 370 421
921 678 968
76 9 601
309 945 849
113 709 153
599 417 361
809 513 887
371 545 1
161 974 919
259 145 1
121 763 508
493 449 706
345 798 901
938 25 38
941 313 999
181 899 173
211 693 41
504 941 420
599 902 111
705 169 316
627 851 673
33 376 771
310 125 365
811 979 46
357 189 76
881 929 193
105 183 295
375 342 729
565 657 873
498 785 791
823 487 133
845 214 377
936 11 236
626 413 945
85 957 42
914 669 941
681 691 42
960 841 410
521 167 105
175 761 789
293 41 62
481 445 792
178 231 777
724 49 576
217 871 533
225 185 971
897 81 931
785 1 774
750 326 757
461 593 647
793 613 421
423 509 404
860 79 289
229 521 635
225 395 211
193 939 345
137 581 770
565 1 45
366 179 749
381 269 502
765 148 713
549 301 616
764 857 549
977 851 675
425 647 691
250 57 235
701 345 321
539 25 534
158 769 677
187 733 251
551 35 977
553 606 6
53 794 355
435 762 113
181 337 681
903 137 85
345 752 905
841 745 31
241 357 641
391 445 821
641 926 852
267 721 320
601 741 995
97 853 787
473 214 438
179 501 37
118 737 439
359 225 161
232 953 448
581 549 467
621 291 239
931 136 822
819 322 160
945 801 316
71 412 989
168 776 275
407 982 729
661 913 631
777 949 339
421 769 921
803 503 937
902 665 353
725 305 567
837 1 857
169 155 473
145 275 951
601 651 877
136 793 81
706 885 728
969 169 510
713 416 204
39 141 861
188 451 801
435 457 232
255 1 657
192 811 441
625 911 374
949 385 426
507 441 241
701 329 369
683 649 293
144 440 791
31 889 43
919 873 350
473 801 585
142 975 246
302 659 993
401 818 117
239 873 557
961 521 144
801 269 282
652 647 233
931 755 513
641 148 827
44 151 453
137 41 73
41 738 605
764 411 49
961 133 366
931 309 720
751 881 121
757 374 200
153 181 180
653 545 327
3 481 81
316 821 763
19 1 579
294 984 901
621 636 903
825 331 462
483 923 406
918 937 581
843 693 129
795 639 536
405 841 397
929 541 532
572 671 661
157 992 71
751 17 271
437 41 493
521 465 185
521 601 783
865 961 448
113 497 973
279 331 575
606 433 185
761 505 71
465 925 325
401 927 209
1 169 721
371 557 816
981 909 589
661 425 946
329 891 401
97 297 687
153 835 289
657 577 143
141 198 761
203 953 133
701 207 797
886 193 499
131 482 317
748 984 897
381 438 589
696 908 295
198 761 671
251 461 461
689 636 170
117 246 571
569 546 185
585 183 132
261 33 909
398 561 359
500 789 893
18 733 542
385 176 818
409 1 140
949 726 933
941 426 289
811 628 365
896 622 911
901 316 293
635 217 501
413 993 917
93 39 689
265 137 751
776 391 681
313 617 900
149 593 629
469 377 381
126 408 255
84 790 449
249 313 491
131 377 457
217 443 388
601 559 44
731 801 167
390 426 118
241 166 251
969 899 61
569 701 315
426 1 812
461 671 209
213 987 461
931 41 967
149 385 876
183 727 469
899 866 669
201 173 783
893 985 601
149 881 795
801 869 615
361 995 956
501 924 385
176 47 213
681 321 815
516 239 457
921 300 48
299 376 271
196 666 937
203 530 13
505 261 93
821 505 392
604 691 930
769 416 643
921 353 316
42 317 202
713 533 984
151 865 883
687 351 929
623 121 537
529 377 34
544 57 906
601 701 297
565 848 753
491 655 831
509 343 509
91 209 296
616 270 169
434 12 945
233 109 377
67 953 224
921 801 161
405 81 381
545 910 495
213 638 545
225 445 17
201 274 581
201 953 775
151 107 773
151 317 650
751 826 561
775 305 698
19 75 537
269 932 261
373 521 346
761 866 1000
255 201 843
936 435 645
90 29 955
611 155 713
793 551 857
701 631 161
221 233 157
193 385 813
401 272 419
635 478 160
742 476 145
417 655 323
921 435 38
985 291 945
21 177 231
143 361 719
873 489 61
828 815 712
315 829 685
185 771 630
121 641 933
261 961 210
430 522 617
786 679 825
331 553 151
121 700 913
806 954 405
791 361 963
530 17 286
997 580 817
775 221 695
981 699 673
961 901 250
246 601 731
386 714 614
102 459 581
501 576 501
329 101 693
921 212 583
625 95 759
177 455 884
288 985 551
896 528 413
104 1 291
681 459 393
585 401 559
391 991 681
353 928 951
411 841 34
807 97 777
156 829 368
201 178 951
906 729 49
833 817 665
861 129 81
341 579 49
439 549 329
511 752 601
209 32 598
817 179 398
323 5 334
999 193 51
57 697 167
661 119 661
529 645 116
471 996 201
271 451 320
153 735 369
650 991 417
860 985 941
36 303 267
305 147 497
604 729 292
319 881 886
949 890 413
539 137 137
191 281 713
621 69 355
327 593 1
749 697 517
260 809 529
591 441 66
649 876 411
535 73 1
73 313 381
391 833 187
843 773 790
913 351 556
742 235 961
740 765 343
225 126 243
525 25 382
980 704 206
626 431 583
128 911 831
141 385 392
9 798 801
296 913 918
888 1 673
116 256 252
41 758 601
817 32 195
85 587 70
287 162 845
201 997 750
62 698 893
421 657 937
921 255 960
681 991 285
351 98 444
673 101 97
266 926 959
926 376 857
539 1000 66
601 980 913
1 194 517
183 241 128
725 769 769
235 823 101
847 327 949
840 309 113
466 890 573
937 107 751
959 318 831
247 598 547
912 157 912
342 76 620
151 585 41
197 466 812
497 391 662
726 271 576
261 177 261
821 356 812
969 247 243
481 981 775
769 939 361
526 721 267
171 671 911
287 938 257
941 201 951
384 483 561
132 97 989
631 421 701
421 257 561
611 977 411
816 644 858
501 476 973
782 909 109
393 521 685
601 868 281
899 591 817
457 481 706
895 438 679
136 205 83
37 151 817
107 813 404
257 151 675
781 579 378
613 511 241
97 571 473
501 119 451
325 953 757
185 606 291
193 457 901
521 226 813
847 537 749
266 73 191
695 552 569
701 249 951
609 449 577
386 133 378
529 842 641
165 527 321
591 631 901
596 361 81
937 521 957
148 38 767
521 458 437
861 859 866
927 630 611
307 415 974
765 737 117
568 993 108
97 85 971
751 401 269
929 901 361
737 237 153
533 201 945
653 361 120
47 926 569
8 278 186
225 746 553
305 689 751
601 533 256
565 396 443
655 142 574
215 179 6
836 1 701
103 441 863
417 861 423
449 126 940
485 441 111
137 376 81
429 725 613
921 389 496
871 913 169
159 425 13
529 591 622
491 801 654
569 561 127
856 393 204
916 365 456
963 621 61
401 41 209
701 480 492
696 57 483
642 34 793
253 463 177
637 771 101
237 571 301
393 205 153
867 849 834
284 276 521
237 815 826
697 680 619
643 591 610
145 593 451
753 430 501
637 252 249
845 471 113
837 565 362
929 187 969
821 982 643
321 687 597
585 641 824
686 981 475
551 291 59
697 249 543
401 225 929
657 601 841
707 761 215
753 601 347
658 142 377
674 126 231
81 291 474
601 997 601
358 336 257
768 523 951
63 362 198
867 5 868
85 385 896
827 962 65
543 876 23
293 487 793
121 1 571
393 645 659
890 876 717
717 45 57
49 381 5
220 859 472
996 901 773
921 881 475
61 417 135
853 693 223
3 614 591
576 25 585
707 301 561
348 121 761
479 111 905
264 720 499
626 160 248
286 351 152
12 917 49
75 524 335
693 501 953
205 349 766
61 53 289
73 401 85
881 615 95
242 889 363
861 449 445
765 349 403
817 641 742
933 617 501
946 175 417
729 521 862
599 5 603
165 460 869
585 91 387
577 598 211
93 578 983
345 251 91
25 647 47
189 177 461
425 309 267
841 210 130
626 887 337
916 601 141
411 33 853
903 727 66
421 705 897
844 89 281
773 487 661
952 693 301
581 549 651
311 821 84
434 411 989
650 546 468
301 251 585
239 481 531
211 551 734
489 842 771
953 464 21
199 421 1
435 773 821
321 245 497
525 101 141
701 315 951
33 957 321
585 944 601
204 151 98
891 681 462
159 921 891
617 311 844
735 1 808
585 679 931
641 689 249
62 601 341
326 441 636
559 41 125
425 385 157
634 505 621
698 691 934
776 490 229
803 859 494
585 941 21
321 513 97
890 249 585
427 246 761
501 351 201
465 905 777
521 986 91
409 676 901
837 541 905
301 797 422
301 74 591
138 151 360
451 153 703
160 681 967
141 981 78
376 928 101
291 871 951
897 549 513
918 994 459
689 101 362
346 705 73
351 591 83
591 697 266
181 877 301
493 539 59
785 385 341
926 356 249
643 31 785
701 935 370
296 913 221
790 337 289
48 158 515
741 929 893
291 28 275
777 361 401
589 361 313
949 330 296
683 401 425
691 673 766
421 902 473
216 569 297
598 19 420
767 57 998
239 251 753
115 77 672
771 281 49
857 905 1
54 176 606
53 19 393
65 313 341
601 346 225
745 910 541
601 47 419
300 213 201
743 343 41
157 746 421
157 561 366
204 274 129
876 609 553
713 216 937
939 668 751
891 573 624
76 113 681
151 197 393
955 391 215
973 275 564
739 331 876
825 773 146
665 19 841
665 681 729
19 96 76
165 561 153
411 905 301
876 776 359
697 419 190
876 625 661
421 11 401
61 521 249
896 944 341
341 768 682
136 241 917
451 995 191
601 723 853
875 231 115
965 944 501
157 280 726
626 564 85
789 61 971
641 321 201
893 51 297
673 21 201
712 15 874
977 264 151
729 490 49
345 561 41
585 841 323
771 338 695
161 806 895
334 613 5
745 77 361
721 613 352
745 94 696
841 401 103
507 836 633
747 581 871
641 661 741
436 391 501
607 839 720
487 364 349
521 364 561
881 363 567
116 310 696
201 811 51
281 709 62
791 669 553
76 512 970
251 581 873
888 407 225
327 781 79
168 617 233
89 526 273
600 9 620
720 631 1
641 406 353
769 682 357
68 597 641
777 535 558
757 853 521
497 826 425
314 897 988
766 633 273
853 161 445
491 591 348
417 171 769
121 301 616
430 357 803
501 717 925
951 963 396
121 955 367
669 940 221
175 629 827
361 285 289
821 305 233
901 916 793
501 706 476
321 753 129
356 601 975
119 69 461
719 525 25
656 530 379
456 359 806
716 876 423
551 110 513
536 424 237
797 78 897
155 702 44
201 597 305
201 236 391
29 65 351
82 720 826
13 288 241
773 201 689
696 69 441
819 151 513
153 670 440
241 348 387
921 139 745
124 237 516
120 844 173
241 620 417
497 621 561
246 441 857
151 152 445
477 146 941
829 663 749
93 921 76
481 881 727
306 721 969
625 385 872
661 353 381
126 661 994
19 361 474
326 884 29
694 711 857
520 422 801
978 185 545
160 301 694
663 262 617
847 63 989
727 901 201
576 9 311
385 201 413
613 819 961
898 285 271
18 205 929
151 126 531
959 271 414
161 61 357
34 889 553
401 125 383
399 235 365
768 24 133
662 51 489
251 241 545
419 228 571
10 746 213
74 451 404
751 856 31
97 201 249
681 595 389
801 275 827
167 441 99
961 549 749
418 902 850
509 869 805
308 481 551
326 201 265
72 385 991
16 121 107
966 149 129
795 32 628
727 765 697
256 226 956
789 817 17
715 549 387
209 241 481
289 736 977
503 153 943
945 97 436
9 17 941
501 41 175
513 581 359
927 474 382
848 925 675
541 901 713
343 365 875
48 245 641
701 386 511
386 137 159
153 561 694
349 942 566
704 411 249
862 191 358
364 209 771
541 681 881
1 999 147
822 951 41
393 95 376
831 875 677
249 152 356
368 40 632
631 544 651
585 139 489
361 347 502
299 521 501
441 367 881
587 598 556
688 521 784
763 761 497
116 249 345
627 781 881
752 921 492
343 210 437
511 827 131
651 634 479
580 251 397
901 497 104
917 629 489
281 790 603
159 341 89
301 641 719
533 552 945
406 85 446
561 383 576
801 429 711
926 521 380
129 820 456
561 312 757
441 545 42
695 721 629
113 620 542
303 445 587
446 671 276
385 265 361
364 177 377
777 561 733
486 841 65
665 237 301
677 553 824
831 24 616
425 37 801
117 241 481
772 546 8
336 89 659
49 625 741
626 760 213
481 898 481
289 487 481
175 309 251
818 461 618
551 661 201
759 313 815
257 891 963
326 876 933
531 181 989
669 186 609
194 449 409
87 111 543
375 15 323
301 777 227
426 757 391
599 521 734
521 321 811
141 329 401
20 303 943
786 277 801
515 926 961
741 901 291
155 819 209
57 267 701
786 811 669
865 867 21
561 579 161
389 637 107
1 257 981
485 312 649
197 828 369
321 193 812
921 681 444
961 361 89
876 969 253
501 987 251
175 809 73
273 275 770
185 990 304
53 552 200
179 889 347
291 681 23
367 761 897
409 351 634
769 209 671
353 865 174
721 539 501
141 871 884
680 305 693
709 996 539
993 359 81
965 444 106
731 381 357
334 826 905
655 646 323
424 2 775
537 111 881
648 550 659
809 41 537
929 890 881
111 137 168
475 529 373
807 137 288
401 438 411
23 784 931
487 288 127
953 296 129
663 984 306
784 626 673
345 741 961
299 679 498
104 726 105
892 956 445
401 701 895
106 817 877
324 501 577
348 910 574
593 731 351
423 903 321
781 671 121
815 328 76
511 323 372
936 801 431
198 651 1
932 801 622
295 785 147
713 331 771
405 931 349
409 226 297
281 185 989
964 477 765
426 132 793
761 681 128
719 155 947
132 1 761
609 129 311
79 246 693
641 301 201
487 543 821
217 361 155
865 101 954
479 724 34
977 921 409
681 876 331
340 1 391
149 956 623
461 724 459
457 625 337
763 382 251
711 227 799
911 465 726
46 457 25
971 329 976
58 645 287
409 896 672
270 803 392
390 594 165
677 201 321
801 201 195
549 401 45
501 967 992
409 81 807
915 958 134
51 561 561
981 990 384
775 377 800
706 155 259
929 401 409
415 441 301
800 381 118
905 606 697
639 221 693
787 389 651
355 877 501
808 16 984
513 649 890
449 557 348
306 976 513
929 613 751
455 736 81
353 713 617
842 316 545
869 905 951
301 507 149
449 779 819
876 551 721
656 798 753
631 260 553
481 825 535
408 341 45
499 287 401
306 300 911
428 339 927
141 21 986
465 581 721
713 232 649
890 481 854
385 604 601
23 33 709
320 445 225
48 439 289
437 995 591
801 597 461
381 681 849
801 647 816
831 577 325
731 724 709
519 576 681
466 461 729
265 245 121
465 161 977
376 1 357
361 649 321
681 192 141
176 714 229
71 406 160
991 145 55
411 937 165
924 913 521
880 259 13
665 521 505
443 656 501
437 649 906
95 261 8
523 615 609
251 381 649
136 492 389
456 123 763
513 461 460
370 304 69
401 25 761
201 568 557
50 201 319
211 99 931
581 321 509
611 401 291
224 726 696
149 311 537
579 851 881
417 403 940
472 573 383
781 729 621
521 827 511
505 626 811
684 429 741
581 436 569
561 306 551
457 140 892
57 897 19
47 429 924
224 531 901
633 498 683
442 830 259
731 635 735
926 237 762
121 470 855
277 935 125
785 465 251
164 89 855
261 867 958
636 459 863
906 347 87
385 185 153
956 931 117
97 578 442
861 676 374
930 253 949
123 265 39
231 497 741
661 281 665
49 706 501
761 776 62
113 461 448
261 205 351
409 581 837
278 1 383
189 401 769
711 286 151
986 266 986
685 474 17
176 911 841
21 797 601
341 775 188
704 101 197
993 319 929
219 738 865
999 916 117
372 470 108
346 837 181
405 468 613
93 177 377
721 989 521
293 378 64
361 970 385
556 169 310
121 853 918
89 858 237
413 591 656
505 941 329
45 286 501
971 195 321
227 681 771
258 321 649
318 273 132
721 729 267
201 981 830
800 61 865
243 601 753
529 457 589
481 907 289
445 981 693
243 69 654
337 917 891
126 457 153
132 841 732
675 210 269
437 761 295
646 59 213
95 132 156
333 305 808
601 940 840
864 67 145
811 667 665
446 501 445
571 991 741
369 683 337
581 51 693
431 294 377
889 313 392
630 585 621
61 578 541
266 397 421
41 631 161
171 937 712
121 343 151
477 224 819
317 772 129
211 801 795
101 146 601
33 313 125
497 116 221
481 218 327
77 791 901
463 861 980
813 313 230
521 405 773
289 225 115
586 149 151
809 521 97
69 825 351
305 472 901
225 781 848
731 136 86
505 766 955
821 201 424
550 397 65
573 213 464
237 805 846
445 881 673
227 241 106
726 516 751
701 266 587
144 853 921
136 461 401
192 553 412
701 763 81
5 350 71
36 731 42
511 887 749
695 458 381
179 672 377
803 393 91
105 865 757
509 321 585
665 963 347
15 545 993
250 221 131
241 159 412
688 913 685
703 240 881
361 951 316
463 561 993
874 518 101
191 499 466
769 109 277
138 321 649
757 689 102
208 855 525
391 683 751
368 377 812
547 411 476
997 431 266
630 743 817
301 897 264
119 501 521
689 557 1
651 866 765
25 761 683
614 459 1
941 705 773
105 41 2
481 769 304
129 553 373
176 721 270
193 1 919
597 655 188
77 321 726
41 401 485
18 1 391
733 601 529
623 373 983
241 363 169
301 21 276
267 109 921
771 712 151
50 855 271
31 970 983
514 217 556
645 574 127
843 256 225
291 422 136
9 627 281
959 491 783
561 841 833
371 919 347
431 735 269
366 561 129
855 325 63
23 49 89
975 3 376
785 613 879
805 435 523
403 457 453
21 25 961
203 865 817
453 692 886
713 367 666
257 506 564
876 141 873
649 979 281
101 820 45
995 540 201
109 875 867
241 505 637
613 953 809
689 399 501
37 577 207
573 281 257
566 896 169
170 869 315
629 670 71
472 501 472
433 555 937
361 651 921
23 737 275
470 879 625
676 631 631
553 791 683
94 190 221
877 309 673
783 793 781
141 833 781
577 562 171
751 160 617
447 535 325
297 337 842
918 848 383
281 95 641
678 783 783
915 7 253
401 164 815
473 475 856
51 489 57
307 809 803
573 33 870
601 465 797
345 761 657
963 884 863
835 328 673
907 659 35
212 329 770
711 745 122
378 880 661
913 790 61
44 449 821
367 299 423
931 92 770
119 290 929
474 767 32
257 601 613
543 526 345
460 374 540
600 681 47
463 537 109
473 681 381
657 881 37
827 859 151
951 25 568
441 214 553
806 394 405
955 979 739
505 315 506
341 689 21
776 625 301
451 883 907
343 33 132
288 615 969
23 633 515
549 847 386
432 612 196
126 341 177
491 161 229
841 816 826
625 533 169
401 626 196
851 759 348
617 177 349
333 946 362
393 891 981
421 456 561
37 51 35
811 102 801
825 433 777
296 757 187
109 301 897
243 637 781
321 907 12
469 393 311
761 726 451
712 461 617
541 889 369
913 649 933
701 104 259
296 901 968
465 813 266
899 977 159
323 645 299
549 289 799
759 775 119
82 357 211
376 717 699
171 810 725
741 755 752
657 761 637
3 393 434
727 936 369
452 269 471
768 539 120
401 522 784
633 393 449
638 577 633
977 193 25
537 27 661
477 629 1
421 577 471
651 825 561
184 795 830
807 537 329
219 873 275
342 843 334
406 875 49
159 226 576
247 911 215
757 599 786
524 21 113
953 513 161
711 823 611
191 797 99
516 979 475
516 844 561
665 373 581
791 24 692
225 453 228
697 695 178
243 537 926
699 1 495
296 644 76
81 635 641
453 786 993
343 994 65
867 445 387
369 94 167
561 605 717
273 655 491
734 864 249
489 553 531
561 931 6
98 108 746
811 327 795
573 302 811
273 208 145
501 120 15
247 482 741
881 448 373
129 349 93
430 737 437
271 505 798
142 696 17
541 309 807
666 248 132
217 177 419
295 451 79
239 701 250
687 421 201
224 506 6
43 19 635
781 465 411
460 426 122
265 725 846
899 798 825
605 171 265
599 149 721
921 153 925
141 621 563
777 96 860
116 891 681
590 499 996
844 121 401
565 71 161
424 151 426
576 133 418
309 525 351
678 745 259
784 965 416
34 781 409
661 361 993
647 233 185
907 27 117
249 966 702
999 731 831
635 167 181
893 2 170
913 301 37
501 953 156
488 646 580
876 958 913
831 407 621
761 260 769
426 361 513
771 501 411
457 779 901
368 281 550
495 486 749
961 901 805
353 525 961
46 126 237
823 609 593
303 540 193
601 811 268
353 351 201
828 340 41
757 305 464
269 89 945
173 463 960
251 470 51
801 693 301
914 761 52
460 728 21
441 193 313
140 961 896
351 862 61
953 55 201
521 128 206
937 837 509
549 81 995
973 86 435
421 241 671
996 430 851
310 521 902
76 805 603
193 891 361
753 977 781
121 777 179
469 919 225
755 113 425
241 511 625
689 262 952
751 553 669
436 545 781
606 441 531
251 541 316
647 55 46
957 851 593
201 705 683
84 626 722
689 973 387
141 321 897
561 985 925
154 313 205
671 189 487
737 982 922
819 525 537
435 495 157
359 291 733
365 501 273
991 471 176
901 441 215
306 817 1
401 389 321
391 526 96
363 851 51
988 497 545
375 975 204
234 169 90
153 37 535
345 61 437
976 806 356
90 953 366
481 85 611
201 319 314
106 287 267
497 309 747
13 424 526
917 863 593
311 920 927
744 628 473
305 763 609
324 385 681
820 991 238
871 664 629
968 641 449
353 990 88
536 985 399
87 917 238
856 223 369
41 902 963
726 169 643
247 201 653
601 1 352
676 412 641
295 441 723
201 987 243
331 901 649
975 287 894
926 845 301
697 353 151
361 518 323
265 143 932
287 481 605
721 169 505
635 557 241
711 514 261
645 956 259
1 401 568
905 1 368
275 481 745
531 856 889
181 831 841
512 873 758
527 243 54
19 789 614
841 943 86
51 593 638
961 232 530
75 713 896
301 317 500
311 707 867
314 182 761
193 250 450
59 83 573
185 864 97
1 554 276
464 983 369
669 592 73
466 725 283
177 556 745
673 269 905
951 894 221
843 865 473
651 826 559
593 801 51
267 236 963
281 311 891
496 1 940
573 301 342
689 1 181
100 581 201
25 825 222
90 228 636
649 519 785
357 707 54
666 48 931
266 217 886
681 701 967
125 341 534
680 383 171
41 276 681
445 941 353
855 921 631
461 979 649
76 941 746
133 349 671
277 19 748
785 317 821
713 517 331
925 35 169
185 624 489
922 77 45
88 706 327
824 689 623
999 188 553
221 825 81
727 681 170
141 496 403
126 610 40
644 996 320
401 1 181
631 299 329
985 616 311
9 301 100
245 490 269
453 163 156
96 59 317
1 126 756
120 781 8
798 701 105
683 679 411
13 453 173
263 451 673
927 465 900
306 931 824
953 971 126
429 972 960
747 349 241
377 975 619
137 738 481
381 251 474
402 193 588
425 704 370
699 781 441
95 571 741
131 411 781
474 337 193
276 563 344
581 650 874
904 900 787
886 451 473
225 791 657
471 511 261
371 293 719
942 256 677
785 628 242
15 892 91
329 469 577
612 957 495
401 487 586
895 254 626
965 952 676
145 311 931
881 721 601
282 290 26
651 65 941
874 357 593
103 681 65
345 766 587
251 237 181
5 956 497
949 105 577
229 551 209
585 512 3
561 420 180
685 929 2
761 201 931
849 321 369
537 885 31
911 293 353
359 821 183
564 473 33
374 493 569
769 465 465
819 568 921
373 851 779
201 934 676
53 245 649
943 921 305
829 913 995
256 416 97
88 209 29
341 737 121
276 631 141
