3768
161 571 779
413 40 429
952 642 315
779 861 753
625 181 26
261 157 991
206 425 800
743 831 345
211 493 243
564 493 593
961 691 641
679 289 377
501 976 758
195 773 913
266 106 987
561 51 32
479 609 964
373 350 217
905 716 599
935 950 360
631 489 206
961 513 221
545 122 970
371 281 521
465 492 489
529 69 363
305 687 449
408 843 216
225 597 971
869 961 77
17 826 711
263 911 671
237 401 97
442 932 981
277 641 961
225 450 651
679 662 941
765 225 113
773 392 927
133 226 931
140 537 535
1 419 373
257 133 761
679 939 576
387 721 815
79 241 543
670 661 377
389 649 945
441 405 449
35 969 477
485 809 807
697 970 301
841 601 642
460 347 725
604 673 749
137 161 344
796 485 542
601 899 740
409 969 36
365 55 607
923 795 375
81 553 291
901 976 381
261 676 529
697 917 721
865 989 913
817 463 777
817 764 591
849 362 481
147 527 838
689 237 33
351 693 467
798 945 251
675 636 25
983 221 178
469 346 686
457 416 433
241 507 779
91 765 937
911 865 674
639 771 269
446 876 717
606 221 321
523 677 17
697 389 697
723 289 452
604 25 130
513 321 147
460 439 751
116 65 341
697 507 59
171 171 41
221 361 993
561 13 261
617 325 717
396 491 426
1 960 513
301 733 505
265 521 275
757 223 941
81 487 792
111 453 532
203 831 825
569 529 967
930 929 733
957 895 321
361 482 161
66 417 605
24 163 155
709 443 885
471 901 777
825 41 611
313 137 26
557 460 943
5 841 586
711 65 611
1 401 497
39 213 132
101 9 929
770 401 87
421 991 809
855 265 111
481 613 620
691 562 101
81 553 55
323 576 259
801 921 157
269 421 333
495 731 768
659 729 291
5 291 883
845 259 251
959 97 359
281 666 193
321 323 581
483 267 541
795 380 423
411 412 579
51 577 271
160 201 385
273 677 348
689 289 371
265 157 476
165 630 985
345 737 951
133 501 851
551 665 796
851 50 999
243 577 378
912 243 543
313 635 758
840 621 1
329 221 135
385 317 441
491 351 821
756 895 403
969 53 19
301 269 657
66 321 929
866 697 77
233 551 575
721 621 153
129 961 427
833 233 581
405 611 792
161 601 414
715 784 819
65 545 885
686 402 411
329 262 133
905 5 947
409 401 657
201 199 100
115 165 509
609 481 949
399 245 387
301 649 341
204 361 411
899 33 103
826 493 207
911 218 317
953 91 376
871 561 896
500 323 201
121 381 917
666 617 976
101 105 326
949 301 519
561 225 1
755 753 39
271 901 321
526 71 591
793 225 309
477 809 509
341 451 253
567 601 371
13 347 297
264 1 443
41 205 286
1 871 61
891 473 641
589 26 479
26 993 105
339 885 151
521 833 631
21 901 273
603 353 158
577 21 907
386 1 381
402 925 613
1 38 241
441 301 341
496 191 513
566 814 866
877 61 985
407 285 286
440 603 668
335 710 30
805 976 403
221 826 509
796 129 801
465 180 505
392 545 335
169 437 291
197 971 821
878 611 243
481 257 1
221 971 661
136 313 471
751 525 825
809 947 257
427 375 309
471 437 751
711 563 619
201 497 691
136 27 223
941 377 75
881 937 981
246 110 329
301 535 708
244 881 141
894 301 907
329 977 580
961 532 791
40 265 31
234 959 579
353 473 113
612 881 556
490 125 543
302 921 791
951 131 17
749 869 559
369 421 617
707 873 185
505 265 773
617 417 561
274 133 985
940 109 223
193 457 207
80 831 709
970 101 875
784 363 733
969 379 382
621 101 261
992 192 561
121 427 137
181 189 549
713 266 170
970 961 631
785 803 213
161 429 889
733 961 267
524 785 749
301 585 473
945 784 541
329 94 421
381 600 843
823 681 961
853 901 489
1 838 471
335 201 776
601 329 308
552 440 519
541 105 139
569 971 577
449 153 631
221 820 685
216 28 892
473 354 84
525 393 178
326 897 681
398 685 752
134 773 501
201 31 541
653 240 689
689 201 781
7 303 195
289 673 790
993 569 822
74 345 601
345 117 341
733 357 540
81 789 838
560 529 951
103 1 787
505 221 79
311 741 837
366 626 77
811 483 137
879 206 317
797 121 281
339 464 1
664 273 549
999 932 149
111 209 307
661 707 726
911 139 71
251 30 961
445 798 925
721 9 933
205 661 261
479 129 964
723 957 241
1 977 101
493 384 960
628 153 643
326 61 863
729 215 443
693 487 701
201 341 989
629 681 744
598 177 536
972 409 576
627 917 829
539 145 701
11 497 216
816 221 89
350 711 121
241 649 560
511 461 181
438 643 101
501 25 709
361 739 415
601 193 603
627 169 129
935 586 691
377 253 909
398 841 975
249 399 423
113 977 721
529 194 417
997 926 576
61 521 531
392 713 520
133 394 513
352 149 193
601 945 186
58 345 304
831 116 526
433 344 201
357 133 501
290 129 893
177 748 501
221 721 1
541 711 657
381 131 777
723 667 341
101 991 160
967 857 576
145 167 101
43 377 321
286 657 832
394 889 157
865 281 890
71 64 475
301 177 702
889 910 344
1 630 934
376 25 677
554 697 989
525 669 417
33 369 278
961 906 37
435 890 187
241 931 641
609 57 693
23 9 309
761 991 1
470 337 766
647 511 524
889 217 809
501 581 41
141 500 961
425 578 596
603 862 134
135 743 52
179 541 869
598 659 73
415 589 288
624 5 173
810 626 903
351 714 883
56 105 206
577 954 702
113 307 297
405 556 411
791 75 969
241 417 135
841 861 313
281 921 178
825 421 509
221 669 441
34 447 73
981 829 196
802 697 689
243 929 713
957 953 691
411 757 848
921 74 804
649 172 341
913 705 39
196 718 521
126 272 723
429 553 513
381 741 423
686 41 922
891 217 61
191 357 489
601 557 161
3 921 930
676 786 946
23 343 485
886 721 598
200 976 65
776 541 589
218 553 722
713 696 571
401 129 409
321 437 89
1 869 413
481 559 273
960 249 397
135 626 247
169 96 298
629 401 608
569 108 400
511 266 712
465 629 625
460 821 125
161 233 615
646 441 701
390 882 651
209 801 859
781 697 71
539 737 912
599 546 85
137 101 383
361 601 705
993 625 691
441 422 658
323 802 846
217 27 255
592 661 478
985 94 755
721 341 33
763 904 209
841 46 250
753 621 193
547 545 324
271 612 256
497 304 612
71 396 725
183 126 945
4 654 593
563 87 3
962 777 791
794 787 1
461 233 673
292 251 385
581 921 201
301 281 953
101 884 801
461 572 98
587 285 926
396 439 441
593 76 367
233 568 355
67 392 413
489 51 551
318 119 51
547 223 812
13 984 905
462 976 176
596 561 317
861 761 553
529 913 617
181 449 417
342 281 357
285 321 627
922 608 631
415 402 726
945 101 777
609 510 369
601 871 241
562 481 405
499 317 821
433 711 37
93 211 871
733 921 881
229 281 381
553 993 241
483 406 501
664 999 1
33 799 251
139 251 461
834 16 141
490 401 257
802 313 492
559 338 275
987 620 130
257 405 295
783 672 538
381 23 656
441 652 675
891 620 543
496 345 690
666 701 25
676 117 401
789 27 497
579 547 105
936 508 973
911 382 2
497 246 56
245 660 701
376 426 99
233 709 985
463 111 45
409 569 857
551 305 368
915 435 581
773 889 210
229 203 4
433 861 994
253 381 126
478 943 486
753 67 881
685 869 401
311 777 746
126 37 25
78 76 901
450 880 635
909 967 996
321 529 647
173 507 985
951 324 611
889 1 223
886 43 417
853 241 571
198 375 78
14 1 14
570 987 476
169 953 441
817 956 637
491 602 496
834 225 121
197 953 35
225 43 566
695 250 117
268 901 894
601 456 817
174 212 641
736 349 126
925 915 936
621 519 113
13 397 37
117 597 517
749 401 152
235 941 921
745 445 17
981 616 779
897 745 33
601 271 856
856 476 321
331 913 779
881 15 935
78 143 191
636 708 229
867 989 449
827 340 429
831 991 103
117 936 401
469 753 361
149 645 461
313 861 953
527 717 529
170 387 213
707 933 920
546 691 742
817 781 308
515 287 291
527 273 921
977 730 27
361 218 375
46 769 253
777 501 648
921 973 377
841 209 41
513 725 71
839 902 464
121 401 977
857 77 989
793 981 819
441 199 481
833 86 809
351 76 451
729 200 818
466 381 461
183 388 540
990 503 931
208 896 380
162 701 171
31 19 832
1 490 961
784 151 69
599 442 201
381 606 939
282 801 730
126 1 177
303 636 399
119 491 509
3 645 868
186 182 41
941 545 397
821 966 736
141 974 682
490 509 121
81 897 291
279 716 517
993 705 709
478 631 339
565 261 967
433 465 345
488 505 219
201 821 199
358 305 357
726 593 699
714 597 321
871 41 398
465 197 819
932 821 353
738 36 603
786 621 75
809 151 589
447 301 556
135 721 135
139 536 136
261 341 353
435 951 331
432 17 313
216 74 157
334 927 304
361 461 681
257 551 275
564 77 297
521 328 541
301 1 716
236 469 376
431 773 693
808 201 413
751 654 679
58 126 881
169 239 193
311 157 513
603 56 609
797 275 872
730 545 825
911 817 682
637 113 224
259 451 729
601 947 481
169 257 979
140 471 245
829 361 101
161 883 523
65 806 82
513 185 441
211 136 346
169 236 466
577 545 601
873 334 751
820 680 149
751 277 801
980 409 191
666 517 549
113 666 407
216 956 883
81 713 184
291 775 689
937 209 995
609 359 906
645 1 200
303 283 733
991 999 801
97 543 779
218 711 155
421 92 555
889 424 661
297 749 317
625 399 172
945 961 644
729 991 357
613 634 461
681 801 965
773 869 491
241 23 668
813 505 305
689 579 301
176 601 759
313 975 461
662 876 446
445 701 71
561 251 705
31 198 453
861 811 168
401 393 871
409 461 289
190 793 973
185 561 758
923 181 288
569 461 885
351 597 393
641 533 780
119 381 49
585 869 193
984 840 485
800 663 305
601 963 406
339 681 897
802 193 354
415 145 60
61 868 373
853 851 149
756 141 970
451 353 985
428 697 327
209 901 529
930 732 902
211 705 558
495 97 563
921 377 661
126 383 681
362 259 593
401 230 845
961 511 975
97 825 587
137 36 678
797 537 513
227 625 103
624 535 573
112 687 909
346 425 685
476 409 523
281 229 312
937 661 381
985 601 759
375 846 537
697 548 541
714 273 167
223 551 594
263 161 569
273 531 707
481 969 305
407 481 370
127 601 521
720 247 236
121 872 826
316 893 382
541 641 484
657 1 114
549 923 851
939 193 1
201 703 907
285 482 361
275 725 859
361 616 41
495 638 825
325 576 599
449 846 561
600 769 757
645 499 698
262 281 261
131 561 141
231 721 589
509 17 145
317 413 845
753 496 666
93 215 538
733 160 125
731 417 412
241 618 57
96 104 1
596 281 945
139 11 649
353 5 301
451 1 927
401 825 777
237 561 563
33 955 871
141 201 563
304 746 661
21 782 195
817 974 277
595 792 252
871 41 241
661 886 477
959 622 301
725 157 853
501 665 259
751 364 488
983 387 453
153 199 981
623 717 716
101 840 207
293 429 446
776 541 161
65 51 97
17 823 306
431 917 214
307 275 761
680 295 21
501 431 119
629 937 7
881 549 866
553 191 560
613 683 517
167 385 211
897 753 571
841 471 125
109 807 393
925 191 595
373 421 361
301 341 130
751 410 801
804 327 501
681 497 387
34 465 484
369 70 395
55 781 115
502 806 926
217 660 697
731 241 309
618 839 172
629 273 787
239 907 911
418 141 673
830 399 699
339 961 746
308 543 265
481 599 950
185 246 881
417 731 389
245 11 314
293 859 32
826 273 90
875 516 357
676 26 676
152 74 929
889 911 681
163 245 876
961 951 475
588 217 697
313 941 605
773 273 957
821 121 261
5 329 601
571 447 897
721 493 939
387 344 665
505 161 501
671 681 609
1 285 19
689 72 265
581 345 951
785 335 847
745 43 884
284 723 253
651 823 441
921 996 286
865 177 61
221 105 617
438 427 41
403 571 505
637 793 239
305 145 723
681 32 101
75 41 61
551 751 969
247 161 985
805 661 183
349 741 363
309 598 743
241 789 907
425 397 95
1 841 46
411 175 441
31 751 665
613 115 481
652 635 201
822 699 651
883 727 431
641 819 273
689 105 513
469 921 479
657 885 763
969 435 206
796 538 71
59 503 165
71 321 700
617 881 405
913 242 876
122 751 403
25 109 333
735 425 387
457 838 241
391 651 169
320 801 127
705 271 142
904 661 17
325 981 826
678 969 127
673 65 836
427 224 753
421 11 900
41 21 391
345 195 695
577 687 309
288 87 503
731 903 561
503 599 161
633 85 625
768 709 631
802 697 924
837 885 439
201 875 637
951 1 781
311 191 213
371 171 826
564 321 881
289 873 486
296 609 531
841 113 401
897 249 532
761 704 121
26 829 681
781 853 597
323 401 105
241 753 341
41 29 811
591 981 811
896 545 800
353 681 905
178 519 809
567 921 519
481 938 279
169 340 517
337 796 881
939 69 966
771 339 326
333 449 496
413 648 557
317 897 865
321 809 210
104 59 297
745 206 390
916 41 807
4 457 716
516 161 721
129 601 889
965 39 17
157 271 735
818 446 266
373 889 386
837 988 647
764 851 557
143 687 193
671 149 551
349 7 930
517 76 616
8 959 51
397 91 598
811 537 111
271 23 926
732 537 316
521 879 531
579 16 819
497 959 47
15 185 409
430 801 640
515 17 601
259 777 199
289 881 863
991 897 77
731 249 57
792 177 571
741 508 913
817 976 921
825 342 740
104 299 393
793 789 856
817 769 793
291 661 621
361 319 196
209 773 1
201 427 478
586 441 27
351 26 701
929 617 671
574 39 959
321 561 961
1 269 47
641 321 285
194 357 653
569 415 616
855 817 751
501 679 585
201 626 838
401 101 751
251 348 101
447 936 811
237 801 190
821 361 630
95 177 602
841 975 86
69 743 437
143 649 125
813 561 385
409 152 11
97 468 4
945 584 375
843 285 329
206 233 777
545 401 857
525 377 380
871 702 737
191 119 153
201 191 651
817 119 951
919 649 691
342 601 666
721 296 897
917 401 453
41 137 794
697 845 249
776 931 638
965 817 305
925 25 805
87 18 477
499 227 151
976 843 963
151 107 276
421 806 465
640 386 618
625 1 897
729 61 601
763 550 927
611 313 775
944 61 206
833 588 402
456 401 387
577 241 755
201 872 789
849 875 663
53 120 130
790 841 29
189 131 73
824 421 22
505 636 669
641 43 137
592 361 931
813 965 905
341 351 22
101 17 168
976 926 557
141 821 61
671 187 673
564 833 251
281 829 568
815 197 401
161 181 169
215 438 697
970 323 661
186 732 85
52 186 536
209 956 761
529 889 641
503 621 330
931 672 897
392 302 713
590 947 809
983 211 225
193 281 437
801 973 683
654 571 636
901 359 927
977 323 713
193 387 641
637 291 5
535 443 701
417 898 430
41 754 57
723 215 829
401 660 541
519 162 269
575 223 747
961 941 751
955 921 249
867 801 551
313 297 306
511 801 526
277 957 747
383 51 679
218 895 849
686 761 619
921 626 449
770 105 258
847 173 201
333 345 758
129 605 303
901 444 705
97 301 777
884 316 237
861 891 919
873 511 503
216 184 158
521 391 616
377 595 181
646 896 18
480 973 983
47 119 85
751 173 169
107 779 341
558 825 569
305 725 931
917 257 796
643 189 63
713 465 897
28 403 981
783 521 649
17 897 133
461 741 51
857 373 954
25 549 383
390 804 87
241 637 448
181 166 651
654 127 289
141 361 190
53 227 826
181 939 521
259 174 662
735 731 333
926 269 209
405 398 182
81 781 134
665 697 913
169 185 865
61 657 955
571 333 601
779 193 456
521 922 707
561 501 501
801 891 677
473 671 867
643 241 134
401 270 628
672 291 353
658 915 251
837 764 529
817 869 177
118 349 53
802 69 372
848 806 178
71 351 661
490 604 236
812 913 273
697 86 677
418 308 501
977 601 491
421 833 837
122 520 201
373 222 231
41 733 571
377 945 515
151 371 615
876 802 66
481 189 944
367 22 353
253 1 186
433 491 751
201 922 113
981 88 696
329 764 571
569 783 743
172 367 319
481 442 161
771 153 265
786 749 66
556 385 201
175 511 51
412 571 667
81 348 9
765 251 413
989 761 75
729 690 933
385 625 725
51 358 389
451 643 435
849 362 545
301 809 375
405 321 202
320 901 7
910 923 369
16 891 28
201 859 86
674 216 964
761 193 881
751 85 545
861 84 856
671 477 685
541 406 565
801 237 163
421 671 201
869 331 603
351 72 145
589 257 180
271 651 327
815 21 381
489 903 499
613 969 241
825 217 103
107 961 396
812 292 390
771 45 905
93 49 283
666 41 781
297 483 749
97 891 460
777 394 556
326 657 901
156 441 271
412 273 713
419 855 430
129 185 601
785 226 956
193 945 483
715 273 597
173 33 717
637 260 953
460 241 689
169 297 569
889 1 707
571 751 724
606 533 476
401 225 697
625 20 237
871 777 27
271 661 745
841 1 961
526 76 711
1 256 49
941 120 528
931 349 463
185 458 739
869 951 201
221 162 446
91 766 388
881 601 573
10 510 279
361 755 121
733 841 285
491 526 901
701 811 445
784 409 227
145 401 581
900 751 641
201 438 171
905 532 249
661 751 498
895 841 822
68 126 677
547 485 247
711 155 24
67 569 206
570 56 737
353 519 637
779 996 656
967 383 95
89 67 481
19 77 801
249 389 237
255 12 661
101 24 996
885 601 845
845 741 295
454 628 685
297 968 417
561 137 281
538 145 801
191 587 673
264 7 830
799 546 889
851 449 263
109 361 435
17 669 631
619 822 661
101 19 810
561 936 337
221 841 719
349 306 199
25 591 995
541 646 971
91 47 845
273 75 387
225 125 843
369 196 790
403 69 807
501 63 676
477 81 125
535 601 345
53 899 903
175 301 276
913 761 129
521 981 505
201 71 794
951 901 553
679 401 237
421 192 837
101 111 663
686 129 73
241 465 457
805 915 409
48 205 861
41 435 433
427 210 712
696 177 5
389 261 44
925 301 341
524 761 408
668 116 469
781 929 501
6 94 733
785 489 203
937 488 769
557 569 561
121 603 461
153 855 142
725 547 855
306 593 786
869 676 521
301 652 666
941 955 757
57 521 465
164 36 471
568 471 831
881 945 193
769 556 374
435 569 721
390 609 378
834 391 162
505 308 732
913 77 701
741 645 555
433 111 453
481 224 321
233 920 141
521 629 353
892 870 1
493 327 624
879 133 549
39 161 673
191 309 807
415 181 587
409 73 387
321 91 673
711 803 169
301 173 201
371 925 920
425 587 242
721 811 294
977 421 635
876 738 176
971 443 997
312 552 795
439 638 109
599 455 509
549 6 426
123 671 986
681 334 801
601 154 961
811 891 1
456 145 739
805 647 390
251 921 516
745 455 612
609 217 912
97 793 769
481 377 609
789 785 198
928 283 375
308 628 665
661 65 68
675 483 623
828 765 945
651 154 569
508 1 573
605 977 51
821 361 209
41 72 448
541 851 17
209 553 87
672 721 144
108 321 601
187 457 581
876 949 681
777 719 753
301 351 91
273 758 271
631 35 275
464 93 121
921 351 17
716 837 561
241 761 928
970 809 661
681 404 978
113 257 547
251 440 593
916 911 91
40 411 41
381 393 711
217 751 914
419 137 577
601 281 341
776 961 211
671 620 753
283 949 946
349 701 951
839 670 953
633 732 121
644 479 7
985 867 546
29 685 441
333 127 101
251 857 756
557 993 61
455 376 132
245 25 61
860 847 281
583 854 1
371 901 649
833 328 116
294 711 61
714 477 11
964 441 321
889 901 64
662 201 833
665 809 711
345 289 126
76 980 584
829 761 91
441 521 585
745 236 290
521 575 27
749 887 396
551 401 771
181 927 39
581 73 431
976 659 740
860 371 153
381 321 603
599 229 921
657 347 600
666 927 949
516 340 301
641 158 529
490 897 545
57 38 947
336 781 653
317 793 751
746 119 373
767 631 961
176 561 401
951 39 17
669 247 409
857 601 737
19 241 526
1000 301 891
382 861 665
481 196 843
319 635 529
473 73 121
565 691 451
665 870 33
919 777 449
411 49 471
429 57 1
41 142 381
177 565 919
550 329 64
99 765 737
311 93 421
111 73 290
251 273 939
206 39 901
676 601 809
689 801 303
653 964 471
269 480 991
994 991 649
565 531 343
273 823 952
736 861 41
277 153 421
597 141 149
145 429 211
100 746 117
721 701 936
773 303 153
137 601 781
993 816 76
841 549 755
681 351 497
222 809 796
645 121 860
10 493 106
825 601 165
361 313 84
673 445 177
387 116 118
235 733 992
667 968 265
356 433 943
916 749 345
813 376 48
915 353 131
477 449 246
401 697 986
422 795 291
48 808 786
675 916 541
53 612 951
107 514 67
505 810 251
469 913 531
610 30 457
211 209 648
899 701 679
45 681 425
237 261 53
396 671 866
85 334 237
934 691 266
233 187 883
581 660 121
807 906 815
81 377 163
472 45 873
329 979 621
767 101 73
555 783 487
289 920 361
518 601 783
851 845 951
43 545 820
581 701 621
538 169 799
265 888 901
778 973 63
545 131 831
466 422 57
561 501 547
229 945 797
807 801 212
257 561 836
998 686 881
437 882 901
55 257 897
869 501 993
101 81 391
100 153 787
133 269 864
445 494 651
501 45 215
881 57 110
843 241 281
991 473 43
793 356 284
211 451 369
204 929 16
167 81 36
371 461 663
486 237 899
158 715 593
780 137 325
449 177 926
795 805 551
776 801 769
621 46 969
771 375 851
583 861 921
313 617 752
721 145 481
159 741 661
331 551 876
808 701 441
85 726 263
746 781 856
408 921 207
761 844 601
388 240 141
361 763 225
566 625 231
861 969 581
465 352 434
309 113 469
42 624 705
956 212 674
745 287 505
796 976 522
213 797 1
441 801 976
339 539 683
171 721 201
154 485 541
911 33 905
31 411 719
620 338 157
853 773 229
330 225 305
605 925 673
521 401 404
267 921 89
695 491 416
469 617 954
713 749 17
132 865 161
436 309 329
353 805 119
839 865 916
137 469 461
801 484 331
473 895 143
101 118 93
626 929 577
592 620 499
737 345 251
987 613 536
60 126 921
220 1 751
838 457 801
631 777 116
449 937 736
507 543 925
33 463 435
923 340 251
333 866 942
261 395 628
439 46 716
913 910 219
631 571 709
649 935 871
594 961 945
759 504 351
497 46 309
277 65 923
161 761 17
293 454 939
885 266 167
49 553 665
451 97 823
349 953 501
146 188 369
166 805 107
17 581 985
901 427 857
569 417 375
478 243 876
91 609 926
455 585 119
530 745 969
905 327 256
537 267 131
63 999 516
261 425 438
136 493 489
683 151 256
61 974 211
961 894 320
476 951 655
889 169 697
965 901 237
874 155 851
852 654 135
926 263 851
345 100 981
617 321 203
427 361 824
886 891 685
409 586 761
113 862 521
233 989 557
151 565 757
136 771 927
774 606 809
853 621 823
241 517 677
757 740 981
311 901 989
508 794 881
931 236 796
664 587 99
646 565 969
151 476 447
17 970 431
47 221 312
921 913 993
267 882 241
877 351 691
883 552 816
201 145 125
839 159 863
278 151 295
903 667 980
283 901 321
35 857 633
601 653 918
389 821 473
714 643 724
351 821 929
13 566 753
210 517 331
761 63 262
415 246 829
409 105 733
926 121 351
105 490 681
701 317 41
712 739 64
46 611 803
697 811 595
177 41 575
14 975 487
25 492 459
127 14 443
79 301 745
165 897 729
428 909 525
484 77 316
863 89 772
653 21 7
628 401 494
831 195 613
937 389 769
461 638 53
285 464 321
129 528 6
481 17 587
203 917 601
331 953 201
221 541 741
577 255 476
417 577 761
431 338 629
79 991 851
553 871 210
846 486 19
466 510 943
475 591 246
435 125 935
766 777 926
505 65 745
321 881 316
911 647 454
451 801 823
169 281 250
393 565 857
59 66 945
291 835 373
957 201 201
953 385 921
77 321 977
65 439 182
218 904 482
905 595 226
671 41 897
475 561 152
506 961 677
681 69 229
658 627 181
5 628 862
841 801 711
141 778 830
746 709 281
901 191 615
13 717 713
890 897 476
823 448 11
871 652 536
141 915 985
429 105 871
626 40 801
465 687 733
656 261 730
85 905 366
715 289 619
766 26 999
431 987 501
406 563 1
749 511 341
601 879 180
596 491 747
1 15 121
515 501 241
611 96 314
814 799 837
741 217 551
746 911 629
17 654 449
432 409 168
297 659 771
966 940 825
693 737 785
721 49 766
945 861 843
122 296 9
419 129 777
125 523 908
545 400 41
601 949 638
284 856 981
701 987 166
546 74 711
716 845 611
672 813 85
929 529 217
701 781 946
639 184 827
947 197 871
794 754 251
805 781 225
22 401 653
60 356 57
451 687 531
183 515 865
641 528 319
519 302 159
283 856 953
495 646 339
365 565 585
477 544 1
929 183 611
567 769 984
589 453 918
665 245 51
901 870 625
799 698 921
873 916 66
79 257 786
833 473 990
56 53 331
545 241 705
933 701 162
541 698 417
753 253 889
705 551 641
573 483 126
101 111 78
749 129 213
1 63 257
951 465 301
166 821 930
523 591 162
799 41 601
961 674 563
469 926 327
781 11 601
879 916 80
389 810 901
866 711 969
671 521 297
913 567 716
409 732 1
441 61 473
644 151 569
801 438 79
176 753 46
657 433 40
97 363 497
162 676 775
99 591 381
657 201 135
751 657 991
441 65 515
736 715 91
265 256 619
465 903 357
994 987 481
653 181 781
796 830 585
41 701 225
607 77 9
473 217 581
821 119 601
688 443 1
919 909 869
48 286 986
937 781 151
149 801 525
357 607 285
641 211 785
153 763 933
463 49 871
757 563 49
296 883 4
801 761 873
421 38 845
830 621 613
161 237 145
529 308 51
376 46 345
231 441 361
657 553 129
145 516 473
81 621 361
128 937 664
13 301 49
561 841 344
341 141 817
862 466 147
935 111 901
617 731 198
537 129 370
756 487 39
257 873 441
685 641 171
835 576 127
89 267 257
169 363 836
976 473 595
10 779 670
273 481 875
289 911 679
380 777 336
75 7 546
805 801 939
375 657 18
10 481 593
586 866 889
421 389 406
511 321 915
249 881 97
411 541 199
739 454 293
57 411 306
638 147 927
247 901 346
479 449 521
81 971 201
954 986 122
443 161 329
745 272 501
657 581 435
369 824 499
759 1 449
1 721 921
281 1 661
409 216 921
525 977 979
373 624 335
963 801 421
361 321 775
469 833 706
69 815 451
61 226 617
188 785 389
477 656 9
815 557 333
701 513 817
32 663 226
231 901 539
591 659 690
298 981 64
547 881 401
611 670 640
477 266 197
338 9 191
791 429 743
381 855 631
501 93 481
44 593 665
281 361 102
21 689 770
973 784 681
481 401 65
958 231 111
661 569 701
77 166 541
472 391 656
916 433 319
723 901 991
409 125 913
606 611 511
663 821 541
586 967 176
459 75 77
683 576 858
881 37 696
942 402 640
478 24 954
187 457 748
876 761 478
801 846 515
477 339 129
741 641 883
227 526 537
510 367 237
563 701 695
33 81 221
345 433 565
142 275 186
309 845 751
73 161 74
964 369 903
961 683 460
41 937 265
371 681 241
668 533 750
727 985 103
755 792 773
583 561 257
515 245 401
799 146 688
857 242 993
529 553 576
981 121 25
661 993 861
427 732 391
345 791 273
788 439 107
426 534 292
264 1 62
121 751 864
373 780 493
201 884 867
101 229 513
351 231 55
151 101 75
186 19 582
833 337 201
401 90 237
134 679 521
621 352 481
753 171 981
861 201 196
721 952 451
649 141 535
775 827 801
298 349 201
604 445 541
808 181 193
77 777 548
929 201 793
379 717 660
93 921 458
665 126 39
721 187 903
577 69 841
25 877 51
451 981 377
869 41 909
251 476 757
329 341 997
981 913 131
81 420 61
411 679 962
789 262 38
45 189 805
589 697 563
593 333 678
583 579 647
835 323 385
73 573 645
541 153 993
6 417 201
854 241 481
745 711 85
853 657 27
261 209 66
640 669 533
895 477 491
417 529 188
109 224 677
259 542 439
107 981 742
441 83 161
577 891 11
808 633 556
326 55 682
377 1 165
301 251 894
861 481 834
39 883 859
528 221 555
551 631 231
409 855 731
173 721 721
989 301 141
506 583 153
441 69 261
679 515 297
351 17 361
513 794 177
814 417 513
29 193 876
37 273 408
153 301 618
292 815 613
391 496 666
37 768 471
726 413 383
665 877 649
665 101 577
765 331 835
945 626 163
741 817 787
257 861 659
25 175 49
751 49 451
393 665 97
205 405 662
869 969 265
361 81 983
259 691 805
911 929 324
651 222 629
801 401 26
176 79 825
980 521 41
975 298 519
352 643 857
25 23 568
971 745 331
929 882 332
992 201 257
781 625 1
897 603 220
865 537 551
154 171 71
611 769 805
25 570 494
126 471 657
1 817 721
690 534 551
821 229 975
137 134 501
773 390 581
521 927 19
260 888 917
505 896 641
529 137 186
967 665 625
617 463 165
781 115 855
65 1 306
900 42 541
301 788 595
987 90 830
513 7 289
253 521 800
621 521 484
777 246 327
117 375 809
105 51 445
185 670 217
771 781 376
713 67 573
440 874 454
631 473 993
79 201 972
577 538 701
126 409 502
326 401 153
89 215 441
561 275 356
331 488 859
454 425 931
761 99 577
101 781 327
925 108 713
479 901 617
941 226 9
131 547 384
525 330 441
69 241 17
401 507 821
40 301 679
513 41 525
983 598 237
226 361 618
891 116 321
107 156 9
389 979 346
353 831 577
631 423 411
733 869 78
669 105 385
561 926 429
735 226 894
944 251 743
189 587 376
964 713 555
127 470 247
369 61 485
717 40 457
561 41 643
985 743 76
985 126 731
121 827 257
9 716 281
169 63 561
681 555 604
747 933 645
460 965 754
11 149 879
893 581 21
599 517 141
497 1 461
437 729 242
658 155 405
565 513 796
53 81 193
564 847 457
703 320 669
56 121 157
933 413 171
414 855 876
897 496 17
956 976 561
337 167 825
89 457 900
849 829 651
65 40 526
912 759 706
741 289 385
278 751 389
121 243 399
689 293 12
924 732 291
947 483 961
970 295 843
631 488 196
578 451 656
25 124 355
401 460 209
537 323 637
511 960 461
705 69 438
1 373 26
234 571 915
211 201 763
126 607 149
633 553 197
649 541 273
17 620 951
613 885 29
433 13 576
49 849 716
409 385 740
54 833 875
29 737 650
819 294 729
137 124 973
701 902 481
649 801 396
939 781 821
677 769 313
955 501 897
577 727 394
139 172 433
911 937 209
429 387 795
341 1 270
451 569 501
891 576 358
763 681 681
843 270 143
831 346 258
889 861 417
101 725 546
681 793 325
157 54 769
265 449 958
1 601 3
421 840 783
553 814 781
319 865 105
233 937 333
761 690 368
339 121 201
757 554 823
611 717 984
854 401 756
981 75 524
711 879 182
775 856 551
789 516 251
364 721 431
341 81 905
597 41 792
837 106 75
641 170 201
654 951 964
931 294 497
226 451 642
247 117 315
449 104 596
860 327 641
513 871 633
649 41 641
501 401 581
5 750 701
145 907 719
841 533 511
125 411 177
131 490 113
271 751 513
1 181 141
511 61 461
601 449 427
689 441 257
270 271 561
41 339 672
160 642 117
551 657 235
265 114 510
952 697 554
908 913 151
801 267 211
346 373 809
545 756 683
53 193 931
176 809 659
167 494 669
713 321 705
492 881 351
633 755 771
801 593 243
363 285 301
406 503 185
209 561 241
650 479 748
627 937 171
189 355 62
905 414 248
536 943 13
795 763 6
801 477 243
935 77 9
861 151 439
377 248 571
17 241 551
762 831 287
575 606 686
866 784 101
931 152 492
641 67 721
969 9 977
6 25 721
311 843 93
68 463 555
389 81 953
527 711 9
391 412 877
867 726 851
703 259 609
545 301 101
272 380 185
398 711 294
319 676 225
21 297 76
770 909 181
29 251 215
126 764 447
825 151 985
31 701 688
178 795 529
86 385 284
841 255 682
394 743 235
721 741 961
191 641 155
249 141 292
945 922 328
126 776 441
375 473 433
65 171 175
439 61 173
161 91 297
174 935 256
529 601 297
651 445 303
702 553 239
801 576 951
401 495 411
285 17 86
556 321 334
753 341 751
901 274 145
341 64 341
992 799 635
201 166 917
208 357 359
669 669 170
558 909 866
775 343 173
23 907 189
176 491 115
361 223 573
506 658 570
613 489 778
264 345 991
193 917 866
519 577 791
501 549 329
211 391 289
341 241 17
302 981 587
171 1 821
137 321 528
40 773 795
517 671 320
940 408 801
981 851 964
634 501 73
961 425 134
534 537 361
221 506 979
677 183 101
976 857 105
707 633 923
71 581 386
149 691 656
875 707 61
595 836 892
459 806 665
784 461 201
831 415 321
83 362 921
745 787 985
721 31 585
725 620 990
235 407 251
249 797 501
685 441 529
65 703 641
713 118 381
317 743 281
466 749 170
255 423 665
641 817 905
114 976 351
601 155 271
761 686 465
245 866 454
21 725 130
921 53 445
381 993 592
916 345 305
911 801 722
971 501 341
461 475 565
873 223 819
411 131 761
567 247 296
738 968 101
124 69 51
477 506 711
896 290 777
297 53 901
9 922 941
1 943 809
832 276 977
425 265 909
169 102 951
265 121 220
61 851 357
49 497 873
506 809 192
1 385 767
753 171 845
537 381 349
963 686 233
302 69 56
397 795 166
367 375 777
761 73 72
401 921 838
617 742 976
223 526 561
244 365 895
161 793 412
496 609 549
551 753 49
201 19 553
648 481 273
522 681 571
687 136 177
501 13 517
516 567 451
481 721 809
561 697 45
217 22 445
481 523 601
803 353 355
181 786 401
736 331 429
6 461 999
751 78 61
310 481 121
181 765 701
695 85 410
464 951 316
101 959 651
63 509 294
953 82 317
257 231 561
955 285 439
189 365 461
601 791 519
322 40 261
391 429 686
331 585 215
601 109 511
599 46 1
401 599 715
271 486 231
557 281 197
209 9 751
42 165 256
326 835 825
464 137 313
129 676 741
126 831 968
827 451 636
17 311 1
328 802 315
401 405 614
625 329 249
165 576 657
681 97 177
877 185 290
343 377 719
489 226 478
296 745 369
853 376 293
565 561 981
629 750 803
961 999 742
203 433 196
713 300 478
129 605 409
269 809 226
601 405 615
253 820 558
641 781 995
255 496 77
619 993 640
208 72 261
903 72 325
39 833 381
649 677 541
119 491 679
971 817 957
951 303 201
249 721 936
229 100 626
153 865 757
437 347 641
365 202 225
241 201 417
582 537 632
729 849 428
425 218 721
956 449 937
980 653 213
713 680 165
521 265 220
239 111 377
861 241 457
701 857 929
161 241 591
401 691 650
881 946 381
41 787 627
991 791 27
660 305 790
849 369 513
201 976 299
871 741 281
637 921 641
961 97 601
979 607 361
630 569 742
9 745 861
960 565 897
982 512 349
141 113 393
709 36 885
222 345 329
851 841 921
691 240 3
351 611 21
651 94 337
223 601 477
313 201 825
545 25 581
112 366 909
801 805 751
556 329 135
65 41 227
647 751 796
571 601 709
843 351 207
701 685 105
751 661 124
871 649 121
901 560 693
217 365 249
61 168 722
801 511 601
522 538 586
621 438 25
256 291 625
537 666 948
75 636 21
104 229 681
81 339 455
586 919 33
589 401 63
401 975 324
91 261 938
671 495 895
553 660 704
415 941 99
466 997 967
835 603 665
981 901 466
889 249 821
869 841 113
357 34 897
985 58 513
981 720 897
607 317 127
963 10 974
413 791 605
533 581 97
285 819 99
635 722 825
884 151 863
87 541 534
921 561 76
451 519 921
281 848 151
740 575 60
571 137 971
571 236 281
222 470 161
385 517 364
341 49 533
865 327 249
55 301 475
21 469 109
650 488 581
525 981 876
67 759 231
1 585 297
521 178 774
237 117 201
477 345 577
321 641 630
893 611 83
751 101 701
835 326 201
707 973 221
645 247 69
127 127 569
935 641 609
281 456 117
511 111 801
185 879 220
869 61 329
11 426 676
854 490 640
446 265 782
390 789 801
129 881 827
320 514 627
117 508 673
585 571 985
744 171 353
492 225 161
58 245 176
179 661 743
899 217 20
229 641 636
109 539 945
409 241 574
618 65 829
554 523 928
715 33 790
425 997 161
234 257 519
518 422 942
876 266 706
477 921 447
865 621 177
921 721 215
286 107 767
401 121 155
969 241 623
665 655 51
301 231 921
750 546 257
897 766 279
839 297 739
365 923 501
380 565 551
207 381 966
386 452 735
149 891 625
173 836 132
678 701 366
197 761 574
741 733 754
376 447 263
663 67 181
787 285 301
906 945 110
31 743 727
253 461 455
371 921 720
181 279 393
665 617 921
851 544 798
698 346 427
357 855 701
53 639 466
361 11 387
496 861 845
241 69 116
21 725 737
553 123 316
538 705 927
941 825 91
545 939 661
701 851 781
905 393 293
689 101 713
165 483 715
467 665 641
816 32 737
249 357 253
949 640 609
426 157 906
902 153 501
997 381 489
895 213 789
81 989 151
801 331 991
326 653 901
537 779 1
650 765 391
30 641 217
965 49 913
552 531 133
799 2 371
597 273 993
321 115 912
181 831 294
145 836 41
639 704 571
737 606 939
35 244 281
419 467 309
805 641 760
689 979 301
141 221 425
517 51 705
684 781 449
215 65 953
771 277 828
65 231 126
596 401 431
451 276 145
250 97 813
769 345 697
666 949 369
269 481 860
953 729 193
533 595 617
209 271 45
515 475 381
747 619 525
649 9 81
251 979 997
949 965 891
994 323 921
826 897 169
999 105 1
171 826 941
797 201 821
713 617 91
536 191 766
497 701 701
1 863 941
253 369 358
688 861 935
337 43 355
415 681 969
161 681 979
332 857 497
392 443 235
825 947 267
829 508 1
836 691 357
644 857 106
191 661 503
89 971 421
613 419 171
835 201 927
163 262 881
188 719 833
321 801 750
817 600 391
769 401 893
811 641 178
486 299 480
659 266 259
534 809 696
645 169 145
939 791 481
854 963 385
233 841 306
971 293 38
25 341 171
499 153 103
513 265 541
956 161 763
781 703 823
876 637 662
641 465 343
565 637 701
649 77 351
156 751 873
91 791 371
851 121 992
93 855 26
121 699 169
621 705 617
632 126 609
589 781 565
220 889 285
786 619 64
751 967 313
452 195 125
969 465 851
786 281 367
925 107 356
41 937 371
951 533 540
961 515 931
505 551 857
341 657 301
324 973 122
861 438 625
569 209 753
876 369 837
516 111 501
212 353 231
318 885 321
121 614 241
646 315 796
193 762 121
111 230 621
445 996 871
713 20 253
51 9 976
16 339 299
207 377 33
481 938 393
922 916 169
921 867 886
895 826 672
885 597 51
318 617 393
433 128 721
449 17 17
685 417 351
473 231 156
377 133 616
426 841 441
69 564 286
297 525 852
1 631 9
738 241 212
481 217 401
67 741 866
145 297 597
130 921 201
676 970 131
13 380 341
106 143 913
480 330 273
472 344 885
562 401 217
909 629 377
847 485 201
583 487 609
449 595 896
259 75 21
201 118 769
842 556 618
403 182 826
407 911 181
441 889 564
621 653 399
369 457 157
870 158 601
161 149 101
185 481 549
95 149 601
801 713 569
931 583 281
1 329 535
735 87 637
587 541 548
177 56 661
729 229 569
876 633 911
745 601 97
75 721 682
929 236 829
930 513 261
485 601 137
837 945 681
513 174 326
416 352 177
36 101 786
609 219 385
89 785 197
761 334 805
890 141 503
849 656 3
196 344 284
216 739 808
577 425 341
321 501 81
1 766 763
225 303 855
668 481 545
961 529 615
374 385 585
377 441 529
300 96 565
866 219 905
280 11 151
856 804 647
424 899 786
177 713 901
167 505 117
57 205 767
51 826 389
692 281 721
107 245 361
953 869 140
726 861 635
801 881 161
808 519 383
951 800 276
485 981 41
353 597 181
890 24 745
946 257 985
662 780 31
911 126 993
548 321 916
73 903 293
521 515 421
921 549 976
567 561 291
177 417 81
532 684 191
481 479 284
165 482 952
121 651 659
421 573 580
141 209 277
397 401 845
21 622 721
831 7 711
239 177 201
437 1000 718
81 139 855
585 21 675
337 13 895
226 394 591
209 362 97
185 949 997
187 173 305
31 877 457
831 57 808
498 339 326
276 983 590
641 801 39
311 329 177
653 171 890
109 151 473
41 1 273
221 672 561
401 611 343
189 903 466
347 271 806
991 740 462
49 509 251
401 793 627
289 51 335
539 361 109
521 426 905
561 792 241
626 707 748
101 906 805
427 83 451
340 718 506
121 201 701
71 209 467
887 857 936
545 193 708
148 774 202
51 476 462
731 385 685
915 456 410
56 661 504
932 413 275
231 711 871
969 331 797
761 565 91
960 484 573
453 184 179
119 181 876
201 260 5
681 571 97
353 355 735
485 809 807
677 279 415
38 251 300
581 647 368
809 609 659
754 47 381
435 491 641
813 577 393
225 641 477
793 49 734
581 301 441
563 641 931
406 600 398
523 271 201
626 71 9
545 776 463
466 133 46
620 921 256
989 264 889
267 841 697
231 815 936
271 337 657
345 106 392
681 600 896
121 851 1
465 306 501
351 385 161
877 619 117
805 350 421
548 761 913
673 237 105
829 227 991
11 472 721
159 271 394
767 551 21
660 878 698
881 931 460
356 749 48
306 396 233
41 353 202
359 495 911
601 541 989
193 975 422
735 786 220
225 436 735
315 221 687
657 356 281
49 383 388
326 460 226
781 625 103
129 157 569
799 189 119
769 13 973
367 999 656
594 133 633
967 331 353
515 481 30
233 65 361
221 563 878
133 108 115
301 129 522
761 433 771
628 507 233
385 612 25
643 121 821
121 709 953
217 162 958
65 273 791
911 721 232
677 772 25
671 497 627
531 859 383
663 718 133
807 283 673
452 306 103
600 411 581
743 81 431
977 751 306
829 405 78
255 261 567
185 667 83
945 561 521
840 421 47
761 913 959
351 32 713
145 184 453
70 533 334
629 321 81
359 809 841
491 54 831
225 201 345
397 41 790
47 596 817
965 522 136
42 60 141
989 90 721
130 564 655
61 737 651
65 221 303
537 242 400
951 217 781
498 562 169
33 881 271
573 585 988
681 391 858
541 161 819
777 361 541
488 249 635
29 101 25
793 434 919
426 449 187
683 513 641
177 6 751
557 653 81
253 93 881
997 529 793
441 465 185
181 321 249
95 461 138
368 751 603
979 141 903
594 281 655
798 961 537
819 612 265
645 916 585
226 436 21
321 105 775
157 126 730
225 329 322
43 666 561
645 989 126
662 145 39
540 387 955
251 806 145
681 21 625
969 569 881
533 1 591
741 797 475
889 301 873
857 209 173
520 573 81
136 471 573
919 27 691
785 389 277
614 201 913
199 928 853
746 641 449
363 397 859
501 400 374
541 320 33
351 31 171
929 978 27
237 849 859
438 541 771
767 541 832
896 277 707
113 141 315
37 388 69
772 707 771
729 565 49
753 259 393
1 1 358
865 553 996
401 341 464
553 83 177
255 721 351
398 158 615
1 100 913
249 981 761
820 657 889
311 135 777
809 197 455
497 249 134
633 601 591
421 942 31
749 384 565
221 513 671
385 931 795
1 561 832
21 341 959
241 110 553
523 511 297
833 975 339
161 350 205
730 401 713
921 69 7
937 741 482
245 465 145
65 305 661
967 97 211
184 557 978
817 961 41
626 359 585
393 385 656
380 492 541
536 641 466
57 737 631
644 721 741
44 113 353
873 861 841
751 76 591
926 554 647
703 301 721
321 585 591
825 301 561
705 449 430
680 657 929
131 361 745
933 465 971
129 282 446
113 931 121
843 885 751
656 602 5
396 5 935
57 881 401
865 421 384
177 73 77
235 561 126
43 302 766
581 495 353
909 61 913
605 501 954
57 456 226
827 246 985
363 137 476
315 547 445
489 241 905
969 401 481
889 793 867
299 201 877
989 696 799
444 906 551
541 345 526
186 233 817
817 557 129
515 569 401
113 271 189
989 428 141
536 205 265
468 217 766
669 211 825
815 89 881
51 101 174
453 89 843
686 301 801
709 920 371
363 521 269
321 93 810
177 411 872
397 527 551
445 91 709
641 361 789
321 13 24
899 748 545
423 789 409
276 908 853
701 563 769
257 983 405
501 469 251
841 826 481
191 981 66
476 141 184
902 837 185
409 953 861
797 217 961
77 750 201
45 55 649
297 857 859
161 229 741
601 321 882
733 95 381
466 658 351
515 865 409
622 713 590
201 501 401
377 869 475
954 841 953
78 277 786
401 76 426
986 521 1
536 557 793
563 756 977
448 981 547
521 293 472
745 856 461
41 679 161
551 828 202
759 831 449
471 770 751
604 809 189
333 41 491
47 65 751
733 551 265
161 761 289
17 975 32
33 489 1
511 621 734
929 385 65
781 69 947
196 451 46
697 373 71
345 681 624
329 289 827
414 873 31
529 417 141
793 581 521
985 441 531
337 462 715
701 793 361
610 246 41
669 663 705
145 531 801
743 496 1
8 576 918
833 621 393
87 91 481
251 277 658
761 833 151
996 773 443
441 465 791
681 57 521
561 734 373
714 585 637
89 377 991
998 696 583
981 319 930
801 777 913
831 939 461
881 891 755
554 486 91
394 75 401
367 569 116
62 705 923
437 899 202
3 6 851
371 596 655
873 747 865
521 773 103
940 797 431
619 596 381
551 513 221
777 762 553
135 533 13
764 254 554
829 751 83
367 249 257
481 813 299
201 561 851
247 703 593
601 821 681
771 844 325
158 407 305
909 521 38
881 396 540
414 935 897
175 521 169
411 826 811
751 27 134
721 475 625
49 261 483
573 351 730
169 487 59
436 577 954
970 582 920
779 621 943
41 63 726
209 889 95
593 489 705
537 416 89
729 897 494
77 577 571
370 876 213
818 937 373
653 799 305
92 92 909
561 1 721
721 293 921
601 765 851
552 104 249
375 209 434
243 319 73
39 337 730
637 871 701
146 105 233
752 184 213
14 676 616
715 684 553
766 351 415
866 230 657
265 115 313
405 738 489
805 169 273
966 588 775
913 713 40
241 888 209
253 433 553
571 469 463
101 198 366
769 563 537
526 988 892
201 761 245
913 220 873
250 947 809
437 345 769
944 314 424
29 785 661
466 973 983
135 921 231
751 711 871
613 189 188
284 456 89
225 925 613
73 258 395
661 669 425
121 924 617
11 944 421
653 441 321
284 595 905
819 826 33
841 231 817
849 551 759
360 161 843
521 755 321
906 920 591
89 270 266
376 790 423
735 558 541
907 509 741
876 741 881
657 976 113
192 933 436
245 109 819
905 461 841
421 572 371
801 457 323
717 537 155
561 941 146
998 945 397
927 797 379
189 41 688
501 948 113
938 971 426
337 861 529
539 438 517
531 464 841
297 81 551
293 555 209
623 291 301
836 179 453
237 572 401
397 119 81
468 165 777
721 25 561
834 71 893
219 247 749
133 877 521
896 313 981
502 515 588
847 436 772
41 541 153
505 545 556
96 220 262
561 544 786
71 646 695
81 564 17
209 297 104
929 101 385
839 364 217
193 861 886
821 177 855
405 217 595
511 481 291
832 467 911
687 849 86
761 284 132
876 722 491
426 792 297
313 381 613
715 800 301
513 819 749
726 617 195
149 605 908
909 547 315
111 97 561
241 726 63
558 739 459
464 186 181
626 50 637
697 412 711
442 620 189
190 189 342
705 251 806
337 451 989
935 169 601
625 579 35
600 385 693
494 25 743
65 389 595
451 853 643
540 865 771
401 565 921
667 803 985
13 39 199
662 209 65
811 387 143
659 463 707
401 881 985
741 601 545
606 321 100
857 823 601
991 719 190
521 789 268
887 242 619
848 601 961
646 938 201
621 805 836
681 801 612
225 97 521
501 611 773
653 585 257
329 291 59
97 453 67
943 305 69
201 13 450
977 787 118
377 877 826
300 321 92
546 465 194
257 691 411
657 59 347
701 909 977
112 105 641
33 500 529
881 17 569
693 237 377
575 797 421
98 871 252
337 901 985
597 381 289
405 777 923
425 755 61
453 129 179
633 140 771
849 837 630
529 1 34
401 90 895
561 971 718
559 17 51
353 885 881
691 789 441
136 993 495
661 625 761
761 997 166
161 429 578
456 943 871
785 368 265
50 135 889
811 278 188
926 696 537
702 145 603
56 929 545
679 716 451
977 897 329
413 235 815
424 909 454
405 51 467
57 126 992
134 357 131
967 1000 171
921 847 854
809 335 667
501 730 459
713 441 58
115 653 180
621 951 800
514 625 866
245 181 76
781 209 22
703 176 62
497 665 129
376 388 239
73 30 816
743 757 73
181 283 427
1 291 484
458 721 529
401 364 886
443 695 874
201 736 54
725 885 74
521 761 277
21 299 241
981 301 614
918 689 121
144 649 229
643 911 674
254 301 499
103 765 151
476 747 651
591 853 301
954 77 821
621 592 973
250 85 489
261 173 877
470 205 81
345 803 501
975 76 956
905 681 41
581 775 501
610 687 29
261 324 421
499 575 532
385 690 434
309 913 419
8 993 7
385 249 833
481 17 179
989 633 721
407 19 85
845 484 901
781 221 519
966 647 518
520 675 530
81 276 865
31 141 267
289 717 51
389 29 257
529 915 805
49 128 769
949 72 241
17 646 1
266 632 959
353 797 601
474 651 237
797 801 881
955 541 352
569 206 1
751 33 841
969 221 801
237 401 47
918 539 225
319 353 419
451 317 401
310 721 401
907 38 123
521 171 509
569 87 435
25 321 289
366 225 153
981 192 507
271 993 873
54 401 606
559 345 551
462 569 65
647 593 910
966 31 453
157 967 141
641 545 865
546 445 401
17 545 656
789 121 829
353 246 891
276 451 609
681 371 425
611 69 653
510 201 712
309 550 771
947 40 773
945 913 651
579 923 14
175 796 739
646 613 469
821 411 968
15 471 911
397 299 616
473 538 971
461 157 920
513 161 185
140 213 429
136 884 771
633 493 665
28 501 411
999 865 224
325 609 937
453 256 206
241 473 457
489 81 118
345 409 476
426 448 561
214 204 481
641 457 501
976 867 159
220 713 1
769 882 610
845 411 461
429 502 897
778 996 202
909 992 650
793 929 601
691 171 918
48 318 805
495 133 61
941 833 771
104 744 925
441 661 251
647 817 699
755 617 252
