3044
525 201 157
353 587 250
49 41 741
814 742 537
945 49 191
857 921 701
921 733 828
88 682 271
137 714 165
641 249 661
113 516 641
81 709 31
907 361 921
265 591 680
161 419 531
243 23 205
221 730 201
195 999 721
91 871 27
586 401 159
642 425 185
529 641 681
126 301 498
581 551 676
101 251 959
146 993 903
151 649 619
994 975 481
594 626 109
457 505 776
26 257 506
55 929 672
761 270 541
101 277 318
529 709 393
541 946 282
992 741 362
7 401 449
821 971 41
767 85 788
166 441 221
767 744 249
844 351 729
581 166 632
553 366 326
991 779 31
992 141 193
53 111 149
966 511 436
896 505 626
913 607 251
685 549 943
145 93 938
209 141 579
501 109 761
956 1 877
121 777 197
892 582 266
681 321 942
304 513 947
221 955 953
738 13 451
281 221 189
625 911 586
456 780 562
110 851 709
427 947 816
719 281 153
555 226 415
565 600 125
89 380 621
311 356 671
250 369 86
656 993 479
201 701 769
805 493 641
281 421 50
721 581 21
187 607 881
11 710 215
357 326 605
729 605 55
741 123 453
65 677 314
187 605 190
33 809 681
362 549 428
666 474 231
733 541 251
296 721 712
797 455 319
11 482 81
608 513 201
1 242 410
175 733 161
301 556 505
992 636 739
565 411 1
101 226 1
25 457 765
476 901 7
541 529 369
216 318 103
740 460 296
451 305 217
471 85 793
303 209 411
942 347 884
401 277 581
937 452 308
144 952 301
657 549 655
742 187 829
909 826 631
109 799 980
171 31 481
41 735 673
737 309 615
864 761 51
846 631 687
591 847 367
649 45 56
642 917 17
181 633 687
537 41 341
501 65 541
491 566 602
108 833 9
927 161 350
133 679 614
751 670 380
551 866 297
237 834 553
871 361 108
589 474 281
581 689 915
703 69 421
526 401 804
509 381 933
941 853 257
764 536 974
25 727 306
177 161 907
313 929 633
239 781 923
9 608 6
107 69 785
377 718 141
985 941 31
13 731 751
553 961 809
77 944 291
704 713 982
915 59 785
689 143 609
876 602 133
521 161 641
664 601 861
929 923 877
569 359 746
911 949 161
293 556 885
659 807 431
326 1 350
392 200 846
405 946 583
229 645 89
371 291 571
177 17 481
426 73 307
161 271 177
893 927 975
657 266 288
817 927 551
143 41 364
341 395 205
447 264 976
481 675 652
801 376 728
441 57 601
82 831 321
781 885 83
985 651 594
969 415 395
386 577 912
821 674 827
351 693 561
375 583 961
616 641 745
526 476 649
431 270 957
105 735 761
761 355 523
877 231 597
321 193 548
937 41 881
361 973 763
293 576 545
716 737 441
821 563 852
361 905 65
247 253 546
947 236 745
967 163 220
257 551 711
158 985 129
513 71 571
11 906 277
441 865 17
801 993 961
997 265 726
401 191 246
1 942 176
781 939 253
121 801 166
462 617 365
321 509 257
481 429 121
339 161 381
225 406 257
101 525 496
797 870 716
201 7 990
278 554 531
651 345 944
821 849 163
512 241 417
536 63 771
40 701 953
129 564 238
217 914 411
161 776 311
335 969 689
834 934 521
529 634 197
786 648 487
161 453 553
321 296 121
316 366 62
601 419 929
159 909 759
866 451 629
297 689 417
682 429 569
169 831 519
81 509 33
826 176 502
783 33 909
736 465 838
585 111 221
630 701 272
596 281 51
689 601 586
701 421 115
943 385 828
436 446 256
501 825 537
960 984 453
901 371 999
497 857 733
626 601 721
451 681 197
461 1 325
137 891 86
401 169 17
795 581 485
560 515 671
846 801 853
753 379 101
749 962 901
707 609 631
829 623 381
791 473 711
843 193 56
753 153 489
701 684 867
915 594 105
640 764 937
128 866 711
861 406 101
543 215 274
335 475 326
401 83 371
881 982 79
651 676 126
357 877 751
397 553 56
940 431 439
456 318 953
531 649 245
779 601 169
893 575 117
241 183 266
757 941 777
14 317 41
210 599 707
635 19 145
849 19 157
369 131 358
326 517 481
345 435 25
45 825 578
185 604 921
940 101 667
891 737 947
628 19 1
406 423 505
967 901 500
244 621 521
91 593 961
628 851 163
721 845 590
909 561 105
31 518 911
249 185 766
62 523 355
91 611 401
587 531 639
761 421 335
719 997 1
651 301 87
385 325 125
169 446 211
585 913 976
619 80 261
180 72 933
276 936 577
715 274 161
891 209 585
682 176 621
665 58 141
705 991 59
825 561 581
361 116 671
627 321 601
281 782 69
659 921 899
697 985 921
259 761 381
106 54 941
75 741 861
441 149 556
741 757 147
117 521 901
439 175 77
758 441 110
559 649 933
65 663 439
543 976 871
455 87 995
46 945 1000
997 625 165
529 8 133
826 274 653
751 709 431
206 163 776
321 781 509
299 201 224
860 838 137
877 41 697
632 21 728
673 603 836
917 51 211
30 945 281
225 605 61
469 283 683
301 649 381
993 23 249
965 761 677
553 893 761
515 449 326
721 145 925
429 825 301
159 251 33
731 962 681
835 747 965
719 794 185
641 521 611
178 661 25
514 167 475
145 261 415
659 881 838
167 21 181
187 236 27
981 959 681
662 369 835
199 803 142
201 649 457
777 223 575
921 769 369
393 450 553
55 465 633
766 693 250
192 813 441
66 576 134
269 99 830
895 311 137
288 456 55
471 321 23
669 801 913
229 449 321
585 771 575
177 209 233
301 397 497
467 350 747
21 373 287
893 804 110
123 33 296
583 136 59
905 401 751
31 227 121
371 354 95
327 974 128
497 988 988
681 706 534
777 197 917
794 1 445
979 606 11
418 82 629
209 999 431
323 789 766
477 857 651
289 341 485
867 745 598
906 426 121
640 41 841
158 236 101
666 921 207
431 989 250
649 714 590
655 541 27
117 741 163
891 697 45
241 26 561
431 771 191
513 999 313
653 560 916
30 666 477
29 47 424
143 479 473
793 768 732
73 866 542
237 707 531
51 641 793
761 495 96
973 419 289
675 305 226
251 643 991
761 219 501
623 511 71
649 232 677
933 601 418
425 237 693
597 760 131
276 801 76
64 257 240
461 257 893
937 506 41
693 521 622
448 761 89
100 681 601
188 222 409
807 106 241
187 346 613
870 767 881
761 941 866
171 805 801
121 417 316
128 935 411
174 993 448
233 467 124
243 501 781
950 537 221
941 48 593
201 179 109
1 567 435
61 159 405
236 604 462
13 391 943
307 613 169
351 201 565
417 621 477
630 813 476
609 957 280
481 187 997
409 237 241
709 394 734
269 513 677
457 31 255
525 673 283
539 891 904
226 475 767
345 760 36
341 151 277
85 401 931
218 761 93
399 721 525
706 633 25
311 500 961
440 208 281
145 557 101
677 513 319
297 9 351
597 921 873
937 551 431
449 77 316
46 811 271
977 218 887
766 784 589
676 321 741
744 579 903
521 361 257
146 11 565
457 629 413
28 26 378
425 197 944
221 881 611
481 249 73
769 469 626
423 415 961
849 941 800
945 211 866
529 521 276
606 861 293
801 849 697
17 993 273
929 887 235
241 551 403
312 474 41
371 666 91
947 627 71
788 186 983
501 331 171
109 177 753
409 377 481
628 443 551
171 464 351
61 194 112
3 379 181
522 745 725
464 345 477
501 255 665
276 876 569
621 751 541
1 54 558
267 145 215
137 943 374
283 363 551
377 180 738
528 809 488
259 589 602
985 115 786
861 917 741
503 951 697
825 369 415
846 280 156
601 331 311
366 86 77
226 642 851
442 491 565
47 893 157
240 505 201
156 234 273
131 736 985
225 841 466
804 224 15
201 571 201
891 620 301
680 466 841
1 749 149
349 753 307
965 76 67
686 837 524
900 84 236
201 797 449
573 573 267
63 437 617
310 687 216
827 557 755
75 105 627
781 143 11
983 261 326
367 476 353
326 281 471
592 29 203
33 179 516
678 996 269
145 405 647
399 8 85
453 845 998
433 495 193
31 966 892
729 553 551
313 105 465
226 13 275
265 991 541
805 624 94
760 291 716
387 921 141
797 649 995
5 105 604
601 865 623
105 119 573
457 723 261
725 577 925
515 921 505
744 986 843
265 888 171
505 812 360
201 380 690
1 316 805
65 205 227
129 441 935
251 609 821
827 662 586
433 137 885
849 948 921
23 501 675
445 465 901
854 713 39
941 356 550
193 551 329
195 577 391
173 929 633
521 481 385
709 601 491
126 161 1
979 751 335
701 104 707
579 723 91
366 359 45
201 193 926
875 441 455
379 657 1
266 944 909
601 705 151
581 314 993
176 541 868
26 509 673
907 841 675
147 803 739
9 1000 235
811 697 251
13 751 141
247 40 101
399 759 473
249 714 475
189 486 219
903 937 219
515 534 755
521 361 361
601 921 733
798 881 673
86 821 832
868 821 17
33 533 489
81 72 727
65 246 609
387 66 81
668 60 497
270 297 761
973 457 111
631 361 707
248 41 29
511 839 920
126 149 849
157 401 289
435 857 233
590 157 227
255 474 813
511 763 869
117 489 713
241 101 365
251 81 596
463 924 561
677 455 541
195 543 446
836 727 478
523 811 685
111 281 449
907 56 369
101 236 271
37 549 667
261 119 658
371 469 201
269 461 151
102 781 297
89 951 317
807 308 727
281 241 617
761 689 282
264 937 69
871 257 89
815 845 367
511 365 671
565 165 957
571 933 279
689 181 105
815 451 705
105 449 793
627 641 287
284 541 71
561 341 301
149 777 390
987 483 742
51 341 452
763 251 689
601 218 332
951 585 351
311 175 816
797 825 909
169 273 783
76 909 146
613 797 439
137 6 831
356 571 431
386 973 729
299 493 891
906 211 361
889 698 304
782 775 899
777 769 213
681 361 149
103 714 147
55 568 771
711 54 272
846 319 861
747 225 657
211 226 172
511 524 273
815 881 5
560 536 533
896 356 601
351 779 185
413 637 403
836 642 296
285 577 859
87 693 327
585 165 631
185 355 757
81 151 21
1 939 213
919 650 9
140 641 523
683 265 387
201 151 750
399 256 129
106 226 801
116 896 383
577 481 525
655 905 489
896 903 443
881 21 741
410 830 710
652 200 761
725 278 917
796 521 726
976 124 381
711 868 932
5 402 9
351 83 821
571 951 851
982 796 329
139 818 387
73 77 229
637 584 21
319 451 991
649 854 751
81 887 754
731 611 688
706 537 409
209 633 966
87 555 749
587 479 55
386 161 161
774 781 248
255 959 41
596 836 171
436 533 241
142 866 641
673 271 220
281 465 174
201 92 193
579 527 689
236 197 387
811 379 115
367 222 411
511 839 167
897 901 639
501 335 873
97 906 874
492 861 836
489 881 468
769 978 637
344 681 981
623 561 715
105 497 453
188 601 51
786 726 327
671 121 345
637 246 748
416 401 395
715 361 887
418 281 847
537 641 826
1000 611 929
156 907 77
859 457 401
742 5 721
383 465 422
775 381 341
325 937 465
49 736 131
385 293 807
771 633 206
155 841 440
867 607 875
20 828 545
521 657 281
283 391 657
448 302 61
261 921 869
141 909 121
141 453 624
558 31 301
643 137 282
21 601 277
54 65 371
833 49 570
717 885 774
313 492 731
876 751 801
85 401 183
181 719 752
336 164 521
508 342 81
151 690 49
862 45 553
551 96 542
577 89 993
281 657 381
141 653 631
221 519 135
913 571 757
521 79 151
167 977 441
283 501 945
143 926 740
541 396 761
665 404 781
343 441 211
77 953 79
581 739 601
51 291 436
977 496 996
416 696 719
691 447 821
961 49 756
670 65 237
666 76 707
721 157 724
198 601 218
761 24 985
521 113 805
386 976 715
626 689 97
107 282 381
768 876 81
89 909 783
633 162 481
885 254 921
509 389 321
961 866 65
780 674 66
775 6 437
131 956 149
501 628 388
621 345 55
551 458 188
973 484 861
273 973 741
145 917 395
911 661 592
916 985 798
82 35 43
366 606 545
329 401 121
401 459 900
996 325 451
186 156 96
90 608 787
791 791 587
776 893 521
965 801 123
197 865 856
817 373 608
257 383 401
654 807 448
765 822 101
859 421 416
833 306 925
44 235 751
366 866 131
256 816 971
265 161 89
721 53 1
586 121 550
631 492 446
672 987 952
461 206 753
53 43 997
433 621 865
969 769 481
97 89 784
1000 861 974
837 491 20
865 789 17
261 711 297
212 176 781
832 829 245
423 819 696
780 893 569
345 750 409
261 17 761
819 959 497
225 643 689
515 433 358
328 726 91
962 757 162
909 661 177
273 565 41
868 150 883
62 464 838
257 737 625
583 207 140
815 218 17
77 19 857
585 297 495
286 105 34
601 71 489
401 808 181
826 363 101
601 879 411
9 446 233
212 81 939
863 581 574
463 275 948
226 665 65
793 495 744
776 865 849
441 501 746
555 65 925
881 217 801
721 873 739
375 313 351
24 425 369
1 690 855
221 516 319
199 841 229
56 289 681
913 125 716
449 203 508
326 185 107
903 741 461
833 359 464
193 687 315
46 949 289
495 702 641
254 96 83
477 209 521
311 405 73
719 517 941
811 767 951
855 376 703
321 657 63
831 986 601
6 953 630
57 296 97
363 885 731
255 901 661
635 817 821
505 661 736
579 861 51
232 797 757
741 795 759
602 37 483
193 600 191
193 816 261
621 801 918
633 318 923
931 703 585
489 73 178
308 915 119
791 603 617
147 961 585
362 249 169
265 461 741
297 985 771
101 866 123
265 97 401
175 513 201
15 235 801
717 51 876
657 193 805
846 489 801
105 859 861
673 171 657
55 121 686
705 499 864
871 485 911
401 889 399
991 591 263
641 161 25
441 401 26
237 513 318
75 777 869
523 446 789
181 356 609
926 61 251
927 877 479
508 253 551
254 706 719
398 897 49
545 189 593
123 155 181
523 960 96
561 707 405
59 553 1
736 537 574
393 458 431
362 407 251
129 745 847
251 475 438
781 65 275
681 321 744
277 971 656
669 373 219
156 472 881
309 49 901
981 511 401
352 347 208
371 841 1
613 791 321
465 284 521
861 41 149
921 721 25
965 77 219
445 209 41
631 1 921
937 371 918
524 261 971
181 959 236
887 357 127
405 269 171
901 961 763
841 581 853
761 369 613
865 12 829
407 337 981
593 781 29
66 827 202
101 960 899
985 319 327
671 806 811
639 9 161
262 901 313
391 76 13
81 237 688
729 16 251
451 569 967
745 361 547
248 325 628
568 235 561
41 31 700
217 396 27
536 226 886
166 567 346
997 45 172
621 521 169
631 561 398
681 128 769
104 221 431
901 711 767
585 623 339
91 796 313
241 651 201
355 871 383
565 987 11
621 241 501
494 885 45
565 371 66
533 669 631
46 844 681
326 229 14
594 1 495
457 336 916
161 66 677
751 657 21
558 505 691
451 988 541
493 533 802
204 498 457
749 41 369
505 750 57
393 265 141
49 311 190
241 560 925
665 439 274
196 111 926
818 515 36
925 89 851
656 434 549
749 693 230
252 73 758
366 825 907
851 417 990
625 619 163
621 701 1
381 425 666
186 852 892
261 467 497
403 431 631
608 67 428
573 231 19
405 933 919
733 906 746
91 686 489
807 145 501
969 987 965
662 917 193
451 51 895
11 895 369
896 377 401
137 15 803
953 740 269
49 112 41
345 658 248
535 309 250
233 669 167
373 405 971
941 146 741
777 897 813
125 509 897
531 501 67
313 224 714
959 620 55
378 249 401
616 585 383
491 551 271
322 143 389
531 22 473
823 859 729
945 451 551
839 305 920
705 619 321
298 672 419
777 445 81
704 990 79
377 191 30
33 205 826
729 517 387
31 861 622
861 1 883
617 487 809
201 509 411
153 633 145
730 579 214
477 501 206
241 291 65
289 379 941
226 936 520
85 141 466
543 121 571
450 481 945
637 641 414
201 508 439
363 31 857
521 831 929
57 622 981
193 601 537
156 400 499
807 576 531
755 597 696
109 413 979
216 187 271
121 967 919
177 682 306
871 17 966
471 497 830
837 657 870
178 867 291
993 849 227
933 938 869
51 563 796
145 811 137
413 520 514
71 923 132
375 93 651
439 822 433
279 654 161
820 491 433
489 221 583
752 663 985
229 213 683
128 641 865
337 231 249
936 301 916
592 589 873
776 750 777
552 464 366
287 274 221
809 203 601
897 991 591
59 155 667
850 901 121
173 147 63
96 29 201
40 683 989
512 616 307
855 697 41
845 473 436
831 23 647
286 139 265
93 753 945
793 663 576
397 152 208
543 241 856
925 326 717
968 385 861
937 901 34
541 321 959
215 594 381
182 865 221
17 141 601
277 252 555
30 297 43
737 25 737
648 926 872
476 709 68
957 299 13
917 813 82
345 59 241
405 843 827
580 761 585
790 992 564
727 960 315
612 93 300
639 10 21
329 890 921
673 398 297
300 873 43
159 171 801
309 211 381
974 685 19
384 431 645
3 892 818
897 101 951
591 411 911
765 329 177
881 905 587
841 653 951
977 551 456
211 870 687
82 481 805
601 92 101
101 976 513
177 543 475
489 796 978
119 311 38
226 673 2
873 576 817
10 725 449
151 673 973
267 252 708
422 449 242
541 241 771
661 70 690
431 81 626
309 919 857
234 46 573
259 373 981
413 21 117
81 501 71
549 496 625
996 301 774
547 962 32
253 37 385
677 609 905
530 869 100
897 373 841
376 976 281
19 756 143
41 100 113
346 895 792
575 473 210
673 751 266
433 449 105
945 377 913
589 960 991
333 705 233
393 461 781
997 581 719
491 659 965
953 118 543
671 105 761
501 201 820
288 849 531
69 741 856
547 738 286
895 125 201
49 301 810
359 155 412
103 465 334
300 331 821
557 481 309
225 709 266
161 28 842
641 621 259
501 875 687
560 485 53
577 278 626
591 576 868
209 751 247
681 93 185
489 321 767
46 277 741
641 88 877
490 937 689
864 9 337
935 801 717
814 243 863
966 332 904
925 75 801
267 126 896
55 159 301
49 341 435
225 817 520
585 916 501
661 582 996
421 557 181
925 211 693
929 581 989
136 1 25
126 681 690
371 57 837
681 11 105
481 841 620
673 540 412
414 701 569
115 509 755
953 139 479
220 231 703
417 772 641
962 22 593
481 761 586
501 383 455
165 690 396
589 321 36
773 99 281
587 526 950
495 616 705
305 371 485
877 687 975
763 877 284
425 393 581
457 811 867
906 4 501
453 809 627
359 929 726
187 82 653
446 413 151
861 649 102
671 397 641
856 613 201
909 881 231
151 521 651
771 921 841
881 533 672
137 848 977
177 261 347
217 929 879
834 175 109
257 553 273
756 971 185
161 927 473
761 498 571
952 796 43
691 878 778
498 661 1
305 576 957
226 461 455
631 652 811
181 41 259
545 714 905
836 924 417
25 330 337
465 553 953
129 510 305
521 539 97
1 981 622
163 11 690
381 348 117
146 858 621
65 833 651
387 201 638
313 190 571
458 816 295
811 115 721
941 621 30
441 416 353
529 385 240
121 141 826
617 724 693
239 462 406
796 465 809
801 841 333
629 614 385
599 55 913
706 107 399
691 897 686
486 249 937
497 71 426
969 351 126
345 453 118
101 422 577
41 447 197
881 507 19
176 116 857
635 640 175
461 508 73
397 884 271
709 691 65
156 7 5
347 776 421
161 641 988
661 201 17
345 479 653
49 74 635
646 901 553
670 974 258
681 836 785
638 929 962
866 675 331
870 208 507
441 651 366
142 999 343
914 519 631
246 5 413
1 223 825
909 709 857
238 209 578
81 226 541
147 541 626
421 521 717
661 843 671
993 358 919
201 673 10
659 732 167
841 206 441
855 467 801
9 722 761
43 396 793
922 146 681
196 892 161
251 265 909
651 423 769
103 18 441
820 101 17
57 913 331
281 537 336
381 685 212
810 673 409
865 261 679
641 181 785
957 343 672
489 808 730
849 897 688
941 158 365
329 270 794
42 621 949
272 581 290
359 665 795
57 859 545
11 137 103
170 589 351
217 857 25
525 63 765
497 946 682
241 650 563
401 711 649
997 71 789
896 711 393
913 841 287
893 173 335
791 351 885
401 967 145
643 673 529
305 273 141
353 701 591
1 1 309
881 418 305
503 505 559
833 641 46
627 331 605
544 842 91
781 901 521
441 606 977
944 633 748
505 895 349
646 261 921
100 207 983
225 915 31
971 976 267
435 871 149
366 138 681
241 61 939
303 569 912
118 404 83
638 543 281
420 609 951
211 383 957
675 229 951
749 369 963
457 787 41
751 472 725
773 769 210
341 289 480
810 985 731
832 221 201
243 593 631
126 278 18
541 591 319
651 709 459
333 671 820
611 273 371
721 465 816
589 341 9
889 185 701
585 601 761
931 715 940
731 509 782
618 970 409
176 436 456
769 228 631
564 548 819
26 962 355
419 166 617
321 961 787
39 456 351
711 610 195
56 661 538
675 551 471
855 449 183
153 153 736
513 393 920
897 397 165
237 811 708
181 365 631
376 281 962
438 620 799
701 357 281
316 765 987
836 816 684
799 861 468
506 629 145
65 61 190
617 544 881
889 947 877
725 801 293
841 107 121
751 443 817
856 705 277
713 333 426
962 351 413
29 407 105
111 401 831
405 517 1000
681 177 125
637 131 769
897 605 756
929 985 424
921 451 10
737 343 616
985 773 627
129 481 990
477 193 381
144 257 734
331 305 619
183 369 311
953 361 492
576 303 849
625 151 796
765 745 691
401 151 106
165 877 856
171 185 469
276 231 616
25 881 539
677 181 926
81 89 381
987 313 928
134 131 826
729 804 321
865 285 201
183 834 313
999 826 173
499 73 769
361 423 673
239 587 161
951 443 161
374 290 377
631 234 99
289 402 105
306 188 491
822 126 369
427 566 614
281 731 629
257 201 133
506 726 186
701 427 625
887 563 614
305 757 631
285 201 612
869 45 431
401 541 929
670 93 736
918 571 883
569 73 30
76 972 683
795 479 581
513 301 919
95 383 889
597 901 49
49 333 932
561 947 839
286 631 469
861 909 399
911 1 786
891 225 364
409 347 417
41 681 629
521 33 117
329 727 936
931 1 829
785 902 846
796 313 237
247 801 426
521 248 771
117 258 254
107 25 861
486 13 653
797 361 937
420 57 503
985 28 133
733 435 823
909 531 856
571 906 803
19 791 368
746 578 297
596 630 191
409 375 751
377 861 417
545 145 501
696 413 285
718 939 945
424 341 321
393 515 806
379 573 251
619 866 273
417 646 349
196 777 521
490 238 868
61 221 369
701 672 512
869 196 621
861 521 53
212 433 391
561 33 671
105 515 566
179 629 797
943 625 111
1 93 301
189 199 101
715 777 487
81 39 918
681 385 625
765 173 265
546 25 243
941 196 985
318 697 985
89 853 788
310 676 705
755 733 549
484 881 333
85 841 729
65 849 1
716 136 555
967 317 522
472 905 501
177 375 113
993 432 758
409 437 417
695 995 601
767 51 76
721 97 526
121 53 365
453 804 685
161 433 138
89 701 19
146 890 707
451 9 281
845 62 741
565 153 954
237 409 441
737 937 1
50 383 139
557 633 581
206 361 441
689 737 626
691 311 887
321 520 871
721 821 115
231 951 457
471 604 521
827 852 993
327 779 594
920 877 761
225 848 731
865 965 681
124 567 270
417 13 161
891 141 901
115 833 228
477 622 701
425 190 747
445 928 509
14 976 581
526 939 706
13 551 673
721 935 915
645 69 795
681 582 21
193 353 661
731 946 401
393 133 395
865 657 537
590 426 880
25 501 141
551 238 775
990 911 203
281 173 651
777 681 173
134 447 883
328 199 813
221 55 947
313 933 865
719 201 891
106 667 213
626 809 481
758 181 377
129 226 790
123 501 443
397 479 540
617 224 791
241 221 53
925 867 172
165 807 501
206 705 236
388 758 889
360 481 75
373 751 163
576 279 173
246 82 441
579 381 7
223 156 981
301 793 331
219 911 66
201 305 883
331 711 344
289 841 421
750 213 830
331 475 626
288 267 766
535 194 561
705 436 521
901 753 973
406 513 178
46 689 851
395 203 129
889 402 5
317 45 457
936 614 25
755 475 505
751 841 327
658 589 10
901 702 527
417 401 806
103 485 372
643 1000 571
296 575 755
349 386 830
112 501 291
317 911 930
351 31 769
553 529 560
800 521 569
309 456 323
123 639 567
121 801 801
745 523 561
741 777 201
361 847 864
610 626 529
126 735 910
993 161 887
790 161 937
689 891 953
411 323 926
200 503 916
213 596 576
685 785 873
97 105 996
1 390 586
216 621 711
462 777 87
584 200 751
321 62 110
679 826 401
121 391 938
897 313 585
679 147 331
217 859 429
585 721 757
825 596 815
483 873 875
201 681 897
465 261 669
107 606 991
796 377 228
60 569 93
857 576 75
435 613 211
221 323 312
161 313 49
21 579 127
40 761 432
25 889 575
253 463 926
776 34 601
401 669 399
685 717 308
851 497 541
301 301 417
42 89 841
691 40 435
517 606 263
61 757 473
117 893 802
817 951 601
105 797 401
665 616 41
361 485 641
843 909 663
115 199 855
681 561 861
337 465 431
141 296 490
345 305 828
857 469 289
992 749 766
827 49 425
913 326 369
296 761 919
601 919 441
557 341 639
17 979 545
273 171 457
621 498 795
316 768 571
831 359 431
275 342 33
519 47 526
422 561 905
727 673 526
42 329 56
585 746 941
555 361 977
201 311 157
713 753 356
179 1 159
889 241 841
761 345 201
89 581 999
279 827 545
141 601 371
40 659 412
778 257 181
688 215 368
868 313 849
896 561 770
39 734 136
845 397 441
876 66 970
297 372 753
197 411 286
253 444 56
385 671 501
401 468 369
503 277 863
433 225 189
750 341 793
905 801 745
351 721 887
498 391 339
786 265 861
977 46 579
23 562 341
593 915 961
289 19 997
469 337 259
641 743 451
521 953 869
644 781 657
651 882 857
902 931 925
203 473 807
541 225 821
107 421 647
43 415 256
575 241 437
59 961 452
449 513 22
523 663 701
211 789 416
237 912 359
450 461 725
686 710 916
131 526 871
284 615 104
713 433 833
151 614 305
505 576 290
49 273 782
29 899 443
861 817 526
551 875 307
761 231 684
897 796 513
753 857 681
751 505 234
704 139 837
859 126 33
825 911 301
293 669 875
325 707 181
353 337 501
761 389 686
673 611 72
344 791 566
985 325 561
1 785 651
95 231 937
22 397 277
625 551 41
583 791 209
231 11 809
484 132 577
281 990 531
505 26 695
279 194 996
13 200 445
25 176 421
178 876 91
941 704 585
784 682 536
629 681 953
899 59 817
837 181 454
351 500 337
957 319 33
82 137 737
531 663 753
979 403 783
337 385 366
103 31 457
1 943 605
726 816 137
480 367 20
28 189 296
354 51 981
953 686 856
433 670 76
769 101 747
905 301 465
251 414 221
694 401 881
876 635 638
133 905 680
163 851 328
899 922 481
393 381 241
833 266 493
561 569 918
351 347 86
433 733 281
415 147 799
999 30 588
701 491 188
529 106 843
202 461 497
761 985 809
423 825 21
569 661 566
121 481 987
400 782 617
61 49 341
581 11 213
619 158 977
81 596 31
529 348 369
489 651 485
500 225 809
683 759 190
387 223 161
337 731 444
249 654 389
254 792 767
832 730 25
549 737 343
616 801 547
904 301 817
522 641 801
819 665 265
807 121 646
611 905 362
341 851 620
353 27 593
76 461 193
729 341 243
257 276 249
115 167 323
510 246 460
302 913 986
21 487 879
331 361 841
545 377 251
313 234 536
837 701 439
421 479 434
839 889 943
877 53 225
423 577 465
643 665 766
816 73 591
5 108 1
493 361 934
391 319 741
641 505 850
225 767 949
676 635 65
609 899 821
706 825 166
270 347 391
777 143 260
741 756 681
329 714 651
119 697 191
681 961 294
977 921 856
981 221 526
694 331 777
745 465 51
321 515 2
441 201 96
20 362 396
319 481 4
89 452 124
829 776 725
855 71 752
203 801 213
793 27 135
753 618 429
945 632 691
474 439 791
993 892 26
505 331 866
119 87 479
826 46 921
721 582 194
326 81 641
27 129 119
825 542 123
457 765 401
718 835 289
499 911 373
946 373 201
729 89 231
385 535 921
25 419 689
153 605 535
420 535 305
719 435 333
461 864 33
211 663 961
873 47 305
301 573 157
141 460 473
693 707 117
350 521 641
697 365 27
888 602 9
593 605 493
521 829 51
366 623 105
719 845 505
40 651 166
965 259 497
197 477 969
549 873 926
77 841 473
899 875 406
201 624 304
126 237 552
133 233 817
467 911 170
595 521 1
59 597 888
15 158 273
591 505 322
649 7 472
291 443 817
618 437 426
589 772 622
931 701 951
189 345 525
479 730 146
833 729 41
1 920 291
310 308 657
433 881 430
545 865 477
163 788 617
153 139 8
639 361 83
375 475 641
143 35 121
820 235 661
736 911 41
63 921 23
252 976 865
335 769 281
471 991 541
652 425 59
207 81 461
921 247 180
109 317 377
138 921 813
919 497 765
276 341 447
721 104 818
245 41 361
95 805 825
885 825 873
521 18 625
581 972 937
518 936 323
247 761 301
668 941 241
652 705 793
719 330 769
51 801 265
105 925 255
939 921 849
57 343 166
525 253 795
525 863 424
878 179 41
764 803 645
163 191 651
649 561 680
771 816 889
49 445 195
399 377 104
951 361 729
726 30 123
717 149 233
923 685 177
169 121 945
134 510 733
377 710 633
739 789 379
57 445 380
863 133 592
691 383 736
207 417 221
37 445 281
493 161 118
601 239 826
188 983 499
41 975 417
969 601 909
741 998 321
817 625 796
638 923 121
110 838 465
321 319 768
558 426 30
785 357 837
101 85 626
541 713 625
417 217 681
708 191 319
211 911 135
81 897 385
449 35 587
547 751 726
213 281 805
1 233 557
169 249 457
625 313 175
91 7 741
341 761 185
41 446 969
953 574 792
665 635 764
561 793 886
156 599 777
221 581 113
509 213 731
812 386 702
641 509 611
501 275 175
921 57 60
940 21 617
151 612 341
66 261 201
585 973 845
451 1 789
677 569 2
641 140 13
703 839 796
80 957 1
700 281 69
729 849 699
961 481 748
186 825 242
185 294 329
129 889 477
357 497 85
157 738 89
675 201 211
846 865 241
922 759 203
417 736 595
599 275 192
489 671 261
501 380 533
777 751 826
617 287 139
593 372 129
324 292 317
161 987 670
819 401 669
829 24 837
555 861 709
265 649 761
661 617 241
223 166 769
60 847 911
532 717 342
483 256 315
945 455 378
782 769 68
385 692 483
987 606 561
26 841 619
86 415 701
76 777 617
201 23 39
873 696 501
631 876 142
81 645 662
1 415 769
351 548 1
963 737 325
661 869 419
441 241 731
856 297 237
213 182 745
501 902 649
602 452 5
604 217 106
985 193 662
855 426 281
986 961 876
641 161 176
359 558 62
665 446 11
451 357 759
398 313 54
696 7 451
976 645 981
701 912 941
659 229 281
833 72 411
233 769 241
821 9 841
670 961 651
161 879 950
180 397 203
39 72 1
901 103 517
997 805 201
153 961 189
79 241 491
336 629 619
981 385 905
29 639 961
61 471 52
630 471 885
237 793 317
785 297 61
959 841 373
620 627 1
71 859 145
701 405 526
851 863 809
281 142 987
681 265 233
330 725 105
616 626 173
147 161 528
741 435 966
237 134 7
951 777 481
573 345 211
326 101 391
220 477 601
6 617 909
841 941 122
201 465 19
177 190 733
222 64 524
251 316 226
377 501 95
564 785 286
301 380 761
925 199 407
921 169 433
961 573 101
98 753 371
135 553 801
601 908 616
343 800 576
590 402 86
641 929 876
457 726 389
197 751 373
243 269 681
189 315 999
489 503 361
531 535 138
685 669 231
668 825 213
769 340 761
432 989 964
341 961 95
552 966 133
128 877 585
341 951 105
41 161 178
391 569 176
507 906 665
985 889 141
439 781 411
686 361 511
120 411 891
593 251 269
81 387 545
929 521 560
393 47 975
10 986 481
425 847 16
831 431 929
969 123 601
581 408 837
855 775 106
536 86 359
323 261 347
66 690 786
181 332 348
481 255 37
1 447 456
845 276 476
758 291 985
56 658 222
1 270 1
111 593 888
669 241 210
839 397 392
460 541 895
413 137 87
499 313 876
75 25 913
186 501 671
761 972 187
776 793 231
167 965 559
303 116 636
59 391 594
704 999 851
621 539 106
509 9 321
276 89 156
521 281 601
693 740 271
361 201 195
457 865 591
976 153 185
862 371 235
741 553 464
332 643 808
521 551 757
435 863 69
441 984 295
297 255 488
351 5 155
445 725 450
460 355 558
855 143 484
641 91 633
329 567 1
787 724 389
961 7 513
41 675 517
306 949 298
181 554 285
907 817 321
811 321 665
897 959 455
144 721 362
953 134 313
301 515 256
313 326 459
43 767 417
701 489 681
340 137 632
587 773 565
545 203 971
235 849 689
833 106 49
253 273 249
46 683 413
346 827 242
281 141 513
249 597 383
149 469 465
357 6 537
561 223 715
383 658 673
69 751 653
143 257 697
301 961 957
444 822 801
61 587 437
447 353 157
922 1 138
195 535 809
859 136 275
157 317 180
301 668 512
653 741 179
141 291 606
893 432 469
211 723 55
81 671 523
833 105 866
835 617 833
190 201 994
337 686 145
297 973 500
227 887 569
171 777 618
691 462 602
91 629 301
601 73 742
101 842 98
277 720 114
168 750 387
521 403 67
311 17 623
73 727 793
551 101 849
776 171 59
809 579 153
148 281 979
513 495 427
953 163 185
881 197 741
681 51 521
915 811 360
293 865 473
896 486 551
69 337 991
525 791 957
872 220 829
257 873 541
126 937 130
441 101 49
387 461 242
946 201 968
287 411 625
707 265 925
641 965 357
417 5 541
101 287 181
349 565 251
399 855 694
420 582 283
169 646 54
791 477 880
107 497 311
529 869 477
86 854 477
371 196 901
651 897 751
143 811 919
605 775 779
761 231 169
894 263 169
131 637 561
823 199 951
638 901 861
149 153 398
537 775 817
80 541 541
204 173 129
841 433 551
238 721 981
807 561 824
198 841 221
207 529 316
645 22 496
531 297 393
21 725 501
883 119 145
955 495 541
867 69 819
116 931 13
338 225 1
85 207 726
371 975 467
891 353 989
977 809 1
863 321 721
592 605 606
357 574 817
923 99 461
921 925 161
721 653 29
991 216 128
53 737 121
675 501 689
223 107 384
143 961 126
831 217 833
249 412 501
383 160 896
141 401 145
77 636 797
431 739 805
900 432 439
99 899 641
868 719 61
993 267 476
699 735 601
667 808 319
729 951 497
857 317 381
834 687 517
377 357 588
801 916 782
625 701 553
449 928 465
1 199 1000
936 353 374
340 371 253
841 966 108
245 653 393
36 331 356
351 861 31
433 356 536
748 151 70
505 476 31
973 406 361
121 433 461
561 611 175
601 46 170
726 336 481
377 221 513
774 77 265
765 399 687
241 591 630
841 93 821
353 801 196
809 351 563
322 873 385
176 301 591
169 557 993
109 318 121
225 821 309
937 439 429
285 729 779
581 121 377
553 73 581
931 481 321
657 881 47
939 875 911
429 261 785
185 139 501
921 889 556
927 969 206
293 205 421
287 513 138
825 517 97
553 461 773
663 1 96
345 54 261
609 476 561
35 681 155
424 169 756
600 66 921
738 801 4
309 853 107
358 725 764
741 761 801
267 177 805
396 893 756
13 790 815
369 91 553
771 781 719
737 921 21
889 957 171
751 896 727
351 201 401
137 225 471
393 361 323
561 121 631
281 813 95
814 851 126
862 141 770
593 905 526
837 387 490
334 386 186
220 691 937
415 635 141
841 359 871
981 881 665
161 501 961
233 171 416
378 261 527
993 680 799
956 25 941
805 133 273
161 851 317
299 362 609
585 156 731
365 55 261
251 517 211
17 716 983
205 163 281
641 400 761
893 921 355
523 433 271
710 397 224
200 904 606
482 546 193
1 125 748
663 999 265
1 798 881
871 871 1
613 105 39
619 201 384
739 51 154
457 215 256
299 101 891
893 571 932
301 321 809
481 676 214
960 345 633
701 53 252
585 361 681
600 985 553
697 36 305
1 641 286
496 174 231
653 141 12
697 241 422
313 329 830
241 571 475
225 373 149
526 927 34
97 29 653
570 645 405
227 781 178
755 481 149
635 691 119
961 941 316
21 269 950
893 1 826
722 534 369
665 3 439
352 821 956
761 611 501
393 325 467
401 442 601
976 817 999
841 501 161
861 845 711
315 457 810
879 73 339
147 411 831
721 861 471
934 926 903
61 121 247
81 521 901
725 212 681
526 797 321
603 411 845
539 33 712
303 121 185
701 626 505
911 353 169
645 651 350
257 951 53
19 574 643
677 521 777
653 785 209
393 951 756
983 340 208
485 761 185
761 882 270
181 961 852
183 114 985
395 41 229
977 103 630
383 37 282
226 457 993
901 611 376
913 976 201
401 68 55
810 912 241
985 529 267
713 651 737
329 993 276
9 954 723
706 785 180
977 177 26
719 54 433
410 324 801
49 471 737
822 465 940
992 445 910
326 156 43
495 926 813
569 409 401
369 58 829
911 927 985
361 376 405
101 61 551
454 811 566
623 322 511
757 915 251
701 365 7
726 869 60
995 249 831
237 127 681
292 331 209
253 86 46
861 73 9
621 761 701
65 967 741
289 41 545
405 337 588
417 309 145
797 262 552
715 792 761
541 681 801
782 283 765
43 129 101
469 559 281
665 881 521
817 745 84
332 305 981
493 391 571
85 161 473
1 685 315
536 976 137
361 408 805
682 561 661
511 990 345
601 879 508
81 1 111
737 398 281
505 657 726
313 42 897
551 687 773
521 2 826
656 713 765
105 153 756
403 313 297
297 266 151
921 873 159
198 947 801
177 849 831
634 591 176
986 56 811
466 761 465
386 357 731
741 365 537
369 85 790
733 472 57
841 544 51
449 953 525
81 361 429
100 761 845
513 678 809
824 891 869
271 601 164
421 42 291
681 51 729
241 527 837
97 826 401
465 933 331
659 597 985
641 257 972
575 159 81
241 361 261
467 501 993
261 651 896
851 8 935
641 615 876
16 715 45
546 761 400
409 257 741
461 191 473
354 549 331
361 481 235
81 641 5
499 626 726
733 916 873
904 301 613
361 748 539
745 182 49
711 392 585
905 201 253
921 449 107
121 551 896
831 819 221
461 785 173
297 558 278
153 885 834
401 386 991
594 321 521
773 225 681
851 585 697
937 52 725
596 437 295
390 5 891
473 516 967
12 575 221
996 489 877
693 161 381
369 153 45
133 795 421
664 724 221
609 767 587
371 998 785
711 251 662
382 398 993
287 737 152
71 211 129
533 881 575
567 239 341
925 97 577
111 305 131
377 77 169
241 453 980
677 551 974
151 321 185
197 351 395
201 338 244
812 621 309
169 420 567
677 559 503
851 759 705
453 518 251
541 957 734
699 252 177
221 751 805
792 9 833
729 31 451
741 21 885
674 297 690
251 644 151
361 257 745
14 211 410
484 797 486
156 171 140
89 561 1
815 83 717
72 19 181
392 81 689
721 481 681
253 373 983
566 96 275
249 73 231
805 956 569
931 713 163
93 17 595
84 399 395
645 65 41
996 459 261
281 136 338
274 449 484
867 287 439
585 386 487
651 188 297
341 249 917
77 386 306
481 309 254
411 371 209
709 33 196
635 433 411
853 464 601
870 927 635
303 418 517
763 481 909
639 177 156
883 505 123
981 24 1
602 211 942
9 878 41
369 101 685
329 708 873
569 635 206
560 751 190
41 449 77
676 972 125
987 500 848
759 601 537
211 883 506
542 295 645
686 409 427
247 640 701
971 624 461
43 536 471
81 41 351
927 460 873
129 621 195
196 809 15
131 201 215
336 268 467
449 213 339
89 748 585
37 985 27
271 337 421
493 561 361
11 568 117
253 481 669
777 393 171
221 33 265
149 527 42
983 736 773
913 92 760
430 46 331
45 538 977
1 961 689
833 453 813
457 630 501
363 619 611
344 735 455
775 116 817
333 183 973
194 562 281
882 957 835
413 684 135
729 753 836
595 402 301
751 130 925
101 440 407
433 734 409
753 831 509
839 624 223
994 907 181
339 345 193
584 410 759
61 749 765
883 770 341
841 177 732
121 457 961
293 521 9
455 357 3
667 569 25
515 900 651
101 917 421
41 781 847
361 105 501
427 489 89
747 109 525
885 961 29
126 251 984
106 953 704
327 33 431
807 654 834
621 294 673
1 917 865
75 81 345
777 45 833
669 657 341
213 766 38
366 318 585
716 353 269
585 163 28
69 561 951
665 521 741
501 241 9
342 581 606
717 577 109
129 310 11
385 590 661
126 841 941
974 381 82
845 246 981
537 765 702
207 836 365
665 109 499
851 505 286
57 367 884
721 877 913
603 732 837
726 96 468
31 526 988
321 831 881
