924
2277 3443 96
2220 5461 44
890 8493 73
942 698 81
814 10000 71
2257 46 7
298 507 93
7674 4362 86
6014 8194 77
2178 53 5
6585 2115 11
2531 7946 44
5919 8973 60
8086 1619 50
8748 4675 54
3578 1514 48
5168 4537 93
5742 2313 16
2586 4740 1
6606 4254 91
1819 9073 63
4124 2331 89
8089 346 34
5734 8573 32
6793 7646 26
8709 3341 70
3782 876 97
5009 9515 19
1705 6229 14
666 1437 17
1667 3281 29
9858 9699 74
4603 3822 70
3315 1793 81
357 1308 81
1942 1720 44
9411 9382 7
3310 1026 68
1550 3098 17
7369 2204 40
4715 2632 96
7431 8424 52
839 8442 15
6248 3489 83
5400 5304 72
1657 9559 67
337 4284 46
8024 9088 6
178 8241 42
2948 7273 56
2221 829 62
8871 776 98
7694 6879 4
1663 6685 5
1930 3617 32
1122 4985 5
9998 4831 39
8704 544 3
2895 5011 65
6103 7585 41
3274 9510 65
4858 5594 3
1529 5978 6
3563 1350 30
8463 3808 65
5366 3516 18
5430 1004 98
4160 5636 89
9976 2058 70
1029 936 16
1826 9960 67
2015 4440 42
6828 4642 25
2710 5472 93
3233 8494 20
1692 8349 46
552 8046 13
99 7219 96
3965 2498 27
3627 4854 26
2526 2587 68
993 3876 56
3218 8818 3
9790 4861 38
2749 9255 48
1928 3229 75
4695 9284 21
4689 3707 58
8418 929 46
5360 3492 49
1727 2115 71
8839 1128 70
2638 4047 10
1917 9691 93
1681 348 40
1238 1428 96
2521 4752 67
2012 8750 95
7092 1972 46
6097 2582 50
6279 4692 41
79 4200 46
9918 4829 68
373 8293 92
9289 1385 84
6965 9989 27
974 9689 52
9671 5749 39
1239 3880 47
8222 6447 58
9703 1981 40
124 1411 48
3067 4495 93
7646 7859 47
9119 955 56
8745 1860 92
289 240 87
9984 1347 28
4009 745 40
8956 58 15
2029 2283 51
5373 9440 49
6431 3846 27
4058 3271 6
45 3047 72
6205 3080 64
7411 9566 43
7227 8710 84
5984 2535 6
7917 8078 3
5911 1548 93
787 8663 21
86 3163 23
8690 6857 19
2282 768 12
5955 6108 2
2346 6692 30
7406 463 71
854 6850 10
5520 4881 88
2556 5933 31
8240 7939 12
5287 1958 31
9234 2016 52
4899 5414 15
1697 1883 46
7518 6895 61
7952 1397 30
5010 4787 98
8301 2662 91
1766 9657 59
122 8942 4
1353 837 99
3695 2574 58
2742 8195 88
9896 7574 69
4367 7864 99
5024 2265 88
2743 602 19
5089 2627 10
1374 9708 41
8769 9013 83
343 1708 25
5166 1487 49
9023 2568 4
8039 9956 27
719 3563 79
3184 5347 53
2326 6156 54
6727 6774 56
8625 7744 73
5712 1978 44
5456 2086 100
4243 166 11
3798 9907 66
3590 3972 30
4428 2392 30
8500 1079 16
4966 8168 5
764 4600 13
3000 2600 16
3992 3183 57
296 1469 8
1908 383 62
2989 9672 29
9070 4004 86
9820 1633 91
2855 1870 75
6940 4599 24
4784 8757 100
3206 1447 35
2065 6660 2
4521 584 41
1281 3227 22
8429 9068 28
7929 2932 42
5944 4450 93
3943 626 29
4692 8325 80
4005 1364 67
3335 3736 84
4186 8498 95
8552 3709 34
4014 6471 15
6123 3898 50
3262 3217 11
3211 1566 10
7808 5239 74
4143 8076 36
6126 6430 6
9296 9246 17
5061 5798 29
8346 2598 58
1578 3926 49
4503 8187 12
642 3990 31
6848 6396 58
5730 9003 18
874 4202 48
2274 2726 61
3259 3038 34
2068 4613 73
5831 8349 53
2914 480 24
1802 7843 4
419 7624 25
1632 420 44
1677 848 95
7866 9570 53
6856 2072 50
706 8422 57
1274 6327 9
8323 8993 21
7294 2138 51
8323 1792 25
2563 2064 69
2133 2146 26
1433 6653 31
4078 6461 23
8487 8897 24
9844 2411 7
9206 4151 44
4530 3703 78
4322 6358 51
993 7381 62
7449 9219 92
9721 4541 59
1243 5562 97
619 1448 100
7236 8074 24
5302 1653 51
319 5447 53
8517 7717 33
868 5202 42
851 1348 95
541 575 52
2905 9764 72
4944 4964 79
5465 1660 51
3538 9050 66
8732 5135 96
1876 9745 45
8464 2710 8
4293 5826 52
2483 1551 32
123 1127 69
744 3681 30
6326 8429 62
3526 9590 95
5067 8880 55
7384 2378 57
5907 3147 56
9571 9245 47
7862 155 73
8743 5292 69
396 848 81
1654 8767 86
943 6702 42
5560 9050 96
8472 7715 82
5302 6405 77
9866 7579 92
6555 8842 36
1991 9607 5
2066 4083 14
9815 4737 8
5537 1509 46
5369 4089 99
8061 4692 85
4640 6007 21
8863 1628 9
1775 8395 34
2184 3106 27
7042 7940 3
1942 6606 98
2657 5039 38
2623 3865 21
6696 1361 77
977 2936 4
336 6743 6
1733 2669 5
5118 1618 68
8384 3660 59
2333 5772 55
5747 1417 34
1541 1746 54
3428 2405 61
5194 8109 9
4126 3321 9
7731 7326 54
7595 1257 33
4608 8186 56
7976 138 13
6461 1876 22
1502 801 82
2353 752 91
5722 2337 87
9415 9677 39
3129 918 86
8735 4983 19
8048 3802 21
316 7368 34
346 8269 24
7484 5706 99
484 3587 65
9497 4264 11
3852 9316 15
1332 7030 89
3326 3992 64
3135 4592 82
6533 525 52
7992 9685 73
652 7040 32
7177 4365 22
8302 138 42
3709 5212 11
8574 1207 46
9643 3156 98
2435 842 61
693 5716 81
212 5758 28
1964 7053 81
5675 1732 40
3916 9830 21
731 7120 99
886 9487 32
3833 9970 18
373 394 45
9925 6359 55
347 2557 34
8371 7152 87
3959 640 9
2488 6639 94
8266 3664 87
6322 2469 78
6290 6543 22
9433 6969 50
1027 4102 58
8411 1 10
39 1677 64
9722 2819 6
8279 572 44
5581 4824 91
9991 5904 59
1105 342 33
4244 5463 65
2635 2670 42
7962 2260 57
3258 2656 34
896 1080 94
9195 1044 24
7236 7213 7
335 1075 94
8596 6225 42
5615 2066 18
1571 623 27
1733 1887 31
9723 7554 89
7891 661 12
9549 7083 57
346 2012 99
699 1992 57
1976 7115 84
3576 796 38
3246 42 24
6884 903 60
5552 6990 33
7721 7970 53
2383 1789 79
9127 8918 27
3034 2685 33
7713 7822 95
3017 4067 26
296 3212 5
5871 1617 43
5397 8319 16
8077 6664 87
3959 8265 75
5614 3135 27
2237 59 2
2160 8172 83
5052 3608 17
7796 8089 51
8000 3185 78
150 9651 43
3826 4659 22
1967 4875 27
1966 3662 25
5231 110 41
1654 3989 39
372 1827 12
6207 5341 9
6819 1608 25
7664 4375 74
6159 3200 10
6570 2004 48
6570 6452 29
1744 4789 20
4683 9230 59
8600 5788 1
8990 1334 63
2093 7952 39
4945 8577 22
9739 2816 57
4964 7055 9
7306 7817 19
3045 5792 80
3337 282 52
711 6541 91
4139 2203 3
7439 2741 89
126 2409 57
1575 226 47
119 1290 24
4679 4467 86
6225 7415 50
3938 2148 36
7422 3786 40
3556 1031 54
4245 9929 79
481 4757 33
845 5330 83
5861 2594 14
5043 1191 72
3334 9444 92
4144 9410 46
7408 1589 22
3910 4239 25
947 6677 35
3288 5185 80
9947 3999 41
4120 4532 30
9230 5340 38
2237 6524 42
9033 979 82
716 204 100
7859 1168 10
9526 4923 58
7863 7950 20
1308 489 4
6153 2494 95
4470 7253 27
9814 9880 19
1668 9927 77
7721 2427 57
9593 6071 51
1403 7304 53
750 5191 98
3979 7374 12
2096 2816 13
7940 734 85
1231 7227 57
5587 4398 12
2490 5040 64
5757 3963 21
818 3858 74
9116 728 8
2148 7345 72
5412 6724 38
7476 2597 60
3715 6052 34
1907 8885 3
8233 6279 74
6769 3010 97
1078 2761 88
9903 497 51
2761 8685 77
1693 5881 79
7310 1389 17
9890 6458 11
7899 5025 53
4101 9765 26
169 722 6
9281 6703 23
8716 5040 99
1655 6652 24
9052 142 34
9067 5127 21
4648 1138 20
8783 3305 92
1177 4427 3
5200 4267 20
8650 4136 98
2197 4009 67
6429 7662 86
2804 9046 78
2117 2647 83
6660 5141 35
2013 8187 74
8324 4507 73
1362 4067 74
6667 1759 16
7216 8281 56
4552 5143 34
3244 160 64
4633 5999 80
6671 6227 54
3915 9049 83
1257 1510 99
2933 8095 22
2236 8303 58
5127 6814 81
6923 6899 89
4877 1509 35
5456 9410 45
3076 7152 37
3320 4197 43
8560 672 65
4570 2644 16
9619 1489 34
3447 680 62
9294 4518 55
3364 7776 25
8726 1204 10
715 7949 98
8398 1085 93
2198 8784 33
1795 4669 39
2115 6156 94
224 1736 99
2336 2694 5
9497 7770 16
7954 2876 8
4564 1524 35
9875 2670 3
6433 7376 68
2108 7137 97
4171 7010 17
5073 5890 31
4969 1898 17
6690 293 35
9453 214 1
4870 9790 30
5757 1774 53
8287 8090 42
6859 2321 36
7174 5958 58
2232 5746 10
4307 4351 56
71 9036 79
2121 6501 34
7818 8959 79
7487 4209 40
5152 5861 3
835 2184 15
2074 2771 31
7905 9909 21
307 7150 91
2631 362 35
2190 1693 4
8049 7716 59
3070 147 66
7326 5409 5
7129 1780 55
6621 3430 74
695 2348 96
6196 1352 42
6549 3160 46
1537 1649 2
1901 8291 2
2276 47 96
8401 2076 66
9963 9668 35
1645 7959 92
7988 2097 64
557 9588 95
4925 4992 73
1640 3074 91
1875 4213 8
3299 171 52
3859 3527 74
323 7303 80
4561 6648 28
2329 7191 20
504 8487 54
9296 335 44
8047 552 28
6517 8656 26
1027 8776 31
2075 485 61
776 9524 43
6047 4061 16
1799 7957 98
1288 5615 96
5616 8403 99
94 2802 82
7530 1497 73
9339 8735 19
5691 994 82
2156 2535 96
3364 4474 19
1640 9131 53
3968 7282 83
9723 5929 9
7948 2522 73
188 473 16
2142 1537 32
6557 9894 90
3199 4171 57
5340 7839 54
8575 7240 11
7471 4196 3
5666 6307 24
5437 7225 95
6364 2549 71
4534 5538 77
2426 2145 20
7492 2443 7
6384 3307 40
6269 3555 76
8553 4335 15
2607 24 7
5761 4535 78
6445 2647 1
3131 6617 70
9331 6579 69
8300 196 94
1902 9340 22
2353 2172 65
8456 1382 32
6720 4930 30
4302 6932 89
7309 6563 36
1107 9249 80
7228 1554 10
784 344 55
4558 2767 90
2211 949 27
6732 5557 71
4583 7565 71
9053 6837 44
5214 7728 36
7681 7318 72
5042 2132 35
3848 9996 36
748 2906 88
7008 342 42
9611 8584 12
2766 5687 26
8340 8193 46
6926 1783 48
7419 9315 20
5996 1856 95
1718 1521 41
4490 955 31
1952 8017 63
9703 3606 85
4490 8520 57
6170 6829 22
7939 5977 95
1498 505 38
2455 568 35
2650 1024 98
2291 3016 18
2674 6276 81
2551 5405 81
1601 7112 17
4678 2752 16
6903 5338 17
5753 6001 94
1702 3366 92
2017 6096 85
6317 8837 96
1350 9822 5
4834 408 78
4790 6069 87
5100 5691 56
5273 803 95
9287 7920 53
990 4001 76
619 2561 43
3273 6793 6
4913 9300 99
696 4489 71
371 8709 17
6745 4152 84
7178 5479 62
4929 2132 59
5986 3478 25
4115 2884 61
1412 2486 32
3763 3379 24
6878 6407 76
496 8926 40
8466 5509 38
3683 6075 54
6653 6613 65
9355 328 15
791 6347 94
5303 3898 99
834 8965 84
6375 9063 58
7539 5307 39
3429 4217 97
8409 6194 54
3902 9935 52
4298 7221 73
1826 9709 63
6550 1046 37
11 2491 33
6535 1550 89
1433 228 95
1274 2551 21
4859 4492 55
5280 1163 29
4234 9245 68
1894 2212 90
5936 3907 94
7355 6563 35
8758 2184 29
9877 960 55
6694 2625 63
5905 6102 27
5112 7216 30
3604 6974 90
2650 6975 95
8624 1913 99
5366 1093 18
8789 2446 73
4968 2713 26
8198 9172 55
9497 606 45
9236 7863 45
548 4223 97
5276 4557 29
8250 9278 18
6632 4038 38
8619 2622 27
5569 4918 53
8670 8997 100
6830 3671 51
5179 4667 84
937 325 37
883 7098 85
4066 3921 50
7425 3505 54
7125 820 27
3579 4295 20
2286 6247 18
9522 7436 41
6323 9337 51
5080 9525 24
8855 7116 15
5244 3895 76
8456 5830 95
4057 2009 96
3829 8630 85
9278 355 57
1964 4899 4
9717 8286 13
9282 4359 37
2901 1064 22
4150 6410 64
1510 244 93
8199 41 85
2265 7919 100
4793 7124 45
8632 1096 77
179 7672 12
1320 9472 37
6767 7107 67
8017 8725 66
6076 500 69
4673 1913 45
6916 6176 53
1379 8603 72
8987 1271 67
3668 7552 17
9238 2006 100
8913 895 99
306 2948 96
4184 3739 31
1467 686 45
4863 6899 49
2752 5954 92
1149 5421 37
4802 733 13
8382 2822 43
5672 6056 65
3347 4290 24
5101 6428 78
7366 958 92
5149 9273 1
5035 7085 63
5903 870 39
228 5187 16
2546 7297 16
894 1713 64
3746 9079 75
518 9183 86
5057 2576 15
1723 2511 78
8475 6611 50
4437 4229 96
3161 9495 57
4372 5631 16
3282 6629 65
3219 1199 33
1149 9378 56
4651 6322 22
7340 9370 76
5062 844 8
5146 1013 22
8585 6934 82
3482 1405 25
9028 2281 19
4824 1658 84
8624 3594 36
7607 7396 8
2207 2494 55
8757 4954 58
882 7429 33
2429 6827 15
5506 412 90
4061 4282 85
3314 1217 69
4872 7344 18
9181 9429 85
6909 9688 46
1626 2285 56
7567 4863 79
878 4443 68
698 7798 69
5772 8034 38
8207 8239 59
2673 4157 23
5693 4103 41
2141 645 74
8313 2044 34
4954 2734 62
2481 7656 8
8735 3774 63
1310 9543 36
4257 4792 51
271 1857 46
2302 6263 80
3610 6812 100
5053 5040 39
5144 1980 65
4718 1849 91
1998 6082 96
9828 7179 11
1444 4821 20
3283 5235 65
9954 3721 81
2354 2113 24
3275 1123 56
8049 2635 16
2170 1535 24
3768 1968 37
817 5526 43
9493 1433 51
3303 1747 50
4935 7476 68
3350 3634 72
1620 1074 29
401 7710 1
3805 2164 78
5550 4332 42
3987 1362 97
1906 2847 27
1696 6288 99
1102 7394 64
9879 9836 98
3494 2838 15
6137 8393 2
5112 688 53
5198 550 59
6401 595 49
1444 7008 89
1671 384 56
2078 6815 9
8961 6272 45
5717 1875 95
3598 641 70
5005 1060 2
3157 5869 76
1612 5685 94
701 8941 92
4081 7556 72
8605 1131 70
7869 3421 40
6373 9684 2
2585 543 3
3011 4300 87
1705 5809 41
2686 3949 33
3643 933 20
9194 8265 4
7394 6291 94
7814 5677 76
3439 78 47
4501 7827 13
8509 6332 36
1948 5593 41
2108 5941 38
394 7086 33
2216 3384 90
3373 2041 19
5282 2041 22
1416 2043 88
7727 4177 68
4718 4974 57
649 9398 53
