3428
48 410 625
709 128 987
787 301 353
221 189 44
469 857 849
433 577 146
147 233 129
404 516 511
601 623 195
236 167 428
783 307 724
801 269 417
297 1 754
609 421 556
841 271 641
761 723 849
321 461 905
676 769 517
548 417 592
87 239 237
229 981 261
459 280 923
413 801 376
638 22 431
374 235 611
57 225 191
648 676 761
375 653 633
233 835 996
308 874 761
18 921 615
545 770 721
971 253 508
982 711 665
498 891 676
907 836 281
649 218 89
421 834 829
661 177 582
809 261 479
599 369 259
79 465 279
201 989 560
686 647 211
688 169 801
231 31 551
731 471 185
501 511 655
621 524 451
730 251 797
13 687 61
485 51 689
125 461 593
179 829 352
227 824 37
861 531 961
422 203 667
977 957 113
342 712 101
785 569 1
561 261 521
241 311 549
437 969 230
243 81 681
925 914 497
541 207 85
211 701 490
21 344 202
825 81 601
326 939 67
801 645 713
389 520 877
231 960 401
985 401 341
115 941 5
326 553 961
429 73 857
417 977 747
689 57 216
969 761 609
807 161 505
512 609 441
641 80 105
823 681 185
631 310 969
279 401 682
737 37 880
12 66 261
641 514 181
234 367 627
177 421 301
501 23 677
901 857 835
193 456 249
631 362 776
241 940 46
127 817 29
265 639 521
551 961 153
334 976 984
462 577 37
643 181 961
871 401 211
455 647 921
841 855 873
97 193 801
295 463 994
46 241 693
651 350 223
953 830 47
941 59 13
22 781 199
671 297 191
545 808 711
116 661 369
626 473 868
117 765 207
937 867 729
347 550 665
941 557 161
128 1 390
386 545 357
177 350 68
881 785 839
105 975 49
209 521 924
757 113 441
809 817 773
231 534 149
523 801 201
844 278 71
669 155 913
797 472 248
501 637 215
881 217 857
326 661 740
138 687 673
780 727 617
188 858 48
309 283 532
799 755 277
703 334 641
102 291 917
158 151 803
306 341 434
841 801 997
395 973 711
853 490 51
809 791 337
595 995 274
609 361 323
241 653 812
314 47 569
881 8 543
425 488 420
641 64 261
587 245 519
705 437 295
481 366 65
905 441 691
801 661 81
213 216 741
692 925 513
375 713 215
435 181 135
115 406 600
972 513 625
110 577 457
226 33 152
611 286 389
330 876 953
281 237 53
95 856 41
753 33 215
837 369 561
133 395 333
601 961 969
619 846 333
747 911 51
981 881 891
433 825 537
561 865 103
177 201 482
385 481 901
549 145 433
653 695 457
221 601 624
469 789 960
834 916 817
193 796 430
765 734 369
534 668 617
105 206 977
521 158 406
531 833 126
841 821 912
60 669 214
301 816 441
849 536 547
341 371 234
970 640 529
791 699 916
881 353 303
267 847 726
161 385 66
450 388 970
897 320 531
957 913 539
495 346 198
711 801 311
164 357 541
443 161 791
481 961 663
281 273 133
249 395 481
961 321 121
231 815 89
551 881 605
250 131 251
355 855 186
825 713 253
118 89 41
673 347 100
889 231 641
939 231 926
256 633 835
601 367 982
136 713 601
728 837 649
299 761 687
185 259 560
719 606 401
601 419 634
881 272 709
421 766 201
178 745 181
346 501 801
733 527 913
399 607 459
362 786 193
741 12 11
415 489 434
603 76 285
478 541 648
177 500 633
217 51 487
757 665 76
401 553 542
233 681 1
487 89 276
939 537 411
1 621 276
585 971 945
917 37 801
596 476 376
761 281 376
766 709 201
733 515 316
401 16 73
341 633 173
385 856 886
521 2 965
83 107 51
903 91 755
301 196 761
625 491 863
301 793 661
501 111 129
899 665 852
357 281 323
863 113 119
656 57 16
726 614 148
185 201 137
461 446 489
849 161 45
963 355 573
631 705 321
585 637 254
646 745 742
191 747 404
717 435 421
257 81 129
19 34 489
746 25 391
3 189 33
943 1 609
441 325 321
447 841 816
126 994 812
613 626 600
445 333 633
837 191 153
841 817 859
383 281 220
1 416 961
203 791 1
597 893 42
315 17 226
593 991 75
761 859 152
393 855 237
282 621 870
299 897 961
673 785 523
501 505 825
1 873 354
939 363 521
385 926 313
91 321 737
805 972 812
267 647 811
587 943 985
976 619 605
181 313 571
924 619 271
965 399 118
601 821 313
685 191 486
545 291 677
561 361 401
633 521 397
498 273 203
866 502 523
470 975 48
945 305 433
686 51 688
737 983 971
999 552 789
605 914 970
481 986 786
731 331 93
161 368 761
23 73 527
461 475 625
86 689 914
949 1 597
569 34 479
249 271 490
309 389 861
433 349 157
293 829 856
409 125 75
101 891 599
937 249 729
504 586 835
851 581 637
985 475 381
773 3 941
407 761 561
234 901 456
482 513 523
416 823 121
361 937 505
313 5 271
201 141 717
457 91 569
570 505 293
15 892 576
304 321 524
801 445 875
721 377 343
865 227 340
185 873 321
357 483 401
383 411 651
825 697 954
535 941 289
685 351 115
556 393 288
267 657 938
866 447 247
827 381 923
486 865 353
469 718 770
532 531 127
759 828 603
801 892 937
732 103 175
905 460 93
241 465 660
173 531 456
887 833 597
543 646 699
492 28 741
235 393 842
97 303 639
627 763 241
393 272 209
701 309 342
836 701 978
236 161 427
525 264 974
79 43 425
291 461 515
503 225 888
112 843 606
560 385 233
748 531 346
241 177 553
647 353 361
357 325 849
566 34 179
651 751 883
531 498 672
781 751 801
589 437 645
416 501 455
839 31 205
311 655 317
143 885 297
641 41 897
9 19 851
886 280 199
673 193 391
585 118 714
571 93 1
513 403 600
678 75 187
803 250 827
393 817 643
184 25 585
433 336 355
701 671 501
81 160 103
457 486 563
281 921 851
416 221 133
745 293 503
189 137 972
565 242 787
501 92 551
857 293 184
769 591 513
53 378 439
195 674 154
445 808 993
333 741 413
319 497 379
577 704 776
257 116 817
100 487 98
561 781 897
639 821 553
209 551 11
601 151 855
705 283 299
881 526 925
131 523 137
76 83 249
377 445 95
952 976 134
761 415 481
777 701 816
465 121 881
281 226 299
761 696 101
551 974 609
426 901 729
287 349 686
353 780 651
321 949 405
896 186 711
269 359 441
616 516 953
86 486 874
687 490 149
897 109 365
39 631 89
280 273 148
905 971 841
226 787 193
999 25 465
606 492 838
7 170 759
87 85 469
191 193 345
713 154 269
383 776 412
719 959 240
833 257 78
828 713 777
617 808 71
441 657 753
533 911 1
113 913 543
312 357 447
765 79 707
915 82 801
314 476 351
173 981 326
309 577 408
591 380 546
1 651 749
931 951 577
971 626 505
576 646 651
777 310 731
102 984 9
438 481 566
349 451 597
759 647 311
891 141 613
808 677 281
221 43 861
457 759 736
92 251 126
966 178 185
497 617 797
700 506 343
434 713 679
734 793 593
851 896 793
669 791 369
505 610 929
391 894 337
588 647 246
621 95 587
173 447 785
594 909 993
871 516 991
625 170 325
392 308 17
376 161 297
757 27 751
235 699 643
820 991 760
140 645 372
213 361 737
264 717 281
273 430 487
753 277 350
721 337 91
306 201 955
861 924 199
913 65 968
211 229 361
676 851 85
387 889 951
97 177 856
280 565 131
685 626 41
845 849 601
481 376 388
806 466 356
214 735 703
661 901 475
545 881 743
153 249 841
401 561 31
251 677 269
573 73 171
159 385 51
653 789 401
1 204 233
605 591 147
241 786 991
621 55 414
595 421 115
105 601 909
566 925 421
151 973 576
561 431 604
303 683 646
501 725 216
576 112 553
767 808 206
449 921 645
109 837 291
949 777 105
395 703 679
898 215 103
401 499 889
305 285 575
241 311 81
651 81 681
89 949 313
872 197 981
317 825 641
701 361 449
795 211 419
245 819 471
805 290 251
37 263 361
100 176 856
876 866 671
691 132 941
409 125 985
201 839 126
65 327 212
667 313 749
550 229 434
988 551 443
236 831 669
323 851 493
762 219 40
865 45 426
429 321 589
769 708 39
39 328 521
460 602 565
837 481 547
865 726 525
706 673 671
78 941 741
171 521 898
259 109 64
191 51 849
765 764 741
601 429 891
27 91 437
302 833 673
385 449 357
431 470 884
769 829 477
733 943 5
929 245 131
603 101 966
231 795 759
451 721 876
317 183 723
781 273 737
1 525 261
59 152 241
529 537 625
873 835 398
271 449 909
314 968 842
707 40 461
695 243 426
479 958 208
131 937 457
33 169 661
997 257 369
348 837 251
353 849 414
497 274 571
604 905 97
361 631 466
824 303 839
906 661 165
956 461 171
49 872 556
843 277 361
277 201 307
895 831 83
417 619 71
885 837 62
161 576 40
641 747 617
706 337 707
401 591 844
254 929 436
661 707 143
485 4 965
513 942 321
324 689 714
963 300 864
827 727 17
320 51 657
289 849 354
444 45 9
857 40 221
639 601 458
513 289 52
101 525 317
857 977 73
681 596 221
441 801 75
41 161 335
576 821 767
976 821 137
889 77 641
181 983 331
145 409 273
297 345 793
248 721 563
197 705 953
16 785 773
517 457 1
90 60 929
102 171 569
413 91 851
381 261 276
679 181 833
929 780 561
895 140 201
305 257 303
483 801 33
865 671 855
535 729 493
303 948 431
489 901 367
86 508 872
21 833 756
442 833 303
503 513 777
691 886 441
443 199 797
665 391 657
43 461 245
931 493 325
326 399 20
671 529 503
15 837 473
676 811 685
295 289 481
121 107 329
975 59 365
24 835 626
171 244 650
201 139 216
403 376 232
493 478 699
163 21 109
539 331 686
241 847 44
773 527 26
382 697 945
825 411 75
493 277 526
721 883 73
733 337 421
951 748 979
384 666 491
201 641 259
401 196 749
629 201 945
396 317 474
251 623 825
264 450 993
73 101 385
81 73 61
833 168 366
416 161 691
942 281 746
161 899 638
848 689 622
977 693 793
588 321 674
797 854 865
284 178 237
169 905 22
1 604 821
548 586 241
677 711 729
815 259 292
1 449 512
951 881 279
595 65 901
41 825 196
205 929 883
767 401 869
597 691 156
799 501 840
766 347 969
636 322 409
277 441 637
17 897 510
695 351 301
851 15 176
217 271 389
469 233 545
864 985 784
226 111 29
901 81 377
137 481 177
589 301 885
248 263 1
44 252 867
564 621 548
739 241 71
193 335 471
24 551 547
17 997 681
84 831 283
451 836 196
51 275 818
515 165 111
419 739 41
336 346 105
361 761 901
605 629 591
321 298 801
349 293 368
330 716 947
785 67 691
75 806 701
658 875 513
385 501 909
921 484 399
931 158 147
681 502 215
182 376 951
766 549 376
875 170 185
985 703 113
185 837 641
429 137 233
103 737 251
513 805 312
262 981 275
345 1 61
319 921 282
271 652 833
230 721 426
121 526 731
61 126 167
731 33 816
995 583 535
910 313 215
431 863 908
916 191 127
575 836 377
821 102 1
809 146 453
39 441 89
17 610 63
869 263 649
499 769 236
265 715 553
553 477 241
873 148 941
918 224 217
991 541 280
9 993 356
111 350 97
791 853 25
933 980 352
18 225 41
933 682 569
722 867 910
566 980 425
104 208 771
185 145 241
65 497 381
785 482 45
252 453 304
406 281 561
521 233 595
913 512 451
853 466 665
782 841 677
307 535 653
129 326 19
223 909 553
597 477 229
777 261 45
773 791 483
801 452 517
337 425 362
281 873 847
129 240 353
632 481 451
977 868 780
1 833 213
876 791 827
41 883 699
161 838 738
424 977 851
811 433 887
794 659 130
129 415 315
836 13 761
417 301 921
265 471 866
301 433 379
213 658 801
519 533 49
9 407 78
773 845 793
745 481 251
779 769 775
175 951 965
598 493 626
500 849 884
321 921 721
441 985 1
776 104 337
161 516 575
705 913 601
136 321 35
833 51 329
586 957 915
548 833 903
801 158 511
457 214 621
26 415 351
723 831 141
581 825 98
591 400 473
871 784 981
134 224 406
107 843 7
661 664 42
199 31 629
131 139 173
556 996 144
399 526 204
477 821 361
150 473 257
817 590 309
176 971 763
126 117 361
436 800 145
606 311 1
365 813 676
695 141 824
607 662 961
733 309 889
361 961 219
807 339 101
1 684 61
611 549 483
140 388 256
309 657 781
165 11 473
997 777 252
933 568 849
858 267 180
81 560 223
136 390 903
669 445 725
71 841 383
102 247 121
376 924 567
686 696 839
1 255 759
701 431 9
553 871 51
809 99 711
438 25 713
849 633 585
517 336 645
595 972 607
966 709 576
839 848 23
292 641 286
393 551 425
617 821 524
161 857 775
921 236 273
470 995 730
133 247 245
947 771 36
595 449 472
959 285 190
523 833 140
737 633 388
709 379 31
851 473 581
322 146 971
701 592 197
395 969 785
29 681 721
357 771 626
933 193 321
766 317 715
633 73 880
241 896 596
973 204 145
636 749 501
486 497 809
180 145 417
338 30 101
560 697 993
199 769 701
753 689 545
815 72 346
626 97 739
92 582 113
775 833 422
97 315 42
26 465 953
905 105 492
663 475 325
306 321 685
486 201 465
278 789 309
561 71 185
593 201 201
506 263 1
849 332 899
268 993 649
572 75 356
749 903 28
81 209 271
398 215 111
248 281 745
189 585 118
817 401 135
825 515 841
501 181 246
940 673 291
401 53 347
73 205 896
698 214 587
432 305 859
84 471 737
369 512 71
769 514 303
253 101 359
665 285 1
676 585 960
570 418 179
917 1 71
703 319 229
481 999 902
105 589 329
703 699 10
353 825 9
159 838 95
487 741 765
818 313 941
31 869 44
711 57 774
777 173 506
630 81 529
853 345 7
509 642 511
5 161 201
926 445 507
753 909 421
501 786 733
934 657 225
900 1 617
999 424 860
290 401 107
353 379 228
731 401 35
581 145 422
607 181 524
1 276 941
857 143 701
909 577 829
721 109 335
498 577 825
435 183 473
649 113 199
91 191 863
11 679 881
769 675 457
601 545 313
885 629 761
541 326 611
997 945 301
53 284 326
537 21 838
141 157 945
593 545 379
329 977 873
948 853 492
259 665 801
833 959 921
466 604 1
908 993 75
121 25 460
81 289 703
849 122 994
111 616 771
443 56 81
934 444 548
521 201 497
367 886 216
529 649 141
433 225 736
900 785 711
945 951 932
331 312 788
625 948 934
645 276 272
191 43 537
347 421 575
413 219 966
311 550 712
591 509 21
873 521 786
857 985 515
259 593 435
531 719 17
116 605 133
463 229 840
981 391 642
645 821 365
613 745 411
717 500 691
47 113 401
709 618 123
909 743 241
112 666 522
37 169 485
111 60 761
721 2 242
668 901 261
1 729 513
9 153 649
361 971 433
801 515 836
809 541 626
310 769 737
481 665 864
25 845 80
119 468 214
872 544 915
29 558 709
773 449 937
11 71 37
15 319 481
285 801 773
105 908 91
361 732 461
521 745 863
756 939 519
25 488 660
286 39 593
573 811 366
595 203 285
341 718 746
321 593 685
643 329 616
844 601 349
1 601 913
61 563 681
46 708 851
671 76 831
793 456 193
11 562 789
868 399 561
451 85 407
191 841 755
21 218 572
693 913 596
79 933 635
131 641 579
506 598 901
461 611 779
596 889 867
993 410 64
795 512 321
901 169 861
201 117 369
531 11 685
563 303 682
945 858 545
386 151 411
919 285 757
807 243 693
611 753 278
97 367 241
619 127 101
359 897 186
66 651 60
148 846 381
980 139 937
881 103 212
121 321 966
233 57 1
745 201 529
161 645 73
932 663 989
921 200 177
975 771 246
377 556 249
32 219 951
64 523 943
76 984 44
302 41 737
121 47 535
221 434 514
269 718 371
841 257 641
315 645 642
513 369 604
553 351 791
865 272 295
201 793 115
177 673 593
83 677 21
180 721 871
225 240 365
843 426 751
357 206 701
457 75 453
443 361 864
37 510 513
699 805 617
473 701 801
117 171 521
817 966 671
721 547 683
237 101 21
475 988 912
199 36 340
845 976 901
477 777 549
498 621 884
569 305 525
725 596 1
131 586 421
301 13 821
426 378 585
893 28 177
141 501 869
271 121 789
169 746 153
207 91 97
761 995 65
529 56 524
81 801 251
160 633 801
869 120 574
860 401 397
984 121 634
105 535 865
697 125 495
911 561 27
130 750 409
411 955 473
817 68 933
489 387 741
649 57 497
171 643 531
821 776 420
617 943 219
85 109 353
937 73 913
354 272 19
905 191 341
565 137 311
731 722 130
493 331 801
689 520 953
721 781 294
997 773 370
833 641 551
779 497 652
437 935 635
603 837 166
961 244 497
981 976 97
388 19 285
153 673 604
501 393 547
801 531 775
226 177 983
376 259 190
321 526 285
709 335 751
224 276 982
981 121 408
737 876 196
641 507 799
837 273 478
645 189 713
457 159 951
139 181 581
296 458 58
561 710 426
751 467 841
90 41 939
681 793 706
721 973 419
373 524 841
321 485 271
161 751 839
179 1 527
955 857 205
951 67 923
583 689 806
701 441 870
125 765 905
233 684 859
597 445 617
953 832 339
953 106 157
857 5 55
624 855 640
193 3 293
256 951 89
976 876 710
791 738 977
796 849 886
719 194 796
97 467 609
851 795 269
131 976 381
326 182 599
882 438 697
622 948 953
368 676 897
529 723 961
427 535 261
213 560 217
517 585 863
901 277 294
842 801 802
361 1 212
274 243 859
578 969 733
975 301 613
881 761 589
287 681 470
1 471 257
44 361 912
697 563 361
283 788 237
845 721 843
410 298 727
497 151 163
603 251 809
733 922 769
577 905 137
831 171 1000
403 227 177
913 503 26
408 438 423
65 729 561
255 807 249
619 206 926
281 153 241
633 681 281
267 25 863
551 341 241
487 407 620
359 785 53
525 313 661
282 137 297
287 296 361
981 403 103
931 231 496
666 857 199
555 985 755
1 251 96
394 879 171
957 867 199
37 966 967
864 666 441
692 813 593
499 297 611
253 287 392
211 317 881
760 385 525
578 761 583
663 69 451
383 618 377
911 501 241
797 210 993
607 750 713
616 245 577
511 287 617
318 227 317
481 983 824
662 379 427
753 235 903
385 853 75
823 379 87
251 41 251
389 441 561
351 606 363
20 616 936
665 624 841
259 769 771
724 135 561
189 711 71
950 246 873
425 115 391
585 76 5
366 331 201
471 921 135
825 169 229
531 569 973
901 127 113
121 781 838
809 513 762
722 426 951
461 808 558
949 265 953
39 245 47
524 837 609
109 761 961
167 560 130
193 201 633
835 209 977
499 162 326
501 953 917
211 157 553
360 269 533
286 41 739
521 536 356
637 221 680
793 811 564
217 270 831
995 317 463
79 469 662
719 321 451
1 533 176
977 801 771
701 207 449
477 761 1000
379 997 421
183 697 993
733 282 791
431 817 608
74 260 601
527 226 721
329 30 339
133 473 231
73 1 625
146 515 493
220 391 621
903 376 617
68 161 224
33 809 170
290 461 198
364 849 872
337 514 741
845 976 310
185 96 981
437 153 613
901 705 1
526 957 901
855 19 353
576 537 449
181 541 809
695 311 921
665 969 348
691 409 777
57 53 131
156 755 529
598 597 201
901 267 601
929 986 98
461 476 931
721 767 129
997 457 308
260 241 885
772 93 171
945 369 349
501 366 645
235 581 327
826 753 297
721 281 423
921 21 211
142 314 195
169 670 991
995 326 931
753 129 299
359 949 707
729 992 265
751 484 333
893 16 751
219 901 468
141 763 145
393 503 627
361 963 66
429 393 251
101 244 656
326 839 402
86 44 694
571 714 793
237 451 751
849 616 847
471 217 905
255 761 529
451 572 898
113 935 727
611 732 940
366 241 498
89 773 143
63 991 911
659 78 941
526 751 461
616 529 321
255 481 301
209 493 321
77 860 159
423 341 524
583 881 951
293 401 811
641 101 185
449 37 521
761 201 768
781 929 561
321 61 151
949 431 155
99 781 911
421 609 733
401 165 41
969 291 65
771 33 557
943 540 357
221 539 325
401 920 100
273 960 680
1 860 459
77 251 793
1 509 801
355 374 511
517 671 846
697 929 748
671 313 450
181 405 654
910 377 71
111 781 217
351 587 526
295 753 461
214 559 249
403 691 73
587 953 566
787 171 396
776 588 31
961 113 282
595 74 671
26 182 641
617 973 585
841 313 511
837 911 241
735 201 497
701 122 806
441 445 691
686 29 447
713 321 348
543 398 46
801 621 137
111 536 247
553 291 429
459 731 382
51 686 283
301 735 817
485 873 361
401 90 668
1 586 953
485 205 951
345 451 551
426 99 411
129 981 835
313 124 561
716 741 61
256 405 767
18 286 746
282 217 221
326 626 141
521 813 911
65 118 378
925 236 901
837 252 433
473 951 705
777 345 491
912 117 73
961 125 55
536 356 161
505 437 971
990 861 801
701 511 370
329 641 259
561 785 995
521 239 801
761 693 505
429 467 981
711 131 759
221 265 555
851 578 81
315 105 901
337 241 389
99 790 675
496 432 177
401 881 777
287 673 611
401 711 668
949 565 235
729 727 523
353 841 401
372 811 789
501 849 89
919 455 495
863 629 954
174 353 209
24 921 426
926 467 693
560 471 836
216 491 369
895 41 38
81 929 877
131 196 277
705 6 1
601 617 831
114 385 639
671 961 526
149 310 569
235 141 61
815 781 241
881 829 9
647 401 721
21 938 510
121 425 516
347 955 401
990 16 543
131 967 751
495 15 65
97 676 601
566 99 721
811 609 301
481 240 77
721 609 328
497 751 65
477 921 465
421 903 451
201 923 491
181 819 111
657 9 293
649 58 31
255 445 381
774 311 605
757 967 403
821 913 165
265 155 821
529 545 727
763 95 325
657 676 521
579 733 889
198 661 181
121 209 460
849 828 536
391 97 165
911 977 675
903 575 341
221 641 797
529 437 894
44 401 311
77 977 978
609 548 787
498 335 781
481 95 93
653 415 885
491 697 655
233 921 662
983 651 373
107 937 151
381 562 68
811 603 711
761 653 765
65 193 427
401 405 763
25 369 927
551 121 231
41 401 297
349 440 617
253 65 28
9 472 477
411 644 215
487 51 625
721 564 901
662 227 50
734 662 693
455 491 233
191 288 125
641 26 581
525 143 936
369 773 789
836 281 529
229 785 35
879 273 161
391 589 37
31 579 757
337 464 421
788 632 401
517 646 929
225 239 251
876 1 711
858 61 259
329 929 39
911 349 177
699 376 701
401 288 535
729 197 776
1 967 315
111 321 937
651 605 464
393 251 501
976 833 900
261 285 506
288 97 657
221 465 565
551 201 771
736 834 901
571 505 99
729 367 135
507 383 596
881 201 216
765 233 18
626 1 325
531 612 95
569 592 815
297 246 949
596 891 699
825 326 659
981 649 1
287 371 173
6 873 161
841 623 782
782 255 311
1 345 806
135 95 236
166 323 999
811 740 409
793 925 800
140 735 753
417 741 316
128 12 300
17 965 407
489 205 972
869 518 731
381 61 921
937 19 296
271 501 872
7 32 58
714 931 119
431 961 132
821 567 181
125 639 993
561 283 151
201 231 361
129 413 541
641 219 481
601 671 941
13 41 245
742 133 419
397 497 210
853 521 201
243 595 766
886 702 201
441 981 701
855 19 179
775 924 465
487 651 417
637 851 306
508 773 324
772 491 193
75 81 987
586 579 881
419 437 1
450 871 801
38 509 833
226 157 6
489 919 726
56 742 185
617 31 70
31 504 561
85 839 991
668 914 81
145 204 629
769 731 641
201 201 482
171 261 799
185 71 897
401 273 411
835 713 797
614 529 566
540 651 283
205 844 848
991 193 342
305 241 441
652 635 611
151 55 811
297 973 293
254 217 794
201 737 276
251 33 7
229 866 21
509 547 851
577 217 585
123 817 987
331 161 295
277 17 746
987 841 903
213 196 520
136 907 401
993 149 546
892 211 881
809 821 846
906 317 576
900 233 525
241 737 156
935 213 942
508 251 820
929 189 561
297 221 982
71 969 317
731 493 314
737 383 665
881 501 629
958 418 169
733 497 929
971 851 8
257 632 453
741 256 608
969 817 201
806 351 386
526 446 257
985 791 713
1 861 416
249 676 225
508 676 819
632 691 945
26 715 261
553 706 137
247 301 921
89 329 393
347 156 984
978 701 501
516 491 920
163 870 166
745 161 536
226 561 169
297 247 470
326 921 486
649 225 77
121 125 182
377 989 491
509 546 717
405 341 808
836 961 705
919 579 121
911 341 884
957 10 520
551 537 915
957 722 433
124 157 121
897 153 124
376 835 49
805 921 437
421 253 569
861 417 348
817 906 849
521 943 331
737 911 781
41 809 611
865 313 801
113 677 245
752 341 340
646 239 429
255 584 966
533 429 449
729 476 139
326 577 711
981 225 425
369 727 901
621 233 375
625 162 284
201 389 766
401 601 73
413 321 868
265 151 545
509 943 137
969 63 565
911 319 91
112 829 297
951 266 421
372 861 945
581 887 802
581 803 253
519 319 236
566 69 284
145 316 377
885 139 693
384 753 489
521 689 561
901 807 675
104 251 471
971 512 359
755 833 104
805 279 509
560 329 47
933 954 350
706 937 269
481 233 96
65 661 437
23 676 621
81 51 119
804 635 319
637 139 21
522 5 233
688 809 821
401 421 797
707 331 607
181 596 609
501 425 151
121 662 929
787 831 745
587 337 99
938 281 10
700 818 80
350 117 929
369 511 849
1 101 551
456 272 760
521 65 661
956 232 750
301 241 415
161 433 571
142 446 846
591 281 356
60 17 456
617 153 404
89 578 501
881 69 911
936 481 248
793 991 521
6 644 441
309 161 501
249 925 778
439 538 91
865 885 631
722 69 332
779 717 402
569 224 588
89 713 841
539 262 767
751 844 996
760 493 313
533 509 893
581 901 873
885 887 281
431 351 747
947 289 937
51 505 725
336 93 354
347 741 985
811 813 957
601 161 661
191 89 101
253 941 869
136 821 144
536 909 481
449 395 541
876 289 328
416 845 573
481 953 41
873 306 251
821 251 589
337 701 981
155 678 709
957 651 265
617 451 831
849 312 697
95 404 10
842 957 159
761 929 652
297 106 260
469 775 629
318 781 867
796 357 961
701 11 753
685 853 124
379 281 660
910 549 635
271 641 548
233 879 152
151 343 265
873 730 361
349 888 749
571 837 281
925 277 933
681 365 563
799 760 195
37 957 101
885 601 393
608 406 185
333 159 636
502 939 321
48 586 697
681 741 621
301 423 377
990 581 273
523 669 993
611 501 104
26 747 393
597 255 984
170 475 503
137 831 519
449 993 876
43 876 32
311 981 114
603 621 821
98 928 257
271 901 451
413 852 57
991 305 452
48 7 822
811 447 807
611 15 83
377 408 901
17 357 826
187 243 809
817 439 926
151 929 387
626 344 461
901 345 925
433 136 194
379 53 390
756 755 565
1 237 839
21 690 457
496 777 687
81 578 398
831 801 729
321 181 25
281 212 617
961 6 336
865 441 215
458 501 425
46 147 181
625 729 496
129 101 121
941 31 897
630 635 261
332 859 678
251 260 501
281 873 305
821 139 921
401 285 483
883 618 751
428 96 118
529 881 57
97 363 137
581 369 321
76 822 561
880 361 575
877 871 701
689 497 751
181 57 885
67 245 520
531 257 381
313 451 541
204 12 371
281 158 977
930 895 567
705 653 505
983 295 949
444 489 997
376 28 866
155 253 382
521 315 913
271 58 611
209 601 290
632 911 541
435 601 281
245 565 512
881 5 409
707 153 431
937 626 903
42 189 1
930 471 481
625 551 416
965 777 111
497 777 971
360 841 671
418 1 426
173 921 687
355 917 391
869 195 331
751 74 862
545 329 151
967 221 329
904 606 673
681 560 740
171 670 33
190 252 221
717 831 507
973 987 456
437 875 915
641 275 368
657 387 55
799 837 859
436 850 216
701 901 743
356 348 128
181 76 337
306 536 832
301 666 791
201 583 828
633 335 488
154 929 313
41 540 81
681 753 876
747 597 712
805 944 41
661 521 841
799 529 839
631 426 175
179 273 569
505 415 797
745 522 881
957 117 501
503 929 470
736 265 727
759 869 691
927 795 56
763 461 266
777 759 80
441 401 117
481 17 225
931 121 623
881 981 561
989 151 415
765 226 337
598 683 121
196 489 489
379 455 439
791 209 593
345 871 1
610 605 734
735 136 537
259 551 124
145 530 889
801 976 341
126 85 237
497 377 739
281 840 441
661 781 745
209 435 455
22 481 521
241 961 209
821 905 793
983 516 721
305 748 497
229 895 209
301 273 241
411 557 937
809 949 651
119 830 307
681 781 323
527 24 267
751 742 273
921 811 323
961 818 193
911 713 454
508 482 705
405 601 650
567 463 166
294 973 801
921 321 813
11 561 57
437 197 137
817 693 557
721 559 81
628 35 826
9 896 797
961 330 411
232 501 743
895 53 258
761 937 865
448 67 229
238 860 841
581 521 285
736 777 311
671 465 601
573 569 161
674 57 874
67 179 949
442 777 871
905 473 71
49 579 330
201 977 397
326 689 301
17 857 497
171 751 344
504 505 217
377 618 41
281 900 125
207 337 761
641 169 177
238 146 612
152 791 174
713 687 16
159 231 887
185 777 261
381 181 506
696 24 109
535 311 951
947 201 540
27 101 617
721 531 391
921 507 342
481 145 939
421 165 351
424 461 201
791 43 231
494 235 507
113 73 380
342 435 466
499 569 801
493 91 466
276 448 823
86 317 491
365 159 437
95 551 433
203 351 465
537 671 805
512 903 58
817 171 1
405 657 703
689 453 401
997 520 193
869 601 201
227 201 869
217 548 464
411 820 738
386 907 121
139 145 404
928 901 336
675 901 631
801 376 721
586 219 545
1 81 701
457 145 771
481 207 595
820 521 222
170 769 728
201 309 595
939 893 731
171 455 157
161 530 821
472 865 497
243 711 241
743 241 866
409 659 956
377 825 837
41 37 443
853 796 977
25 451 841
245 233 491
146 861 613
564 815 708
354 490 633
79 109 851
873 703 789
865 673 252
845 73 826
121 856 565
48 39 569
491 381 617
489 361 337
455 993 566
121 541 654
809 465 404
305 813 765
481 965 476
629 53 881
959 237 101
823 686 843
109 719 580
492 217 71
385 633 987
233 426 267
21 225 887
426 980 54
876 772 321
176 527 657
260 601 893
907 497 681
921 600 501
793 561 681
815 641 481
21 501 849
126 736 681
10 261 775
521 831 217
827 609 947
371 426 237
457 649 321
405 601 609
821 416 966
66 806 155
875 673 557
973 901 161
85 105 263
689 55 621
617 681 105
745 942 361
115 737 274
381 169 355
51 131 281
977 745 307
613 95 965
683 969 319
491 301 525
303 975 417
77 657 171
12 668 911
101 433 523
833 81 993
285 471 941
922 349 174
61 857 225
249 81 721
4 289 497
781 270 990
425 680 521
11 421 986
466 915 889
271 881 825
260 797 551
453 761 779
9 626 593
181 51 833
455 269 31
969 161 49
760 199 65
81 305 601
166 113 327
257 457 609
153 81 305
199 981 303
790 481 598
321 95 689
344 933 216
921 338 413
515 751 711
877 611 373
753 65 212
155 885 463
977 177 108
110 921 273
151 78 453
431 122 735
889 127 899
621 260 747
1 255 611
120 761 751
696 381 185
647 450 987
853 422 521
81 754 929
939 977 271
648 391 567
299 921 944
736 109 829
271 631 641
35 446 891
525 1 491
281 256 19
71 569 725
905 756 681
125 451 529
737 490 856
493 12 171
350 311 665
577 809 971
782 845 299
602 919 785
941 897 818
531 273 547
897 314 863
21 124 853
641 745 801
373 99 865
612 803 636
845 346 721
94 577 793
561 535 793
805 593 393
611 73 442
258 43 712
77 132 318
181 773 583
434 671 471
57 601 921
439 202 129
863 767 505
386 224 337
996 121 875
289 157 116
617 920 829
166 833 943
217 857 125
367 187 841
953 465 912
947 81 369
46 499 161
526 589 159
339 232 166
644 661 1
403 249 851
926 532 877
381 901 959
409 865 701
689 664 745
421 801 885
393 613 26
545 221 380
871 349 597
303 476 453
391 645 633
589 81 305
682 747 525
495 405 873
626 679 993
915 746 569
605 377 936
81 897 585
669 876 890
609 863 586
824 205 497
30 1 701
276 708 772
903 341 81
149 63 949
625 661 111
31 120 983
41 762 49
182 689 306
175 955 817
817 29 616
929 417 305
647 137 777
571 63 411
509 579 685
461 181 241
161 659 481
35 771 233
280 303 227
613 548 81
97 241 211
233 849 823
749 681 13
511 361 961
493 156 904
443 679 439
885 707 351
923 981 429
706 654 336
121 254 653
761 572 651
511 846 557
657 751 541
957 541 797
193 337 589
860 803 721
47 821 471
482 737 670
804 841 342
577 484 275
623 161 146
847 846 790
553 341 601
44 356 861
38 427 543
791 37 417
443 727 465
819 728 417
329 195 466
229 393 76
43 37 314
53 766 501
507 937 676
541 817 937
295 113 849
189 161 19
280 977 504
83 376 846
780 901 477
905 177 429
241 566 648
555 279 225
201 591 529
238 78 36
417 242 397
184 597 569
274 193 25
757 618 561
149 869 851
522 13 651
33 179 181
531 155 117
809 173 941
484 109 960
60 447 562
775 768 375
915 136 606
458 31 208
331 563 824
137 431 111
1 458 151
61 706 619
791 221 565
895 721 245
826 311 391
842 489 394
403 654 837
191 394 926
801 461 145
924 141 53
990 488 49
325 734 465
660 863 201
185 534 529
234 969 201
587 726 521
633 736 649
444 835 153
521 759 786
721 806 572
233 146 757
634 885 157
711 133 791
746 273 167
561 797 176
815 162 613
26 117 347
631 597 841
300 645 909
721 601 641
425 549 919
817 897 859
104 161 85
865 455 953
905 258 981
209 601 876
301 389 801
901 766 601
393 717 553
677 883 131
311 389 911
551 929 533
809 561 177
286 622 81
931 473 695
521 641 742
930 249 414
469 501 577
149 301 834
213 500 101
257 197 741
432 717 261
496 581 865
287 767 37
811 405 994
815 200 529
866 1 598
921 106 818
885 729 281
943 601 904
962 778 537
649 121 917
593 481 489
205 919 652
481 1 416
309 553 347
981 418 257
579 313 213
590 753 926
803 344 637
37 971 53
816 661 529
776 138 921
419 65 387
510 777 59
861 552 54
32 627 841
913 277 793
261 821 641
905 56 775
901 358 597
441 783 126
579 759 569
785 163 830
577 385 616
745 617 83
369 77 911
524 254 856
435 665 69
882 202 701
119 311 662
205 957 607
733 159 879
1 905 963
31 490 943
539 967 547
310 33 631
353 485 681
501 908 705
749 746 445
997 959 718
501 997 661
590 111 861
941 720 191
65 737 65
801 737 901
233 893 241
181 914 407
729 391 745
681 959 76
276 705 441
604 649 751
891 337 706
307 26 851
381 69 647
363 156 750
724 51 644
61 189 407
343 93 199
463 659 252
801 711 945
631 196 254
517 317 907
639 750 153
637 529 858
841 734 869
93 297 774
831 863 402
521 911 985
676 185 596
258 819 806
631 986 477
278 931 13
211 956 615
561 545 851
295 908 97
521 887 238
908 237 871
330 263 321
629 209 544
75 777 69
667 697 361
502 898 522
871 425 581
985 185 851
107 243 576
511 53 411
407 228 189
969 329 643
121 734 441
283 393 481
321 747 563
413 661 673
208 725 70
165 633 533
751 837 809
201 603 25
529 123 75
98 407 774
249 357 10
473 711 235
376 470 298
627 911 736
881 541 401
201 868 927
767 939 681
171 58 537
499 121 301
516 449 741
121 876 881
471 797 437
487 449 991
825 901 539
581 965 37
481 618 279
381 444 821
121 801 1
887 969 231
209 901 390
281 95 419
531 113 361
995 679 151
315 127 441
320 997 967
465 121 610
742 57 405
819 993 361
729 500 691
758 365 897
311 163 353
683 13 835
801 332 426
531 864 351
961 995 41
153 161 943
55 856 329
901 369 181
785 226 471
913 221 275
424 926 756
16 713 33
936 915 285
757 688 805
341 921 45
545 521 369
657 196 605
321 559 152
495 439 621
501 281 1
878 420 173
785 173 305
497 701 175
341 215 407
195 281 651
325 501 321
331 441 577
353 79 706
669 281 264
596 101 265
589 665 466
86 150 366
489 164 986
657 611 671
201 341 641
949 551 809
726 296 735
126 294 401
729 726 346
962 823 171
721 641 276
124 206 821
493 956 796
321 381 1
428 962 61
601 232 659
744 153 989
765 601 793
463 231 889
481 501 721
815 435 783
841 253 591
513 161 149
261 446 585
275 709 338
309 327 516
357 859 833
121 221 141
153 356 207
264 29 557
201 505 281
626 799 685
611 341 987
447 661 102
565 529 97
345 771 649
681 481 787
129 676 345
88 741 921
169 617 275
101 831 97
119 551 988
587 831 816
795 937 223
961 641 431
951 108 729
291 561 841
447 221 751
566 281 721
902 243 225
313 919 865
514 951 533
745 644 248
126 391 21
530 87 275
27 509 857
643 151 31
977 101 537
249 586 192
21 437 828
621 297 606
357 491 899
514 929 552
23 243 245
158 945 332
504 821 568
451 209 974
880 543 373
734 707 753
924 676 851
961 136 861
651 241 12
457 537 303
692 919 457
289 433 746
305 41 771
12 144 126
947 109 103
946 359 711
20 665 189
840 32 503
497 801 751
536 475 526
833 124 1
689 27 431
698 901 368
82 16 171
965 181 435
801 390 41
326 808 961
501 733 977
826 863 941
285 51 281
161 249 342
455 474 908
625 84 501
261 585 809
794 833 521
105 697 766
256 143 685
865 977 289
721 344 903
761 76 393
493 29 521
185 139 241
129 77 407
341 161 232
566 237 943
296 661 752
57 857 866
77 771 217
817 18 101
505 111 814
313 305 721
465 792 561
597 201 445
295 730 817
711 316 49
163 356 421
541 439 405
94 615 81
977 345 7
699 1 964
157 561 851
225 183 901
116 595 401
425 135 426
713 457 861
801 809 951
61 506 913
302 975 659
37 705 304
841 509 137
22 702 107
293 91 745
208 443 527
249 962 883
201 222 920
48 852 867
739 537 49
350 112 529
776 666 901
913 236 841
578 826 196
777 281 791
109 419 982
299 858 511
337 939 889
795 613 317
601 201 983
471 609 721
973 1 751
849 655 281
873 686 315
917 879 64
816 99 954
166 277 674
181 359 561
281 723 993
36 681 616
597 416 460
717 586 621
756 508 457
66 657 360
151 806 676
777 136 798
908 822 463
123 58 73
561 983 799
521 228 35
721 721 192
823 729 113
453 384 840
717 781 181
181 169 308
375 627 459
661 152 292
785 629 931
357 161 113
46 465 127
929 954 772
272 709 489
951 576 751
275 81 823
255 137 811
866 385 165
844 766 951
948 433 251
262 730 657
349 392 637
579 681 429
557 659 246
841 132 843
38 227 361
687 247 851
897 481 25
85 361 321
265 201 452
419 997 579
151 831 869
49 677 601
910 743 41
721 529 527
23 876 401
913 951 501
629 657 463
623 59 969
739 661 361
501 400 467
242 665 141
671 872 93
211 407 303
1 541 799
260 471 3
895 773 139
351 499 441
230 179 463
57 489 643
687 297 635
821 421 548
934 191 451
375 417 426
1 268 501
493 304 911
232 574 499
989 128 829
901 565 793
85 660 985
577 55 859
475 889 666
813 985 666
197 317 242
801 895 1
665 145 901
791 915 585
531 65 985
721 174 915
303 688 353
241 66 238
481 611 211
297 321 873
135 177 367
597 101 581
281 3 1
117 472 1
923 593 382
757 292 251
313 965 799
472 281 651
313 1 113
233 153 537
131 73 613
787 651 457
785 473 661
93 212 441
99 251 539
921 209 225
521 318 614
490 162 373
182 231 301
616 707 401
657 845 277
621 634 691
681 676 953
821 902 557
185 501 146
716 667 499
369 155 361
617 428 297
863 825 276
33 13 801
31 825 588
375 405 506
929 709 15
297 785 51
623 721 129
951 363 113
771 353 201
781 983 409
523 481 620
571 866 953
825 865 589
930 793 91
717 431 640
683 785 584
821 557 21
769 678 537
291 105 938
691 714 697
367 609 51
157 602 116
657 974 754
49 191 417
601 161 987
592 905 256
596 311 531
772 77 945
996 906 429
101 599 765
227 134 786
593 601 305
404 993 91
658 313 401
280 191 413
285 965 657
65 437 682
25 845 369
626 281 584
902 245 792
467 833 971
901 721 705
58 932 753
191 847 201
921 361 409
651 386 642
696 935 217
704 237 537
933 697 949
892 153 306
327 1 921
591 447 305
953 489 443
573 529 525
877 65 805
150 239 467
376 723 185
995 423 413
352 483 707
721 481 947
901 825 785
761 398 445
441 623 971
456 157 493
603 495 770
313 148 553
659 816 721
593 281 726
227 32 664
685 721 895
555 862 275
291 601 957
233 9 191
405 717 637
911 601 381
308 385 992
107 924 250
864 587 731
421 585 991
81 37 958
417 705 494
441 369 369
279 244 651
811 696 661
873 869 617
363 580 929
241 881 411
313 694 272
321 94 847
283 7 35
444 845 219
18 769 281
441 521 871
535 836 634
465 48 228
79 81 115
937 930 365
193 121 587
407 695 959
345 833 734
886 274 375
889 591 489
907 881 886
194 781 641
387 145 83
41 996 888
125 98 125
261 541 281
761 535 18
182 1 1
865 333 269
7 701 825
229 26 703
325 941 271
753 891 421
553 925 657
584 981 207
297 198 965
117 501 845
251 571 65
286 1000 51
57 105 317
769 986 525
901 986 361
981 641 223
680 401 85
317 496 161
73 607 247
295 645 915
709 822 141
167 101 556
418 33 46
633 69 588
974 591 373
747 387 881
789 893 275
914 856 891
269 451 993
993 81 417
209 467 804
906 565 226
549 129 918
513 904 449
985 269 799
679 143 969
767 345 320
526 185 185
121 381 967
889 961 821
286 385 351
349 331 991
1 1 233
809 289 177
756 877 10
557 180 679
753 281 801
579 117 641
175 416 481
340 813 77
713 501 669
909 29 934
865 976 981
833 897 773
931 530 843
592 130 701
913 332 393
326 901 279
527 472 695
425 853 909
956 157 530
707 531 641
961 271 676
931 913 576
401 574 294
389 529 299
851 345 285
9 284 203
6 989 700
497 173 361
291 966 871
70 315 370
148 35 901
778 978 833
724 720 725
681 419 277
121 701 987
646 377 107
873 507 545
793 775 405
849 401 982
333 841 249
446 447 21
785 291 467
727 706 391
713 949 741
325 411 202
91 251 713
571 439 151
473 884 157
57 429 137
185 996 777
185 651 65
506 1 641
837 352 856
387 698 230
421 579 371
321 498 390
79 533 777
748 777 362
349 271 537
185 471 943
802 101 397
281 861 441
449 603 971
761 239 381
329 881 201
803 889 281
285 224 251
661 441 984
629 1 473
309 938 289
605 421 711
161 407 641
889 927 754
531 753 915
369 677 1
381 545 201
827 12 779
776 85 199
699 691 973
801 656 775
977 126 705
421 349 908
841 107 321
1 729 502
217 674 690
935 297 847
196 65 189
126 441 183
481 762 453
357 989 327
329 453 1
687 273 975
822 753 129
641 245 817
675 481 570
389 621 961
109 993 460
877 593 637
153 585 881
141 797 420
697 438 801
21 925 913
403 498 641
57 401 569
56 563 427
325 559 941
463 968 925
105 623 716
449 809 370
232 609 17
953 133 437
301 134 329
433 814 926
815 967 911
501 677 781
72 721 655
901 713 723
51 464 241
461 543 601
831 761 361
841 519 110
865 421 267
592 251 43
556 929 289
863 201 698
849 959 569
621 573 489
235 169 536
631 131 326
785 793 676
191 625 359
190 181 873
176 339 877
1 276 757
4 241 137
681 791 163
753 793 937
214 800 553
545 155 674
753 31 91
853 253 811
639 593 331
441 964 825
866 495 833
235 398 699
223 903 637
185 45 589
547 31 561
437 401 961
166 45 285
567 906 409
266 511 551
57 187 273
897 201 271
395 865 257
130 861 548
461 381 217
471 564 241
296 488 142
533 926 985
465 152 151
916 809 410
250 482 766
913 235 345
817 681 336
549 596 961
857 511 69
729 54 327
577 930 57
221 371 697
901 313 346
846 569 957
17 217 51
918 981 457
153 659 229
821 737 853
733 3 945
818 855 337
562 558 321
89 978 417
705 710 323
516 857 405
945 81 834
561 277 25
905 662 953
436 321 574
23 803 666
861 743 51
72 2 446
393 851 401
292 918 814
445 206 361
921 101 926
177 161 87
923 637 726
581 122 491
154 511 633
741 381 398
390 347 209
557 625 801
91 611 755
821 637 191
161 45 508
719 407 601
856 599 325
221 480 108
956 1 641
595 327 621
697 936 937
905 689 626
65 721 396
591 631 731
686 193 707
761 662 841
177 33 57
90 889 106
173 49 756
251 546 117
827 729 641
53 16 428
913 532 361
703 761 356
956 175 329
156 305 905
682 317 83
534 861 839
136 660 278
25 188 289
1 170 427
427 305 673
63 528 821
385 37 761
1 667 496
753 914 571
628 301 537
856 919 388
233 316 62
731 7 529
955 3 763
653 565 345
711 91 217
533 862 853
876 648 191
289 665 129
851 985 325
271 601 73
527 811 289
641 876 631
165 233 348
761 831 697
289 763 539
301 945 701
322 993 711
81 531 459
151 949 607
98 223 877
610 161 136
79 241 893
547 855 81
121 625 376
721 571 701
269 222 299
745 377 897
733 151 184
629 683 219
690 535 217
113 739 69
505 472 63
242 767 345
546 783 331
275 43 729
454 883 665
537 21 147
364 259 204
1 170 801
823 429 699
581 127 681
461 101 661
857 190 127
510 76 281
31 609 733
766 576 281
176 417 998
839 398 46
656 445 561
331 820 226
753 537 561
455 551 830
349 347 131
457 284 735
701 656 251
813 661 483
641 515 439
792 873 767
929 747 675
809 961 297
121 142 106
755 247 647
398 804 110
597 14 624
561 177 51
11 140 785
286 249 857
159 330 81
32 752 284
147 725 286
