3137
777 401 706
57 497 479
72 50 839
706 924 151
201 956 881
511 73 297
597 155 353
567 669 779
629 45 581
697 733 849
896 721 162
826 1 825
139 401 221
229 827 286
265 257 626
211 517 291
121 87 258
199 746 519
1 70 921
361 622 117
331 937 641
785 101 165
231 453 565
627 766 323
601 281 874
629 979 655
373 855 850
733 127 696
811 1 105
58 1 501
811 776 841
325 617 461
949 321 743
615 770 761
741 61 981
219 286 552
759 647 611
849 8 841
133 601 621
849 329 334
559 925 103
811 937 489
1 351 116
764 495 941
817 397 713
215 621 971
153 118 277
497 703 364
151 981 584
673 485 871
781 405 23
990 493 126
991 983 901
313 691 374
801 641 801
257 359 581
81 17 963
517 633 225
893 981 977
851 715 689
590 451 921
836 89 659
629 525 493
281 966 773
603 534 103
609 397 641
125 21 265
221 117 167
765 669 421
631 399 449
865 951 87
125 769 431
265 993 648
9 253 185
858 641 302
593 951 71
701 681 709
870 217 660
801 405 224
380 263 281
25 161 161
7 925 466
957 917 42
469 310 181
89 606 703
739 15 281
645 353 231
877 375 295
449 901 223
289 207 915
220 146 342
184 182 429
511 284 971
921 751 201
412 251 96
271 773 321
816 850 161
815 231 884
893 841 912
157 249 876
727 479 541
7 867 645
339 135 618
30 210 743
553 249 108
699 842 221
751 487 973
201 709 821
326 315 637
226 467 961
245 585 486
380 301 165
969 238 147
825 89 179
365 501 951
327 449 73
819 601 470
517 400 761
251 937 737
522 593 665
521 532 457
553 649 942
828 92 790
780 174 800
151 273 945
896 742 481
597 720 325
562 129 669
345 408 473
561 414 637
35 65 18
371 743 393
961 479 990
913 817 626
337 790 375
49 642 781
981 937 893
249 391 869
565 261 382
222 459 544
512 1 631
911 37 245
388 827 881
61 101 425
742 861 409
272 886 441
661 882 233
890 847 99
601 1 921
687 427 790
337 169 285
981 653 773
691 831 881
826 51 229
616 726 835
261 41 331
433 239 761
1 64 351
858 483 831
925 793 296
425 73 971
742 663 909
433 505 451
973 171 281
113 161 733
251 106 823
569 845 851
376 810 401
946 161 801
488 461 758
366 149 1
17 212 925
329 323 941
111 636 41
401 365 195
326 999 161
501 121 301
49 837 689
147 555 261
189 149 971
1 497 297
53 589 162
381 369 465
291 757 565
451 961 148
495 584 29
398 329 191
565 816 913
709 641 341
656 9 300
489 493 97
665 935 185
881 253 310
237 905 515
891 649 471
96 761 291
921 401 417
840 293 997
553 695 671
701 59 761
751 522 129
431 528 691
373 160 802
633 557 245
989 329 61
576 440 969
3 697 825
533 118 57
585 321 335
218 371 931
896 69 462
541 618 841
311 401 671
129 433 476
9 805 637
323 189 158
661 38 869
24 701 728
704 611 591
257 371 533
841 177 401
336 15 865
793 749 689
923 501 225
352 462 570
668 73 499
879 721 958
201 441 916
307 389 778
833 327 121
758 41 399
867 603 879
869 827 239
722 273 17
515 825 210
550 317 53
55 137 551
448 704 941
561 788 659
977 718 97
118 467 169
9 691 959
151 751 311
133 325 516
553 730 197
624 660 465
461 206 347
901 309 484
290 209 831
617 654 601
521 183 851
331 247 205
631 345 25
329 657 251
556 11 642
247 788 861
231 441 360
417 360 263
203 593 793
123 407 289
561 865 561
289 264 180
761 321 483
883 281 717
199 836 650
370 933 68
98 217 586
66 1 65
401 529 109
803 803 120
917 33 941
987 817 886
516 967 571
366 741 735
517 822 517
734 563 278
271 276 133
251 671 137
85 631 833
89 593 217
134 978 821
953 229 81
832 145 253
862 535 299
693 938 163
626 189 531
41 729 121
353 1 984
41 145 493
297 435 383
657 119 721
873 781 469
274 753 441
881 635 160
233 1 431
683 801 51
697 536 407
825 758 464
483 743 336
915 902 497
241 837 87
861 901 7
216 342 301
111 733 47
751 266 301
446 339 457
570 415 429
832 291 881
648 649 201
657 539 190
35 552 252
361 143 506
701 727 609
421 94 545
381 361 576
279 731 43
719 514 795
636 241 52
657 47 905
784 888 971
501 931 812
381 499 857
73 33 617
31 222 517
339 292 775
953 793 67
351 904 16
455 31 697
561 575 676
841 611 402
65 767 646
841 551 958
150 593 681
533 101 446
845 281 893
701 237 272
769 401 271
680 611 459
122 185 497
786 542 401
533 176 81
479 673 51
105 997 961
229 593 623
177 570 441
705 551 601
423 336 397
553 911 749
81 71 447
369 385 279
448 761 569
83 396 865
800 66 577
561 359 886
696 254 601
230 751 423
545 945 781
187 41 715
833 307 941
201 148 371
473 281 371
871 688 35
1 777 977
311 17 583
476 927 391
301 301 345
473 985 419
619 471 561
44 121 662
569 937 956
389 687 122
569 911 791
591 283 672
761 8 137
555 877 993
176 625 831
591 897 84
841 312 677
961 207 957
529 655 946
516 376 36
399 545 343
580 841 532
647 95 598
811 209 726
528 241 161
801 216 81
577 31 775
761 26 817
798 866 501
111 733 66
992 253 451
96 891 41
397 554 699
980 593 294
294 44 391
521 421 808
979 873 169
345 513 395
278 309 631
57 151 668
185 215 917
773 674 745
701 555 961
952 471 185
41 385 1
616 629 89
821 803 535
851 47 639
761 301 58
321 391 197
957 276 345
140 46 281
373 365 531
546 27 996
401 495 751
821 81 515
221 25 641
321 985 663
155 576 661
133 993 548
473 441 697
220 241 1000
801 421 321
1 636 721
923 87 121
331 689 1
605 975 708
473 858 199
322 886 491
759 857 736
801 79 341
213 415 431
587 981 921
633 553 89
713 783 761
149 605 497
902 485 746
660 227 527
761 912 881
378 105 993
147 761 191
505 305 985
113 602 1
957 821 529
416 889 597
441 897 813
151 121 500
992 841 161
687 313 95
77 332 1
299 480 22
899 521 161
314 333 662
993 525 825
699 497 303
50 865 937
648 881 971
750 97 186
465 569 445
276 377 777
641 5 376
105 561 59
937 624 111
855 820 677
701 836 81
265 5 847
417 259 1
701 109 835
526 769 863
373 616 651
566 219 789
476 201 429
413 961 412
615 309 745
626 876 501
226 134 874
308 276 177
827 998 999
257 503 298
616 550 468
401 407 556
368 721 921
539 857 405
612 231 31
962 709 889
311 689 767
23 577 387
745 481 955
369 270 790
531 881 879
479 371 245
554 637 781
329 979 865
447 957 991
627 789 232
861 801 777
900 224 429
165 301 141
785 791 817
513 621 777
423 876 305
381 761 998
822 89 171
209 641 633
449 457 965
431 401 209
51 665 444
968 481 239
569 633 621
225 387 453
489 926 581
326 431 409
188 234 66
237 47 479
639 385 972
193 501 433
131 681 615
894 301 769
616 949 191
301 411 970
131 776 827
581 910 746
514 863 962
401 521 680
875 51 949
126 129 351
698 206 855
465 986 63
176 328 726
128 886 358
395 711 401
461 803 176
40 934 371
331 713 888
51 59 737
876 276 403
628 869 653
101 333 562
5 793 683
153 401 396
970 181 578
919 281 631
710 105 698
309 681 821
816 791 973
497 291 557
411 21 946
786 521 131
57 621 201
753 149 396
145 704 561
71 491 245
876 331 739
209 30 447
93 832 576
63 59 285
69 66 526
251 505 192
641 972 465
233 577 91
20 322 931
721 753 705
679 561 425
895 776 817
426 923 318
773 125 951
153 600 881
539 773 978
269 558 461
997 561 737
381 17 629
248 565 519
212 474 209
777 681 377
721 1 785
553 813 210
433 301 941
391 751 506
947 817 509
642 144 133
625 656 583
109 101 348
257 251 395
947 171 296
663 35 349
915 694 982
721 926 1
37 65 545
899 432 597
954 999 871
361 241 98
875 823 857
239 568 128
1 1 801
353 417 572
273 489 583
21 212 769
337 36 29
571 611 392
903 533 316
562 479 965
442 691 334
969 101 914
741 815 931
457 331 656
881 179 438
881 701 733
504 611 559
618 476 765
992 21 469
844 863 831
601 205 1
733 41 141
656 193 987
429 137 911
958 614 221
867 953 665
346 421 135
741 313 509
261 896 841
786 533 157
626 387 721
833 724 927
65 438 161
147 177 897
601 289 319
511 813 547
696 478 501
682 896 905
778 300 457
789 721 271
219 505 206
241 535 876
651 801 542
576 588 745
244 997 881
551 77 491
663 515 29
321 501 421
25 203 764
87 276 183
391 1 701
432 465 41
127 778 645
716 885 474
481 901 385
231 651 601
915 805 397
925 297 979
486 893 694
181 385 481
489 463 520
537 646 593
921 609 313
470 293 567
774 515 391
666 545 301
613 578 401
24 751 466
367 731 451
231 869 331
282 111 151
656 497 317
701 101 551
81 671 353
941 669 617
735 23 83
459 621 531
377 841 293
461 500 565
761 757 894
57 721 662
881 631 599
825 480 225
621 969 286
824 655 779
331 970 877
495 297 749
491 85 913
1 986 753
797 162 361
709 11 451
611 751 907
354 445 369
513 521 729
275 263 600
816 872 986
367 189 49
625 697 857
651 535 401
585 769 642
645 851 861
649 981 371
519 841 217
237 464 556
795 158 431
616 891 895
81 701 13
186 655 241
419 240 196
128 597 183
841 638 217
663 897 31
508 991 340
829 273 288
151 857 551
273 605 574
334 457 874
853 591 713
41 521 71
985 1000 157
831 557 245
489 561 707
620 457 754
817 751 93
477 177 907
436 131 234
657 791 721
717 911 696
951 161 745
167 997 361
756 421 717
353 27 619
411 42 970
959 1 929
185 131 561
517 393 222
951 901 747
49 529 309
681 813 917
381 33 631
281 233 959
696 5 853
566 41 865
817 656 193
656 909 161
319 981 258
336 251 233
314 944 345
361 967 807
56 141 635
983 697 33
762 6 103
893 311 277
761 575 247
395 301 573
929 809 839
820 435 451
236 737 36
536 15 841
721 164 438
806 609 881
243 409 201
557 667 813
925 745 41
831 941 785
625 500 281
387 751 845
852 919 461
841 105 797
21 57 936
328 201 841
813 703 862
785 123 91
353 676 784
521 881 55
102 821 601
414 277 338
791 225 945
15 455 895
865 789 240
941 833 33
877 236 451
93 341 532
413 605 881
79 833 25
513 761 325
475 733 818
995 977 491
192 89 696
806 541 49
816 913 400
546 775 581
352 449 601
551 571 985
825 326 433
625 72 81
988 141 207
381 6 537
584 934 847
501 261 771
965 937 89
936 611 296
527 664 521
374 726 52
158 872 113
930 705 941
232 43 259
699 17 601
785 761 267
55 18 883
215 553 972
980 453 634
521 711 981
927 761 921
239 841 665
368 977 673
340 614 221
281 152 506
900 387 389
991 141 119
744 369 837
679 501 337
1 395 755
385 925 207
973 42 241
107 401 123
693 843 311
241 808 685
58 167 273
872 851 637
201 261 207
281 576 522
751 761 909
624 887 800
826 951 244
53 892 1
641 193 265
516 128 449
489 691 321
77 341 767
825 239 823
402 201 595
681 462 376
582 881 901
706 339 831
161 401 936
976 737 501
566 465 701
179 726 711
303 324 671
978 825 750
769 473 397
581 889 571
937 291 759
1 899 54
801 193 185
775 127 652
621 229 441
675 761 348
9 513 305
137 557 669
921 376 335
977 803 427
289 210 601
630 37 323
53 457 206
401 673 945
467 225 619
656 545 473
601 192 1
589 897 109
44 863 12
376 155 161
661 961 356
240 391 322
141 657 167
98 641 245
54 51 858
151 871 941
421 576 651
244 525 131
965 447 656
588 311 41
971 221 334
134 821 136
473 669 136
381 801 285
662 961 369
816 901 251
521 366 837
316 491 965
762 590 64
813 137 127
409 936 481
805 801 285
282 651 1
217 105 497
468 953 356
617 525 505
299 33 536
221 305 433
903 612 1
103 71 873
711 565 237
293 461 765
667 81 465
825 251 496
14 616 926
783 495 81
91 26 969
664 174 769
247 733 535
81 933 417
566 681 481
321 168 550
101 361 51
883 25 800
825 844 977
739 223 433
855 211 511
245 72 539
696 345 476
126 858 256
333 236 533
478 716 657
653 473 221
449 882 888
319 873 73
81 73 198
181 667 1
17 985 487
329 391 137
105 331 203
789 302 585
121 601 617
786 833 791
181 177 133
811 356 239
479 257 71
175 193 367
100 835 193
508 141 547
33 481 89
81 733 961
899 273 697
401 813 916
501 871 597
169 271 634
211 425 826
386 561 231
161 961 901
828 610 104
987 893 910
827 372 876
311 981 100
476 81 131
51 16 777
308 989 451
627 567 983
251 744 697
933 792 585
168 537 265
863 49 699
557 675 841
357 333 17
461 772 782
433 367 391
272 937 865
512 141 6
614 113 981
980 72 928
671 381 161
353 339 137
505 731 550
280 121 246
154 601 811
1 237 743
633 755 851
981 841 698
233 969 666
714 645 471
961 721 425
936 821 251
537 641 869
385 223 905
199 433 22
206 781 921
1 505 776
473 924 853
525 577 187
273 430 29
25 181 825
737 601 587
131 921 833
327 758 315
127 237 441
495 373 495
676 513 31
430 481 479
967 790 883
768 285 473
737 153 451
576 943 35
451 267 353
655 693 737
9 815 1
401 201 201
106 701 441
527 452 31
943 545 501
129 72 755
211 141 386
425 801 161
347 767 325
431 906 577
261 37 223
801 548 769
915 319 685
735 817 846
789 565 859
145 41 41
167 596 569
601 489 317
921 619 513
656 809 820
119 621 296
501 769 275
529 81 561
626 840 785
273 547 333
793 560 905
869 141 322
918 451 880
283 989 477
482 961 9
523 875 825
661 379 676
505 145 921
107 156 271
514 838 659
935 219 711
971 526 881
99 61 906
739 142 376
99 945 456
809 725 699
753 241 201
641 91 473
17 66 632
678 597 801
895 393 677
157 128 721
579 141 631
673 278 56
118 526 302
721 656 871
113 437 960
901 901 716
978 882 386
385 977 817
851 397 416
2 795 421
124 991 480
872 377 809
845 881 577
170 161 660
123 882 598
138 111 979
155 390 88
297 39 101
940 761 278
571 221 417
25 835 941
821 147 609
986 401 667
777 9 759
718 331 521
555 865 969
641 340 211
71 214 361
395 568 130
382 365 612
307 933 269
151 204 501
113 301 821
573 611 533
369 681 504
969 41 61
271 162 829
656 4 931
57 690 137
469 307 828
905 877 398
369 269 386
813 882 565
262 556 356
249 1 57
61 979 1
361 521 69
200 567 920
485 537 152
296 948 897
749 127 909
451 581 887
71 943 581
700 913 741
36 149 726
417 329 357
431 25 135
257 577 951
527 925 177
905 7 643
821 313 141
91 697 907
527 745 906
476 115 279
330 589 333
146 188 262
361 311 401
251 858 660
351 242 781
343 611 22
263 975 446
151 529 871
337 11 689
251 681 497
57 530 337
151 980 533
520 171 71
940 105 590
83 697 481
317 526 151
731 993 201
733 671 225
626 61 357
505 115 297
101 751 879
846 261 602
213 153 3
676 913 879
523 501 820
497 537 935
347 445 417
81 485 29
81 238 883
163 461 497
977 1 265
751 733 753
409 821 235
17 480 385
393 226 165
496 847 533
735 672 94
323 778 543
463 16 190
21 505 170
869 697 582
175 566 446
722 189 101
253 809 919
233 629 542
435 553 407
323 439 722
811 335 118
116 208 99
193 121 441
749 901 451
427 569 1
779 791 571
625 153 711
731 805 862
165 289 521
313 909 49
464 321 769
546 111 86
727 426 941
126 547 11
553 865 373
1 69 355
881 620 651
480 889 822
161 901 1
848 981 161
259 687 876
857 886 641
995 49 493
166 455 207
360 393 393
651 837 133
5 721 958
337 449 571
653 874 45
345 417 801
873 363 326
619 972 969
808 874 507
135 15 659
626 562 83
687 641 805
162 284 105
370 419 337
353 201 619
671 531 647
550 13 131
340 306 325
453 352 435
892 481 277
521 681 317
785 711 379
801 451 955
950 822 414
611 55 73
201 393 769
39 725 595
456 712 333
569 43 31
509 587 237
685 961 281
891 543 251
754 129 711
431 926 825
49 51 847
358 27 736
537 211 475
756 864 321
815 721 789
789 81 409
141 498 257
133 689 255
151 385 117
14 126 519
267 905 81
89 293 25
311 481 958
574 409 826
301 437 506
259 169 611
831 761 637
211 533 508
897 337 65
205 759 239
5 1 331
921 765 534
272 57 489
668 977 369
909 961 825
185 881 238
278 653 351
971 430 785
401 105 855
549 764 947
756 19 631
465 497 697
741 61 4
606 637 146
436 867 915
440 373 816
471 700 436
961 845 230
197 671 233
245 141 663
921 507 971
367 689 841
617 366 385
111 681 811
597 307 601
361 795 937
97 219 301
89 99 617
523 564 801
751 570 201
68 801 669
46 657 140
40 521 303
983 392 397
583 121 907
276 249 569
251 620 261
963 551 289
934 599 239
666 601 1
795 849 399
651 109 865
135 132 876
513 81 201
633 273 161
238 311 957
1 422 301
158 486 413
73 185 258
371 61 391
113 303 533
116 729 799
546 296 265
437 509 253
57 189 104
561 752 421
401 735 231
953 107 42
875 112 121
83 537 51
846 905 515
220 221 125
473 633 110
204 53 523
624 487 645
681 597 95
321 776 673
817 369 451
417 862 380
187 751 288
825 531 165
494 1 589
750 374 47
979 893 531
63 997 261
196 367 235
863 455 451
744 376 737
547 195 132
281 369 995
809 539 231
39 815 593
535 441 151
817 11 501
916 567 19
305 953 541
129 446 137
409 189 739
773 485 399
671 907 897
501 647 473
963 693 759
204 31 543
31 401 983
930 369 545
275 617 971
701 261 141
475 605 267
441 41 846
305 805 761
271 883 325
55 30 793
401 153 570
851 704 28
603 881 486
627 180 808
325 406 987
913 541 775
321 473 528
330 465 918
81 487 562
409 137 321
312 259 651
195 86 289
161 488 567
687 74 177
406 569 948
538 465 545
360 579 86
279 753 90
161 305 728
899 460 318
9 823 952
193 181 467
91 267 881
607 295 41
9 139 311
965 396 349
801 721 417
176 505 329
483 435 357
11 862 196
317 176 918
953 105 183
61 737 41
629 81 329
584 683 993
720 537 109
477 206 490
726 207 926
901 233 141
631 771 651
401 666 705
992 275 121
125 891 381
355 589 21
181 311 929
408 909 845
321 597 306
271 17 79
617 171 913
689 203 595
221 601 585
841 55 445
400 329 240
153 100 241
439 453 479
985 40 189
841 273 120
660 893 940
185 824 642
519 761 826
191 449 705
335 603 541
652 576 885
746 825 108
841 707 729
448 498 871
706 401 851
684 261 277
313 313 349
1 261 461
695 321 137
562 636 239
2 203 783
133 761 916
289 513 689
401 761 429
439 533 175
612 684 366
379 554 752
335 625 625
57 25 873
436 729 721
793 983 955
707 961 510
197 455 462
611 911 1
601 281 642
233 951 451
73 733 849
521 625 265
290 921 986
969 601 921
186 517 973
249 177 928
951 249 241
562 747 986
60 709 857
649 236 1
753 626 655
41 109 841
913 67 45
665 231 657
375 113 817
587 719 513
447 603 76
101 533 486
844 238 296
77 121 545
893 837 881
342 747 969
153 345 265
497 89 1
325 905 601
687 576 337
892 65 339
705 391 89
94 857 401
839 263 407
586 886 146
337 18 709
445 737 937
369 539 576
13 838 66
249 85 489
481 26 347
478 315 552
337 541 763
361 865 613
141 981 599
74 670 445
397 346 10
774 926 501
177 227 108
647 385 951
233 201 560
253 785 81
845 161 253
456 876 189
49 900 476
863 188 81
285 981 401
651 77 405
681 89 917
601 463 28
509 245 501
970 81 13
131 832 609
276 627 354
505 786 121
471 233 181
611 911 11
637 7 617
601 229 697
851 929 36
771 521 796
558 301 821
830 329 671
974 469 983
165 553 229
245 687 361
991 19 275
504 629 48
433 425 569
676 261 661
241 226 757
597 512 411
739 304 957
209 61 81
641 376 769
992 413 787
222 251 434
289 773 455
721 301 721
625 963 111
973 825 63
79 57 281
779 8 169
705 965 441
442 91 904
669 329 767
201 641 251
881 877 815
125 501 51
710 777 53
768 526 73
53 568 931
401 201 958
601 751 365
694 824 796
654 42 281
241 228 417
181 403 901
68 253 270
937 116 795
502 324 381
841 32 828
808 21 542
249 333 676
641 391 317
710 649 298
603 427 249
806 726 202
255 817 955
801 299 621
76 9 273
395 117 450
48 833 43
431 34 846
701 926 860
595 825 84
674 833 40
861 825 978
451 281 351
260 585 717
781 585 529
819 301 149
39 676 887
969 858 194
767 17 789
109 761 6
393 617 286
901 492 721
964 6 592
696 545 599
727 25 810
944 819 101
406 262 597
68 721 971
471 305 408
712 155 437
461 539 51
929 65 993
461 206 131
381 61 181
345 601 42
573 271 717
733 652 761
61 976 161
427 849 995
539 819 721
9 433 601
293 148 344
650 191 16
107 806 631
33 477 995
707 469 336
201 449 421
639 517 817
738 749 206
605 772 921
981 57 449
423 781 755
968 325 721
609 171 69
674 19 941
921 355 309
761 977 813
837 889 81
31 477 46
341 597 1
967 817 362
87 1 105
1 218 173
549 509 876
699 879 161
569 265 945
51 994 153
626 965 546
233 519 841
435 901 601
311 488 33
761 461 809
577 136 894
869 911 602
441 903 401
634 41 950
477 209 229
734 913 221
255 436 957
208 427 679
461 33 553
847 193 671
941 425 171
465 577 21
807 859 673
84 285 6
701 340 486
594 419 298
397 201 819
601 549 111
868 671 48
661 149 6
422 409 41
494 640 733
415 753 291
825 377 545
249 539 342
368 331 761
501 361 876
125 67 791
521 9 731
76 853 485
745 53 987
313 151 457
230 365 689
470 521 249
237 396 643
880 216 111
876 885 81
791 903 365
217 191 68
104 956 63
557 122 130
201 819 893
921 679 401
951 339 653
137 721 851
769 517 305
314 416 664
55 351 45
778 637 76
485 41 341
66 705 807
53 363 126
879 863 256
425 795 153
423 169 601
626 801 101
757 937 6
401 237 617
15 801 589
292 286 281
933 165 361
441 749 761
381 85 281
745 863 651
935 901 905
901 371 41
541 826 150
873 266 414
413 641 997
770 729 33
127 382 12
295 460 973
601 645 530
638 113 395
256 127 433
884 461 706
307 193 472
309 311 341
97 509 25
337 229 195
321 258 744
287 471 279
509 651 241
19 16 861
156 496 415
979 273 601
305 91 925
901 567 251
421 561 678
649 780 751
551 877 459
941 40 467
649 621 221
201 676 716
669 450 740
676 334 837
316 88 551
725 601 256
381 81 601
135 521 251
150 291 79
69 231 609
1 409 61
601 66 673
601 81 683
411 921 945
781 241 401
806 931 21
15 386 21
111 99 807
398 261 715
41 235 832
891 325 481
1 191 646
61 151 746
597 939 625
961 327 145
401 675 647
393 923 185
769 197 146
954 386 665
151 576 659
385 705 161
561 185 605
186 11 309
317 520 345
843 763 169
527 548 185
385 931 185
741 313 561
448 378 813
705 82 266
496 771 901
843 969 629
737 377 785
422 403 218
101 47 892
419 133 185
209 641 929
363 951 289
489 65 771
161 783 21
981 137 161
115 187 484
847 440 921
26 301 785
582 73 225
725 57 169
216 361 821
260 755 693
481 71 1
39 174 209
475 46 511
464 221 279
351 771 243
921 354 101
683 778 289
78 244 170
849 41 629
926 241 503
585 921 705
507 922 585
141 193 30
631 595 661
537 205 285
201 193 506
665 529 136
841 51 51
15 299 287
950 767 258
285 514 85
556 453 295
689 348 57
477 691 161
190 452 156
51 201 893
781 741 601
653 606 226
825 519 531
58 650 313
857 301 373
233 561 905
66 555 201
467 721 785
621 869 995
823 670 656
93 825 693
1 411 721
954 276 921
83 638 969
317 484 918
601 811 425
609 129 456
725 847 7
915 131 1
111 291 34
60 81 521
961 601 631
950 879 390
83 156 193
493 630 89
584 305 369
726 401 981
685 709 895
900 197 379
33 729 1
811 486 620
286 737 77
945 509 533
993 305 162
329 251 806
209 879 981
937 536 823
261 265 17
51 695 850
399 185 539
214 312 706
41 112 853
629 13 164
309 41 672
841 273 265
956 680 71
241 405 841
41 653 461
677 439 37
944 209 589
136 289 943
266 39 261
917 353 797
281 561 764
496 643 303
897 261 547
831 936 12
785 761 409
454 440 641
575 887 505
741 993 401
885 996 260
835 451 804
858 964 343
505 201 77
761 609 301
255 305 353
781 139 460
339 889 156
886 234 32
249 551 139
361 755 201
513 943 817
411 529 961
901 244 273
354 815 700
469 711 474
517 41 441
325 817 815
301 181 826
137 641 326
301 286 191
419 801 529
51 105 155
876 613 38
188 761 901
77 981 504
129 661 705
457 785 391
947 616 881
583 493 661
284 181 768
671 637 504
535 617 501
569 248 806
628 3 21
641 65 947
646 401 251
181 256 796
786 869 833
253 172 841
793 769 127
801 276 935
491 99 278
553 132 231
928 660 389
817 651 206
231 513 954
959 584 699
893 759 905
134 951 763
631 181 58
471 26 65
656 22 281
137 855 449
915 781 57
552 987 137
477 507 257
956 726 729
581 319 515
215 221 901
816 443 233
877 473 336
785 965 961
457 985 951
479 515 803
937 311 768
197 569 426
984 709 313
745 376 609
197 977 51
703 801 721
655 364 330
913 892 805
494 592 520
725 313 918
681 884 556
107 569 806
971 769 30
920 381 831
471 371 336
541 649 271
509 226 860
938 169 564
431 51 721
385 92 303
63 81 785
549 279 894
692 351 288
685 451 537
219 896 311
768 676 248
457 165 696
461 987 11
705 30 383
345 873 692
929 153 786
593 331 705
691 545 409
864 847 121
601 234 601
251 311 711
996 15 501
143 494 51
746 217 321
602 766 256
171 942 341
463 836 678
51 458 145
593 132 391
182 269 782
213 289 893
169 1 481
817 156 283
189 213 553
571 163 945
565 42 199
165 170 711
491 489 118
45 401 189
262 829 927
251 226 753
59 765 993
21 365 501
555 124 100
447 38 353
591 785 641
79 529 672
197 242 650
55 874 765
112 837 756
701 361 103
633 783 621
857 885 189
293 185 691
585 685 591
295 386 838
2 689 617
337 776 185
973 822 763
199 732 531
661 500 425
857 118 215
901 921 508
280 769 825
47 260 514
344 71 399
581 781 951
157 675 333
477 709 444
41 413 49
437 609 159
896 987 677
1 497 789
425 887 339
961 113 274
126 252 243
389 375 891
341 789 151
829 60 667
491 305 626
625 506 301
669 465 613
670 159 686
246 228 409
937 534 409
6 448 287
301 679 407
665 699 665
245 278 345
287 537 769
836 57 601
783 281 76
8 332 108
908 701 388
553 181 21
503 741 185
86 809 759
835 171 437
1 377 558
824 996 937
508 117 849
335 352 573
393 1 491
641 676 703
816 665 898
431 781 333
825 961 754
333 496 709
89 9 361
60 939 451
937 651 598
701 641 297
67 495 841
573 471 764
667 326 391
198 861 17
276 169 953
133 526 801
24 289 520
684 81 396
49 281 861
906 805 495
595 209 872
582 869 879
253 886 401
984 411 803
841 544 715
935 529 321
307 70 845
73 721 865
759 487 759
916 545 860
516 201 545
97 377 631
905 712 586
628 116 617
621 707 183
905 570 476
937 139 794
541 231 813
433 997 353
613 866 695
826 545 137
141 433 951
517 349 253
781 286 448
323 369 305
911 561 346
113 706 613
337 33 701
713 1 697
973 731 309
413 138 371
409 581 915
526 351 81
777 891 983
305 440 801
781 194 651
245 245 886
953 873 481
481 201 513
741 675 137
503 682 1
323 191 973
235 577 461
761 375 491
429 87 843
201 283 940
621 951 728
241 811 931
720 251 931
656 475 341
351 656 641
619 671 977
777 401 211
937 811 661
42 313 998
356 131 276
236 833 401
289 233 223
13 837 951
97 233 289
530 643 225
785 391 579
766 487 613
993 241 653
472 756 791
59 721 176
589 121 497
623 611 504
514 885 25
255 670 562
175 377 686
193 716 386
9 1 517
601 20 142
741 171 969
907 855 210
861 277 151
116 941 395
667 377 301
268 921 326
701 113 636
341 773 220
577 809 948
329 173 244
106 908 490
301 917 251
677 729 101
922 924 558
371 232 376
599 761 921
925 130 809
569 224 65
121 408 846
126 597 1
901 625 629
251 187 61
257 493 164
608 101 693
736 436 315
321 446 893
191 24 399
662 85 191
825 295 909
741 411 501
211 321 90
727 157 305
713 912 59
297 458 336
643 441 635
556 277 337
541 16 853
345 439 657
709 905 286
425 13 353
801 101 657
855 187 693
221 151 451
642 573 272
434 413 677
551 347 32
717 984 179
589 147 432
717 839 120
857 525 297
721 745 126
181 501 201
421 401 651
822 574 391
73 545 671
636 626 649
109 5 700
892 726 61
76 670 834
905 163 941
9 863 781
853 1 297
911 799 385
244 781 321
513 561 166
454 701 257
287 561 910
332 529 477
796 130 177
521 461 51
121 913 221
801 596 753
918 79 990
823 29 361
923 949 129
121 581 249
139 988 764
564 933 545
186 801 791
376 898 692
895 647 911
289 665 660
25 289 451
621 66 96
687 91 681
77 423 881
641 25 641
481 376 765
673 324 630
129 921 336
959 519 751
481 876 905
215 441 521
727 418 752
909 264 385
625 729 751
146 905 551
101 831 236
701 986 695
46 137 496
289 881 601
955 4 871
763 972 745
841 287 1
453 877 955
105 819 231
491 911 541
756 141 995
771 573 408
49 757 564
475 266 831
149 167 691
569 273 385
89 756 969
31 801 351
431 1 748
659 916 26
553 637 510
364 673 401
681 689 801
131 200 581
649 92 833
385 27 411
291 225 476
219 115 375
186 261 183
356 297 881
739 273 129
505 732 800
665 124 765
629 909 411
848 426 628
67 633 831
301 963 732
35 762 657
793 293 957
1 619 81
871 113 161
841 212 790
316 481 173
513 161 753
853 513 237
840 964 337
473 59 811
681 401 41
941 831 2
353 432 623
327 539 728
171 729 530
733 211 128
960 585 421
1 761 545
880 492 381
849 905 962
513 994 966
421 873 369
681 958 913
578 31 118
801 321 221
607 587 937
873 672 583
729 871 917
198 120 681
45 890 513
213 759 651
79 136 745
751 765 234
298 577 736
590 114 783
671 321 605
981 497 739
59 911 143
537 401 306
673 331 44
766 9 185
476 851 651
449 701 51
523 974 289
345 431 841
761 561 726
141 498 466
466 615 370
113 244 357
245 239 843
979 379 521
336 420 545
639 801 605
267 709 834
937 217 344
751 296 766
16 450 505
207 851 264
299 975 309
611 155 503
341 849 890
828 451 826
575 392 383
294 207 841
238 75 906
563 691 793
148 707 811
457 131 958
241 493 945
87 525 921
557 346 583
143 846 563
632 599 729
401 495 81
678 396 563
815 157 321
507 235 735
195 959 661
289 619 287
215 585 841
302 131 779
357 606 189
433 968 831
432 781 226
811 819 601
701 974 741
723 205 400
696 683 491
76 815 864
404 36 837
873 797 101
571 278 601
681 317 353
831 221 633
527 1 769
199 537 742
945 489 251
948 134 593
591 171 698
791 18 321
513 395 401
763 445 951
876 983 545
793 971 724
45 955 328
857 825 515
561 161 26
201 713 299
411 291 968
193 351 106
69 915 261
657 189 31
376 479 653
910 233 551
303 863 281
49 386 131
201 977 257
107 225 185
373 243 500
631 465 361
708 513 956
718 67 126
541 255 801
244 534 59
585 753 811
852 451 159
614 601 631
601 81 783
434 94 736
49 587 498
161 244 851
701 876 103
437 492 57
456 687 29
851 423 326
429 624 265
650 341 705
801 41 986
713 761 116
891 849 93
601 133 773
457 155 245
301 161 21
453 389 913
473 330 215
501 657 817
632 972 857
935 41 52
775 347 1
104 657 911
689 778 38
923 457 561
850 463 323
281 138 289
681 545 847
798 732 129
511 205 205
601 404 311
504 153 401
576 257 261
418 926 385
621 31 951
436 257 873
1 513 751
815 161 82
543 455 345
569 590 161
771 71 931
883 615 449
186 279 577
444 81 913
299 20 401
726 881 53
573 691 641
656 23 569
598 561 655
315 602 251
873 127 307
191 473 673
437 915 9
623 41 291
72 365 561
401 857 188
321 498 201
641 397 378
673 898 769
776 123 70
9 441 532
81 221 798
444 841 649
343 81 425
153 889 151
163 173 909
17 385 53
657 406 393
715 53 591
417 481 673
609 737 1
196 865 955
729 105 561
89 361 605
171 79 643
303 749 895
803 801 728
798 333 349
338 9 106
224 520 899
943 437 477
207 801 200
273 801 280
169 791 681
357 517 151
267 831 123
531 569 1
769 913 447
537 185 761
521 278 516
985 266 903
397 833 702
369 988 575
668 591 785
727 871 937
949 997 291
613 534 77
31 168 593
805 515 777
941 766 478
359 185 115
351 941 593
707 395 769
929 377 394
949 741 676
497 977 301
211 471 845
522 862 812
501 221 905
459 286 505
577 101 121
491 827 264
357 673 661
676 281 615
969 533 701
769 623 483
510 129 617
739 351 193
481 245 600
541 593 932
97 501 169
57 560 649
42 169 781
258 698 356
611 737 62
177 240 55
679 581 153
393 701 256
346 1 162
937 874 601
300 113 779
271 193 134
473 544 694
304 324 275
821 361 345
425 449 851
151 321 547
607 1 961
869 77 151
20 997 14
823 302 354
1 841 385
817 921 525
538 91 749
283 972 103
171 285 773
221 901 737
952 924 389
911 809 651
57 329 605
914 316 936
872 510 135
891 773 701
651 945 396
570 47 815
601 399 266
16 297 581
176 843 735
299 75 826
354 345 829
601 935 68
455 777 141
825 821 278
85 645 451
135 44 735
421 999 553
95 413 191
115 859 469
264 495 883
13 115 446
681 76 175
265 375 155
303 849 827
807 603 276
821 932 593
196 951 169
50 421 585
949 865 337
677 649 951
377 37 469
813 730 19
613 780 891
269 449 250
551 759 301
908 665 5
553 489 549
738 545 548
361 592 41
837 444 505
876 649 906
180 327 227
633 382 97
367 405 1
933 827 813
723 41 649
617 115 143
837 57 321
881 996 725
46 393 367
911 201 801
657 750 77
534 774 237
785 101 298
196 1 433
421 961 601
66 176 663
641 897 617
665 341 141
933 961 67
197 520 381
57 376 168
241 451 81
619 101 876
720 499 201
240 131 345
474 401 891
726 925 903
709 724 808
936 953 381
835 73 290
471 989 314
863 405 863
861 889 646
649 639 211
939 591 221
341 294 436
669 801 451
745 355 733
790 962 736
850 557 93
373 791 702
781 469 820
945 523 956
205 797 898
601 297 748
119 507 201
931 430 979
11 965 857
254 646 44
687 777 351
405 826 372
176 181 761
1 609 717
385 605 985
626 637 15
75 476 26
670 257 385
297 921 157
485 888 762
618 787 111
726 481 102
215 201 441
121 413 807
275 931 727
663 481 169
693 105 916
944 496 361
309 214 1
568 984 441
611 11 661
411 36 409
946 956 785
906 127 601
341 86 867
937 412 67
524 202 721
807 583 245
51 993 473
441 81 473
777 113 926
718 821 229
441 961 645
991 735 434
458 691 35
627 401 921
696 876 870
456 376 630
801 781 745
847 941 632
889 642 185
687 481 791
573 245 49
471 836 131
526 381 470
975 417 1
449 335 23
99 990 526
851 809 391
657 841 896
629 697 261
352 1 881
241 920 576
351 307 641
508 531 331
933 281 441
412 641 46
189 691 959
801 514 91
24 856 796
39 277 253
949 80 363
620 801 790
183 753 917
931 257 372
38 165 647
795 971 95
57 691 190
625 191 9
941 536 278
921 446 437
726 320 535
861 409 37
477 133 71
377 669 639
869 385 393
343 77 279
801 213 825
579 665 462
548 261 593
119 920 321
379 526 941
369 717 971
128 461 857
62 617 373
801 279 731
881 16 706
186 537 327
109 465 675
801 901 439
291 682 281
911 921 51
929 17 518
842 817 403
967 393 889
777 793 137
361 825 79
225 357 305
492 179 617
449 466 307
321 779 745
341 525 62
68 449 181
881 776 579
821 805 109
640 162 51
706 199 759
565 223 551
297 292 950
616 810 775
654 501 907
801 45 461
890 538 913
817 809 651
173 209 796
542 451 601
31 277 28
477 516 896
251 145 829
465 848 779
211 640 409
246 909 500
651 884 753
641 777 150
756 188 823
581 61 25
366 156 397
273 661 806
97 6 681
537 985 501
719 281 781
620 616 216
719 633 145
637 427 381
185 421 211
231 501 257
94 862 689
601 551 793
381 75 294
129 153 373
904 745 587
895 549 189
873 981 363
27 305 546
187 777 776
561 175 609
372 831 325
996 273 31
967 457 780
197 751 125
401 588 605
158 665 605
862 361 113
686 505 937
702 41 441
558 503 804
658 765 7
180 891 495
432 265 141
965 458 406
361 613 50
194 801 201
25 735 980
481 169 746
456 916 197
553 283 316
521 434 201
881 729 616
501 51 271
813 757 886
315 825 455
281 125 450
689 377 751
309 821 392
409 929 389
953 236 771
280 279 847
366 889 421
503 176 711
441 555 105
382 826 96
872 517 17
639 881 841
22 506 876
501 226 903
222 739 151
521 969 671
854 924 901
849 697 440
133 671 711
657 581 857
541 411 173
651 976 407
18 873 951
781 255 461
688 367 249
775 951 33
929 247 13
419 577 436
951 338 931
375 300 906
453 348 945
621 1 8
177 987 439
707 477 531
362 799 924
753 342 754
716 496 760
172 899 929
815 961 321
753 243 908
261 691 419
136 919 506
89 681 913
208 836 133
655 873 974
136 164 591
276 478 855
409 853 165
469 243 151
591 45 889
213 381 531
216 322 521
156 875 89
526 161 216
236 261 531
89 841 45
373 901 594
65 479 61
18 386 631
824 193 748
106 937 559
937 845 965
951 57 421
11 490 131
437 816 573
508 699 594
546 4 1000
101 262 877
603 927 141
631 289 101
281 281 529
509 606 132
313 943 152
490 613 360
385 321 751
79 496 907
181 401 961
506 461 342
554 707 324
944 633 833
313 481 841
755 218 498
866 213 685
529 42 311
549 145 227
957 155 622
961 397 505
919 947 944
171 699 63
779 523 593
467 1 908
301 529 664
376 31 911
226 381 555
201 417 941
449 353 969
909 473 671
351 301 803
929 256 191
845 326 763
251 163 21
185 301 476
801 135 501
873 815 662
640 521 361
863 97 753
553 55 569
865 236 788
33 876 851
999 281 941
51 552 957
143 513 153
121 421 482
310 666 153
297 1 243
180 971 281
980 566 31
500 889 741
905 417 628
866 553 113
701 801 357
152 724 576
285 747 517
889 81 45
63 86 89
2 221 269
711 659 573
185 733 49
271 961 950
116 331 427
427 193 171
569 831 657
141 157 645
510 492 53
556 230 687
291 321 115
276 258 683
616 281 751
77 246 874
161 346 709
897 53 135
331 901 716
186 741 531
979 177 489
865 881 1
185 604 918
901 723 206
417 860 121
315 910 1
447 695 97
662 44 125
51 161 765
637 802 663
243 981 901
129 246 575
483 471 513
735 1 709
893 103 441
977 281 911
1 249 313
577 741 259
169 415 949
501 869 611
536 173 46
596 435 61
265 714 857
255 316 601
994 65 121
383 117 57
491 78 989
983 469 850
701 664 136
336 545 476
734 166 875
733 529 421
31 347 876
860 827 141
365 214 505
834 277 505
480 598 31
690 185 500
315 537 413
1 430 917
832 451 261
323 381 950
369 159 207
153 167 680
225 349 243
396 906 487
176 929 716
647 469 847
99 776 363
607 933 271
668 935 358
151 989 873
301 161 245
987 113 593
293 611 189
143 801 999
516 405 191
806 53 309
763 921 349
589 655 741
761 425 860
363 812 261
444 841 8
705 77 972
885 885 249
413 201 761
365 469 951
473 771 473
253 781 315
629 971 468
89 317 580
653 332 419
891 769 145
306 471 417
61 403 493
37 501 947
129 669 501
573 362 435
6 1 501
55 915 352
705 651 383
256 908 263
433 1 441
456 641 871
981 241 135
487 282 633
282 105 261
533 245 241
353 915 337
243 91 649
601 451 581
395 430 552
485 676 981
489 571 741
163 179 764
321 193 255
344 401 1
931 726 473
401 438 601
341 953 941
947 421 148
35 275 819
845 371 509
711 881 809
173 830 829
948 969 385
656 211 819
270 441 426
41 941 399
177 521 535
681 851 906
809 601 921
118 813 461
669 926 986
992 458 27
961 153 393
37 475 179
351 250 604
901 193 376
781 939 225
759 227 141
133 481 501
849 25 589
961 705 926
39 837 974
835 361 401
841 673 578
113 749 979
262 716 155
773 701 173
480 715 225
269 181 331
439 635 360
431 805 417
722 865 971
122 311 736
25 165 281
113 301 801
541 265 977
777 531 389
577 823 445
1 91 608
851 441 561
253 281 888
185 946 761
163 903 125
1000 777 293
731 950 561
67 141 538
661 821 857
833 376 161
577 826 169
664 401 168
61 439 846
921 895 601
329 729 901
857 276 967
992 961 477
289 65 604
783 646 585
385 996 358
203 737 135
889 961 421
608 631 201
125 305 181
137 356 259
641 293 833
239 855 691
121 29 996
310 323 809
129 995 882
769 317 826
729 480 998
601 689 122
497 857 185
701 295 725
385 243 451
269 246 149
301 526 287
609 653 81
21 437 851
577 173 521
782 301 774
190 21 363
350 683 333
799 251 989
797 297 165
129 43 926
263 308 1
999 145 753
677 392 81
824 59 435
255 862 324
473 1 437
579 52 576
435 696 181
981 321 751
526 1 162
293 908 337
213 781 41
485 517 179
265 257 885
277 521 337
