3938
969 562 371
694 55 211
1 653 221
597 733 493
225 229 69
27 862 516
857 207 33
673 235 403
108 500 59
545 648 673
361 41 849
619 181 317
729 986 673
99 297 131
163 981 491
966 939 469
533 173 741
291 106 508
209 491 568
389 993 701
705 177 211
557 470 148
889 138 521
695 663 831
929 301 809
217 791 793
929 61 119
589 582 621
826 701 133
493 817 169
523 583 225
694 951 233
889 718 733
19 489 209
801 351 626
83 56 313
881 201 651
676 697 597
91 91 149
897 657 421
849 461 78
916 740 563
876 769 836
835 319 315
331 332 921
981 595 233
572 870 796
485 103 208
871 787 137
198 564 151
885 833 201
277 901 733
576 45 505
25 578 557
681 772 389
519 533 189
244 851 674
725 169 961
401 430 311
460 898 921
126 249 259
491 598 634
786 623 658
309 997 883
163 941 67
737 447 253
684 513 401
981 371 128
843 977 881
143 609 801
307 501 73
481 807 367
801 401 833
776 193 155
385 513 767
906 135 14
998 76 688
129 429 209
855 538 45
80 527 470
729 761 938
298 657 762
681 145 369
241 785 995
449 217 226
931 887 977
153 376 541
645 797 387
629 893 619
781 51 267
861 609 184
534 301 82
225 361 299
853 73 489
993 761 736
751 415 537
537 575 601
811 33 764
991 5 465
641 101 321
797 112 517
893 420 887
860 276 826
87 221 483
113 161 326
229 661 641
713 319 89
134 851 825
850 437 954
105 925 213
101 373 513
917 321 161
102 581 317
403 319 961
703 464 473
245 337 189
941 151 739
777 601 891
489 23 24
399 87 117
106 166 134
857 401 831
889 1 133
978 7 401
375 543 550
660 64 236
909 505 243
176 121 875
533 321 65
761 201 617
53 769 977
661 641 1
911 121 591
137 845 324
379 5 127
869 113 447
385 199 848
441 611 158
902 185 337
785 97 455
961 177 702
164 152 352
404 751 169
493 951 685
961 415 569
905 193 11
389 537 261
561 417 967
93 921 870
441 247 549
521 781 527
798 961 769
317 541 251
141 535 729
841 579 35
833 472 899
811 721 152
353 383 552
698 963 721
73 49 577
185 689 765
653 859 158
893 526 761
651 569 441
577 790 249
549 65 238
448 954 257
433 651 871
459 838 656
593 375 951
121 937 856
85 263 105
697 765 749
557 481 39
297 476 193
535 229 561
581 813 184
185 701 921
217 813 832
57 321 865
633 289 449
993 533 875
537 484 17
633 249 159
1 901 830
781 63 509
775 135 547
391 817 720
73 557 353
315 732 759
937 873 5
225 400 569
313 681 284
59 163 379
732 311 641
925 501 618
767 713 713
751 51 921
390 951 848
261 185 398
395 715 59
444 753 348
441 873 926
681 735 503
650 851 921
41 586 819
863 929 892
529 381 72
32 129 325
11 737 137
943 614 601
745 20 217
185 105 675
893 617 246
806 874 373
307 534 138
841 301 537
441 503 517
263 388 271
133 117 41
825 291 501
51 843 409
695 71 407
827 901 761
585 277 145
921 211 374
299 69 220
797 811 493
161 313 153
251 689 849
389 319 265
581 92 691
814 123 967
98 980 293
421 47 51
364 57 406
137 217 455
349 289 541
978 793 274
521 93 81
138 377 627
623 219 101
549 304 423
393 839 497
689 882 251
585 763 953
941 959 944
233 349 152
741 737 346
569 26 891
586 534 708
21 825 491
961 644 284
517 791 181
589 451 545
629 641 191
245 39 921
461 121 873
144 931 985
951 355 117
771 581 418
306 601 251
177 209 241
385 251 178
601 787 933
321 473 200
983 585 496
251 65 161
257 869 133
761 601 427
228 351 289
838 656 643
153 631 937
917 39 974
668 556 49
767 857 255
133 721 481
11 276 283
688 681 879
505 23 519
917 527 483
505 901 233
250 271 465
369 393 345
929 417 727
51 29 733
631 787 965
521 857 953
289 749 351
589 21 496
941 597 226
477 825 401
641 357 681
145 475 581
281 24 401
481 424 901
156 416 469
792 635 861
197 615 869
381 902 280
956 247 941
51 945 149
480 61 136
397 318 241
879 945 166
121 585 816
425 773 895
101 601 677
31 379 317
13 628 561
297 345 436
980 827 841
376 775 642
318 617 431
849 308 106
879 391 538
379 501 101
881 861 799
917 881 87
761 201 645
847 706 961
381 375 501
276 676 381
348 101 177
681 845 318
657 427 749
713 801 606
889 251 775
257 916 351
392 796 501
751 921 996
121 285 617
78 383 796
741 713 807
355 569 736
492 234 425
386 893 71
955 601 520
441 691 821
801 423 953
16 411 288
637 425 721
119 421 531
589 930 169
201 7 29
226 398 571
34 251 750
711 452 395
192 856 27
720 332 261
236 641 1
499 559 525
475 876 813
399 658 117
409 116 881
393 365 266
37 324 260
953 203 828
606 597 43
926 970 417
304 449 768
57 374 252
801 261 822
725 723 571
746 73 793
609 401 880
785 700 51
681 553 649
881 991 731
941 957 401
196 473 826
326 902 849
375 275 20
641 501 135
301 906 705
689 377 293
66 951 438
149 622 421
987 676 89
169 70 325
50 617 385
809 401 201
999 851 289
9 494 657
840 721 771
297 935 857
76 49 377
277 814 45
889 457 542
543 153 193
927 853 945
976 189 390
917 691 153
619 793 145
725 729 186
311 221 873
277 89 750
465 252 401
52 423 591
993 7 985
272 229 84
827 101 121
974 637 275
345 920 460
705 144 391
595 165 121
474 195 84
201 513 547
417 660 441
6 571 809
465 726 37
417 898 946
205 729 169
609 801 17
265 985 491
988 569 17
841 634 1
839 501 679
90 801 869
933 77 529
521 654 951
243 737 86
919 61 821
149 221 408
61 681 793
985 500 397
617 331 709
290 340 854
759 649 121
1 265 271
633 321 529
391 458 669
388 809 425
851 875 655
826 761 201
702 31 721
193 234 337
681 841 681
678 971 88
986 35 446
513 727 486
221 94 439
731 890 189
397 37 999
469 269 409
1 51 422
451 79 371
735 226 199
121 33 401
978 545 626
55 397 845
496 649 301
390 717 501
789 38 466
209 894 861
255 489 825
793 281 97
61 147 881
769 587 359
366 373 201
65 873 441
356 930 721
961 472 28
81 904 921
139 706 431
947 851 707
89 227 160
700 662 130
379 246 441
472 447 399
801 875 803
456 534 969
793 373 327
828 501 589
142 751 699
981 211 161
399 581 957
501 909 99
317 407 914
251 887 21
713 271 897
456 846 391
976 271 96
715 923 655
692 529 446
880 501 761
713 184 479
976 1 937
875 36 525
18 847 951
920 313 97
965 50 161
323 877 353
961 469 636
850 819 569
701 901 221
301 751 405
874 315 691
387 229 876
261 705 137
786 277 421
681 993 721
89 529 359
420 369 398
505 355 269
700 850 109
241 151 893
529 665 261
805 293 401
826 663 75
170 185 389
282 711 313
815 336 80
928 980 103
31 247 481
441 425 471
480 773 839
481 225 387
881 173 377
343 891 649
216 793 677
401 38 505
602 629 891
177 801 517
889 860 629
129 281 981
932 939 613
774 897 493
861 809 811
561 520 601
283 801 825
829 446 681
337 650 317
262 501 390
549 405 507
275 269 521
593 512 485
981 245 137
17 361 865
172 695 831
825 574 707
1 906 779
981 297 278
38 219 902
198 449 925
81 801 611
309 773 42
955 753 251
69 153 948
983 20 57
361 198 108
526 878 993
969 779 735
36 529 454
741 836 761
257 921 793
729 361 1
327 497 681
588 919 279
501 661 745
837 135 512
317 25 277
529 145 951
73 31 677
939 616 969
49 261 561
653 293 373
333 377 327
972 214 301
553 50 589
358 401 993
877 608 236
836 855 953
636 581 721
546 251 521
727 473 149
681 736 154
291 190 958
641 767 33
500 632 756
917 761 273
454 986 606
541 547 67
226 809 844
961 645 338
965 826 497
963 730 473
931 517 361
433 529 439
513 587 977
1 399 531
232 321 613
176 749 633
225 412 925
794 841 331
687 751 573
386 271 23
681 399 505
828 985 45
251 226 870
801 1 743
801 75 699
855 759 289
416 85 7
655 54 841
557 73 886
73 97 309
649 421 105
247 185 893
841 487 921
745 575 957
781 949 829
876 136 701
794 451 397
581 321 117
91 869 880
169 222 553
701 409 921
179 806 944
633 521 751
233 589 793
981 501 976
13 137 325
604 808 132
781 787 155
571 435 670
993 841 421
292 933 393
457 329 541
286 127 221
219 85 561
567 416 721
455 676 41
854 651 811
336 933 245
665 864 85
676 275 465
827 836 583
144 597 727
305 732 376
251 147 105
866 905 789
351 577 377
201 766 182
529 489 905
301 953 113
761 96 948
586 974 889
675 736 131
371 940 621
243 325 440
95 545 123
617 174 603
650 577 238
476 161 455
437 982 141
458 508 426
51 581 637
136 685 33
493 725 896
237 577 364
321 541 867
741 262 501
157 217 323
997 796 967
976 517 463
52 777 1
459 401 183
665 1 721
562 552 791
615 841 209
425 41 258
144 189 93
897 919 729
145 481 729
633 321 3
513 118 481
733 874 941
42 183 579
527 673 721
145 845 180
121 305 437
642 521 721
83 121 909
913 81 117
901 177 729
249 816 323
215 537 688
25 598 63
16 233 491
435 909 708
277 545 921
908 285 657
181 685 577
260 289 933
141 738 456
691 393 451
87 342 393
9 81 41
967 316 77
353 397 496
291 107 777
731 341 501
623 441 366
246 725 759
233 339 175
791 80 1
8 881 666
966 986 64
575 795 611
257 136 570
57 491 692
794 705 585
473 559 656
46 374 905
435 707 45
111 968 831
626 273 208
145 767 301
97 829 705
705 626 307
529 121 297
860 471 905
314 641 802
912 851 841
940 796 876
351 224 108
773 411 851
9 521 109
273 120 973
951 347 467
784 645 112
240 141 608
630 521 777
485 935 660
22 167 697
714 400 448
751 279 676
541 593 581
998 755 761
516 817 981
691 492 893
753 785 166
698 511 721
671 783 665
746 746 707
807 821 727
626 391 129
57 295 993
357 961 801
418 421 477
408 476 926
993 389 84
412 573 453
751 559 113
915 679 453
215 493 332
706 251 665
804 887 926
262 329 771
228 137 577
97 423 639
931 735 121
686 287 924
797 657 99
755 169 177
441 39 761
921 257 313
515 975 811
45 395 820
917 781 385
745 115 635
49 733 261
633 456 715
329 57 951
737 19 635
881 395 423
529 291 380
285 649 605
431 708 681
649 539 583
365 154 469
876 217 1
390 631 682
939 167 425
231 826 949
17 51 679
6 413 329
549 309 329
782 321 800
45 256 626
133 707 611
933 81 174
955 781 811
712 295 334
3 54 597
861 677 917
510 481 968
61 249 875
901 631 222
625 805 721
826 324 73
339 321 377
180 569 193
361 685 527
58 841 553
625 323 665
40 317 334
56 217 693
192 85 981
903 216 681
113 501 545
247 27 921
781 241 401
829 137 501
901 95 675
513 479 195
875 601 753
853 280 777
493 721 141
641 161 1
249 553 105
896 453 231
809 981 689
729 550 197
423 441 531
295 523 233
865 517 923
686 2 326
51 367 203
748 981 419
743 337 553
83 337 872
391 113 449
81 301 965
901 955 53
901 422 116
431 167 953
329 657 941
640 241 361
396 330 937
961 709 847
977 746 17
386 311 721
277 411 521
809 776 393
201 887 597
28 681 665
881 233 729
861 227 129
699 930 11
408 761 273
973 621 234
161 573 763
690 358 457
351 979 635
329 665 496
394 513 315
317 700 979
489 377 73
1 937 954
714 24 697
104 433 821
137 595 73
561 667 740
161 180 42
151 191 546
953 629 106
53 724 605
245 335 367
776 989 881
313 66 271
341 451 36
921 871 192
297 742 241
865 921 666
301 738 273
817 185 373
5 408 501
324 711 401
263 981 167
377 116 444
101 601 866
321 881 377
837 673 387
966 318 603
321 351 122
593 108 937
977 136 285
131 663 897
601 773 576
349 929 501
809 931 747
321 993 386
481 31 958
855 91 980
401 907 941
683 535 956
29 529 713
91 491 661
921 249 951
797 475 825
563 566 246
365 77 51
387 611 233
778 441 371
414 801 889
841 267 196
430 791 609
376 85 422
571 718 69
97 41 413
401 239 399
821 121 845
561 472 273
601 7 844
336 556 502
501 266 105
204 81 333
111 561 145
169 433 121
97 290 251
79 763 610
823 959 401
285 379 23
321 793 537
63 857 619
568 321 818
47 51 431
311 900 597
475 446 276
577 321 151
745 590 479
420 891 137
36 626 481
813 313 791
759 673 682
161 659 471
696 641 401
400 426 208
251 649 657
261 465 866
345 114 61
831 461 49
281 505 488
218 319 391
597 283 465
369 29 41
259 506 901
409 365 281
387 607 423
377 242 125
746 469 425
586 769 355
561 849 557
348 697 736
93 455 1
397 389 293
517 811 471
201 956 30
396 971 609
841 277 457
791 27 61
401 65 497
343 426 691
373 901 677
29 785 671
527 839 5
85 236 141
821 76 633
432 406 821
833 705 547
551 786 270
799 257 99
953 919 951
969 878 426
63 677 878
141 785 817
41 881 668
839 462 610
485 261 489
672 721 902
249 281 136
281 375 994
961 750 849
576 356 261
509 721 867
61 301 119
361 77 313
471 687 101
435 156 497
281 477 833
876 41 911
347 56 45
535 463 889
301 549 925
799 681 288
697 802 413
883 601 881
985 767 341
797 313 866
938 801 81
535 77 147
48 835 220
109 545 211
313 661 453
451 110 627
816 877 801
265 651 530
501 998 125
997 17 928
651 983 585
168 685 643
674 308 273
50 701 421
1 361 124
560 651 381
184 356 785
161 401 578
886 587 10
903 330 826
723 837 772
169 436 204
986 833 189
483 849 1
401 598 801
573 971 393
642 361 433
711 773 777
728 807 937
823 601 492
351 49 221
308 603 907
22 769 521
211 201 39
898 295 663
474 609 940
277 362 41
941 267 785
638 297 561
303 721 133
420 641 851
617 809 47
912 934 863
206 490 1
551 6 257
462 891 221
649 432 579
817 837 854
827 337 551
117 2 117
690 605 993
801 509 97
995 258 489
693 873 185
910 785 361
861 537 286
651 399 787
833 435 921
585 57 756
862 721 806
429 121 978
901 1 498
55 171 431
321 809 445
661 289 134
297 991 64
943 268 338
817 671 575
987 801 134
579 981 91
437 565 435
501 103 733
473 217 273
6 135 45
914 732 255
785 164 609
41 522 501
693 757 835
486 341 857
213 131 161
911 561 921
636 711 536
433 665 17
385 39 93
161 939 925
745 501 501
145 471 895
577 667 1
886 217 601
118 140 825
89 781 111
57 126 631
521 821 741
537 681 942
973 740 941
81 387 10
581 413 149
698 363 457
689 210 907
233 537 151
593 972 933
817 297 727
744 327 992
791 945 925
229 750 881
387 213 709
9 432 379
281 141 412
279 1 425
121 701 569
771 151 49
697 42 900
607 251 659
177 25 548
1 259 569
661 701 43
1 481 471
269 164 223
275 323 977
831 236 491
569 836 688
321 872 610
811 953 225
605 920 561
609 113 409
803 721 169
785 308 898
467 841 857
607 281 521
181 709 251
477 526 449
765 661 113
309 373 610
423 353 54
388 951 61
221 464 41
721 39 131
599 729 993
431 681 589
781 843 996
721 251 471
862 447 1
713 201 751
121 695 1
721 224 55
203 147 967
405 681 44
801 489 296
606 240 421
556 145 89
463 838 21
395 316 96
1000 893 331
381 537 785
446 29 470
367 305 781
423 559 305
588 457 21
97 295 221
717 1 313
594 882 595
593 441 465
636 323 789
541 293 89
111 689 377
139 421 43
381 473 54
877 861 264
66 201 297
929 153 419
618 347 273
905 81 225
41 373 393
685 445 121
337 496 143
661 462 589
532 851 495
475 179 412
662 535 473
585 107 70
336 476 277
961 57 658
101 33 699
673 351 986
293 53 910
128 671 736
463 409 597
530 966 372
665 13 965
937 929 979
295 876 401
21 21 621
191 303 384
691 801 427
474 25 783
872 536 423
801 441 226
443 369 356
791 513 31
669 36 601
273 675 7
683 266 247
969 235 585
523 457 969
585 855 921
359 171 945
475 451 686
778 85 257
601 351 509
18 256 489
93 693 171
625 486 107
160 729 988
673 662 376
761 258 179
133 304 686
216 681 165
2 217 857
178 31 1
615 33 371
34 893 137
201 903 601
951 25 367
26 679 413
585 926 436
603 169 918
286 955 362
109 193 591
472 89 909
701 289 451
513 561 651
340 133 824
283 833 937
881 135 761
499 485 665
757 737 677
51 417 125
476 481 471
501 451 561
225 926 321
803 701 781
811 653 521
863 561 899
197 756 595
77 815 866
83 621 585
326 91 477
301 635 407
751 193 409
638 101 213
735 181 259
306 745 205
961 481 356
479 469 536
541 206 403
421 369 173
223 137 713
292 483 858
443 17 979
934 679 347
321 577 750
977 281 1
560 151 151
770 45 751
546 961 87
809 562 121
316 385 61
391 793 901
451 938 130
525 571 385
647 701 398
756 665 441
665 340 979
752 36 365
401 626 871
592 656 729
985 142 291
231 464 61
909 493 323
651 143 931
166 651 497
181 151 289
466 815 808
65 701 821
739 585 22
289 697 849
84 274 855
891 423 880
638 187 163
18 209 379
221 171 863
113 426 669
201 506 831
581 537 528
86 354 177
422 151 841
141 748 382
746 163 793
179 696 625
375 961 545
761 313 62
621 98 643
418 280 953
845 266 158
658 555 339
151 329 655
89 781 550
781 65 832
384 957 985
710 241 457
409 131 161
323 797 555
981 610 212
905 1 289
755 25 465
246 93 705
189 481 426
423 1 536
305 377 595
4 891 201
429 245 529
201 361 598
961 271 515
887 993 774
327 297 753
825 515 185
157 43 429
613 84 616
651 761 372
317 758 411
461 665 743
176 65 517
636 328 321
585 688 465
728 271 945
809 121 697
257 569 935
577 246 114
525 673 563
991 321 705
793 785 426
816 33 66
365 737 309
913 793 791
161 749 249
957 651 925
102 383 611
691 113 865
601 241 601
945 506 541
121 915 729
448 41 287
481 641 122
648 971 288
131 957 501
728 65 485
171 256 994
218 41 481
460 188 501
826 30 117
929 405 21
825 868 521
717 9 285
617 63 441
333 245 501
417 720 77
83 980 94
41 195 192
219 21 451
740 609 101
1 287 321
161 276 901
113 65 989
497 275 376
871 77 128
81 581 361
33 377 361
197 197 306
891 277 867
718 60 250
116 565 767
705 145 899
441 457 889
571 603 559
768 937 761
777 39 14
65 551 581
401 445 745
801 697 266
264 199 390
652 753 818
743 941 126
262 746 157
67 181 586
325 771 776
413 903 493
33 601 651
585 381 249
986 831 713
657 217 468
153 425 301
953 41 881
201 461 358
693 579 585
673 705 408
126 993 156
153 272 509
276 702 153
917 480 521
767 73 457
505 199 25
729 857 36
535 705 641
561 453 332
559 9 700
161 123 163
514 592 141
343 796 306
511 945 369
17 901 463
794 453 869
251 881 248
193 419 661
460 961 114
816 774 691
501 326 295
581 185 887
26 304 504
64 757 976
117 276 945
119 696 287
841 790 481
417 65 715
481 796 249
257 25 921
561 385 769
477 513 160
327 259 645
923 713 891
517 501 243
737 238 761
516 131 156
621 653 1
241 999 401
641 901 621
641 437 777
221 282 714
342 974 746
854 657 601
610 58 31
457 119 497
785 703 826
965 481 283
818 626 144
783 159 361
168 967 441
293 441 777
77 137 289
797 271 161
301 82 669
448 337 741
521 941 51
969 313 260
330 341 17
234 143 25
555 701 493
975 672 401
50 249 117
183 71 293
846 750 495
332 435 161
257 249 876
31 426 291
863 96 501
329 637 784
673 605 881
773 707 713
385 833 931
94 801 921
649 758 311
806 209 745
677 89 397
739 389 537
32 597 561
74 489 255
334 697 393
321 527 751
541 581 181
974 403 134
926 419 984
817 703 215
711 895 697
225 489 619
846 626 861
124 984 723
193 521 641
589 826 941
289 148 541
465 933 660
227 231 54
473 105 381
284 581 901
437 326 4
921 451 385
399 333 309
918 33 545
27 551 286
754 477 529
86 153 79
511 361 158
404 361 856
271 257 361
529 417 419
910 875 815
866 641 886
51 13 443
41 829 993
873 995 907
792 201 629
448 126 953
773 999 154
700 251 716
345 514 228
841 384 492
747 705 471
211 605 695
528 698 449
632 967 448
273 297 393
707 782 329
621 524 669
165 701 701
819 749 305
303 156 939
554 421 185
441 241 625
37 993 829
43 501 681
451 197 665
849 909 943
611 127 635
780 604 375
798 301 677
507 6 681
766 901 609
921 296 877
712 43 217
896 624 375
631 10 503
917 441 411
911 181 605
611 820 433
71 329 31
112 173 125
169 881 875
89 383 167
869 345 171
616 305 991
969 256 477
497 937 942
1 627 647
657 651 171
251 863 316
545 966 771
445 938 853
657 771 241
398 863 993
838 61 981
113 186 693
177 467 585
341 109 656
265 309 773
281 464 233
470 785 931
899 961 745
921 604 776
305 830 766
45 995 409
61 974 96
785 417 374
517 1 761
701 536 251
605 329 353
812 993 749
36 286 618
943 361 603
921 629 287
611 328 121
804 49 981
59 211 974
581 408 805
797 705 321
811 521 128
831 649 97
69 523 101
641 121 680
817 625 332
601 517 325
411 517 533
258 393 281
57 289 886
433 145 969
257 625 289
258 5 723
141 810 389
741 88 65
146 171 621
961 148 9
810 605 41
561 916 626
698 811 451
723 94 811
401 76 929
226 940 633
55 981 701
375 446 359
200 505 807
176 965 926
235 812 151
401 219 602
171 805 122
367 151 733
188 404 451
737 739 137
345 575 995
863 919 377
401 361 276
341 85 377
681 111 653
415 739 413
313 700 328
169 181 991
277 213 51
897 201 402
417 493 31
705 585 863
327 326 1
437 582 785
961 677 301
397 117 255
348 689 651
281 995 899
723 807 776
193 399 313
833 533 177
601 79 401
76 163 573
745 290 819
283 293 675
229 52 141
521 207 48
888 293 115
924 641 550
37 882 601
569 805 541
857 387 356
480 873 410
91 648 846
626 821 765
281 681 405
488 236 681
601 617 817
597 821 857
270 273 507
321 527 451
971 745 41
849 140 901
416 585 793
376 807 904
351 837 411
399 187 257
503 583 887
506 1 113
398 876 724
781 135 1
4 262 641
756 721 159
363 173 269
663 857 342
890 993 689
897 751 746
195 441 165
849 761 573
773 449 935
15 783 251
218 535 886
605 119 113
917 1 131
563 269 119
791 431 281
715 717 355
41 759 169
51 56 167
457 503 676
835 553 804
364 371 685
421 225 125
951 342 440
875 873 95
29 401 514
966 411 521
289 971 513
129 877 905
529 343 693
686 752 483
148 781 207
12 220 598
939 49 986
461 849 171
791 493 61
536 826 738
523 255 605
99 104 961
274 107 861
966 549 873
561 51 289
744 915 417
462 685 978
435 573 355
98 339 119
997 685 121
360 923 883
305 126 719
279 13 194
545 551 606
5 510 22
241 720 1
278 326 665
130 727 330
177 647 649
193 429 913
285 937 106
65 881 308
556 429 661
751 240 590
226 593 718
821 795 928
832 996 701
313 169 21
581 892 856
413 753 9
206 351 766
531 281 73
281 401 787
879 967 480
679 726 913
383 101 381
601 591 326
823 56 881
73 723 401
367 821 426
561 508 685
126 801 114
694 561 81
779 149 421
209 393 25
933 821 204
297 501 783
926 199 196
811 41 786
988 137 96
199 497 557
485 640 169
401 75 17
19 656 997
752 427 835
26 1 505
411 312 380
1 385 863
97 777 713
204 282 449
891 217 541
485 57 793
179 380 805
176 254 331
101 958 698
277 326 644
767 284 369
541 741 292
23 929 595
884 145 629
453 755 973
741 17 656
524 72 743
427 653 981
66 889 803
381 533 841
718 881 851
523 926 741
121 576 771
137 449 823
637 485 936
64 523 5
935 699 817
140 1 517
513 499 346
785 356 944
807 914 356
913 917 626
781 481 180
982 894 569
623 640 494
947 75 851
949 57 482
97 282 266
998 627 195
661 836 345
57 309 325
84 557 505
873 992 75
553 220 117
279 463 851
447 415 481
589 721 33
161 661 799
309 57 333
474 501 491
323 367 481
549 975 685
177 592 871
841 89 171
771 639 830
791 985 236
407 705 337
647 425 338
567 97 609
89 457 239
372 43 71
380 61 857
544 697 951
971 129 291
544 381 137
901 951 901
957 885 357
97 1 533
551 9 206
731 321 756
53 761 933
760 894 396
339 741 753
318 419 25
371 363 269
593 783 711
186 881 565
823 641 537
671 313 263
853 73 145
569 717 261
933 321 116
967 241 501
4 601 113
661 729 555
212 59 651
147 825 499
101 45 475
457 261 682
116 751 61
313 76 501
281 114 833
293 745 379
702 551 71
605 911 927
261 557 333
76 373 461
441 66 930
63 140 369
697 349 781
939 369 241
125 248 20
906 409 306
349 43 399
171 373 826
42 217 61
577 233 421
981 786 689
106 201 697
273 623 341
276 529 948
409 777 553
353 548 271
337 600 766
570 391 673
606 210 907
901 421 981
412 943 774
599 509 25
136 882 971
899 547 871
107 281 146
779 641 66
626 304 201
481 451 483
257 477 287
377 336 851
579 893 181
697 886 118
816 380 583
737 413 423
305 805 379
991 949 1
601 353 353
651 153 705
604 135 479
801 663 77
923 483 313
761 787 514
708 751 936
894 157 188
636 870 673
69 471 825
117 387 1
873 241 471
801 329 74
648 849 20
754 985 741
367 1 398
429 305 201
430 953 345
571 678 539
865 536 17
2 413 736
865 761 241
812 40 331
571 329 302
1 1000 392
196 657 141
779 94 566
559 203 809
529 247 823
645 699 791
772 667 401
501 309 165
101 21 385
602 131 778
617 710 736
793 717 481
121 76 201
661 407 821
191 130 355
879 380 913
397 466 970
201 358 542
177 31 133
521 29 125
679 229 563
431 521 442
37 323 379
468 777 844
601 841 695
357 611 565
269 201 876
402 871 791
398 121 616
45 777 572
56 997 471
736 531 553
667 225 22
69 111 196
266 879 540
942 240 161
662 991 697
501 355 967
426 649 565
937 671 897
449 281 356
377 891 887
192 501 991
401 241 949
601 2 317
973 869 371
411 585 433
68 303 873
823 285 405
411 217 59
176 291 278
10 226 959
77 60 921
761 773 158
279 343 919
456 376 881
801 97 869
89 246 877
240 402 251
581 68 731
305 344 551
881 989 585
697 977 116
641 341 427
465 235 47
846 311 767
753 801 639
677 41 865
241 577 961
699 331 407
579 533 171
130 937 52
204 801 417
334 531 870
381 708 376
310 681 921
397 580 863
107 149 724
242 469 596
100 841 601
953 718 933
471 603 409
903 609 513
561 212 751
825 617 650
51 435 353
451 671 81
343 589 279
783 611 701
296 201 516
401 496 351
24 167 324
313 241 525
777 480 881
621 216 110
171 26 470
801 251 857
234 546 601
531 892 95
65 925 257
691 554 93
328 834 997
729 859 417
89 622 795
801 569 89
321 785 1
16 315 46
135 577 835
369 597 321
551 857 752
259 786 932
879 12 973
33 272 74
168 225 372
769 251 254
488 876 875
757 921 497
737 233 781
713 967 209
828 305 596
250 297 689
816 715 553
307 651 360
513 409 859
663 741 395
449 799 593
284 121 106
351 451 733
745 961 5
713 41 713
977 73 351
385 527 227
819 788 466
722 851 397
585 704 280
141 433 754
969 242 666
758 506 726
283 741 370
321 511 976
817 29 621
943 335 541
121 165 941
669 721 131
961 853 251
105 304 31
681 685 321
409 717 513
811 142 535
668 376 35
125 317 801
122 329 281
237 922 576
351 35 491
865 83 731
113 901 512
458 91 137
518 743 57
673 109 871
71 996 576
945 881 61
177 425 641
161 888 495
833 381 396
881 976 526
153 929 132
85 285 985
836 805 141
719 881 83
43 36 987
704 977 731
161 721 103
337 360 551
323 21 625
809 971 945
809 92 873
203 261 273
204 139 640
126 603 923
925 145 621
801 364 800
838 68 156
335 999 631
597 261 213
383 527 61
447 867 993
430 537 258
725 805 312
523 335 117
641 87 751
701 442 886
203 901 952
869 41 430
35 933 917
577 741 528
331 986 668
277 131 533
320 185 173
101 177 807
22 197 857
381 516 672
306 8 291
451 761 873
489 137 884
513 669 687
505 361 806
284 309 601
575 722 461
516 19 988
754 798 239
521 753 246
393 777 993
129 740 630
57 485 864
117 584 351
441 653 33
351 921 541
537 501 77
209 551 111
262 977 1000
979 682 619
460 109 858
786 64 975
609 121 921
681 237 836
441 387 938
22 546 540
866 781 177
581 313 581
7 805 821
421 401 530
786 227 124
957 871 313
357 337 103
36 868 81
759 881 937
78 242 797
544 83 801
401 899 656
469 471 645
357 225 611
131 497 580
308 161 561
241 849 821
996 577 170
81 289 265
741 982 231
401 585 285
897 376 801
531 81 601
491 620 81
185 926 933
251 315 557
537 545 921
437 340 91
441 681 21
501 1 181
561 593 45
504 601 585
729 378 669
409 617 967
451 743 169
371 172 544
851 464 145
650 641 879
267 411 226
611 469 889
729 381 731
149 278 549
262 361 751
367 565 18
599 473 951
754 411 732
932 681 357
563 446 859
275 793 776
773 81 919
1000 846 25
551 331 66
201 333 585
626 381 669
93 911 909
945 217 121
73 349 1
473 289 41
21 825 256
665 449 440
805 401 87
611 601 990
801 275 151
232 897 269
501 697 431
315 625 961
906 504 797
957 946 401
553 300 61
549 81 721
675 353 441
376 635 169
235 337 809
621 701 608
45 391 731
893 684 367
431 565 521
123 361 866
57 461 724
149 489 184
658 461 119
941 212 417
863 74 183
585 547 745
970 318 441
237 193 33
456 163 233
465 525 865
653 455 41
113 113 517
683 936 827
781 373 707
521 121 196
441 519 778
921 262 847
273 347 40
786 901 622
53 943 897
381 445 111
221 619 313
7 913 945
930 809 557
111 1 867
31 451 986
536 26 901
446 973 681
377 313 337
957 649 880
555 576 721
353 865 901
793 269 685
715 905 571
681 773 262
910 485 522
725 241 500
204 929 321
739 168 851
206 867 821
1 113 957
870 518 371
221 615 213
25 150 385
5 275 93
913 496 981
69 194 311
419 425 401
273 404 433
729 897 753
353 186 208
381 171 273
350 586 386
621 391 76
99 291 20
605 351 661
751 376 890
816 856 641
498 585 921
815 841 401
329 641 801
251 501 244
191 201 267
73 682 983
257 961 881
477 880 479
252 759 69
237 937 717
957 751 275
601 317 769
33 268 801
229 462 272
1 181 583
879 841 460
956 441 217
289 900 263
881 557 601
473 49 885
49 499 883
408 33 341
567 347 789
96 437 801
255 367 483
19 481 21
325 39 1
256 181 321
571 250 479
249 986 51
785 321 713
961 669 861
326 321 918
409 41 413
875 361 154
460 867 481
62 821 456
421 919 577
870 951 331
226 106 389
135 273 57
297 51 131
309 111 445
688 883 431
227 443 533
833 829 713
613 103 876
112 143 381
125 541 926
181 477 821
919 976 81
311 121 321
517 368 341
717 798 461
462 326 569
619 734 998
36 771 918
11 817 881
787 81 61
696 516 746
213 476 121
941 57 701
273 245 124
163 341 111
141 213 667
721 661 961
295 460 591
738 101 449
993 601 921
458 356 56
825 243 120
781 806 481
289 91 285
55 747 12
561 781 169
509 336 592
757 855 649
70 941 33
866 236 457
569 841 986
979 305 825
902 726 843
125 621 147
401 202 949
919 601 637
125 909 894
154 251 691
959 852 451
751 291 101
673 325 906
97 297 428
261 338 422
369 616 301
801 416 933
751 657 151
793 523 316
199 973 401
411 545 205
362 586 121
539 98 401
156 277 301
176 523 50
425 581 833
753 801 795
969 801 917
268 379 766
683 761 751
788 741 72
245 467 597
458 21 176
401 645 449
244 17 558
551 871 785
841 977 440
961 137 738
785 80 477
889 661 321
330 263 349
137 73 277
897 333 853
261 825 198
427 678 309
825 641 967
444 438 1
425 141 188
161 475 81
551 66 961
500 321 495
589 17 277
747 601 30
281 321 186
951 665 823
429 325 689
37 423 526
198 325 691
426 777 217
753 129 501
641 945 34
526 930 841
421 304 491
5 102 205
865 369 499
671 762 147
485 655 849
696 871 696
741 945 289
101 721 809
133 712 601
175 25 473
247 977 939
993 416 225
1 726 161
877 673 592
433 349 273
334 762 711
913 985 463
193 551 611
96 517 229
763 759 281
717 984 865
944 132 841
617 1 476
776 628 883
698 449 146
595 101 461
930 977 641
829 569 989
614 726 73
607 1 267
325 667 403
401 727 901
1 549 636
966 946 307
455 231 121
554 725 1
47 769 737
937 946 186
623 521 345
829 643 916
75 601 921
451 601 273
641 655 41
314 820 926
525 896 821
310 243 191
265 101 499
456 236 457
309 97 743
781 473 576
317 593 281
752 1 161
561 981 116
591 494 397
360 720 523
465 101 45
769 121 911
166 685 485
526 526 11
797 852 593
681 789 921
962 231 191
975 961 1
777 57 513
375 185 214
41 411 424
911 762 927
481 145 477
20 876 621
251 606 846
384 757 205
123 83 79
281 77 53
659 245 153
433 581 485
311 1000 509
934 241 609
161 87 965
97 622 449
576 861 915
599 870 394
217 133 375
227 73 971
371 105 256
225 550 305
541 962 241
665 826 355
148 845 928
77 16 36
333 1 166
425 891 729
36 441 761
15 201 906
905 333 71
291 751 114
1 486 722
292 32 543
881 682 867
509 501 346
591 361 141
173 35 258
217 225 453
301 545 966
723 626 441
543 208 453
181 818 436
471 51 149
41 151 401
357 567 151
155 101 765
943 129 120
939 282 845
533 189 439
77 577 964
321 603 801
801 849 594
704 269 419
259 337 69
913 941 746
153 977 273
476 99 911
330 416 621
801 345 293
211 680 766
165 596 548
928 745 365
633 26 713
811 648 992
766 397 665
951 87 325
901 453 414
721 413 426
989 73 735
811 721 611
278 600 1
498 11 345
537 877 98
131 283 77
281 701 241
411 389 415
671 1 961
591 51 973
811 399 578
851 46 129
231 449 481
177 419 897
661 418 753
601 954 537
887 601 219
369 471 687
761 873 405
201 993 121
265 355 941
760 443 218
165 899 289
601 410 978
153 237 939
451 937 441
812 185 71
437 901 677
137 14 129
597 621 851
748 506 81
67 877 55
281 817 709
961 501 441
781 216 983
809 746 561
345 419 617
399 676 231
247 492 1
917 905 69
881 541 1
121 945 737
437 23 406
585 111 569
502 415 779
122 443 524
179 529 327
145 265 89
427 905 721
656 821 361
343 779 697
921 169 975
231 913 505
613 245 593
114 395 361
945 980 121
1 798 409
301 423 601
334 387 456
481 711 921
217 634 857
401 731 366
289 429 666
993 776 601
451 627 391
506 351 403
113 97 605
573 924 135
753 451 601
489 533 369
801 162 201
793 857 515
409 713 391
501 617 867
161 681 721
31 465 98
409 227 183
859 414 786
449 396 67
731 113 940
663 196 705
101 141 386
751 799 721
607 607 918
201 493 297
553 578 631
901 352 939
681 561 89
224 981 137
633 473 861
545 373 38
957 720 23
691 203 26
946 545 266
697 979 201
611 13 784
1 866 942
309 239 1
198 421 509
451 931 58
921 171 101
945 17 858
808 470 431
664 919 36
141 665 226
386 125 613
657 181 591
645 239 201
55 427 425
997 289 124
85 959 81
6 605 855
276 881 418
167 561 641
825 801 537
151 511 861
801 510 763
441 766 261
711 195 337
577 523 2
569 561 635
513 195 5
809 246 466
849 599 910
445 965 109
128 816 887
182 556 924
341 706 352
313 86 601
435 956 913
213 635 877
470 985 225
103 951 676
545 713 901
159 305 825
601 806 565
337 707 697
59 351 201
641 608 261
97 98 96
84 841 521
287 441 384
811 393 697
633 55 941
127 997 969
671 719 837
137 912 954
273 271 321
717 52 42
826 251 737
69 457 906
641 76 301
627 931 221
307 273 765
782 487 791
61 673 923
14 956 393
875 349 373
316 803 568
105 683 517
711 561 233
216 61 649
565 952 105
171 441 368
1 11 700
287 57 536
532 929 861
597 546 856
65 281 413
777 526 817
719 241 535
607 395 421
1 703 233
751 645 776
721 409 425
628 91 849
873 287 969
93 327 36
813 787 497
495 546 425
521 519 31
416 463 113
6 588 476
361 991 781
218 897 294
922 911 605
176 198 409
610 561 981
964 65 100
31 737 81
60 637 251
941 817 345
609 426 217
217 801 780
211 821 986
117 817 267
116 471 945
870 489 165
293 686 271
134 573 338
756 169 913
866 670 381
625 281 347
451 839 237
443 699 809
221 165 921
992 169 981
887 656 16
947 193 273
489 745 535
209 611 204
471 397 65
529 305 176
901 561 476
131 324 145
22 354 512
833 677 161
905 31 553
659 493 210
949 259 81
753 711 203
964 185 599
819 145 289
469 945 107
551 941 163
249 331 449
989 916 28
337 316 277
299 1 369
240 890 345
894 356 381
91 201 903
749 799 381
311 799 31
9 839 433
884 491 149
385 97 206
805 501 405
249 271 616
261 825 285
799 137 531
681 473 649
877 465 631
803 2 683
441 627 579
609 473 433
521 725 770
473 358 630
31 759 366
716 23 949
239 58 877
164 385 861
987 673 761
929 21 906
781 982 559
962 561 357
605 457 553
521 370 481
733 381 531
754 871 721
913 63 473
272 307 607
675 401 65
913 593 1
315 333 356
385 470 613
691 209 9
426 843 270
409 241 905
578 285 49
553 466 757
425 341 691
101 370 76
597 161 612
301 618 191
897 717 250
627 846 1
731 283 501
131 121 901
528 825 402
411 913 417
687 196 191
81 641 213
953 386 923
146 831 729
18 59 681
863 201 499
625 95 393
836 299 359
469 246 651
223 593 538
704 885 305
175 583 991
641 296 985
309 761 522
501 611 453
61 279 749
432 656 278
215 203 779
153 181 221
451 910 245
601 513 475
351 921 519
481 398 471
435 848 721
938 496 46
929 840 521
374 94 841
61 39 850
143 678 517
575 665 251
549 673 81
191 747 861
233 861 401
89 554 220
541 221 941
937 993 11
606 433 709
617 671 856
874 476 232
687 41 473
420 841 121
441 415 651
433 891 67
560 801 480
117 193 25
448 77 543
39 73 507
557 271 377
373 947 995
153 753 327
640 561 727
301 745 893
501 457 609
527 56 237
271 339 609
685 93 941
492 1 393
305 433 218
23 672 381
989 481 977
333 433 489
871 201 632
445 311 517
175 321 454
561 657 411
493 379 526
289 839 79
523 208 921
659 723 577
511 339 165
209 199 465
888 411 761
561 425 697
720 120 225
954 465 914
763 843 253
96 221 259
89 241 49
326 717 458
32 156 297
401 977 193
351 851 869
61 173 297
998 451 856
13 375 739
281 531 76
526 946 161
55 721 241
13 476 437
969 445 901
613 51 826
321 285 231
281 385 633
351 547 91
411 194 649
641 463 889
17 929 933
983 501 98
651 347 720
761 878 16
47 871 24
875 865 209
925 826 581
477 632 55
1 601 931
753 761 700
646 689 745
457 177 433
705 433 83
73 780 847
905 263 381
841 249 448
299 273 68
840 111 553
71 441 801
897 569 351
862 534 533
698 197 231
777 289 397
561 377 862
721 453 928
393 69 407
41 886 145
793 657 962
697 11 81
551 234 576
101 971 345
317 473 343
735 80 791
629 129 997
161 297 786
286 402 351
821 197 845
641 857 335
891 111 940
313 705 313
834 351 729
361 623 924
297 853 532
163 346 801
361 321 999
411 943 181
621 979 905
889 412 946
926 405 536
245 156 677
722 1 196
361 868 870
720 901 951
533 609 561
536 532 821
241 73 5
117 824 851
93 553 981
425 735 783
126 249 838
201 587 981
1 777 885
166 951 761
68 391 876
98 241 223
159 22 217
501 269 894
149 505 569
825 561 987
629 482 966
673 291 958
176 607 268
467 889 817
418 793 911
821 952 511
516 656 151
437 369 889
970 1 125
393 918 996
205 351 929
805 57 661
161 896 951
701 495 257
837 861 473
9 667 987
954 281 864
376 961 193
157 473 323
566 801 561
733 297 1
377 737 595
741 701 221
849 591 179
406 97 263
289 795 451
889 289 467
641 297 371
861 424 370
451 521 605
921 641 503
471 69 345
373 880 364
501 301 361
33 182 601
580 147 762
488 839 361
269 401 673
686 1 543
665 386 687
689 565 316
249 511 257
193 702 732
149 516 331
701 21 892
654 113 977
535 394 19
926 630 653
649 699 360
961 457 313
331 389 639
849 851 97
914 461 847
833 201 87
581 843 87
263 372 971
729 451 503
137 37 777
526 245 821
504 345 871
751 9 585
457 357 905
45 651 157
537 815 893
601 921 15
93 171 240
663 461 495
527 591 48
473 351 228
823 677 577
681 346 553
1 331 321
517 59 302
535 573 851
243 2 631
285 697 967
440 961 962
417 433 960
333 917 829
731 429 55
235 842 757
689 769 61
547 271 959
112 511 793
307 171 303
26 191 389
173 161 923
853 661 356
599 811 629
973 25 315
51 425 885
467 204 421
696 885 693
917 501 342
907 505 598
831 731 468
447 298 833
361 187 847
561 775 231
380 927 957
661 593 593
348 396 673
564 246 443
625 916 183
557 233 595
625 102 401
249 997 61
805 42 595
873 41 269
617 47 711
12 161 901
321 471 45
765 385 929
481 141 837
539 619 892
521 840 556
421 657 316
627 649 513
919 751 722
962 981 873
369 131 720
505 281 585
409 441 197
661 702 73
726 801 624
161 750 979
501 228 48
951 101 609
173 387 97
261 621 653
141 637 561
233 714 2
748 911 601
741 401 671
632 369 385
697 921 849
317 653 621
431 306 246
899 321 571
55 501 753
801 642 491
801 905 889
93 553 801
189 353 979
33 676 153
652 971 185
971 554 726
523 174 77
333 977 472
993 89 89
337 775 79
951 506 361
661 401 66
836 817 359
761 201 83
937 1 793
666 721 294
330 615 707
401 641 529
388 860 399
581 570 773
144 311 174
393 405 929
206 987 137
53 301 201
466 401 626
41 251 970
663 185 512
651 409 607
159 921 135
86 703 47
506 342 840
926 275 706
489 521 359
864 921 295
913 258 491
689 631 723
790 500 161
371 481 483
689 379 697
437 153 207
738 520 289
892 286 875
750 126 521
17 71 601
599 975 423
1000 86 829
489 712 551
15 521 474
641 521 805
457 900 430
50 801 441
660 81 941
257 833 371
590 113 457
247 281 761
226 944 23
867 569 721
305 61 184
601 169 862
185 179 887
521 271 1
980 207 827
404 375 377
111 611 32
851 721 953
101 141 751
731 532 911
836 889 686
849 461 337
747 361 549
919 17 746
52 461 201
781 593 611
377 673 219
137 101 931
487 120 967
365 590 865
981 897 521
571 471 1
550 642 685
918 253 775
401 983 601
747 801 831
141 577 967
971 579 810
805 9 801
41 370 1
166 366 851
97 909 592
257 906 211
275 121 266
489 720 321
586 785 581
308 906 387
967 940 433
40 602 621
812 251 575
767 417 517
869 661 701
93 481 913
204 657 757
641 738 389
161 929 837
404 433 76
351 625 29
879 605 670
877 721 361
545 1 415
581 1 817
221 116 935
346 901 431
443 921 1
948 721 217
511 943 579
997 801 989
63 985 761
479 821 915
681 31 131
391 997 791
475 786 169
207 927 123
439 252 861
867 41 754
421 769 645
477 817 415
497 41 870
42 281 831
105 781 237
384 177 401
15 319 33
876 602 713
361 281 660
168 396 525
103 947 92
572 909 713
21 979 811
470 470 839
434 222 455
269 503 606
731 437 841
703 669 313
241 641 466
705 201 236
9 716 706
566 592 392
657 307 828
537 811 830
343 649 833
163 397 91
493 103 881
607 961 624
663 469 743
481 194 197
166 241 724
393 962 999
277 233 719
365 431 291
211 201 983
581 891 10
921 147 617
421 581 146
361 727 673
115 81 350
437 895 427
971 771 719
791 869 735
618 286 593
216 41 245
144 656 357
541 195 259
721 323 991
249 802 241
204 619 573
689 261 936
748 185 291
848 200 869
791 966 353
9 257 487
357 159 33
49 407 729
386 301 121
960 235 217
528 368 187
367 825 777
211 467 441
203 75 915
111 291 418
546 323 401
691 116 727
261 593 978
794 315 3
93 516 837
789 873 381
761 876 100
20 994 149
9 850 65
825 185 389
433 267 257
366 428 321
286 672 753
336 676 546
583 246 408
57 673 386
45 901 391
589 424 327
921 773 756
255 419 693
557 605 583
689 849 851
189 766 964
369 630 841
649 101 808
355 871 91
656 609 609
431 645 684
394 874 905
176 130 81
512 894 921
622 896 656
905 926 141
595 401 716
662 668 561
439 245 167
841 204 569
501 357 143
478 813 545
421 920 645
923 1 406
561 166 361
531 646 1
645 421 989
521 109 795
601 705 656
937 412 682
668 294 365
441 527 965
400 329 630
251 201 985
33 998 401
501 369 380
430 41 827
757 147 393
716 900 288
304 801 503
481 931 626
325 588 235
209 96 505
455 137 849
960 628 907
391 507 876
845 745 129
701 215 580
183 271 513
826 133 251
731 250 66
225 251 57
527 361 633
1 331 371
284 164 776
85 56 193
780 397 37
609 465 295
537 47 793
231 36 385
696 911 825
424 68 862
801 853 109
55 609 801
674 502 993
679 3 921
41 90 121
521 875 518
171 69 801
681 785 239
773 397 833
528 889 929
113 111 931
141 586 251
84 426 652
261 763 236
851 941 954
235 390 161
262 621 761
963 380 441
356 115 465
831 621 681
757 876 473
846 491 613
633 303 349
37 849 666
747 467 410
273 275 783
93 89 526
791 845 895
118 850 621
659 861 630
43 861 594
801 453 398
959 797 461
641 80 777
301 669 743
375 799 501
601 859 283
361 212 554
348 784 61
866 165 875
468 691 253
161 265 235
712 751 255
361 927 255
101 819 805
283 796 127
111 873 561
894 201 798
567 545 137
36 913 44
265 321 192
10 461 574
721 930 137
111 361 57
945 143 165
865 592 228
32 233 326
217 229 65
167 821 940
253 414 521
9 1 865
479 169 897
982 257 695
449 209 585
429 769 97
929 389 271
84 159 275
470 343 403
279 707 994
825 183 627
645 910 281
101 321 429
101 402 529
761 595 589
829 520 469
242 537 81
61 181 27
515 181 318
909 681 804
99 458 953
842 689 345
53 1 377
320 989 371
519 197 27
685 761 1
508 59 367
865 29 513
473 386 425
875 331 117
401 465 666
939 536 156
361 435 339
21 953 924
487 833 854
10 345 890
41 227 902
301 41 953
343 350 756
463 375 146
789 341 262
890 677 676
609 469 1
973 266 389
665 807 201
661 17 266
273 18 353
879 951 301
733 901 993
117 661 257
641 631 181
600 381 471
731 851 186
291 281 144
79 951 56
871 501 922
655 612 325
729 909 177
737 277 829
971 721 177
795 621 543
383 579 233
468 121 297
765 577 281
761 888 641
681 909 262
509 105 273
267 951 501
91 801 577
422 369 240
201 721 779
953 845 177
621 615 617
649 46 336
257 757 666
873 601 385
914 423 726
820 771 573
161 268 565
75 501 393
315 737 475
937 252 251
241 591 814
831 648 65
71 258 563
66 922 782
764 81 565
9 649 462
567 449 213
391 874 801
717 364 888
976 951 332
81 59 284
819 983 46
361 731 126
133 319 881
451 628 161
209 582 330
317 961 187
677 189 261
291 133 138
975 829 905
571 675 675
771 301 921
793 701 222
120 501 391
505 240 761
1 125 868
941 201 170
261 425 151
122 803 811
861 575 1
385 986 475
301 306 73
241 551 969
220 95 545
154 437 951
721 883 761
651 835 348
537 946 1
369 399 65
277 849 144
629 3 826
919 867 561
349 427 195
60 553 21
177 402 631
401 595 716
695 321 217
601 413 177
936 522 45
697 621 953
824 564 540
397 556 383
398 741 128
965 931 601
383 165 581
779 266 753
283 599 155
840 729 181
153 923 751
907 283 105
891 138 425
926 532 59
601 371 309
481 870 534
61 345 440
351 251 449
847 846 401
839 271 213
476 147 925
473 397 137
376 881 229
611 5 509
465 271 71
305 976 71
833 844 170
755 77 691
231 825 118
627 901 849
683 993 511
116 167 611
645 79 265
425 153 65
578 665 562
417 145 457
615 773 791
501 273 73
908 631 87
445 397 668
465 351 403
693 961 451
956 273 241
870 26 163
221 281 165
124 113 701
111 441 801
986 639 601
526 935 951
672 919 415
638 321 301
495 769 900
598 945 165
173 591 151
727 491 132
745 651 485
237 256 588
712 666 138
533 106 766
885 87 828
617 796 599
321 121 321
854 483 551
467 465 471
674 251 577
218 81 171
421 897 382
72 626 501
265 324 123
161 108 988
783 266 382
257 18 161
506 853 118
825 101 441
126 433 201
3 529 335
865 858 24
321 151 89
151 663 303
777 601 301
873 481 581
361 949 130
401 646 42
206 849 175
682 454 391
254 27 743
833 765 736
106 317 281
278 622 163
371 558 69
966 606 927
351 765 347
141 511 98
251 552 398
643 136 96
808 769 691
731 176 176
675 357 749
527 655 575
389 446 533
238 629 841
750 443 125
641 281 1
569 141 783
621 109 785
527 567 302
463 337 721
441 444 46
287 387 193
361 301 353
438 765 36
109 1 48
261 961 3
928 297 761
846 431 557
905 961 291
375 543 532
176 65 598
129 526 449
456 241 251
271 449 924
941 155 501
633 679 549
409 177 206
90 641 667
191 494 716
169 791 976
641 701 716
365 593 881
741 277 501
538 491 881
937 351 861
885 325 65
661 233 742
911 463 552
771 390 282
617 936 871
268 957 213
841 138 723
7 732 784
146 943 601
961 304 537
501 881 866
575 783 578
425 489 743
666 993 984
73 722 873
179 211 609
587 249 118
853 133 553
101 419 217
341 401 578
904 355 867
826 785 75
421 601 783
861 79 911
189 97 721
953 377 551
977 321 529
623 1 915
385 241 913
361 521 801
27 687 670
535 379 25
411 24 121
931 72 229
274 711 656
762 416 252
137 197 41
413 101 56
63 839 441
257 411 165
375 781 81
46 65 835
831 329 86
623 649 958
584 613 314
720 168 899
730 597 537
41 961 491
553 558 661
151 761 837
781 229 100
474 679 411
133 241 983
669 398 116
95 974 946
2 129 913
514 361 285
713 521 721
269 649 3
531 145 596
372 641 61
279 531 621
852 337 173
471 725 997
176 579 814
180 281 401
980 166 51
679 671 20
976 915 202
51 249 417
873 161 681
447 623 641
462 721 821
21 173 90
995 230 375
431 51 603
723 585 291
376 191 829
811 906 59
489 419 985
325 741 793
605 114 541
57 884 25
891 753 850
961 15 969
870 281 945
161 401 891
265 199 1
645 303 870
216 446 103
127 91 774
967 721 957
817 238 469
873 35 215
380 682 291
354 489 627
842 865 821
633 461 925
988 827 131
556 467 1
892 53 851
407 169 679
981 426 861
471 842 556
111 657 822
601 729 41
51 629 433
449 773 555
758 641 921
132 637 869
329 687 301
945 563 265
825 791 901
74 875 520
257 687 455
682 391 305
125 403 25
279 439 710
137 751 547
777 420 177
421 82 479
153 696 517
468 753 586
177 775 527
479 557 168
71 311 210
7 945 128
113 601 640
366 326 533
101 413 871
449 117 95
359 906 813
563 967 591
271 81 241
225 321 433
125 817 31
207 745 118
369 876 686
364 732 126
813 431 903
401 657 315
993 432 25
489 405 976
851 229 390
466 869 901
381 699 770
165 608 726
385 321 444
953 689 279
799 284 491
968 687 404
508 225 391
661 759 447
318 401 11
829 461 5
159 729 940
325 881 415
877 448 420
147 584 315
809 822 57
595 451 696
439 200 813
545 909 1
601 121 140
285 5 549
360 649 419
255 797 161
313 203 501
550 1 91
633 15 761
963 741 693
915 338 303
179 271 966
467 741 499
787 663 807
426 529 951
5 763 86
995 266 22
713 935 573
449 617 773
769 971 497
161 706 117
592 17 273
246 817 848
721 632 725
849 471 17
278 121 865
296 213 457
343 302 169
281 922 463
501 416 446
999 57 873
641 443 33
929 737 931
57 658 787
109 809 761
451 327 449
1 504 397
11 305 259
715 217 978
186 261 509
951 993 611
45 873 957
57 280 801
353 97 41
