3843
231 297 501
31 176 935
457 521 677
557 206 436
613 327 581
33 281 65
186 781 233
801 529 881
895 510 652
385 822 111
661 541 691
419 309 33
133 131 560
903 560 861
577 201 890
321 861 204
273 644 286
467 121 937
271 77 551
24 761 601
401 893 683
950 539 329
179 239 93
341 746 401
249 636 305
801 365 870
372 814 201
523 705 57
396 41 560
921 641 882
221 441 641
110 931 873
583 233 957
141 970 689
916 153 577
390 781 902
651 980 33
131 229 773
523 493 641
951 485 417
387 859 383
795 185 476
816 687 979
811 755 194
456 838 711
732 27 990
237 460 177
849 682 727
593 999 401
977 618 851
951 731 376
291 127 855
741 849 681
187 171 771
801 276 168
573 971 813
833 213 201
140 793 526
677 465 361
685 545 478
670 765 873
241 453 861
642 931 261
961 156 593
801 385 353
886 935 929
53 466 401
1 797 785
287 379 761
37 641 681
661 809 505
869 426 5
814 529 752
66 64 576
235 389 151
841 801 683
961 299 9
441 17 34
651 641 721
289 805 582
301 585 857
172 362 826
193 649 83
71 53 329
589 806 386
581 9 340
121 305 977
402 123 673
721 581 129
451 518 911
673 473 361
376 251 489
63 147 64
626 633 1
863 21 343
530 877 277
585 754 653
557 465 421
166 781 690
741 465 641
157 983 861
681 324 177
601 61 303
771 551 889
966 113 96
501 741 277
425 904 841
729 879 135
941 851 145
789 481 783
166 329 94
711 256 609
203 174 313
491 417 921
351 1000 27
965 98 715
777 143 343
715 780 125
390 304 605
536 341 585
145 326 381
870 687 885
393 626 487
153 492 171
441 389 621
82 715 659
945 834 441
825 281 161
921 495 463
613 542 561
633 592 506
979 820 341
816 752 458
326 711 621
531 602 41
725 375 336
849 981 380
633 697 729
192 731 841
577 1 897
501 421 138
969 628 717
361 432 697
469 109 341
191 81 679
621 632 573
13 851 170
349 561 17
842 376 265
458 465 401
701 401 661
569 654 122
559 735 257
941 719 271
353 977 982
347 639 25
507 974 756
443 779 520
471 861 301
211 11 116
577 700 57
235 404 457
789 649 435
170 304 581
451 521 115
351 954 472
460 567 247
573 529 549
847 525 426
620 117 937
113 527 81
846 448 468
577 361 836
703 31 311
401 179 841
336 93 261
871 955 551
137 326 86
786 263 391
78 1 267
729 345 751
201 490 196
144 547 121
974 737 429
321 293 149
57 954 641
765 957 701
633 991 301
57 516 683
632 853 116
425 491 30
911 177 351
493 464 333
747 795 361
189 957 768
989 574 897
677 581 284
253 156 700
671 620 201
17 201 481
617 146 373
105 511 776
965 117 952
408 32 213
229 636 113
401 137 886
776 791 641
571 421 641
273 863 913
444 809 710
647 687 520
973 681 137
241 333 956
783 417 60
701 207 849
25 835 671
653 289 157
77 387 984
194 721 695
231 195 952
391 985 640
123 158 329
713 901 95
657 481 998
405 675 751
201 585 977
951 633 190
525 635 333
449 864 821
345 571 118
763 353 73
591 24 586
225 647 201
806 701 239
447 608 607
626 897 253
241 713 709
381 17 57
547 417 249
625 121 426
213 831 661
431 767 328
637 453 231
399 958 938
119 37 901
823 41 819
757 601 486
779 201 809
909 898 640
969 262 885
371 601 781
462 581 849
456 16 15
271 676 186
859 39 709
888 722 313
81 805 431
77 169 711
341 477 665
33 177 99
869 481 649
260 924 937
777 877 771
929 801 571
217 949 921
784 531 381
55 735 922
313 470 256
652 747 739
701 104 213
819 575 701
201 589 89
945 225 917
281 889 709
25 321 767
17 614 97
553 601 635
582 837 307
147 213 413
653 289 891
91 435 881
605 126 361
376 893 711
497 908 126
129 885 763
668 714 729
265 601 813
441 509 489
719 983 633
297 229 401
6 893 1
766 467 561
336 266 165
127 571 353
121 157 176
751 122 569
357 561 397
941 89 221
9 940 882
81 972 751
339 751 701
401 825 791
283 353 967
815 834 705
266 375 694
383 695 1
197 37 89
823 451 365
477 761 844
381 945 143
889 425 559
952 813 416
597 941 271
751 475 628
925 685 224
515 445 141
985 496 253
453 221 851
48 629 897
122 994 17
911 260 265
629 26 70
557 335 801
987 357 701
521 313 57
451 491 811
793 817 225
81 537 381
841 577 1
357 881 721
281 219 261
1 969 544
83 141 613
773 577 26
461 455 61
160 387 601
261 177 639
71 917 401
501 238 777
525 585 471
151 358 85
851 86 661
469 467 201
853 841 243
871 355 205
381 828 697
581 481 217
251 805 57
93 816 389
585 440 574
905 729 437
521 425 321
665 271 919
81 925 35
91 16 306
237 250 685
681 586 693
210 715 688
764 681 706
359 401 391
357 696 283
24 861 160
447 48 129
385 721 104
846 706 730
209 415 281
176 369 761
161 244 665
61 753 781
921 65 449
331 661 901
266 409 563
99 61 807
97 617 623
334 525 284
711 160 569
241 431 411
811 833 129
533 805 526
627 601 289
486 243 947
596 433 175
38 744 65
821 720 873
866 1 859
865 595 101
996 939 226
501 426 505
421 803 946
525 417 825
349 74 639
491 449 414
759 167 538
651 795 366
97 881 935
373 261 651
881 751 56
104 484 157
30 849 119
593 317 957
561 13 296
281 781 641
465 311 937
961 835 421
933 77 801
306 269 165
413 83 623
421 135 63
301 741 89
961 44 849
297 64 261
351 833 621
163 214 954
604 63 901
537 265 251
409 735 871
955 7 791
491 751 591
440 977 571
61 717 421
457 212 243
601 876 957
281 243 497
145 751 377
921 242 99
161 351 573
986 936 598
423 16 861
652 51 865
809 801 133
865 381 905
265 41 859
395 836 508
483 599 182
551 440 251
121 480 564
96 841 133
940 83 698
948 761 449
17 157 80
741 573 178
723 695 226
901 536 803
795 261 673
552 620 773
813 891 9
921 257 609
645 765 919
985 879 751
609 832 183
97 741 412
87 628 377
27 889 504
358 418 526
915 816 787
511 297 951
196 21 9
221 529 515
930 88 362
859 948 997
266 1 673
249 921 351
815 836 500
173 733 632
265 781 217
661 115 623
97 561 121
551 267 801
609 565 975
483 227 501
345 314 116
660 158 749
439 443 345
401 53 827
26 288 713
121 781 12
893 177 945
481 505 265
889 833 17
972 120 35
131 719 397
796 408 626
138 651 918
981 86 382
990 387 285
908 901 941
693 481 661
498 41 865
884 417 370
301 441 473
962 128 277
353 575 702
329 708 111
121 171 591
706 769 341
821 81 321
404 13 107
616 704 471
656 161 651
723 284 48
630 49 287
209 457 48
185 651 17
88 175 737
165 533 733
953 719 151
651 399 181
284 662 337
25 193 211
195 185 921
873 126 263
49 673 510
535 118 923
571 371 776
367 391 85
151 412 93
224 961 21
401 351 101
77 424 391
283 858 101
525 158 373
851 876 274
491 266 883
123 789 657
351 381 102
709 528 877
661 969 777
537 71 987
532 337 905
541 595 905
808 393 561
861 392 909
601 926 821
246 317 319
594 913 121
68 641 515
301 637 713
433 743 501
996 449 825
400 905 239
109 921 742
685 669 402
394 6 965
201 945 347
141 521 731
368 133 663
201 305 745
951 55 640
401 711 245
901 351 81
58 501 196
365 131 141
577 929 357
76 665 202
801 564 799
248 404 471
422 157 785
513 223 913
761 681 709
129 770 213
640 225 629
17 739 19
468 397 612
224 368 241
961 129 825
121 337 705
57 505 453
393 409 443
785 229 81
246 713 141
139 19 826
397 426 459
81 251 251
152 479 579
217 111 193
201 645 601
864 426 149
329 493 295
990 173 345
313 826 845
733 187 385
371 301 609
888 746 861
299 401 368
110 635 537
181 622 306
617 201 775
533 447 851
45 397 777
646 225 253
233 313 351
118 947 950
897 518 431
999 343 745
806 783 114
746 354 701
71 809 818
431 859 99
398 416 451
85 599 424
901 481 896
871 401 257
101 243 846
185 362 957
51 676 431
481 897 413
147 265 376
579 211 563
237 93 361
943 861 64
449 69 450
893 889 893
459 852 371
483 921 418
886 101 250
783 547 155
662 135 161
106 57 655
217 928 752
701 629 601
993 105 751
102 101 123
359 165 173
319 75 776
449 605 185
105 8 34
884 165 161
401 80 857
201 356 410
818 577 881
398 181 717
478 313 386
297 367 881
492 767 441
29 226 251
554 761 1
326 931 194
581 657 253
935 57 321
301 117 10
860 202 983
369 929 785
603 433 242
455 535 69
386 71 715
86 317 140
417 41 314
546 382 593
959 745 465
601 801 23
327 901 750
841 721 969
25 781 369
827 484 597
903 486 358
969 55 119
367 41 905
86 406 921
47 353 194
751 753 867
241 487 466
714 680 256
782 403 209
341 91 337
3 835 637
369 922 903
543 497 617
521 9 801
195 235 185
1 93 181
726 211 374
215 829 501
656 329 501
113 326 751
586 270 115
893 153 481
761 526 675
117 941 641
271 27 946
809 851 305
165 741 407
62 465 821
501 936 464
457 408 697
143 138 405
532 59 851
869 711 173
849 751 29
957 625 251
878 885 681
284 346 161
710 807 230
796 417 965
987 101 601
531 728 956
861 817 130
529 509 171
377 467 496
831 529 97
676 905 131
679 359 609
251 763 659
782 669 281
329 752 111
219 366 639
841 11 965
267 286 776
65 257 536
205 166 617
477 425 681
405 653 107
280 89 216
841 631 821
605 53 695
685 284 161
789 81 945
109 711 101
978 793 423
219 856 991
176 629 329
731 1 624
341 873 249
335 434 404
281 41 193
295 849 227
727 708 161
594 501 857
177 416 193
721 661 977
805 201 55
881 441 963
326 404 389
251 589 21
480 710 364
369 724 185
181 505 457
974 326 626
621 723 261
396 70 174
325 611 651
95 6 963
865 61 103
729 401 288
671 543 61
921 493 357
36 33 375
41 912 493
253 407 99
578 603 801
811 357 181
884 796 201
594 185 650
358 581 627
836 408 425
525 951 9
905 181 995
281 876 803
219 372 337
903 168 601
697 220 422
949 13 213
741 84 673
971 255 266
333 441 817
563 201 233
803 912 946
133 736 833
222 605 550
328 833 153
409 861 745
327 111 873
877 702 687
683 421 745
552 601 695
71 956 750
441 521 519
467 745 481
91 825 351
201 498 81
867 881 265
21 526 415
98 360 357
421 95 741
729 195 615
651 209 529
98 697 593
869 580 549
841 451 514
361 335 265
38 851 141
794 180 501
501 887 407
879 759 833
664 88 694
535 57 989
534 651 641
113 671 25
217 626 800
263 991 961
401 426 101
959 681 761
829 243 652
892 205 41
431 755 971
1 404 61
61 687 713
701 192 17
771 787 181
911 313 846
195 959 401
3 884 401
437 889 201
457 329 793
765 781 675
181 949 313
199 55 963
325 961 515
45 685 940
525 115 505
849 501 537
745 443 213
183 337 237
987 231 981
841 411 822
853 325 509
481 275 598
180 782 401
135 581 711
185 175 95
282 571 381
19 793 793
596 578 57
901 649 445
117 761 113
753 601 641
14 64 188
906 397 379
357 91 247
609 602 841
961 81 965
925 95 201
962 753 425
617 273 31
764 746 659
751 15 881
345 33 637
841 626 1
367 123 181
561 705 817
423 696 655
125 185 901
297 71 393
1 315 356
827 697 929
801 747 936
929 317 281
339 432 662
249 515 541
19 338 572
855 753 51
631 79 745
171 172 806
916 83 53
261 31 37
623 313 205
449 81 291
886 279 282
461 837 700
801 211 320
755 903 281
241 289 977
299 612 913
897 601 817
529 381 977
772 376 646
625 101 659
468 689 811
953 691 81
14 1000 305
897 861 673
650 961 676
361 751 346
446 137 991
625 613 939
856 929 977
813 77 171
409 781 202
789 323 89
657 991 699
641 725 229
81 429 9
651 179 479
799 14 781
481 259 223
591 874 559
609 13 90
641 748 225
834 151 81
993 267 722
841 316 697
312 300 701
601 74 421
430 921 858
418 439 397
561 240 883
795 570 891
339 137 635
5 176 212
896 651 421
857 716 781
831 81 33
193 28 811
724 521 901
254 446 41
461 159 85
911 162 781
125 433 501
426 770 457
126 710 789
422 318 695
1 790 865
204 331 113
469 661 155
291 729 679
217 481 139
601 981 983
971 985 273
131 31 315
321 407 900
907 921 626
305 437 107
141 801 26
504 657 57
627 153 203
401 352 10
525 782 814
219 194 921
476 881 965
601 120 625
1 429 221
421 637 272
198 21 404
169 61 237
588 829 441
101 381 983
185 817 321
937 721 961
837 814 893
569 2 271
225 13 265
649 549 443
651 305 473
461 485 963
72 586 453
984 996 793
522 216 247
41 709 745
113 509 851
883 991 321
849 113 671
78 767 560
803 605 482
281 501 100
725 422 96
588 327 395
494 101 681
921 653 131
897 496 761
384 508 146
471 140 25
138 704 611
625 469 944
761 483 673
776 1 615
372 565 551
490 321 15
150 546 641
537 561 825
31 413 353
631 844 561
670 706 289
243 289 938
657 729 46
105 705 141
539 665 272
431 881 540
715 580 324
880 373 138
201 351 374
590 181 161
668 91 234
595 587 199
308 795 866
833 557 319
631 281 390
675 707 593
73 376 252
752 791 519
156 627 549
523 137 277
96 915 441
926 41 89
675 925 218
676 151 417
11 366 999
407 327 726
181 591 221
531 583 661
529 938 293
709 337 581
738 748 121
89 131 978
121 943 271
517 431 41
401 827 21
195 546 308
701 589 356
611 885 437
265 313 377
181 353 505
945 386 412
917 625 629
258 777 714
609 16 278
449 644 993
876 393 161
706 65 349
312 25 221
526 347 151
591 175 623
612 387 677
455 800 400
371 406 189
804 85 580
96 154 341
979 825 211
769 441 581
41 64 671
113 743 141
505 1000 845
929 632 267
983 1000 761
637 526 827
415 921 447
469 428 752
223 385 806
202 375 999
741 821 15
273 25 637
631 15 11
689 211 867
403 55 392
897 177 375
419 401 89
756 619 704
72 461 711
981 891 441
333 101 985
59 8 465
151 924 349
803 498 97
2 589 177
261 472 31
931 821 43
911 209 907
378 742 623
39 292 341
761 637 851
809 200 819
11 827 353
379 407 356
417 593 811
121 201 821
532 881 176
147 617 72
516 765 301
34 398 893
905 361 102
141 393 273
594 661 355
889 151 29
293 161 740
156 57 405
296 547 861
845 495 853
329 105 356
913 165 541
317 669 257
601 567 331
641 57 723
661 861 1
446 801 723
441 85 153
265 587 616
783 541 841
566 323 577
254 381 646
51 691 105
153 393 369
831 626 969
294 488 425
572 1 837
831 197 351
56 201 150
119 3 870
71 281 527
981 197 842
402 731 495
826 761 729
575 493 35
253 165 453
68 689 435
217 644 451
477 709 251
17 769 189
685 21 41
1 358 34
946 529 565
693 561 153
351 201 151
91 265 949
304 644 613
860 29 626
147 893 889
266 826 296
221 24 69
878 527 379
624 9 983
566 845 334
56 337 203
729 139 337
656 745 333
206 776 26
25 873 301
675 819 401
101 951 180
97 526 657
78 35 457
361 141 879
336 887 849
203 286 930
507 259 476
479 401 955
377 744 376
265 583 389
51 289 433
425 757 449
293 530 615
996 238 421
987 823 781
393 491 358
901 303 498
249 641 593
731 79 600
19 444 682
769 714 650
925 477 943
537 733 873
877 301 673
241 161 629
333 441 429
874 761 81
193 189 789
200 628 569
775 425 93
491 428 603
366 195 169
1 156 65
57 169 906
439 809 269
356 116 386
329 581 390
169 727 801
245 249 465
719 793 666
952 629 802
447 206 121
983 471 501
59 233 774
473 400 953
919 592 181
897 943 51
9 779 441
712 229 881
601 864 391
696 345 521
679 829 35
789 407 431
707 900 713
513 666 67
909 96 11
692 517 800
107 433 392
401 706 22
956 968 577
921 217 871
41 171 751
321 367 512
913 294 606
771 339 88
573 49 146
297 161 357
793 393 843
189 617 976
135 461 60
847 154 399
927 553 655
485 325 341
41 327 530
19 241 858
280 817 143
903 279 261
106 479 747
969 945 117
212 601 381
287 468 821
571 269 921
768 223 491
537 349 656
457 164 967
270 767 973
665 808 863
433 883 540
381 515 521
553 921 877
81 701 291
649 12 596
21 705 237
403 845 153
373 985 719
377 185 264
205 601 867
368 56 687
921 686 433
114 241 856
915 334 921
110 719 534
967 505 781
261 697 476
191 701 280
589 217 138
378 781 357
781 17 761
633 729 746
237 17 841
281 598 576
683 963 315
113 903 133
729 817 727
875 785 305
178 181 54
167 310 401
411 439 193
925 1 497
905 71 887
500 50 591
921 552 291
521 681 876
711 757 565
887 677 127
779 721 797
554 529 126
737 922 489
51 429 957
721 481 637
841 801 241
529 685 379
219 401 501
695 815 19
599 401 233
11 867 309
259 251 245
701 53 847
577 305 151
449 501 721
61 44 133
321 123 118
473 860 626
139 325 386
103 361 958
33 807 713
681 596 282
716 545 105
92 4 206
225 25 445
451 200 703
515 757 249
192 733 290
69 775 501
753 909 633
633 226 114
99 9 553
961 413 145
401 272 11
834 874 241
661 773 101
899 851 57
755 236 213
803 653 99
223 201 748
377 49 257
361 171 241
441 21 461
373 453 9
699 21 401
238 149 547
611 495 93
311 89 852
101 993 436
136 138 180
825 854 775
32 651 633
360 857 487
133 626 291
841 941 305
511 961 113
233 87 305
301 101 730
324 531 389
265 397 146
361 619 203
364 565 377
449 836 290
138 401 634
41 246 151
99 929 881
1 746 831
321 196 317
754 916 404
136 749 439
1 301 169
169 741 823
669 633 989
243 659 747
997 572 600
755 917 101
77 875 811
453 471 345
157 381 580
261 203 133
481 75 441
197 105 217
835 491 661
421 743 953
901 287 947
806 953 101
461 741 801
718 594 871
400 841 749
356 277 170
279 983 716
638 714 307
889 741 433
337 789 625
323 593 123
901 31 187
561 409 105
831 529 981
463 316 101
302 81 89
735 86 815
881 263 581
297 801 329
373 721 301
355 388 688
179 246 376
513 391 306
107 977 649
999 592 176
398 121 65
33 482 721
697 271 748
430 46 979
567 424 195
990 91 963
293 768 913
983 90 572
577 946 6
305 97 762
151 451 138
751 996 241
737 405 971
227 483 321
776 875 880
581 571 107
258 989 393
473 891 557
238 553 301
81 975 481
891 151 113
621 251 302
341 54 649
113 141 159
213 891 303
401 577 321
225 237 629
617 193 183
497 347 57
460 40 697
636 70 491
425 151 393
761 132 665
257 511 101
41 553 231
161 753 341
555 965 789
428 233 141
855 446 874
666 337 815
651 781 601
249 501 906
297 401 181
659 693 256
787 581 115
555 853 587
161 337 382
355 860 928
565 396 1
701 281 169
382 337 937
259 753 345
301 940 575
305 649 230
529 369 332
297 548 37
677 321 538
279 521 673
364 716 735
41 169 569
121 601 297
855 401 137
553 861 351
661 742 401
539 465 389
881 621 771
996 49 258
351 207 488
109 955 185
397 905 45
93 269 479
81 469 121
507 901 313
975 971 203
285 785 432
387 694 529
400 984 913
781 557 984
727 145 811
781 221 627
174 171 323
169 456 166
126 501 160
1 57 713
391 857 404
701 343 612
239 529 425
97 395 585
931 881 511
706 307 319
641 103 111
721 776 329
613 337 399
726 631 549
358 533 516
805 364 525
74 391 293
629 24 937
485 909 659
361 587 740
713 215 289
665 77 976
756 806 709
725 716 833
573 673 889
890 889 548
317 797 215
929 590 310
382 946 101
588 345 901
665 963 605
436 536 168
742 946 627
205 928 693
136 811 101
737 681 249
239 521 119
185 1 493
880 857 617
469 1 637
537 291 305
449 129 361
313 951 489
501 723 325
723 433 173
912 845 153
171 988 967
391 153 377
757 81 941
220 296 689
577 46 993
562 143 756
957 153 201
443 744 352
918 541 675
761 627 393
201 105 731
36 820 526
248 605 133
505 358 565
523 571 365
855 118 366
149 784 33
492 681 241
317 988 643
957 781 585
162 661 479
679 283 671
360 355 286
951 815 881
986 717 17
800 965 169
91 57 971
897 693 815
246 974 181
777 33 326
145 367 903
761 809 134
805 188 887
629 901 75
940 459 361
633 595 967
265 387 333
26 659 751
358 257 661
479 509 755
713 711 990
685 1 263
817 659 767
869 469 85
304 235 231
425 731 41
425 441 316
223 590 591
132 283 945
321 89 296
441 801 337
988 426 553
401 253 776
813 105 919
380 200 92
977 306 756
881 793 797
96 505 140
261 593 885
949 91 637
425 181 130
80 635 445
305 183 209
657 953 702
202 313 813
421 41 217
161 827 950
622 909 751
765 53 561
613 346 265
349 989 433
529 629 58
415 693 867
671 694 646
998 571 903
573 249 737
863 969 145
611 596 441
554 726 268
513 299 241
113 434 723
469 743 137
283 77 192
30 116 317
495 625 81
369 823 742
201 767 681
861 293 338
901 384 257
476 655 181
599 881 506
630 78 356
167 97 721
732 879 311
357 691 93
561 5 470
55 690 732
641 152 465
241 606 743
193 735 570
281 848 551
916 561 969
644 955 40
341 761 172
513 867 425
756 461 803
351 114 566
983 1 777
582 544 985
818 143 921
361 691 653
681 232 783
459 449 932
94 285 751
243 501 876
701 185 549
971 501 280
737 231 981
713 713 688
251 39 629
271 287 937
455 407 369
953 589 629
93 137 954
319 40 497
60 739 811
511 73 225
116 565 671
157 731 107
917 860 30
919 976 611
185 965 822
266 827 432
262 569 1
607 337 707
889 57 161
706 713 955
723 901 408
401 131 857
406 191 738
996 865 511
19 191 221
935 825 505
441 538 773
897 521 990
614 122 116
681 752 158
550 579 860
537 673 444
1 715 921
67 157 189
801 9 431
131 431 961
419 549 235
631 513 712
601 718 125
284 178 781
42 301 279
919 841 921
968 101 883
877 839 601
81 56 617
843 611 797
709 419 985
283 911 564
709 601 521
701 661 767
375 751 764
106 561 354
464 98 931
881 184 211
97 715 66
881 753 773
445 416 1
673 121 41
421 969 501
201 889 137
707 105 481
596 936 441
291 253 782
141 351 71
957 866 897
749 228 792
649 172 301
13 349 705
181 126 489
185 727 725
725 281 969
41 189 552
556 316 771
393 372 961
41 529 376
961 150 907
323 798 481
657 645 171
251 850 693
346 603 586
531 841 565
857 529 126
257 13 89
322 406 317
516 171 941
155 301 896
905 481 851
992 959 697
644 945 447
267 329 134
654 965 681
399 749 927
721 731 391
796 665 179
505 200 476
844 281 695
481 784 547
24 259 216
681 56 21
176 349 572
591 41 261
705 283 801
845 58 337
551 943 615
401 461 711
483 393 66
918 41 913
61 791 639
57 860 961
921 213 201
497 945 871
113 982 495
467 657 209
361 599 563
105 379 88
285 177 189
532 509 41
279 935 547
911 126 768
665 406 161
517 433 861
301 281 143
369 145 21
591 233 117
441 769 429
839 34 876
731 956 857
287 829 861
290 521 651
714 241 352
161 446 761
26 901 865
1 197 306
841 916 537
729 826 124
857 831 113
879 729 86
481 776 127
376 642 931
956 943 761
321 81 616
944 15 296
759 913 97
981 277 665
175 540 789
261 766 593
865 937 457
783 449 665
110 799 561
236 781 906
487 573 566
400 41 400
19 416 761
627 31 216
626 814 401
441 381 296
415 444 699
481 76 941
1 333 415
771 619 78
69 756 540
609 221 894
389 481 986
581 925 439
486 521 984
89 225 73
100 789 757
817 999 154
999 819 281
59 912 371
441 130 769
941 226 318
557 192 440
53 217 941
431 69 146
279 507 596
55 49 587
572 72 65
441 593 25
335 745 269
756 446 203
185 474 201
825 252 713
436 721 17
1 501 583
193 633 673
714 677 413
531 121 41
168 669 158
95 49 121
805 394 421
901 135 21
946 357 53
439 416 716
813 713 889
377 973 394
333 392 205
361 818 953
576 263 761
861 491 171
951 953 598
289 845 496
7 367 239
868 955 246
399 733 878
897 985 373
595 13 352
639 617 807
677 938 326
437 642 160
551 189 593
555 737 37
681 708 182
336 299 441
671 914 905
392 8 270
753 666 53
801 957 671
293 383 558
350 299 917
187 573 364
506 583 435
5 277 687
389 109 533
223 693 96
729 85 817
459 491 396
491 901 541
221 639 41
938 247 658
627 801 857
426 284 751
325 141 713
535 63 761
191 105 791
871 776 318
685 376 331
132 721 341
541 955 193
193 681 276
943 737 679
613 405 201
404 77 315
250 328 441
543 994 710
985 439 757
881 461 585
718 277 627
585 809 63
776 657 585
873 793 479
329 931 289
797 102 301
321 520 587
366 401 433
841 635 355
789 949 976
926 849 664
464 637 936
952 799 31
935 645 256
411 761 395
246 555 21
681 95 871
361 334 651
673 133 153
196 828 185
717 187 192
891 328 955
57 631 421
745 587 536
904 435 261
615 177 729
901 835 981
561 561 294
399 237 661
201 565 348
795 232 957
41 874 138
764 435 711
911 306 665
135 261 619
681 633 956
585 958 801
833 153 761
709 51 561
877 283 85
31 533 571
401 161 391
879 763 489
887 471 600
761 513 353
586 134 397
636 951 316
736 224 347
865 708 407
689 801 387
165 707 341
59 965 633
615 744 802
841 680 391
909 691 161
341 924 103
847 960 156
33 123 81
114 479 939
286 61 463
257 801 729
125 441 18
127 195 542
925 449 258
553 241 123
201 15 547
888 226 621
305 128 533
11 646 709
717 605 257
375 921 659
811 729 377
825 141 721
281 979 5
566 436 616
191 631 57
713 921 992
352 425 917
785 25 401
737 209 363
464 521 6
71 416 97
25 826 516
361 165 341
821 937 577
113 854 871
143 195 377
961 81 501
295 867 99
72 453 105
786 993 965
862 701 36
977 53 102
579 889 745
961 286 837
469 699 51
864 201 555
737 316 706
229 641 476
813 5 29
394 811 31
63 643 995
145 249 505
959 325 541
781 669 29
393 578 545
605 621 236
81 289 223
997 27 545
615 731 751
869 303 331
560 103 298
823 356 612
126 13 967
569 191 871
41 296 713
247 214 546
461 868 50
757 597 51
850 588 179
1 789 149
489 911 201
612 753 743
301 449 807
643 654 605
886 433 226
141 638 785
491 753 580
885 348 891
313 149 663
877 585 508
235 142 57
449 685 153
824 559 843
787 401 397
17 37 297
689 73 350
784 900 385
915 49 176
871 351 231
861 694 251
310 293 589
73 576 601
71 969 465
102 17 761
813 675 16
921 371 193
936 589 205
553 249 191
563 849 346
229 440 951
289 893 983
615 563 651
481 936 255
462 405 106
821 733 341
408 359 272
336 103 1
729 302 793
371 711 438
944 750 305
716 891 94
381 961 46
1 153 617
369 371 991
437 521 869
121 891 121
532 301 426
93 651 93
899 167 878
687 991 441
961 51 91
873 571 991
265 306 993
401 121 118
811 429 717
78 341 651
928 95 966
24 617 137
130 440 821
401 303 319
501 56 441
161 955 527
602 502 287
222 241 636
681 881 977
961 625 831
343 421 321
831 573 593
987 744 542
59 469 465
648 71 221
637 701 697
161 601 254
531 869 553
297 105 355
742 42 59
281 891 241
481 734 906
251 951 711
322 313 241
631 806 993
401 504 92
394 803 578
353 274 669
689 943 393
465 401 868
671 913 911
23 876 516
211 179 501
129 630 155
911 344 147
609 337 875
833 353 392
791 989 785
361 616 701
793 980 93
432 793 993
761 313 867
26 926 193
97 369 581
579 717 951
101 211 488
681 863 169
368 603 89
501 535 286
994 161 67
951 385 311
622 67 953
67 161 27
516 261 810
521 161 423
13 593 793
260 753 357
617 91 325
681 821 521
401 821 726
361 31 998
626 474 961
9 213 256
201 271 805
525 427 700
166 567 845
956 35 676
515 581 561
921 392 238
267 761 153
766 1 313
513 708 917
278 779 216
539 154 20
221 431 359
691 225 545
537 401 766
648 788 761
327 63 73
671 826 69
941 119 556
881 461 783
817 629 335
440 461 793
286 521 243
915 709 754
201 325 411
468 816 387
149 633 426
424 585 744
809 583 327
350 306 231
121 409 517
15 42 336
1 574 226
989 82 59
705 97 885
329 431 982
75 517 147
465 994 101
529 291 512
257 958 801
926 141 529
715 319 63
541 721 593
425 945 201
729 336 941
833 801 713
237 20 651
865 241 1
905 961 746
92 45 561
929 756 490
601 396 716
928 605 753
561 333 917
326 937 607
921 694 112
925 59 161
876 941 809
249 602 109
831 961 251
925 605 502
579 689 661
735 801 137
256 303 101
747 777 691
905 801 273
455 24 531
17 57 839
321 781 459
11 621 636
801 624 539
448 336 641
614 873 827
749 113 977
233 851 117
513 611 526
315 817 613
261 620 21
441 776 619
642 117 753
863 695 610
527 665 685
267 147 1
1 44 721
221 884 611
121 429 767
217 186 913
327 291 366
241 735 969
103 490 76
1 124 801
281 356 397
609 390 627
753 934 881
67 839 60
281 532 392
433 424 703
545 35 683
827 81 376
561 145 50
849 678 977
438 301 181
295 69 474
815 953 834
224 802 446
851 498 989
157 353 29
796 771 182
949 316 63
421 198 86
121 171 723
954 496 155
51 376 91
408 921 593
645 94 626
969 554 953
161 193 417
453 126 421
751 893 265
526 225 267
615 545 249
83 521 926
338 297 961
895 967 369
412 673 395
77 446 696
291 564 571
341 982 696
381 223 117
961 521 429
351 111 737
405 98 249
329 129 890
761 616 635
721 373 641
669 969 693
346 389 233
789 791 497
797 811 565
862 757 261
483 181 479
841 263 501
905 465 146
489 589 226
562 625 336
93 577 407
105 902 249
301 188 886
935 723 665
113 204 422
817 753 33
326 237 289
599 267 352
263 665 752
915 977 28
52 121 776
217 748 809
856 950 831
220 321 42
625 365 263
591 399 392
749 623 952
157 423 585
897 825 491
171 591 321
561 551 85
133 473 449
671 881 947
901 699 115
873 341 177
85 547 781
425 686 165
360 659 377
633 104 151
125 115 419
657 147 401
543 561 966
129 999 990
599 342 86
438 511 535
543 97 751
469 673 297
517 176 436
201 927 737
97 341 491
96 84 521
789 231 333
626 521 787
859 579 348
626 596 425
565 25 431
730 309 462
730 265 951
725 745 975
401 360 539
436 601 657
522 619 501
261 573 376
525 216 601
737 230 297
842 593 301
976 670 971
76 481 179
137 900 991
283 881 801
246 221 645
17 665 143
832 953 77
843 561 401
7 835 113
671 281 614
543 972 413
581 641 591
550 436 730
116 265 251
55 441 909
491 781 26
811 341 927
592 901 935
771 832 441
659 561 999
33 666 241
121 145 134
329 49 220
873 851 255
531 329 754
611 233 299
321 1 731
583 641 865
873 740 309
851 391 547
91 366 313
113 89 233
944 441 273
819 135 841
439 74 915
781 445 563
407 261 653
940 983 373
133 977 545
109 633 649
752 727 544
820 988 297
101 359 735
842 113 1
171 633 178
221 286 318
251 187 741
528 817 799
489 265 641
561 576 841
344 977 659
987 911 345
915 241 865
69 677 525
713 786 745
269 973 249
938 18 121
31 537 817
478 833 630
680 89 881
922 666 561
101 781 459
446 309 595
566 921 776
811 186 830
926 882 649
541 977 95
161 329 139
584 748 177
947 561 590
587 90 488
309 586 401
1 616 311
593 385 16
81 687 501
496 77 681
516 936 889
785 198 566
489 339 81
805 191 681
471 4 761
441 580 41
585 577 712
145 417 751
943 751 561
697 438 921
839 202 749
981 616 849
611 65 101
57 101 738
897 790 993
847 209 119
476 348 361
551 661 334
353 240 116
646 321 481
113 962 270
513 531 626
945 273 776
936 678 691
721 845 811
309 786 217
944 365 589
929 645 354
317 525 69
831 387 226
1000 414 498
513 295 386
557 413 501
429 251 541
281 15 501
217 139 561
985 455 161
526 80 733
33 967 289
521 884 187
941 737 846
685 981 439
941 711 257
345 369 101
799 669 503
953 459 941
225 949 27
197 110 176
421 737 593
801 800 55
759 545 37
657 133 83
386 699 625
14 981 37
41 313 889
545 39 499
245 817 713
146 949 879
369 9 595
201 268 274
981 601 175
995 564 741
756 881 284
865 865 153
51 516 905
87 17 257
304 881 937
52 881 379
851 49 173
271 879 339
521 468 393
61 121 257
321 158 572
561 511 257
109 871 575
396 651 773
727 325 136
513 819 482
441 237 201
849 843 749
177 821 554
869 751 524
280 352 291
548 685 241
333 901 436
333 547 961
901 991 637
612 821 862
209 225 515
615 200 421
560 645 751
401 489 251
176 717 883
79 385 983
751 261 177
716 497 745
421 717 245
217 873 915
548 177 552
473 689 238
926 713 161
176 515 677
781 697 19
54 377 121
476 878 887
559 1 371
956 285 356
191 709 674
513 761 121
212 965 357
385 415 543
457 41 691
932 39 181
37 761 317
593 772 761
186 527 199
1000 745 74
756 811 767
361 347 109
676 655 913
731 657 717
769 801 107
516 389 549
977 467 796
923 606 156
689 955 601
79 554 461
726 421 865
279 673 664
788 957 698
53 181 729
615 633 495
289 281 181
410 987 150
249 521 368
823 313 391
626 737 826
561 811 204
249 61 431
714 247 697
222 647 957
835 626 596
601 439 764
533 561 536
206 101 721
959 431 624
801 722 261
705 491 631
694 217 221
921 586 86
237 601 610
237 321 297
973 537 581
1 601 741
583 356 835
445 873 286
509 823 593
566 296 182
821 801 449
551 451 777
9 235 741
471 681 821
729 465 883
629 714 981
229 641 844
631 841 605
95 451 933
213 216 31
311 784 317
212 953 951
594 476 579
569 266 659
223 901 754
678 289 615
576 833 698
866 987 269
217 673 169
101 960 133
658 857 757
335 934 929
615 317 739
917 545 39
941 857 276
810 345 945
97 562 1
131 161 323
51 629 426
153 507 373
249 97 41
420 175 494
81 635 911
55 791 393
9 401 999
281 356 349
317 648 296
713 555 759
501 269 561
905 103 31
557 696 389
91 408 627
881 482 807
945 837 927
213 601 915
169 536 897
641 855 631
81 776 235
97 1 731
701 211 373
155 530 377
957 485 806
740 41 21
721 540 53
878 47 761
543 520 825
9 501 101
87 785 73
599 75 543
121 897 251
901 651 765
35 53 185
104 36 133
343 625 721
775 6 597
521 387 360
585 376 743
369 821 897
946 731 521
641 361 83
698 257 826
502 535 660
723 967 729
740 313 433
165 101 502
456 1 891
177 729 885
561 686 636
5 961 593
97 518 336
886 749 501
283 404 289
873 96 976
217 921 547
465 717 445
382 603 762
545 893 470
81 571 801
213 786 597
251 647 465
345 202 817
144 476 433
414 381 729
23 401 1
331 849 600
417 77 668
205 361 731
473 155 427
241 613 391
366 860 651
933 142 121
927 529 555
721 253 370
408 225 32
261 521 40
820 546 69
64 695 333
813 367 357
296 757 293
841 589 626
193 185 336
801 381 709
897 143 717
773 462 781
17 833 777
493 359 171
103 31 423
886 712 254
151 577 598
913 601 553
436 403 417
751 411 868
985 919 813
129 405 686
445 723 326
1 816 106
801 457 396
621 2 218
321 361 97
197 75 786
257 271 163
734 71 459
481 761 497
47 238 856
734 47 451
707 555 601
737 221 679
107 501 539
821 657 745
989 349 276
153 500 231
107 61 833
151 521 485
253 574 937
833 811 541
861 544 27
696 993 289
169 176 308
801 521 673
801 525 951
457 513 821
102 941 445
521 177 790
691 93 481
956 731 821
676 513 99
897 321 641
206 301 66
731 89 633
138 913 17
617 1 837
710 202 581
396 581 93
111 634 221
941 505 767
201 531 603
550 657 505
543 277 666
96 540 365
357 301 190
841 831 273
547 273 848
441 369 35
947 781 285
451 556 126
97 385 569
123 232 131
641 449 713
817 359 625
699 457 171
713 778 683
664 82 337
199 671 237
821 905 724
249 869 833
133 810 942
420 921 361
376 201 17
147 174 701
795 321 523
376 891 721
425 617 991
175 69 265
679 821 921
363 281 886
581 961 791
785 955 341
170 521 976
91 169 252
121 491 327
727 643 293
389 383 623
159 766 91
617 557 719
151 723 711
321 721 417
280 349 376
501 466 287
725 69 511
907 587 704
97 806 608
9 229 101
921 153 223
843 91 192
194 852 555
776 991 516
263 267 975
321 677 729
497 837 19
512 591 787
145 325 693
801 915 960
129 673 657
401 371 985
787 161 33
533 392 881
970 606 37
385 3 971
685 569 249
602 151 169
584 206 101
593 991 53
1 1 976
385 287 274
421 233 361
665 546 961
640 289 254
369 151 788
17 830 450
897 721 275
361 604 537
543 899 191
571 985 767
41 469 714
801 51 665
491 461 751
256 133 396
101 106 976
63 366 321
162 163 69
1 860 75
854 921 541
601 649 125
401 751 998
601 638 891
657 143 515
307 921 877
992 901 196
569 769 420
451 555 921
505 835 232
658 546 401
201 25 801
210 654 526
171 709 551
713 149 261
951 571 836
126 66 626
57 396 833
811 348 161
816 823 897
207 169 573
620 676 516
563 841 361
642 233 441
709 667 3
91 920 143
215 285 34
111 353 571
909 601 182
529 416 507
529 301 499
753 777 389
624 959 296
77 273 839
239 485 825
675 189 166
241 537 165
898 201 583
811 137 102
737 645 711
608 145 212
153 21 901
521 257 401
117 676 672
713 825 301
177 552 449
706 779 319
501 71 751
975 68 101
803 421 181
969 774 149
665 593 532
911 51 124
369 551 901
429 213 166
10 487 841
951 835 488
733 356 981
375 225 932
695 435 190
55 676 96
470 650 529
831 751 736
492 717 97
841 835 548
950 944 621
101 665 561
505 173 237
591 117 153
205 27 569
794 475 325
925 666 881
439 326 313
4 121 493
765 321 433
768 389 565
143 533 643
977 381 71
626 266 449
25 205 219
207 369 669
505 923 191
406 217 1
626 571 771
474 991 237
790 262 389
745 401 939
521 861 271
165 781 582
377 825 1
159 400 449
44 341 699
327 663 949
817 493 925
445 558 87
979 101 356
161 291 681
41 623 286
108 481 817
581 873 489
594 605 209
565 271 624
723 161 197
77 681 929
645 993 576
829 361 351
939 291 299
431 385 456
701 681 426
350 625 603
531 461 617
926 967 76
701 669 494
104 500 674
909 131 21
431 63 611
339 776 546
145 681 751
631 631 156
861 549 356
827 201 296
670 941 651
219 401 116
45 922 553
521 895 592
706 167 204
507 756 217
625 373 943
755 917 54
993 79 463
985 201 506
541 719 389
557 492 27
380 677 825
510 701 937
961 921 693
441 729 980
353 851 65
313 430 663
881 463 96
856 927 683
206 963 221
765 161 961
161 297 406
530 926 833
887 161 57
493 787 663
353 546 613
364 9 626
857 321 553
751 805 74
33 321 698
793 953 373
491 475 521
865 607 649
793 530 101
573 95 457
522 11 805
251 449 606
269 905 33
569 202 996
681 345 44
896 281 378
457 329 794
972 201 471
40 522 545
781 226 314
496 291 828
809 147 395
673 794 901
801 261 951
25 393 323
596 50 748
951 300 305
107 87 131
585 611 645
380 75 186
891 30 611
401 719 279
377 895 335
235 10 794
955 714 464
217 416 337
189 897 453
785 619 90
626 413 450
895 605 743
601 712 817
881 45 787
469 229 636
263 155 137
815 633 55
261 97 361
339 365 316
404 334 91
115 147 36
415 465 199
201 515 993
303 289 186
731 197 596
611 69 266
494 890 982
224 889 617
216 205 441
279 360 729
424 741 103
676 702 237
251 553 609
425 465 106
9 935 526
83 793 650
977 905 11
629 583 251
721 433 791
405 977 57
721 923 962
157 281 867
602 706 61
999 577 429
441 497 951
651 840 429
995 936 284
127 547 111
923 608 676
742 438 945
173 1 876
863 550 508
351 761 766
929 942 755
361 501 659
411 492 537
713 497 737
152 451 485
70 64 777
961 877 151
803 830 357
427 873 788
194 169 753
369 753 1
464 225 442
502 996 353
815 785 190
1 325 985
982 641 680
846 501 199
305 737 33
203 330 646
396 577 545
203 131 545
202 161 121
801 209 1
649 401 432
369 145 401
497 319 251
393 441 730
731 583 257
601 126 681
868 977 167
391 718 846
181 201 129
441 78 201
289 491 729
201 613 48
913 36 442
473 711 121
829 919 137
761 842 106
677 646 750
733 4 41
961 831 281
831 241 411
946 117 609
417 273 633
323 163 240
467 41 801
89 601 785
769 201 583
136 750 799
537 482 199
611 561 405
661 571 585
336 963 953
556 150 301
91 872 329
571 956 379
463 321 717
161 481 234
189 713 497
925 821 856
870 847 489
861 321 845
5 555 942
566 863 911
253 499 951
851 661 451
829 417 685
953 496 997
321 813 635
451 391 257
37 848 177
279 79 638
426 840 997
405 346 145
937 345 601
801 833 393
135 321 531
776 281 811
577 691 786
635 825 401
233 526 660
403 637 817
641 731 809
873 145 823
677 246 691
981 109 18
947 430 774
281 653 214
472 977 119
801 553 419
313 938 947
713 132 761
696 939 766
95 381 361
161 657 841
921 871 540
133 581 354
152 131 201
637 451 17
431 57 503
433 926 349
135 761 225
461 969 963
41 221 241
611 651 85
59 411 344
833 755 151
625 116 553
189 85 761
401 565 376
301 303 185
357 288 191
670 765 777
599 121 601
969 601 158
81 705 29
861 403 687
601 105 141
571 81 951
273 708 483
321 706 647
668 117 381
681 466 828
291 887 371
185 1 805
206 847 817
751 117 973
211 611 475
26 831 90
651 298 911
441 101 82
86 752 617
487 665 747
439 125 877
885 573 627
286 117 21
761 825 467
583 812 497
871 796 609
235 126 769
225 709 746
814 195 370
711 3 326
770 361 492
625 1 681
115 336 619
810 968 291
337 331 185
701 537 728
765 964 117
945 647 247
547 352 77
711 565 897
9 641 787
58 376 177
463 139 279
639 736 527
921 523 986
409 953 434
938 839 1
553 816 1
649 679 201
409 151 732
70 280 401
969 285 814
20 566 377
513 746 969
819 401 921
203 977 131
201 401 925
319 151 901
213 185 675
897 321 33
940 411 207
525 353 718
589 611 501
833 983 997
241 509 825
161 281 617
409 201 557
33 601 765
28 907 629
265 29 345
840 741 801
572 399 214
86 55 30
546 881 413
725 151 196
117 269 638
201 33 42
79 17 851
211 768 917
201 632 987
894 993 783
631 46 790
605 369 786
108 271 291
121 407 31
153 993 177
325 873 955
585 180 221
753 833 447
525 89 721
845 952 553
750 281 143
785 347 347
337 873 456
851 541 371
971 625 17
361 183 962
371 871 605
607 941 276
1 296 533
553 563 446
508 65 535
601 174 290
187 391 281
777 135 87
778 161 661
393 441 925
609 969 897
354 813 555
931 423 936
262 273 596
153 306 59
993 841 881
501 16 753
59 835 801
735 858 817
9 809 121
805 990 265
693 905 114
865 791 666
510 229 389
680 339 769
814 467 161
654 853 598
356 964 765
396 96 373
313 841 385
325 954 647
895 112 345
150 437 529
201 245 353
783 231 545
921 898 313
31 809 433
554 672 679
521 601 473
425 26 763
692 185 892
281 721 473
809 261 189
61 751 376
161 17 161
350 621 1
169 701 161
268 721 512
559 81 945
497 425 937
483 631 256
466 195 484
1 973 70
525 80 191
592 673 273
541 823 876
418 476 581
600 13 763
111 222 189
63 881 464
599 17 701
875 101 421
465 769 114
111 281 317
57 403 211
797 345 221
995 647 207
431 493 573
729 70 67
991 753 705
453 891 103
237 201 737
350 341 431
321 471 712
421 975 789
397 721 686
849 337 731
101 136 201
241 549 497
788 835 129
218 199 207
721 93 698
457 231 83
163 978 697
441 710 471
337 713 765
981 241 296
909 873 681
785 503 24
353 221 579
112 515 332
25 785 699
68 68 41
133 881 157
316 289 29
220 536 461
657 277 44
733 293 851
97 355 133
372 845 817
709 729 569
649 251 521
30 636 185
147 777 881
621 728 892
521 996 744
957 776 849
857 99 465
634 769 421
716 937 801
706 960 956
831 792 495
863 498 171
540 161 401
371 199 377
796 181 218
170 29 537
713 969 244
937 696 705
961 105 743
1 161 421
335 371 1000
634 848 727
891 105 651
588 556 475
351 841 392
625 543 326
643 124 516
905 426 569
235 409 126
721 1 945
299 957 209
617 465 715
611 153 169
297 906 346
338 39 105
189 585 933
264 561 637
101 266 627
632 136 545
113 933 150
1 817 260
823 641 488
641 131 7
969 483 69
857 809 399
501 51 841
566 9 321
367 949 137
587 549 691
305 257 837
492 276 221
815 801 376
851 943 157
225 405 799
99 431 913
7 160 304
379 177 739
142 205 702
330 391 788
541 881 471
141 685 841
376 325 101
481 132 604
145 823 21
949 316 264
656 777 326
655 972 211
187 37 836
385 263 251
652 509 161
493 795 857
28 777 977
676 337 581
361 353 209
434 706 416
491 425 68
353 89 873
81 21 96
731 647 767
469 189 971
187 67 963
652 853 877
872 781 715
752 180 35
667 821 369
609 825 975
739 183 849
161 26 1000
457 598 801
255 302 590
833 503 193
929 303 541
239 986 537
956 329 641
351 1 833
906 811 101
526 236 457
893 133 501
101 581 321
789 673 355
987 443 209
131 773 801
985 497 266
966 701 801
569 26 721
520 846 855
371 267 839
857 313 839
533 665 7
645 331 59
121 6 271
280 626 127
45 562 636
677 783 97
343 705 431
401 21 158
193 577 951
633 69 351
857 198 369
653 811 784
634 781 811
1 671 592
969 621 681
609 441 43
497 889 440
126 696 377
676 41 753
49 58 941
572 709 74
699 461 381
529 221 971
305 701 672
322 993 881
298 126 177
949 616 682
201 225 577
317 811 779
365 421 585
165 25 809
498 251 705
883 441 377
531 776 981
11 241 45
423 929 140
561 825 458
943 420 954
35 956 126
801 477 359
985 886 651
126 631 217
434 561 97
269 33 846
912 812 145
699 833 882
848 518 451
318 965 570
261 384 39
561 393 377
27 515 999
98 783 341
61 651 993
695 131 768
494 106 681
433 755 419
349 911 906
914 439 765
759 269 514
5 520 561
365 481 236
686 891 470
86 196 116
45 401 401
69 275 357
449 73 931
276 261 774
169 977 22
529 289 476
49 345 378
157 71 400
361 436 427
541 937 490
182 371 313
1 282 170
958 355 145
353 25 208
253 221 897
113 365 715
463 785 241
901 174 603
841 489 715
581 117 997
191 766 701
529 621 641
31 836 8
438 353 220
753 237 28
13 267 801
911 151 765
645 185 684
489 565 41
555 153 493
499 74 363
137 645 256
648 405 343
276 386 833
591 810 767
527 666 81
651 739 416
179 407 513
557 51 449
251 126 723
213 676 626
661 623 151
603 297 817
591 754 409
387 101 986
203 297 598
407 722 705
945 837 57
21 233 412
151 285 671
193 197 137
329 46 21
725 853 773
346 961 1
268 385 589
793 53 532
961 721 9
955 459 660
1 513 226
105 13 14
986 319 935
141 651 33
867 327 460
450 47 6
801 57 217
755 225 292
905 736 185
191 602 521
567 46 401
665 19 685
122 451 316
577 769 13
333 714 497
216 389 816
801 635 345
866 257 327
337 61 485
733 377 221
967 949 963
872 555 6
892 553 229
759 661 13
375 937 391
756 65 867
33 901 383
682 643 371
547 961 319
591 341 641
181 1 940
209 101 397
388 249 620
801 233 621
762 821 295
745 473 176
741 301 569
626 353 405
905 493 785
865 949 25
185 657 178
369 412 276
905 931 531
664 657 61
329 576 806
370 877 573
336 353 473
755 964 601
154 451 617
645 601 933
849 593 127
596 357 550
497 621 817
456 161 278
429 97 413
565 161 800
821 41 851
441 749 853
35 495 396
691 527 939
249 101 465
79 37 234
153 141 368
795 201 881
13 389 441
166 501 702
505 91 699
517 701 604
905 126 361
671 796 41
593 737 1
901 283 38
753 176 722
561 5 121
585 329 551
323 376 689
37 111 209
714 41 394
921 529 481
956 927 897
1000 91 556
61 345 916
195 401 586
896 85 985
191 743 929
506 399 305
730 361 501
761 466 966
249 678 833
5 281 161
909 833 345
976 229 417
986 586 665
577 414 128
461 231 596
969 309 651
957 258 224
637 503 721
440 921 381
570 971 506
162 719 521
709 951 321
649 676 269
702 596 595
191 961 453
713 209 121
931 223 825
553 263 211
399 309 301
789 581 553
270 876 131
659 257 420
369 535 277
119 977 74
581 621 651
576 751 640
990 541 224
417 637 61
679 865 31
629 514 473
741 421 345
516 72 806
856 99 5
718 371 866
733 87 278
84 608 617
944 20 826
367 402 841
880 317 663
889 249 714
758 946 211
97 284 821
811 961 485
15 641 865
285 376 729
126 516 521
409 876 636
913 446 260
351 517 661
487 195 674
785 877 537
700 153 57
647 797 561
751 726 429
766 921 146
806 400 181
426 693 621
906 571 613
771 397 711
163 798 629
487 981 451
265 1 479
461 113 753
932 665 517
925 772 677
985 366 121
83 581 301
141 137 949
319 14 816
821 165 437
725 876 651
156 263 418
715 481 873
13 311 33
891 417 917
217 511 581
658 816 953
515 771 783
651 436 990
995 105 837
883 883 121
611 725 316
373 500 546
909 603 273
438 273 279
1 193 803
829 269 561
292 995 905
579 346 629
1000 341 961
611 916 393
943 661 940
841 471 801
651 779 946
353 417 506
626 181 965
243 31 225
625 65 251
698 585 361
555 201 687
587 981 921
727 16 498
840 361 809
244 851 794
501 221 579
672 97 436
845 541 616
133 876 696
999 917 230
601 957 517
211 7 281
241 881 964
758 445 91
292 595 389
845 595 301
772 981 915
105 888 951
773 299 295
849 231 561
105 663 161
601 238 33
181 1 801
15 889 593
579 361 825
871 219 876
633 326 925
825 391 357
785 423 596
233 667 417
481 729 331
568 993 625
293 152 165
767 318 340
12 356 929
576 261 861
121 391 224
347 657 901
512 758 681
81 901 452
679 345 671
628 279 119
345 701 842
846 313 478
311 159 545
788 505 261
466 141 165
255 539 593
951 167 381
176 71 89
801 771 761
963 355 735
178 40 876
801 323 328
45 576 821
666 736 528
433 321 933
62 430 577
161 101 769
721 73 623
521 721 477
935 726 186
429 371 526
942 641 661
876 927 581
543 151 837
190 541 976
203 740 881
546 324 366
986 905 741
625 686 813
279 891 438
109 905 207
101 623 121
783 967 551
353 369 451
621 594 219
114 851 936
433 701 231
97 301 361
898 401 522
290 626 205
254 826 481
669 1 85
257 95 85
259 651 741
960 236 958
205 336 865
841 211 755
447 201 417
567 125 985
481 585 705
537 967 466
878 835 11
117 482 543
181 776 309
210 921 455
774 731 140
940 353 353
357 946 330
723 11 489
