3452
577 873 964
27 696 941
858 698 832
532 931 582
699 265 553
895 89 391
815 781 651
53 191 246
216 461 217
940 26 351
124 499 473
85 761 284
861 679 225
607 90 759
654 426 701
136 908 793
127 51 161
689 881 826
794 890 755
361 453 186
109 873 31
217 841 289
726 883 179
165 749 101
380 433 181
601 641 741
111 977 65
136 571 193
348 628 501
201 818 825
201 691 825
497 409 41
725 655 487
317 297 431
557 351 140
441 193 558
877 145 201
585 969 75
512 553 725
339 403 209
110 716 317
973 761 495
969 289 413
41 851 304
176 185 512
801 261 117
361 817 820
335 709 681
131 471 459
666 206 866
575 977 153
365 320 161
749 488 886
521 616 557
307 885 623
216 794 209
861 449 691
623 396 760
404 711 837
891 505 695
231 437 390
751 994 251
401 301 993
143 343 519
693 909 441
286 904 469
597 101 451
201 297 197
551 131 143
819 774 240
151 952 86
605 501 97
641 40 106
201 340 841
201 347 470
858 1 522
73 683 121
481 145 739
296 826 473
737 289 495
533 779 811
839 265 304
486 321 37
766 671 576
901 725 382
781 861 273
209 526 488
457 501 249
721 105 626
217 461 59
711 961 254
221 93 201
591 593 145
747 171 121
209 657 771
509 123 671
545 177 667
225 9 693
495 171 43
173 700 831
446 992 625
491 515 498
785 533 304
185 490 65
265 185 263
231 649 894
721 921 561
698 809 932
772 244 65
336 718 678
641 223 541
407 269 641
568 936 841
571 635 734
901 74 751
91 156 126
625 898 325
968 801 583
431 819 142
425 148 961
753 493 571
198 833 829
901 83 29
636 291 771
901 1000 186
165 812 83
776 129 33
937 41 588
297 577 667
253 112 745
526 881 353
189 539 351
23 629 137
441 571 281
825 941 69
269 616 897
337 406 993
329 145 281
857 121 341
515 387 417
296 121 256
727 592 239
572 99 151
40 275 601
159 201 337
461 889 371
181 51 725
853 135 631
217 203 653
144 181 967
752 823 704
941 841 283
243 586 193
439 87 529
761 331 425
941 81 71
59 763 434
121 766 371
91 401 689
276 665 917
801 724 552
961 53 999
887 908 191
301 451 281
441 845 338
465 426 817
591 659 559
141 601 469
21 405 285
721 391 321
247 881 86
20 353 880
255 167 497
647 541 321
696 387 401
805 92 601
597 681 806
185 161 686
679 631 809
131 153 107
408 397 953
901 127 301
247 913 265
1 1 286
107 64 605
91 116 57
641 766 521
66 801 1
789 157 727
701 725 881
810 977 561
965 14 211
921 775 566
698 844 938
717 205 921
865 35 373
637 561 930
264 655 883
876 681 517
177 201 201
681 891 851
145 165 341
647 577 23
54 861 721
230 465 87
553 451 5
450 713 273
697 238 160
621 233 103
403 860 917
897 921 131
177 409 889
476 909 951
881 114 781
437 618 641
212 125 585
657 183 107
513 483 395
361 41 397
929 301 981
267 637 437
716 665 901
969 795 201
620 761 842
751 973 429
143 124 137
899 889 326
673 129 159
690 731 979
741 867 940
433 851 2
587 204 273
708 191 5
86 169 281
471 737 661
729 753 440
385 468 353
651 769 929
584 381 582
679 749 896
294 365 665
593 401 755
611 500 401
317 769 609
251 897 880
1 579 123
801 301 57
761 97 323
312 998 285
1 249 473
786 665 169
98 587 420
182 41 577
922 871 745
473 723 421
311 201 573
441 131 222
51 743 670
505 571 271
161 617 111
977 831 161
529 558 449
886 646 651
65 862 557
991 521 581
631 481 367
881 361 853
206 597 568
367 41 31
289 441 732
9 412 733
409 389 390
120 953 209
911 885 96
844 501 484
1 339 671
9 46 287
162 361 776
469 735 641
721 553 11
241 849 849
751 51 955
841 567 851
631 312 308
329 351 249
237 929 112
513 622 360
871 409 757
213 533 797
683 905 374
911 457 581
449 121 553
993 789 167
476 351 589
771 960 49
593 187 511
41 581 689
947 363 299
938 721 801
119 97 784
41 447 11
136 938 193
559 301 640
361 338 407
937 849 969
941 181 361
79 10 225
809 610 184
702 897 197
237 953 24
745 33 311
141 274 161
401 743 281
40 884 211
251 553 625
528 937 489
79 637 197
879 351 961
791 121 937
977 761 876
951 542 588
374 521 991
361 601 981
677 151 959
897 621 64
781 939 925
233 15 488
753 839 375
377 657 469
725 841 992
814 903 501
785 140 250
663 675 735
953 1 275
731 591 121
445 751 41
429 449 423
357 605 642
651 641 714
317 721 118
726 961 87
755 477 807
389 974 326
664 89 101
513 251 363
441 15 121
333 443 193
369 654 419
306 657 439
281 99 834
451 358 611
851 946 301
243 151 29
107 669 624
13 161 701
813 886 92
246 921 961
661 337 711
801 946 901
586 201 657
606 97 697
25 889 153
732 337 305
271 158 708
41 113 193
401 561 597
61 461 25
781 905 791
801 863 580
211 767 968
894 841 565
386 557 275
989 617 968
81 811 1
111 277 451
732 984 176
151 160 197
781 393 881
51 407 651
517 951 329
551 169 229
22 451 89
293 857 314
331 141 6
517 172 319
933 690 553
7 191 37
206 791 275
481 343 602
291 60 581
789 129 756
82 73 379
897 455 20
985 51 456
1 306 187
547 461 841
953 172 821
586 797 897
81 200 167
787 385 347
5 77 881
358 409 939
501 507 473
771 523 771
77 219 90
943 287 447
623 875 129
761 881 582
920 201 621
769 421 91
193 997 641
81 449 385
387 907 57
278 313 521
674 402 979
633 99 192
839 881 993
19 201 753
590 409 491
11 29 359
669 545 881
101 171 943
851 245 531
943 477 951
276 881 104
337 119 552
173 785 337
881 766 887
830 853 577
386 76 610
570 229 441
323 49 711
471 901 886
980 825 835
276 961 285
384 262 121
865 753 728
213 353 16
831 983 733
151 227 423
306 451 275
225 796 297
785 295 180
889 391 341
446 65 941
633 265 763
873 266 500
806 571 421
969 969 473
986 253 801
721 95 951
393 512 976
843 415 501
941 833 985
776 846 504
429 110 283
521 253 480
419 366 605
81 381 905
45 355 813
271 245 185
579 876 999
480 877 489
301 353 801
70 929 467
761 337 76
952 621 945
621 751 232
537 565 521
101 25 93
679 361 50
87 5 51
711 631 377
186 1 301
211 31 241
347 889 769
393 128 767
776 772 609
715 291 956
137 438 809
558 729 118
581 951 483
809 305 669
459 336 937
906 251 319
841 443 846
425 387 287
665 507 81
53 378 286
388 208 551
571 687 751
684 773 512
149 91 967
159 365 337
703 89 566
521 943 265
968 945 119
976 9 657
735 944 965
841 721 781
765 124 511
689 564 465
256 155 741
401 309 277
133 233 829
551 561 541
341 667 681
448 471 201
793 817 476
682 997 425
799 607 665
721 150 696
361 801 593
869 481 593
609 465 693
113 635 889
23 133 27
395 563 967
623 561 497
395 517 887
499 603 719
195 802 489
533 447 101
673 59 276
957 577 958
75 857 209
829 841 957
497 757 561
837 861 383
779 937 881
73 504 248
377 906 461
23 5 641
384 361 151
918 515 209
802 441 476
166 320 89
676 61 185
909 141 381
315 245 841
801 761 525
553 821 676
334 801 201
195 1 655
201 121 249
977 25 33
641 725 441
826 834 1
445 865 585
443 1 641
111 561 561
519 96 99
961 641 915
837 647 201
713 966 897
89 273 625
801 391 147
287 495 776
709 738 268
995 688 603
991 391 291
586 161 521
218 98 871
887 41 267
33 476 891
621 6 393
265 539 737
731 973 47
791 648 853
697 212 987
919 839 235
102 401 725
633 713 81
431 161 945
51 191 715
645 960 465
655 67 253
870 281 520
284 973 181
156 21 1
971 119 30
649 65 261
857 715 585
352 251 541
713 871 368
98 928 889
569 76 504
344 469 354
387 658 352
292 691 509
494 141 729
441 201 865
951 609 939
117 12 717
721 621 745
201 145 569
185 36 724
345 121 980
470 91 721
486 353 61
147 352 869
803 273 55
601 5 921
214 565 295
171 583 531
157 292 418
453 676 805
330 95 605
105 671 513
205 616 871
168 102 795
139 541 993
358 25 314
771 771 756
263 253 331
140 610 79
159 574 791
306 651 461
534 809 537
691 125 996
729 573 803
961 985 831
977 313 789
61 297 237
922 331 203
901 79 741
741 481 290
951 919 187
115 891 565
797 641 854
961 935 773
726 391 593
881 601 441
569 441 805
729 726 294
206 979 406
979 945 625
790 758 703
811 633 485
391 919 613
457 219 280
1 1 33
337 501 353
593 878 663
35 900 740
133 746 2
333 911 686
899 891 361
889 837 651
146 23 385
729 496 118
969 646 409
321 563 333
25 950 681
801 701 143
797 843 521
949 897 665
1 986 871
622 464 722
147 649 163
171 661 291
830 745 529
703 447 481
886 417 449
205 967 625
291 515 218
217 761 404
121 411 26
751 610 378
257 471 571
951 401 463
928 315 479
516 557 381
21 426 913
678 391 888
965 833 637
985 701 81
381 39 21
727 721 121
933 614 909
125 885 797
468 281 25
241 181 641
451 229 319
751 388 409
801 662 525
405 641 401
121 566 891
161 774 507
193 76 471
9 327 117
441 457 97
260 397 301
6 501 331
4 389 124
388 509 217
533 526 521
713 788 801
957 436 275
576 951 959
61 642 13
49 609 499
355 621 705
209 691 940
473 456 401
554 793 149
408 761 135
339 961 451
409 929 488
789 241 867
617 291 783
188 381 434
129 541 401
166 361 77
459 861 537
564 371 377
721 381 713
294 417 45
81 45 553
345 693 774
125 361 311
244 15 246
322 319 924
48 587 383
520 39 111
951 441 1
857 81 129
122 189 620
738 385 520
41 311 720
645 215 681
109 543 885
747 922 952
41 935 451
819 9 809
48 211 105
366 364 213
339 313 753
273 25 881
211 226 529
970 581 251
441 36 969
730 312 189
750 603 193
377 314 341
105 145 959
593 933 265
371 883 208
913 545 339
473 657 538
591 585 526
386 649 261
391 681 501
41 836 753
578 33 486
860 65 705
425 891 462
621 256 418
143 721 354
333 887 829
153 261 257
776 257 246
873 673 569
861 491 744
953 749 729
467 301 391
596 129 863
704 151 226
497 998 86
973 311 113
201 575 547
435 561 399
877 401 886
223 408 217
881 998 751
213 251 236
841 73 822
455 349 250
963 57 289
505 569 752
577 886 326
489 309 291
9 125 909
321 176 720
377 491 6
201 623 361
301 784 469
264 381 161
807 935 12
857 31 802
376 767 370
83 533 999
284 774 556
866 791 541
572 955 861
692 207 848
26 567 121
200 119 121
109 809 412
793 420 913
905 893 959
215 291 1
573 536 515
819 597 136
489 610 337
174 639 327
654 635 656
136 713 213
731 881 521
883 213 406
380 539 41
555 900 473
993 829 126
737 695 817
813 401 216
612 905 747
426 713 601
833 995 115
697 531 107
398 677 359
854 889 211
471 439 378
966 69 731
941 83 626
901 601 244
193 820 965
480 201 201
963 578 59
753 7 144
551 60 721
270 950 79
667 811 998
201 779 577
134 46 113
116 62 276
705 473 151
45 642 759
685 775 676
303 177 969
845 459 141
861 894 997
601 561 335
277 29 893
967 555 202
919 443 556
697 273 230
264 672 401
294 551 477
301 537 906
631 479 475
1 251 505
236 333 893
366 641 917
341 117 101
857 913 445
609 141 674
16 371 233
251 259 337
51 899 329
151 761 781
661 405 337
806 357 109
108 507 217
249 796 561
272 172 561
271 691 817
699 871 146
332 708 1
326 465 328
116 57 874
502 202 494
311 72 271
49 651 711
101 695 951
975 481 671
673 273 828
450 866 15
121 161 1
755 183 713
121 245 131
496 356 865
425 809 217
337 759 218
121 926 917
179 823 109
220 434 467
908 889 233
971 253 783
692 241 211
536 41 626
899 286 669
268 414 271
785 201 525
867 358 715
209 256 18
901 465 148
501 901 705
921 449 433
673 997 577
361 129 267
405 552 691
376 61 499
912 905 281
341 787 257
705 776 746
368 653 4
398 967 177
327 689 537
281 577 1
721 179 515
425 193 647
861 205 763
376 41 994
630 828 701
761 629 866
517 108 93
459 113 983
616 665 807
793 515 837
156 205 233
351 753 749
517 585 586
49 349 1
479 726 245
707 956 191
353 853 589
188 597 925
766 45 655
281 921 249
639 913 610
581 746 441
587 742 933
797 966 555
185 610 1
690 943 359
119 925 269
311 393 425
94 221 868
241 882 793
113 121 39
661 621 82
961 793 217
917 873 57
193 412 140
484 651 889
1 242 630
987 381 149
701 513 630
713 698 655
251 196 879
123 531 482
989 671 563
953 921 295
257 420 153
755 341 475
314 798 371
257 727 429
377 254 349
765 707 256
849 577 891
559 3 628
346 477 851
824 96 477
47 845 593
767 805 666
315 473 429
381 55 745
355 166 954
751 937 109
595 542 223
509 321 762
453 657 405
141 737 641
505 633 891
146 291 1
466 430 951
237 513 62
745 161 641
33 267 611
296 833 545
97 703 225
257 801 626
944 401 649
163 923 637
717 126 814
161 301 492
849 232 81
205 180 754
460 445 969
149 959 509
369 849 848
401 481 50
313 407 350
505 799 209
827 463 791
658 949 873
850 149 853
626 465 548
50 625 201
57 565 309
441 549 805
101 140 409
504 1 10
926 187 64
65 222 846
887 601 851
252 580 6
706 125 361
726 351 566
660 447 554
425 99 71
1000 338 858
799 281 745
543 837 971
1 215 281
231 137 308
231 963 569
541 585 222
626 208 837
354 74 401
404 25 145
711 628 854
429 651 455
809 116 497
261 601 675
333 11 848
271 251 481
306 541 142
219 1 704
316 291 181
465 341 385
797 52 480
953 273 945
577 26 61
746 183 432
377 151 396
831 464 598
790 741 551
409 186 421
449 439 53
471 849 582
145 19 229
351 691 301
367 717 250
33 789 471
431 502 113
233 451 433
753 745 301
465 149 271
129 441 625
298 305 588
497 545 345
136 813 14
324 829 951
951 587 873
593 171 663
58 167 976
989 819 419
660 609 801
927 303 155
101 490 526
201 844 469
774 947 458
94 92 645
257 453 76
932 493 971
869 861 693
816 593 481
892 882 622
801 819 806
873 133 212
568 354 368
685 871 528
743 190 762
651 352 256
790 1 711
453 240 401
25 161 545
907 287 325
539 920 801
6 431 589
414 468 485
605 914 371
160 290 181
661 734 277
961 213 801
717 712 453
235 511 292
434 81 301
222 748 905
180 999 307
349 377 376
911 859 296
843 661 823
742 545 510
161 703 296
671 255 577
685 932 822
861 137 433
573 955 314
339 601 579
571 496 217
901 562 321
78 273 36
10 677 698
466 833 931
896 87 893
951 615 581
573 56 881
407 641 211
655 361 772
559 685 791
518 511 635
958 621 397
565 684 369
439 873 781
617 581 425
211 385 491
481 609 223
794 977 299
411 705 333
865 225 311
905 737 149
441 830 490
526 1 551
745 741 263
86 841 151
91 129 143
528 11 226
9 269 299
247 225 414
731 696 348
176 509 691
831 721 396
897 449 181
975 289 877
369 401 93
861 573 649
957 41 523
831 71 801
653 341 681
839 713 176
377 115 542
927 866 974
110 474 29
222 737 10
701 833 701
321 470 491
243 580 43
977 729 559
538 891 745
913 799 206
601 409 740
257 228 604
945 88 362
461 105 97
607 471 226
653 363 651
676 896 345
289 565 690
241 349 153
615 829 241
129 914 609
827 501 409
44 633 331
561 233 304
661 590 135
781 97 330
295 989 881
71 173 761
81 661 877
253 174 41
221 799 833
545 858 983
98 751 84
797 577 1
263 48 721
281 695 81
436 59 950
457 366 690
853 769 707
333 485 981
433 291 573
197 94 349
127 626 951
697 761 513
713 401 945
605 12 498
1 526 581
857 801 643
178 711 261
900 263 695
58 841 999
641 507 505
343 119 361
851 301 31
201 25 226
177 341 116
618 889 185
895 881 69
406 841 457
1 681 769
751 353 64
209 256 476
72 89 349
471 965 265
997 841 401
945 969 913
997 889 56
241 540 185
97 367 152
849 803 185
111 381 186
969 14 325
181 923 241
211 4 226
726 170 841
325 736 441
803 421 120
324 341 971
933 849 597
941 369 81
497 944 19
59 485 849
307 264 281
307 981 531
576 185 555
271 444 249
518 61 403
384 951 857
165 430 825
674 827 667
679 897 958
296 409 301
231 446 965
791 489 461
396 377 676
261 249 251
59 841 491
589 4 635
40 796 691
23 371 701
447 433 11
689 64 649
606 245 951
125 495 81
122 482 961
817 705 501
183 823 721
951 992 799
786 866 529
741 488 429
362 341 145
691 633 806
393 693 546
265 878 893
361 161 681
889 201 441
151 375 626
401 793 977
156 891 935
854 200 197
365 435 254
911 71 715
413 419 942
761 113 776
882 326 973
645 769 385
887 886 471
217 741 501
277 517 837
514 901 481
137 557 861
530 377 790
423 603 277
472 762 548
838 353 974
337 392 531
127 608 673
796 177 192
777 48 165
853 577 411
551 818 651
813 568 331
337 681 87
241 5 365
361 454 701
550 545 301
183 626 315
257 241 434
816 861 559
456 919 616
453 971 861
911 458 729
1 541 581
553 171 333
233 53 523
507 715 465
251 339 593
711 565 739
205 21 163
67 501 877
756 889 61
657 729 227
707 681 799
881 331 219
175 18 59
1 45 485
277 497 61
477 155 570
819 70 448
883 147 954
725 214 809
355 719 615
216 635 539
985 826 721
881 706 79
313 371 841
238 245 809
459 626 627
724 881 955
621 799 627
561 414 997
769 533 921
971 321 46
703 149 45
387 301 712
531 821 781
376 786 548
695 235 783
952 964 328
975 796 161
982 421 54
671 637 689
735 889 857
880 140 681
547 135 343
185 716 221
301 221 681
241 41 566
653 272 1
83 317 353
561 973 706
226 707 409
611 61 930
821 941 358
391 419 626
914 1000 461
617 981 606
166 521 211
110 531 276
543 474 300
166 265 98
985 257 57
912 80 243
251 641 146
401 123 201
826 618 621
883 401 441
542 901 541
923 449 282
297 195 721
201 178 501
51 476 819
142 113 281
865 861 681
319 193 702
236 36 369
701 449 185
148 935 939
145 901 230
590 497 903
306 668 999
93 113 184
865 707 607
837 993 301
137 318 347
275 123 193
669 139 425
495 89 817
638 905 267
531 556 916
619 826 145
935 243 892
5 101 551
761 301 569
569 673 293
719 353 877
765 736 815
596 895 6
673 219 73
501 377 154
863 873 401
326 258 931
209 269 269
873 360 633
641 757 361
399 503 889
216 158 497
601 978 325
853 59 209
689 81 314
37 767 337
326 270 809
876 231 9
541 451 11
376 613 970
495 745 321
321 681 786
129 754 858
921 715 771
267 687 869
769 97 796
217 841 578
904 873 291
651 45 738
241 97 701
25 207 443
911 913 571
72 895 297
867 813 21
351 951 333
569 940 991
967 737 551
551 889 241
359 777 950
516 213 284
130 767 566
393 341 359
781 587 222
165 25 229
239 729 1
561 517 731
3 661 163
526 750 772
167 854 749
981 377 665
339 999 121
613 57 191
270 169 529
537 161 359
401 143 101
401 204 123
214 529 489
941 478 221
967 563 853
986 929 757
369 75 307
825 697 81
391 923 856
268 764 865
273 539 191
206 697 155
449 369 829
131 81 761
901 289 30
405 87 689
333 421 473
605 593 819
771 527 511
929 186 562
102 298 779
401 321 497
713 209 910
901 28 566
136 636 505
491 705 761
405 115 249
670 946 812
521 461 383
66 611 60
71 355 284
309 173 111
33 111 895
255 801 753
265 989 361
211 591 400
138 413 433
21 801 36
104 169 201
378 412 102
405 86 176
993 75 976
361 241 3
525 265 477
609 9 649
57 131 809
906 61 625
361 813 950
969 475 355
95 22 246
69 989 228
921 421 701
107 756 208
201 769 418
808 353 213
537 457 567
91 361 231
717 602 429
655 892 778
897 607 351
161 977 151
281 384 899
651 81 1
1 223 537
254 281 569
762 985 222
489 515 876
210 55 113
176 711 233
1 425 285
321 685 236
498 323 261
661 184 474
66 269 811
221 258 673
15 601 379
309 1 361
609 869 814
153 1 494
705 48 606
352 591 271
255 601 609
91 629 557
497 5 351
567 321 625
775 501 479
73 589 191
111 326 889
237 433 758
271 258 556
105 741 301
921 272 815
829 295 351
1 758 709
145 985 357
24 517 465
301 299 875
997 869 606
769 930 851
959 151 286
833 855 51
521 365 91
9 671 281
871 826 349
254 650 81
341 941 354
279 650 207
699 861 699
841 589 501
301 776 341
25 851 297
255 619 635
311 199 611
401 207 617
262 665 85
691 511 667
833 941 797
871 489 971
641 953 893
637 1 576
24 69 777
212 674 26
64 465 307
441 406 886
970 999 179
305 795 369
761 817 641
996 861 196
356 183 6
252 766 814
811 28 787
301 778 471
389 958 123
701 657 701
477 101 221
192 621 369
169 67 645
479 391 956
531 34 969
73 465 857
436 351 841
1 642 212
77 713 377
634 857 104
961 331 795
849 613 381
389 731 625
209 533 511
341 181 233
749 116 483
509 619 265
347 353 212
501 964 879
356 876 481
493 305 65
843 77 231
51 371 553
357 783 941
9 521 502
51 800 265
945 443 61
501 393 901
77 267 65
499 775 505
113 520 528
411 935 101
292 801 123
541 649 875
266 208 6
43 971 473
385 241 801
629 426 871
973 581 521
223 701 689
726 176 458
63 441 401
777 184 261
477 269 33
271 565 781
961 657 671
693 776 651
244 937 505
97 495 531
951 770 291
753 281 841
151 13 795
193 165 481
425 398 356
496 225 313
273 893 945
266 937 414
26 361 917
801 356 121
705 849 885
685 675 853
6 161 764
689 687 946
451 837 613
941 33 652
545 421 257
970 247 849
15 513 676
586 193 201
841 773 891
11 596 61
301 716 21
459 381 407
349 871 623
913 61 817
207 684 497
333 409 336
471 300 708
592 120 721
685 446 817
829 207 32
400 711 618
179 913 850
321 641 205
932 673 241
149 93 512
313 113 204
801 671 421
671 236 317
364 131 301
537 345 289
241 245 20
398 589 74
163 619 247
285 341 709
195 396 366
593 863 1
581 251 96
843 11 681
941 433 641
645 891 331
41 876 79
266 113 355
113 53 703
183 876 544
108 921 753
465 794 92
519 381 13
146 299 708
71 106 995
529 276 961
730 393 169
262 801 758
619 161 185
873 451 565
193 25 401
681 913 745
349 833 583
585 681 508
481 717 419
1 881 617
337 88 941
247 626 105
827 121 721
801 902 881
369 822 641
906 177 897
861 48 291
657 396 1
805 733 280
187 101 555
521 930 880
608 361 551
773 177 739
538 797 885
895 709 753
355 749 497
737 1 391
702 928 247
101 926 707
9 254 761
116 599 583
641 162 755
386 881 480
611 278 95
298 105 691
301 836 105
573 881 841
297 107 432
27 441 521
801 96 148
955 69 529
112 318 491
47 977 701
413 121 468
301 21 397
793 569 448
761 341 507
111 746 391
761 276 417
409 361 669
321 301 177
689 513 817
810 217 52
110 233 349
877 93 429
727 479 282
81 669 145
874 541 995
311 841 941
836 893 117
561 237 881
91 43 385
536 419 965
441 180 193
90 849 295
325 313 881
401 379 182
551 999 625
657 185 114
521 281 101
721 749 577
121 849 582
109 931 631
807 526 863
463 433 355
343 505 466
59 609 924
336 345 445
362 719 7
521 601 276
73 31 569
617 501 364
857 411 790
51 841 181
351 641 889
5 451 465
81 253 208
61 98 452
165 463 894
27 741 801
13 241 151
41 376 543
299 561 681
30 851 19
981 486 196
661 281 221
787 985 250
849 476 954
410 829 503
457 49 254
58 173 69
306 881 287
287 610 213
433 530 80
94 17 739
991 281 905
584 401 264
317 717 347
405 361 881
685 821 313
629 189 864
81 977 361
721 559 869
309 739 575
236 837 572
468 773 105
163 145 577
38 81 861
739 427 252
307 81 177
65 431 933
889 429 257
514 665 667
581 393 434
882 441 494
413 721 525
715 501 721
711 983 4
267 385 786
74 413 112
337 536 341
319 647 111
482 711 277
971 851 83
986 244 525
402 885 201
326 251 940
16 47 612
575 131 791
969 333 171
641 17 761
210 903 709
377 586 742
552 597 293
441 133 132
473 621 673
597 81 71
601 361 89
281 288 371
601 993 481
183 876 521
361 721 600
696 561 992
101 241 777
257 709 655
861 701 693
179 953 149
360 671 226
694 95 248
229 856 468
863 224 129
121 473 87
559 921 202
599 236 911
527 637 344
927 833 62
11 551 726
607 833 947
171 935 242
146 483 852
521 253 513
501 366 231
783 451 73
571 931 653
333 241 401
140 731 561
581 345 585
141 778 405
121 65 628
193 401 301
785 819 398
786 659 303
557 523 206
924 68 381
973 61 801
358 506 265
51 241 705
767 793 644
910 809 984
643 577 68
86 677 844
291 115 686
537 505 305
910 927 223
201 216 1
231 419 186
325 185 160
61 619 860
65 397 137
756 841 629
241 533 781
956 834 723
345 661 826
891 173 267
991 494 341
301 251 755
630 609 665
702 567 543
672 551 798
265 401 281
711 153 751
332 867 33
135 921 711
249 203 41
306 201 436
181 217 863
876 977 561
424 721 220
265 297 389
406 317 806
5 8 489
81 641 78
463 161 815
701 913 965
399 846 539
294 193 33
601 151 887
484 921 930
967 476 181
341 353 43
161 476 657
393 301 132
727 651 178
833 445 625
599 168 26
889 221 187
649 497 834
385 237 59
77 49 794
601 919 993
181 237 779
625 440 579
948 101 41
277 689 1
587 946 876
501 935 253
911 415 593
657 359 245
416 651 711
967 15 305
625 109 240
381 56 269
487 937 801
959 217 737
375 393 674
737 577 393
828 441 118
951 213 851
127 975 73
701 841 161
820 139 323
41 963 224
273 259 821
884 669 376
458 48 241
502 801 691
38 821 917
241 751 465
165 251 691
125 548 588
405 222 191
601 637 671
281 353 381
633 417 541
523 422 131
441 81 285
699 459 511
835 420 111
281 855 401
323 526 37
801 171 201
586 241 433
145 167 661
529 786 486
131 41 951
1 273 895
625 385 321
649 97 236
645 761 951
404 286 937
948 939 656
201 492 401
681 334 3
657 384 501
861 177 256
49 876 133
499 789 920
327 865 650
381 29 693
209 979 969
491 379 305
86 823 3
719 236 697
133 248 113
863 505 481
409 257 181
491 747 565
297 686 532
249 571 37
323 265 695
721 667 921
398 246 731
781 876 81
103 739 32
196 473 337
865 87 71
401 883 851
743 136 183
793 211 759
325 163 867
959 695 141
641 633 624
361 737 953
251 461 869
834 677 503
903 315 746
328 317 1
586 587 286
681 761 437
501 773 689
176 763 721
405 421 856
121 241 715
553 901 249
2 351 57
71 751 574
928 967 499
129 896 187
292 285 1
86 236 186
33 856 817
240 241 1
391 737 88
761 664 530
877 889 926
417 383 307
609 713 913
891 153 283
57 379 113
283 449 145
979 241 593
105 302 705
201 549 535
671 920 713
313 943 374
652 521 343
105 501 706
552 65 515
528 177 37
205 697 769
249 321 963
375 231 861
691 209 801
839 117 565
101 701 465
519 21 457
203 866 67
481 559 715
583 131 7
541 113 553
548 995 473
763 386 232
489 771 969
817 426 971
1 613 784
665 901 820
941 41 821
881 977 619
625 333 56
697 710 756
447 913 201
229 669 921
533 711 923
469 485 941
233 929 663
504 41 497
696 841 281
805 97 176
255 429 593
727 433 821
684 967 569
25 298 281
611 213 641
753 11 651
553 605 141
671 29 241
951 672 344
793 402 933
493 283 177
385 237 657
801 814 922
481 41 926
486 709 141
488 657 841
388 14 751
482 487 10
544 923 827
351 896 29
486 445 124
1 145 89
761 98 561
843 19 233
531 87 741
917 31 944
621 491 697
1 205 955
469 116 347
505 77 66
81 929 355
425 924 127
67 941 235
41 584 21
811 59 81
927 218 219
566 675 241
269 903 113
265 846 120
497 747 379
891 246 893
17 76 327
487 305 61
603 166 129
247 746 46
393 279 14
159 853 665
57 236 721
251 604 893
427 628 821
761 595 935
521 201 30
601 167 409
27 253 99
537 801 73
215 489 938
801 123 383
401 257 631
461 867 129
161 550 379
88 125 952
601 890 330
213 713 669
846 725 490
381 677 334
726 697 9
859 689 824
193 201 425
8 246 203
873 661 167
191 81 617
301 75 129
129 631 465
296 801 673
734 201 185
149 129 900
184 581 93
706 453 457
777 633 151
367 105 561
126 19 757
461 631 793
636 594 388
287 831 241
707 481 173
612 753 961
639 839 571
579 831 480
94 95 569
376 31 571
609 208 626
793 403 935
83 606 310
89 961 51
731 931 197
669 953 751
225 955 63
534 481 639
641 151 801
721 336 521
201 273 809
116 581 145
978 577 185
653 976 776
657 187 813
401 801 877
751 781 724
181 61 658
535 555 77
266 537 712
163 321 850
625 809 763
469 287 751
121 667 327
384 97 165
777 596 221
423 582 71
39 51 411
721 593 56
996 633 173
553 585 695
841 899 497
961 946 873
917 753 781
761 481 936
896 598 511
717 311 621
512 167 417
726 797 269
941 805 761
751 475 705
72 150 937
376 706 321
851 616 409
431 127 345
659 533 61
255 946 901
361 97 911
569 847 329
241 26 21
857 732 187
501 661 674
289 841 149
239 871 337
769 316 511
321 585 494
155 246 121
65 775 857
891 14 81
746 313 841
417 97 731
630 129 783
188 547 977
994 851 441
192 204 845
293 765 381
347 913 481
89 62 947
585 887 542
866 620 441
977 823 569
53 360 559
121 401 747
872 937 253
393 570 369
509 521 60
509 829 653
941 916 661
351 516 641
255 645 913
93 896 381
633 813 927
237 112 961
541 735 881
631 538 895
816 637 761
905 177 137
176 171 681
742 686 567
205 397 44
225 742 865
859 249 789
315 985 151
701 811 648
564 671 401
337 249 441
660 313 41
479 231 953
677 287 501
157 686 279
551 598 993
961 123 961
456 785 100
145 5 101
758 656 651
730 143 791
636 391 333
613 692 839
521 663 371
411 28 205
623 911 286
423 615 814
10 431 935
601 550 625
376 73 706
571 889 811
216 575 61
63 353 841
495 11 913
769 260 129
856 161 272
317 785 541
73 212 726
881 201 541
691 468 331
633 833 713
95 121 573
25 650 557
899 967 429
520 801 346
424 41 105
815 44 484
572 689 696
506 865 955
265 701 891
157 71 1
1 291 360
145 841 21
633 281 405
289 348 393
331 718 140
628 491 692
467 277 777
26 722 190
529 946 966
17 790 605
165 57 391
335 313 1
745 272 697
745 953 417
698 345 99
161 119 841
241 408 183
126 85 141
212 866 69
929 305 452
84 499 728
426 273 861
737 171 251
383 821 49
697 571 755
641 899 66
390 569 977
501 386 113
591 797 121
487 251 604
100 873 165
220 649 345
753 433 833
705 887 477
616 611 688
204 709 451
631 327 446
61 661 731
194 641 689
25 303 70
337 823 869
966 857 263
491 953 601
817 695 830
126 665 500
610 787 104
531 683 35
813 139 754
941 911 35
341 626 489
643 231 344
661 625 865
313 731 50
81 753 721
53 501 873
569 197 191
486 457 997
300 427 546
245 712 795
903 501 161
711 977 84
327 268 255
735 233 875
21 528 670
931 285 711
240 781 538
301 717 554
330 98 206
305 761 385
349 433 97
399 65 969
251 561 543
281 585 249
509 16 636
476 973 816
976 491 393
293 241 241
963 681 485
581 785 91
885 657 843
707 481 465
879 517 701
687 26 745
807 113 689
195 1 371
449 297 711
107 415 506
649 531 105
950 491 931
781 767 236
574 645 574
577 306 41
558 835 656
555 351 986
838 281 925
91 85 56
282 971 471
203 465 211
831 820 275
856 767 910
193 544 541
663 937 511
937 337 564
121 805 743
926 153 880
632 329 114
320 53 659
736 650 141
542 173 698
439 1 459
41 296 211
579 681 721
889 811 425
385 631 260
275 253 401
664 376 613
39 521 801
303 26 597
173 730 471
900 293 333
533 473 721
791 937 974
137 78 663
597 361 958
341 530 122
766 481 947
480 566 713
868 351 945
984 769 58
715 141 489
95 987 186
585 625 985
751 795 643
20 306 833
169 564 763
20 531 861
489 137 371
141 248 711
578 690 413
777 908 657
427 415 57
626 371 918
387 203 646
661 521 585
501 51 642
457 771 908
157 531 151
63 888 641
843 961 848
441 761 645
246 181 225
301 391 877
181 591 161
801 817 253
976 361 561
225 1 297
756 296 664
17 261 321
721 495 977
291 96 204
895 171 266
165 943 207
21 601 347
477 703 843
156 977 604
277 305 101
641 301 541
881 161 361
325 273 679
53 301 642
71 145 511
771 966 23
472 981 1
576 247 983
351 730 497
537 721 406
30 793 321
639 392 76
377 357 177
338 89 821
69 53 201
741 313 75
129 276 675
858 247 665
785 873 217
813 261 641
157 57 583
889 475 401
986 361 271
907 292 881
776 836 379
145 40 987
134 90 847
288 451 526
56 280 348
677 807 11
531 921 310
953 265 922
825 639 708
437 457 371
91 708 963
901 498 449
49 961 312
548 181 400
581 231 937
278 462 576
621 721 265
681 11 507
84 501 700
424 216 367
321 865 529
481 267 398
446 121 619
369 581 726
807 245 661
387 561 721
201 76 868
305 297 851
405 175 170
993 750 913
661 755 799
249 81 821
293 705 651
853 794 651
201 954 552
311 640 973
595 913 815
165 517 461
486 512 21
161 99 35
352 178 913
915 801 471
154 103 537
449 181 476
496 557 115
550 261 35
809 47 505
685 384 365
195 269 217
902 541 761
361 412 101
470 647 453
503 471 606
353 995 239
132 691 332
289 365 761
653 597 175
529 751 672
293 911 417
126 904 433
673 469 561
570 907 945
971 492 151
329 25 257
11 369 825
434 979 506
521 163 889
855 707 977
683 511 761
858 541 521
161 715 990
380 201 790
824 42 193
793 507 401
791 122 88
176 61 549
541 9 381
17 703 182
261 65 133
643 66 740
731 307 257
239 751 79
745 117 481
757 257 695
150 76 309
225 351 368
515 569 392
853 433 737
948 243 100
791 173 855
383 801 254
631 291 281
837 249 469
171 321 649
638 625 589
525 741 624
410 957 97
13 713 55
121 847 169
755 451 637
769 849 617
909 562 816
441 793 231
451 621 486
794 807 629
19 981 601
149 345 950
583 845 511
447 89 473
316 601 255
729 984 31
329 199 761
517 160 441
676 25 530
433 591 755
485 305 37
319 731 780
553 841 76
497 683 666
416 61 695
61 633 997
355 256 153
633 934 103
329 206 913
966 916 325
291 31 817
244 981 501
576 484 601
297 697 481
623 55 789
581 361 876
616 735 418
425 846 301
957 921 196
545 811 231
881 373 998
641 921 311
890 357 161
219 601 721
95 721 115
776 466 385
989 857 393
813 564 923
605 440 771
988 21 204
401 824 721
975 677 481
186 369 647
405 435 481
329 330 531
401 285 935
997 516 5
407 421 66
715 412 957
913 193 425
706 281 993
813 389 113
248 250 601
493 281 802
19 961 994
884 392 71
379 333 821
607 673 541
201 208 481
262 757 405
761 909 241
677 859 11
465 391 468
697 379 921
617 703 556
190 601 995
7 789 95
669 863 807
281 469 281
438 272 41
879 331 903
777 197 377
689 390 561
505 33 293
624 985 169
736 59 757
132 786 261
658 841 585
192 276 9
225 98 218
521 228 861
475 937 75
761 777 821
181 366 765
281 395 601
201 65 464
497 193 481
238 449 326
401 979 996
351 421 947
167 471 501
69 916 971
736 138 961
201 81 847
636 1 290
816 285 825
671 977 177
579 989 826
228 786 295
491 73 878
141 191 829
59 910 341
656 887 881
816 538 598
649 849 147
641 913 794
775 646 273
776 376 887
657 657 482
241 781 319
771 290 17
701 937 111
93 382 241
995 271 35
825 595 157
523 337 929
601 741 711
875 81 455
729 403 17
148 945 387
113 259 73
19 628 447
287 149 158
855 593 194
481 731 657
256 74 849
831 194 453
533 36 316
846 537 283
9 977 929
348 661 940
595 944 893
513 701 611
31 388 805
301 761 31
876 367 41
693 62 646
801 91 689
59 927 329
707 577 81
986 649 816
963 637 583
254 436 753
96 336 947
301 964 534
36 40 506
601 753 193
337 897 316
341 721 726
653 720 201
521 412 721
331 881 610
761 301 353
380 797 761
223 729 71
26 521 73
167 391 650
713 594 865
576 777 717
105 613 397
801 321 908
841 496 665
201 591 625
155 333 451
603 646 212
115 681 326
595 609 394
236 413 749
185 373 461
465 297 56
945 503 37
69 377 681
361 421 57
573 17 151
255 11 369
973 501 928
647 281 241
445 609 371
551 769 381
188 855 741
119 251 801
650 561 897
418 79 801
554 508 101
461 921 363
381 601 601
561 96 248
521 61 259
174 335 157
375 153 646
15 401 261
881 881 479
729 733 33
858 81 233
106 72 198
463 278 69
671 571 625
323 657 845
761 25 779
506 1000 3
847 545 457
385 717 553
831 981 353
501 585 182
153 40 789
421 215 145
339 100 146
25 581 102
405 356 90
121 521 617
71 3 32
361 345 658
951 1 355
293 929 358
971 993 121
749 576 515
16 767 21
501 801 367
67 625 525
89 601 31
607 59 617
919 20 953
36 27 137
605 823 657
937 751 221
757 954 149
520 644 385
65 251 361
505 516 279
381 221 833
173 685 865
53 849 912
743 681 893
672 881 45
681 799 11
513 361 101
345 473 61
251 765 253
642 731 211
693 891 425
317 697 626
759 481 513
141 801 951
86 195 745
421 213 351
389 721 913
976 111 68
727 655 153
765 965 966
93 101 919
577 45 113
429 56 76
13 857 481
106 366 599
801 583 415
137 182 937
261 489 937
265 569 651
641 493 366
251 163 256
854 336 1
601 896 533
19 114 292
361 462 31
701 641 530
229 221 261
824 341 966
814 626 912
861 21 863
890 234 263
169 919 954
151 458 481
285 57 667
638 741 926
722 401 503
893 736 511
841 873 329
683 738 857
1 900 945
481 751 721
537 607 505
613 502 393
729 536 921
93 589 458
521 861 641
635 25 121
52 662 712
201 321 408
645 1 273
629 785 421
853 265 431
95 877 73
993 687 793
479 656 25
471 119 707
581 736 385
597 611 631
819 666 209
9 281 857
381 917 129
241 439 243
659 417 331
171 731 801
956 891 577
254 337 776
526 161 582
181 643 287
726 941 979
87 381 657
428 874 877
841 795 50
801 271 457
718 635 831
901 653 621
617 639 1
401 425 49
844 425 673
220 46 713
331 471 485
93 721 82
801 401 561
326 921 183
873 711 556
965 705 951
517 409 497
247 659 313
229 791 725
941 282 201
472 236 601
442 169 609
469 635 761
521 675 721
360 385 887
748 957 975
457 9 977
287 801 626
431 397 811
75 890 431
71 626 675
251 118 261
941 781 648
536 625 773
865 569 41
551 921 751
886 415 633
897 264 405
126 734 721
916 282 687
321 540 745
763 481 256
20 993 969
879 915 951
70 416 81
205 729 627
939 609 586
301 42 313
117 985 625
561 406 893
637 693 782
321 101 121
116 326 721
117 940 698
914 1 253
602 933 919
57 105 441
612 217 309
819 884 41
193 489 642
169 211 791
635 833 143
181 394 478
51 327 598
318 649 654
1 585 263
49 1 601
78 374 79
827 781 288
47 953 419
86 937 471
193 515 1
703 65 425
989 586 783
362 285 595
272 505 423
551 193 749
965 185 805
461 130 431
677 361 355
104 185 757
249 587 296
641 125 501
381 316 231
291 717 950
677 524 225
706 917 529
241 831 169
626 993 579
301 427 397
889 34 1
379 597 131
643 350 52
601 59 857
11 776 689
217 967 657
704 584 805
673 33 597
73 532 801
439 119 277
957 9 241
961 847 866
287 945 511
147 17 208
845 718 644
518 439 505
536 41 952
33 946 302
880 908 173
31 868 597
626 681 93
97 755 511
699 733 249
41 65 551
629 38 417
674 111 906
625 401 185
417 799 931
331 389 506
561 409 409
321 37 831
441 701 533
319 221 281
882 407 516
819 71 333
5 296 141
86 535 740
1 639 81
570 811 759
607 695 981
803 21 303
856 991 495
571 67 869
324 233 404
196 9 941
855 826 945
241 433 753
217 561 809
713 315 891
301 457 33
124 443 105
906 769 701
531 903 577
157 685 501
21 662 921
321 521 102
822 516 51
493 379 26
223 15 69
989 545 793
11 641 748
81 919 766
245 726 166
446 320 461
735 331 160
50 972 517
669 225 121
328 861 840
796 681 37
933 251 941
513 526 658
821 841 72
376 529 505
397 495 89
897 173 807
156 483 6
818 840 569
91 932 751
243 49 745
467 41 643
996 701 613
461 633 779
944 585 933
331 849 553
751 390 207
500 401 701
878 73 649
713 41 952
349 770 585
609 21 51
924 971 466
611 975 913
995 857 57
716 821 637
913 95 325
701 811 225
1 686 391
301 252 87
189 977 748
729 854 101
881 662 1
528 458 149
783 648 916
809 720 75
786 449 899
788 826 608
416 938 169
592 105 101
61 161 56
630 838 465
426 381 341
797 411 929
205 71 675
953 701 593
943 391 256
669 817 701
141 759 584
445 367 178
981 641 705
781 811 681
103 1 729
186 687 531
1 556 178
332 256 581
113 969 216
353 891 300
257 761 826
871 253 65
204 721 3
984 586 689
825 674 813
221 726 981
575 433 21
590 481 761
105 681 39
102 31 201
505 228 657
421 197 461
749 149 599
481 996 651
457 721 961
976 377 105
807 69 171
762 292 725
844 241 761
447 721 553
155 261 805
783 31 377
390 881 8
817 161 702
191 773 807
361 141 992
824 707 413
574 241 499
851 765 448
471 465 699
556 356 71
790 456 961
489 175 26
946 433 61
236 225 697
633 263 227
31 83 205
469 331 361
704 181 465
729 701 244
505 981 777
990 557 469
785 181 703
718 54 293
541 352 742
693 916 651
713 631 946
451 751 319
201 858 110
333 769 287
20 341 271
726 726 23
319 27 601
630 889 327
569 585 810
321 156 11
413 304 877
916 867 199
521 205 145
531 104 630
271 889 661
768 113 441
401 515 791
101 289 413
801 376 738
999 259 554
740 1 635
881 537 585
202 995 425
109 501 264
5 871 853
776 497 70
241 293 121
987 41 218
296 1 637
703 101 387
916 301 384
615 405 841
438 377 161
11 593 813
276 491 541
987 562 585
828 228 465
943 445 786
1 750 661
199 283 749
415 705 217
777 453 1
759 121 879
751 735 191
321 357 157
913 121 319
999 373 181
340 127 911
601 601 17
617 377 439
225 388 796
661 849 997
101 997 998
896 556 835
837 641 46
405 173 66
449 522 891
149 438 732
709 60 449
561 146 364
51 751 281
633 494 961
421 901 673
713 297 761
183 81 1
994 69 314
583 775 317
897 611 351
122 121 186
92 119 117
527 849 529
41 321 304
706 371 626
605 617 721
727 569 945
762 407 183
873 211 605
419 98 19
108 73 334
196 885 89
517 811 837
981 991 465
501 237 491
102 561 988
651 73 665
969 741 276
376 761 221
608 67 280
761 775 849
685 41 993
219 956 1
87 325 465
769 844 681
820 545 596
753 361 35
873 762 61
411 566 857
11 957 273
54 641 801
966 555 764
400 696 303
739 301 276
806 911 67
501 7 611
557 771 119
186 371 375
152 41 330
741 481 961
429 533 450
473 191 769
278 961 751
742 99 417
710 781 401
955 183 1
649 25 689
601 569 341
401 669 961
101 620 551
727 976 920
703 913 225
13 255 767
776 719 599
297 201 724
311 793 729
949 403 445
281 155 497
753 497 305
374 243 411
237 601 241
605 416 697
846 558 891
293 369 429
113 376 736
401 785 851
527 145 601
306 913 932
136 309 4
373 182 66
361 985 255
241 930 763
855 601 173
889 870 625
401 666 145
628 302 769
465 212 811
609 792 46
651 739 287
27 421 217
373 193 607
55 55 201
161 929 1
913 616 515
493 807 959
627 381 429
615 326 85
673 30 223
441 705 309
497 282 555
626 301 41
315 732 953
793 68 865
421 611 521
681 662 257
111 935 139
676 645 665
869 604 832
291 593 470
433 339 635
231 505 829
472 212 988
905 384 592
181 211 31
357 761 711
277 782 849
337 501 617
513 353 683
393 994 704
150 970 349
257 737 81
801 201 973
50 463 485
253 220 701
707 826 53
821 669 701
151 291 271
625 410 23
132 808 595
53 961 9
689 211 101
497 741 817
151 426 174
743 61 206
124 417 916
825 211 944
609 401 36
195 400 388
505 782 521
505 960 576
501 157 463
521 501 877
893 761 771
557 733 537
23 137 897
433 381 442
361 642 573
203 496 779
401 601 570
951 834 821
741 961 121
785 889 416
631 809 391
356 25 369
161 239 711
601 45 508
937 521 297
846 697 5
187 803 976
169 79 861
261 649 954
949 233 97
102 628 201
123 76 751
991 123 631
969 281 941
97 661 863
926 825 402
687 636 447
297 995 565
516 357 701
611 438 707
465 401 132
649 341 73
631 1 481
589 624 900
956 785 481
142 355 101
106 441 217
593 413 821
106 578 809
69 637 605
297 411 577
676 122 361
345 746 66
429 577 165
977 325 753
376 741 889
651 573 11
422 175 221
746 443 254
759 501 29
751 75 682
977 49 994
126 111 585
884 537 923
657 676 689
938 270 451
702 627 10
12 16 271
365 655 311
658 627 231
816 527 801
750 669 81
543 976 130
838 889 689
189 136 847
237 15 853
553 111 765
745 134 199
946 749 846
574 61 275
826 968 153
325 466 261
122 417 731
876 513 825
995 618 645
1 441 186
513 194 609
959 921 187
387 161 72
513 114 537
961 176 991
969 711 69
717 709 671
431 989 401
142 801 761
190 741 14
757 853 41
