907
2075 6652 11
9120 5674 45
8615 8301 81
390 6767 41
2670 8532 37
19 6414 77
4427 2277 92
6527 4393 42
71 6639 8
4059 5135 56
6678 8568 94
108 6055 71
6421 9793 16
8625 4796 60
7512 1567 74
5074 1545 84
9854 84 52
7510 7717 5
875 6034 57
7238 3606 72
961 6577 8
8414 1742 100
1659 6843 37
4160 350 15
2283 5533 62
5658 9077 45
1427 8570 24
6481 1029 17
999 6967 14
4213 9030 92
4234 4778 83
6663 3548 69
3739 351 62
3506 3580 98
2621 7857 12
9054 8946 88
544 6536 68
7717 234 63
2397 6973 8
5098 7370 100
4962 5474 31
3807 8761 94
2891 4685 17
2499 8637 7
8360 466 71
2302 292 91
6818 8383 63
480 1731 61
4197 419 20
8836 2594 97
4310 41 60
9047 3101 77
4975 9121 36
8551 8771 8
779 3210 74
196 2598 30
3599 67 64
4745 3374 49
856 737 28
856 731 77
7401 3897 82
1721 8073 32
2077 8750 56
4437 8231 17
2270 6168 48
1531 6874 65
1633 4857 48
3799 9027 68
1568 9922 95
8851 2749 43
2016 6720 55
4581 8046 85
5317 8473 50
40 2726 9
101 2805 86
3656 2633 98
9695 2853 29
1031 7593 58
2116 2519 58
587 9813 34
9546 7204 98
133 2535 63
6107 9247 76
869 4608 42
9223 9778 13
3161 7291 10
4680 5823 63
6947 2876 28
9016 9609 66
1418 7845 73
2685 1287 12
9386 8818 36
76 4203 11
1653 4405 48
467 6968 40
6123 7383 3
9996 6158 4
4066 284 44
749 5196 78
4072 2173 68
6247 680 96
9608 8911 97
7454 5733 63
6534 4621 46
4266 5292 4
7741 9421 37
236 3414 15
3284 738 71
2323 1379 25
1011 4371 58
9462 8687 100
5883 2744 62
1639 1198 73
5072 6636 96
674 2238 17
7238 6326 7
3266 9980 43
3038 8430 94
8652 8930 96
1797 7002 50
6990 6135 51
9842 5634 67
4540 2545 100
3245 9107 54
5287 6436 20
3968 8259 21
198 7789 58
9955 3652 90
8830 5323 73
4815 1738 50
8151 1219 5
9496 2391 13
2123 756 37
922 4329 81
9581 1061 95
775 6686 14
2824 227 83
1959 1670 6
455 3448 35
8493 657 87
4107 1493 56
427 650 25
2687 7200 100
2345 8869 83
2403 6107 82
7390 7194 8
6581 2347 52
7332 9769 10
7094 7719 93
3723 3972 85
2989 2380 9
6994 3878 83
1098 6261 45
8716 317 6
2043 8826 98
5482 5959 22
8034 172 52
5075 6682 41
908 5176 74
9651 6613 91
1339 534 48
3084 8973 59
24 7253 57
1569 1464 23
2710 8652 51
4641 6962 91
886 2583 20
8143 763 2
4360 2214 81
8878 2106 69
9312 1828 66
3804 6174 1
4415 2433 46
9447 1575 36
6168 2898 39
4203 6226 54
2279 4738 5
3655 3544 4
9322 7664 32
4966 2527 52
510 2011 25
1674 822 81
6836 6085 35
4739 7641 32
1731 4011 50
638 2511 18
2210 887 68
9322 2580 96
9286 8779 46
3366 147 74
2782 5919 53
5493 5540 70
7979 8839 97
5470 157 70
9480 6843 47
9194 1721 49
5792 3898 30
4598 4355 64
7169 8548 73
501 3066 74
7360 365 43
9209 9328 100
6749 1154 45
8378 1617 6
8584 8929 51
6382 4641 12
3129 4524 32
5018 9783 74
7898 2843 66
1570 3758 10
4091 7189 61
6900 9969 40
3743 5664 61
2563 2699 23
7113 1092 81
6558 3818 84
5474 8049 47
5504 8799 59
6219 3171 94
2628 4418 2
1513 6649 71
912 1476 54
1012 2410 30
6016 1095 70
3255 3622 68
6944 4960 73
1022 4445 6
8683 7106 12
5119 9812 25
1073 242 10
2006 1731 94
6275 6740 5
5434 8432 89
2033 5136 69
711 6009 31
3246 1858 90
8989 2268 18
9833 8000 7
4570 5351 99
3838 4206 100
1012 2510 1
599 4645 80
3006 6369 67
6230 775 72
4067 1438 86
6814 6748 59
6819 2978 87
9468 403 8
5726 7216 64
8811 7270 9
4941 7636 74
2367 8539 25
1461 9198 55
6233 3079 63
2406 7106 9
6316 3639 19
629 6747 52
2536 7328 83
1620 4802 86
8219 3803 95
413 9668 22
9097 9642 14
9516 6045 28
3840 6321 92
4542 2039 51
2029 1139 98
534 7426 68
5151 616 8
1206 9225 89
3775 6621 23
4803 9787 32
736 1085 99
7422 4307 57
4112 8980 20
2348 5405 63
8995 4169 16
1953 6957 12
8530 2463 10
9500 8454 98
4278 6778 23
3775 9454 5
1655 4747 68
1711 9922 66
6757 9781 24
9074 7331 22
2602 788 51
1548 5295 99
1441 5996 94
2079 6414 87
8414 9940 4
9632 803 59
6164 6843 15
1201 1601 27
4615 992 69
2669 5466 86
900 1577 74
1299 9755 72
8406 4912 1
2482 5652 88
9943 6621 80
9548 370 70
5241 6127 31
8684 6767 88
6806 637 88
1886 2370 95
2 1043 100
8092 945 44
3109 5454 73
4913 2565 47
5495 1694 6
9242 8761 29
2818 7560 94
3261 5652 85
9659 9558 64
1258 4886 42
2045 6297 49
5799 8510 56
2507 7249 12
3565 3400 10
8535 9613 87
8541 999 51
2507 8676 97
5883 87 18
8285 6268 87
4676 3698 81
5554 2318 37
2207 6801 84
3415 6436 12
9137 6482 42
7043 9999 84
9747 152 40
8109 1911 28
5366 62 26
9406 1726 78
4380 9131 98
4170 3846 66
446 3779 83
7304 2155 42
3144 8852 99
6660 7711 39
892 9631 58
5782 1409 49
678 3506 65
5178 8757 73
2945 5803 65
5119 3231 81
2470 1064 28
5727 4015 20
4588 1224 4
6579 5768 81
9667 9606 25
7462 8404 69
7766 3518 73
6647 3689 48
5357 3975 74
6687 964 28
7837 609 48
6291 5067 96
9419 2459 42
1137 1753 45
2144 69 59
2813 4217 77
7984 6837 64
313 4607 33
5980 917 17
663 9283 18
3372 7016 94
1506 7552 82
5334 254 5
5111 4067 60
7334 8670 63
2374 2869 45
409 545 10
5607 9230 81
56 666 24
5236 3305 23
2242 73 53
2093 9871 27
2235 7279 42
1634 7711 54
7129 2218 75
2971 6464 98
1604 6000 93
4646 3207 33
2626 7163 56
9961 9402 66
5502 5770 92
1952 7596 81
3652 773 24
417 4735 88
4440 4911 49
6538 2545 30
3993 5773 68
7260 4117 31
4242 836 14
1859 3372 50
1910 1039 67
5388 7012 46
7684 622 13
7448 1059 68
5597 923 85
5354 35 93
191 1928 28
4852 5094 56
8880 4261 95
3169 6831 88
5864 2745 100
5130 1068 25
4616 3272 97
3002 8477 67
528 4964 47
3776 2705 71
3847 9258 6
9050 5650 78
1672 1967 68
4767 1791 82
3881 4230 50
7178 3440 51
2389 7993 54
1001 8908 95
3825 2582 28
3509 7474 71
2416 4998 64
4186 6292 71
1779 720 61
6455 4987 26
5265 9261 36
9923 7416 25
6253 628 23
9172 2716 98
2652 1284 90
2722 3366 35
8171 9555 31
2791 4820 37
9867 2138 70
8870 170 99
1530 5217 65
8653 2076 92
2669 3382 84
786 7141 74
6956 382 93
8641 5090 55
863 8606 32
800 2092 82
6669 3906 90
3097 917 43
8249 2491 41
3529 6084 73
4644 4424 49
5857 2161 64
7324 6843 34
3698 8188 14
8797 6524 82
4823 1789 72
1801 6391 48
4137 4634 23
9414 6680 1
4839 852 94
4725 135 25
7393 6489 42
9768 2604 34
1288 7616 82
6923 403 37
778 4867 80
5112 1788 90
7782 4684 76
2514 3723 90
1076 1659 35
9550 8879 36
3154 4107 95
5584 745 41
6390 9709 51
5733 2725 81
1560 20 73
9838 3606 3
5994 5050 40
3491 8744 26
8143 8817 56
7486 2619 4
428 478 6
3146 391 91
6391 8967 15
3001 505 88
9012 2035 13
511 8575 28
2830 4072 26
9901 59 99
1936 8907 86
3163 5596 38
4147 6 27
453 9003 66
725 9192 82
256 911 4
5759 2522 82
6923 2210 30
8855 2880 46
8061 6208 91
3520 1862 90
8443 5860 71
3831 6431 23
2868 1733 16
2521 1030 68
5801 6907 70
9917 7724 15
8075 100 44
8215 4013 91
6518 1812 87
2823 4065 88
9250 9078 29
3669 7182 21
1614 8535 54
7681 756 36
2739 1117 26
2003 7690 46
4581 6379 27
8853 2058 36
5184 5736 7
7986 297 43
9026 5338 87
5221 4606 17
5480 1284 26
7252 3948 41
5515 2320 93
2087 9133 57
1484 6053 1
4754 593 54
5154 6538 86
5217 9958 94
2081 3269 6
6029 87 43
6592 4173 13
293 1903 24
8453 6829 8
9049 7764 91
2288 8468 7
7599 8762 75
5158 3106 47
2359 2085 35
6895 9823 61
3853 9402 7
2081 2307 18
8371 37 83
642 953 26
9598 2399 27
1896 5760 15
7054 9200 51
5848 8312 47
1470 4249 93
6695 8797 86
4429 4330 74
4800 4395 84
4353 4156 80
2872 503 2
4321 1211 76
8829 8527 96
8287 6000 14
1492 4022 89
728 5646 30
4665 514 88
1920 7276 99
1820 8069 19
6932 4601 63
6663 7965 45
4872 6035 62
936 9934 81
1483 4350 84
7325 396 61
6692 95 59
7119 3593 30
3344 7986 91
9425 687 27
4597 7404 76
8856 1319 34
7392 5453 24
658 1718 20
445 3351 1
1440 3658 65
4895 3107 20
8585 6601 64
3592 6840 90
1500 9575 63
8276 7922 43
6161 4998 60
3485 2445 59
9728 9119 78
3891 765 96
4548 2511 19
2469 25 61
1520 4603 92
9818 3847 82
4584 2403 57
6508 8476 86
1511 8646 93
7918 3843 30
4217 4060 6
5542 5635 24
7525 608 59
551 5947 75
6504 7721 70
1012 8690 6
5373 2512 13
8889 9742 1
8419 1133 36
2439 4961 72
3487 25 17
5093 2159 37
8294 2745 77
9348 7412 51
7315 481 94
8320 2219 60
5970 6293 83
1050 4143 31
9255 2607 96
2098 9642 46
8124 2212 29
7792 2985 84
5562 7635 82
4561 8617 53
3752 1145 57
9026 7519 80
4313 5834 61
1839 3718 23
9046 533 52
317 1356 63
4345 9378 34
3507 525 16
46 195 28
5993 5287 2
325 4971 98
3428 2835 32
8728 6614 17
7095 2909 73
1993 9919 59
8475 5808 32
6190 9873 28
2172 2271 71
319 6131 99
7817 6769 90
3493 6007 72
9853 6382 64
6122 7615 32
9110 9150 74
5337 3349 58
1547 1013 25
5585 7291 3
7677 1481 23
712 2237 39
3473 4520 74
7773 9499 13
532 6743 27
1681 4981 90
5916 2571 77
6886 2316 77
1360 1667 71
8269 3295 65
8475 645 49
2026 4816 60
6585 1632 53
6333 6090 92
6248 118 18
6782 1863 50
6507 414 31
678 5001 15
5269 6342 31
9706 4350 78
5485 1681 39
3674 7602 60
3226 79 48
735 60 7
2821 5485 88
6745 1851 49
7598 3453 34
1276 5547 52
2955 9718 88
9255 8480 36
2965 1156 39
5921 213 66
3245 9479 54
30 8568 4
4986 9953 55
578 31 20
6068 1392 87
3270 6554 22
1277 9813 92
2223 4138 16
2165 3684 87
5779 2986 60
1598 767 53
2450 2456 100
107 4579 62
7728 680 37
2042 1337 89
4779 3916 90
2627 9205 88
7882 4714 86
9654 1206 37
2520 3445 88
3368 1592 72
9807 8697 11
5211 9673 44
4856 4332 67
4880 6859 45
1848 683 61
9249 1512 73
4081 4941 6
2839 5706 17
8916 8847 74
6127 514 78
8895 51 25
1787 5868 91
2726 302 14
578 6350 75
1616 9191 63
1032 4779 91
7616 7616 74
651 2725 34
4813 2411 14
8949 1955 40
8417 893 38
4094 306 26
3098 594 98
2623 3823 53
7501 6582 15
5449 696 70
929 7554 59
3845 2079 27
876 2115 81
2627 2180 58
635 2252 22
5635 5741 66
6613 6750 81
4069 1189 98
8769 4187 93
9683 97 51
3147 1279 55
4189 7608 10
961 8333 58
113 1475 1
743 8058 26
2657 1112 78
1876 8207 86
4431 2465 63
1527 9367 25
9520 469 28
8111 4348 14
889 624 57
3512 3600 21
4224 2563 42
5111 2038 2
1161 7176 68
799 4977 2
1396 310 37
6569 8774 5
2750 9786 60
6925 1163 71
4252 491 79
6122 4689 25
1432 7028 13
9043 7465 60
354 874 83
1068 460 56
6935 8600 85
4115 4568 19
4226 2538 51
7298 1426 98
4902 6761 64
1066 9712 55
1130 1253 57
693 8435 83
3426 6280 36
9786 8936 91
5427 1054 6
3735 2639 12
2592 669 36
9707 3290 95
2110 1535 23
2407 276 85
8398 5848 23
3907 1922 91
6819 1126 21
7845 6181 74
7464 9001 57
853 493 25
7190 3218 73
3352 2876 19
1935 1630 77
8664 2704 31
2571 6330 32
9981 6561 84
8645 2701 48
6777 2791 52
4492 5822 11
4258 2395 45
6444 610 49
9267 4175 64
6441 9410 38
2307 3335 90
4656 3531 90
1036 7654 18
4272 583 5
9940 2599 35
2562 9185 78
9091 3522 26
877 3451 95
4848 6797 98
5830 8072 19
5544 2431 22
4131 7395 87
1969 9160 40
224 7178 91
6988 1982 96
667 6296 75
943 4559 84
7435 1136 62
9818 2762 17
1725 3935 99
750 6188 14
2762 18 54
2310 7004 14
238 9900 46
866 7130 92
2419 1793 13
7316 4018 20
490 9721 27
4694 5330 55
4473 3714 98
7643 4044 72
1649 9107 64
1629 3763 36
5049 9437 35
2875 5144 38
1607 8966 62
487 49 12
4600 2454 39
7563 3071 38
1159 265 44
1559 688 65
5691 6315 29
1703 7215 5
3463 5595 61
9380 2289 14
2022 4542 79
6794 1322 41
8178 9263 71
2142 9611 49
937 709 10
2248 5472 56
738 5989 66
2259 2174 79
2345 7119 30
1614 776 85
6189 7899 69
3106 1381 68
3371 7657 29
1677 1605 32
7586 4963 63
3054 2874 96
8631 1361 37
52 1863 55
5428 1174 64
9063 2047 2
8635 1401 21
3101 9519 50
2151 6697 54
3701 2953 55
9452 8160 20
6570 5288 55
7529 3998 18
4485 2576 61
8469 4925 52
320 6434 13
7938 6141 36
2344 1125 92
8889 9373 69
2596 2241 46
5327 6228 82
2378 7571 77
3211 4430 43
3237 5142 94
3756 908 7
5423 8938 46
6162 1068 36
8330 2716 34
4000 3101 16
836 3624 94
5173 1531 18
4188 7142 61
3278 868 2
4068 4345 57
4893 5734 52
1462 1767 78
7993 9539 39
9913 1313 10
1643 8694 35
5387 946 15
5944 2697 86
1606 2583 20
8168 3270 15
9944 9860 93
8651 7699 13
209 8981 65
5836 1318 90
683 6175 52
1948 7667 18
918 4541 2
4913 4606 64
5059 1785 81
