3397
230 57 757
253 689 847
676 634 757
283 917 301
360 80 105
369 953 797
469 847 903
819 152 710
182 809 211
937 207 647
974 508 8
913 8 673
285 931 501
634 131 711
785 911 584
881 621 218
308 463 726
441 525 701
26 665 966
187 596 537
850 321 631
145 13 320
797 92 681
619 335 112
705 985 947
991 137 55
841 448 721
931 878 715
185 573 473
641 461 271
665 529 259
317 17 555
807 85 585
565 260 591
584 941 801
536 465 398
481 401 905
409 820 978
227 389 511
563 313 117
656 563 69
882 712 291
100 567 76
767 271 487
341 807 439
251 243 961
561 561 885
536 281 329
39 185 97
486 440 401
784 569 345
881 41 911
287 388 857
349 681 348
417 719 887
301 421 45
817 313 432
671 429 87
817 355 591
290 487 606
776 823 605
491 396 233
865 851 131
312 607 533
945 591 845
136 646 412
345 235 837
181 974 546
487 448 684
79 695 251
407 381 22
911 825 988
384 93 97
494 321 315
93 914 289
133 34 337
491 51 294
496 902 283
415 129 167
13 641 721
832 22 873
116 201 976
192 21 713
569 111 201
631 657 425
241 971 901
789 781 701
1 561 899
233 71 809
431 529 216
134 213 317
41 790 359
497 101 696
987 341 53
451 233 651
513 753 651
201 757 788
515 185 974
313 156 988
54 959 899
762 101 241
595 173 735
377 468 632
449 466 959
951 669 826
867 931 75
326 223 184
353 941 476
221 353 817
577 81 379
217 553 821
716 425 951
671 604 865
857 11 720
1 466 815
407 762 399
267 651 169
553 736 137
341 51 602
205 929 549
157 937 371
25 626 640
441 714 233
921 361 895
457 621 681
641 145 221
252 828 899
447 109 398
658 869 847
161 876 314
571 278 325
407 797 329
51 320 879
303 295 21
836 33 93
141 53 936
111 801 597
785 872 793
649 241 1
686 513 321
147 114 606
621 209 88
1 57 556
558 227 224
274 20 701
693 199 465
889 923 721
887 821 534
249 705 733
603 1 371
413 856 60
887 254 236
625 858 963
576 801 277
131 645 492
749 221 767
447 789 341
281 521 581
79 777 721
221 411 993
751 612 2
768 616 847
452 346 686
275 885 351
731 721 201
853 449 565
833 447 398
307 85 951
353 551 181
985 565 348
913 980 768
451 749 153
441 356 119
881 281 637
769 665 937
703 193 333
525 351 185
881 171 177
69 131 621
849 915 1
692 41 969
799 206 141
864 470 165
801 484 833
961 241 43
86 161 497
239 281 918
317 574 321
186 613 623
579 959 743
249 428 509
627 689 493
941 745 221
596 13 878
759 795 201
768 341 70
372 421 646
925 585 458
686 105 251
531 393 25
26 335 129
857 688 691
889 220 589
278 985 1
751 259 778
481 881 611
600 465 351
911 41 261
909 829 505
891 234 601
269 413 52
311 843 541
213 777 441
313 591 801
879 473 490
185 436 169
245 843 283
636 741 381
404 61 527
165 817 446
91 601 545
939 831 976
204 751 536
207 441 172
794 905 209
741 505 855
361 305 95
129 809 643
345 855 727
741 657 693
261 326 614
71 651 424
821 269 355
737 7 833
103 137 309
345 949 576
943 537 467
901 441 689
421 181 606
81 601 741
37 276 629
820 371 364
665 951 604
885 640 881
39 890 637
623 491 69
682 652 126
500 333 501
513 661 625
755 81 571
314 77 537
221 963 251
791 207 150
681 462 645
763 46 843
417 788 261
526 417 597
361 493 551
789 426 281
301 44 239
567 919 257
961 81 54
374 907 964
115 691 305
845 412 601
677 956 689
497 913 229
531 732 974
349 20 866
826 597 566
229 472 69
499 813 325
921 193 477
1 921 354
232 764 177
561 537 445
996 916 391
126 585 313
301 116 647
689 633 120
821 33 605
297 957 601
686 829 231
281 21 27
858 569 561
492 621 319
101 777 149
875 926 822
137 561 229
137 876 880
360 33 400
109 305 767
305 437 86
883 89 521
971 801 951
401 371 695
251 106 81
549 802 209
963 612 153
534 231 633
801 77 281
971 543 617
881 550 553
538 477 151
351 731 528
547 585 749
621 906 641
800 870 175
952 147 417
793 431 179
689 345 231
525 52 547
194 327 934
489 672 628
109 115 427
41 871 577
689 729 755
765 66 153
614 9 753
218 722 511
537 287 619
61 665 247
23 991 909
730 736 517
235 377 459
671 695 447
511 121 673
491 784 857
439 301 81
453 607 133
816 681 351
321 314 936
271 209 315
948 761 41
926 850 321
385 763 207
966 459 247
746 656 476
397 126 317
909 195 768
649 45 567
663 823 287
173 145 997
246 601 539
821 481 111
276 758 582
933 977 549
264 301 285
201 133 745
691 527 876
981 996 113
616 981 934
829 506 616
566 665 741
539 696 889
341 127 841
207 361 149
933 521 14
526 851 737
859 721 525
348 40 479
298 176 793
397 965 151
885 643 705
426 488 423
669 449 71
129 433 475
957 349 759
512 461 686
351 973 328
996 603 497
927 739 67
133 758 107
593 801 768
521 681 490
741 257 11
948 169 729
789 52 706
629 824 106
666 439 721
817 109 652
802 53 826
755 761 250
796 129 561
26 811 559
369 671 453
301 838 511
81 71 793
56 909 11
620 737 498
321 951 851
269 569 881
674 520 241
332 233 413
776 21 847
896 41 445
740 81 942
713 506 581
820 305 462
312 691 678
133 781 675
230 455 93
830 378 177
931 871 516
201 483 793
797 657 452
31 425 391
1 766 140
713 557 366
641 105 273
361 851 641
1 27 576
401 89 511
126 351 381
921 831 831
987 986 264
236 642 482
780 801 105
877 762 793
375 485 1
766 901 891
329 921 281
309 977 209
181 369 886
417 721 481
853 799 101
959 251 185
601 333 361
616 281 777
137 429 316
337 729 497
897 557 756
966 701 470
361 803 679
521 488 73
276 929 603
341 421 710
236 545 137
116 734 722
269 428 19
821 286 817
73 211 849
876 201 776
476 825 743
137 248 589
909 281 247
386 705 305
289 141 817
485 123 895
29 945 901
397 989 297
197 563 769
458 81 101
945 381 733
469 34 949
833 571 301
736 556 786
482 426 713
680 999 591
171 53 81
579 217 671
921 624 726
113 479 11
307 556 332
232 217 277
232 189 121
201 861 65
221 480 489
379 715 795
241 25 305
39 905 121
532 959 361
992 171 743
167 467 729
1 12 31
483 972 45
649 321 61
1 687 936
305 581 909
448 181 341
202 417 745
257 629 757
857 401 386
709 381 746
661 631 145
918 984 367
752 311 957
645 141 369
993 121 65
467 718 816
233 705 85
273 851 533
921 154 481
897 857 579
249 921 225
125 729 401
671 501 537
113 662 141
475 413 425
308 46 489
886 41 769
906 917 641
618 120 78
769 377 815
881 969 961
145 61 425
436 241 500
181 565 451
261 162 1
751 16 511
835 309 80
545 464 69
421 713 973
694 111 833
795 826 992
105 87 641
841 945 33
188 197 497
721 130 785
651 394 157
979 596 121
83 9 899
676 401 927
745 152 862
340 879 919
666 241 89
117 821 1
441 17 495
495 991 230
837 436 570
13 857 680
241 359 21
957 6 678
565 673 859
931 913 661
41 711 87
9 365 823
101 297 441
453 25 187
855 641 585
461 377 522
161 401 716
47 513 26
701 169 711
633 441 681
25 253 337
581 221 223
821 164 779
117 273 715
187 301 409
501 625 593
415 591 587
402 703 789
484 329 303
486 37 945
701 727 2
313 685 665
171 617 239
909 299 223
665 537 49
615 485 105
885 97 669
417 421 577
96 520 761
801 705 114
994 948 574
889 871 822
303 977 537
421 999 401
296 627 57
893 7 81
103 241 753
601 137 240
977 107 231
101 790 598
385 81 605
237 689 303
681 855 761
431 621 177
781 465 151
701 745 226
329 724 16
737 988 343
825 886 896
105 52 700
559 430 305
977 561 613
721 978 795
691 761 183
760 441 576
635 447 481
796 353 966
517 116 447
267 985 944
749 793 655
781 89 646
812 924 113
736 713 107
381 702 11
951 219 363
251 1000 168
849 756 95
852 407 221
375 142 757
579 261 351
126 526 820
499 55 153
671 681 591
737 816 820
341 51 61
101 692 415
531 218 71
176 151 310
748 294 593
653 906 931
973 425 493
14 907 453
436 289 207
829 497 783
49 351 941
906 417 626
921 993 751
635 929 171
283 849 194
65 633 751
695 977 285
377 81 700
972 321 763
970 233 677
876 645 86
77 339 2
449 793 897
857 486 491
78 209 797
117 625 979
395 31 76
986 609 293
181 813 865
473 861 233
449 1 619
317 951 951
250 501 626
223 670 153
306 79 121
845 829 725
561 394 281
776 607 239
597 825 532
637 536 958
69 781 833
191 572 85
81 849 777
20 106 321
949 887 715
838 103 757
51 706 1
537 698 204
960 926 841
659 217 908
341 910 727
686 73 949
551 481 45
3 621 89
732 941 335
845 521 516
922 861 406
599 846 649
54 795 101
259 241 601
933 675 956
437 61 701
522 241 275
376 95 706
1 13 17
653 858 135
641 526 557
520 891 601
839 227 750
91 893 606
991 72 905
301 715 29
149 712 505
917 891 993
370 269 702
516 505 304
89 51 713
1 1 601
31 931 626
977 843 965
402 197 919
172 945 161
124 831 235
61 249 359
457 225 691
512 67 530
214 187 149
981 939 949
19 271 221
46 141 841
111 470 541
394 636 538
281 21 189
273 789 595
364 957 414
276 659 491
550 256 297
697 341 641
53 383 551
867 682 211
266 75 176
7 479 649
417 953 571
533 564 381
907 991 405
751 521 737
28 873 261
351 993 676
793 155 901
129 1 26
847 507 571
865 209 211
501 593 1
809 775 371
667 146 577
345 687 584
391 201 393
647 522 651
425 493 897
161 57 260
15 181 801
71 478 136
978 185 496
329 601 596
321 860 819
185 416 345
585 505 769
66 789 697
51 741 821
1 89 865
545 64 721
961 425 551
213 217 900
889 681 993
211 801 956
761 475 957
809 971 282
165 825 426
69 543 410
421 269 21
1 529 847
190 980 701
462 501 918
91 659 423
619 137 241
151 589 295
628 617 796
541 291 481
31 126 929
866 855 782
201 126 321
961 788 803
971 895 270
441 85 771
369 601 441
108 426 676
1 301 817
891 232 305
541 735 521
569 481 469
886 262 772
721 762 731
876 873 683
704 21 358
639 965 645
782 241 552
195 385 179
734 467 407
224 265 524
605 118 726
737 956 313
516 599 665
306 737 369
925 606 201
524 337 571
911 973 465
418 401 962
890 856 591
839 26 569
441 345 150
365 693 680
687 150 563
790 633 35
341 22 445
462 149 625
265 15 497
959 817 489
861 781 423
168 845 76
514 65 903
734 469 177
481 705 741
231 185 116
455 481 186
311 397 153
317 89 177
37 250 111
201 201 216
93 257 897
276 957 556
826 39 964
675 657 345
191 679 898
345 111 353
987 330 895
481 400 315
865 461 61
297 376 436
313 799 813
351 418 461
631 407 739
697 615 931
765 741 880
713 613 851
56 593 511
620 97 681
315 889 81
249 685 921
81 176 609
901 681 691
767 976 713
301 236 981
823 164 627
756 851 539
866 937 765
401 101 402
311 593 19
614 217 385
919 881 753
781 147 931
313 885 929
336 556 126
806 297 428
370 888 593
47 546 573
921 368 832
156 261 801
197 375 853
254 425 536
403 561 777
983 261 868
631 455 854
359 873 749
75 837 335
441 541 61
941 806 721
623 785 547
846 61 901
269 525 271
251 33 990
630 337 650
783 861 241
841 67 703
687 541 457
627 321 76
7 715 776
727 251 633
701 376 521
16 463 408
266 416 301
986 483 73
822 441 551
95 141 527
1 121 61
889 191 193
381 251 326
197 419 766
306 341 57
249 294 393
593 67 99
581 406 363
441 697 549
580 621 425
461 57 855
261 621 266
893 85 468
443 801 119
281 81 281
247 346 871
386 795 344
331 793 903
201 401 779
832 185 926
293 333 747
26 89 191
261 557 741
771 491 324
201 101 839
363 93 913
888 422 306
351 209 646
617 796 200
865 351 833
81 763 861
956 255 351
659 91 380
167 265 452
781 675 901
998 17 304
916 573 267
361 448 509
393 409 320
273 829 825
476 977 393
983 561 941
105 275 11
861 991 195
544 816 525
309 347 303
271 594 451
881 253 835
193 305 277
187 89 845
269 107 123
521 29 469
639 17 389
46 257 831
960 771 655
431 119 121
283 520 906
693 481 191
851 746 281
824 661 242
981 551 977
148 480 615
211 121 955
841 182 742
269 273 271
553 918 458
336 631 801
835 869 137
536 86 451
1 366 155
956 336 265
900 569 105
259 789 582
711 441 610
541 812 897
435 13 809
481 626 488
377 591 121
444 711 837
161 106 903
293 849 738
737 639 657
57 450 881
125 549 682
509 320 265
703 317 426
481 277 209
686 261 187
476 1 615
862 788 424
101 311 785
806 745 229
701 456 638
884 911 101
667 673 413
561 19 373
611 13 901
105 325 663
966 531 796
814 197 651
681 947 748
601 129 809
962 286 252
28 422 1
932 386 27
261 351 505
577 771 433
536 233 761
173 431 881
923 981 665
631 51 869
501 207 401
978 585 317
519 956 540
412 65 735
105 288 545
604 197 399
139 946 551
137 745 365
193 141 746
393 913 753
459 149 381
656 185 909
202 934 945
457 710 273
127 403 125
316 751 464
513 461 631
801 585 118
889 796 537
626 26 66
361 851 154
721 657 69
281 253 416
480 347 59
188 53 201
157 865 303
73 246 253
796 551 492
501 417 353
127 301 220
361 357 585
266 81 101
895 254 867
708 369 13
425 870 593
1 177 121
109 831 568
321 609 561
741 286 41
287 6 198
116 701 396
220 81 85
977 302 41
545 386 385
203 723 883
493 721 371
475 797 497
181 791 695
348 81 859
481 743 66
461 893 421
171 567 446
541 576 981
364 441 885
434 6 116
627 977 259
895 593 351
78 404 750
919 229 119
781 209 473
354 531 852
1 675 183
211 445 165
979 190 241
381 45 671
621 941 453
401 2 347
163 897 681
524 43 520
241 697 25
745 949 889
119 881 93
481 933 756
851 379 1
317 137 1
611 981 633
537 641 971
71 517 43
527 121 617
711 310 265
448 136 884
701 172 722
715 965 273
961 85 965
126 79 155
921 948 591
347 891 581
352 221 457
119 301 573
122 397 857
801 615 86
417 833 337
179 913 355
921 827 876
25 871 657
297 885 763
927 742 773
421 825 476
634 61 121
469 944 674
984 81 481
59 641 886
41 258 645
91 639 853
585 843 437
76 971 151
721 809 643
622 471 833
137 366 909
351 181 975
809 608 849
651 94 681
801 89 716
647 789 929
181 941 786
346 610 81
225 746 431
521 689 209
368 800 881
1 857 933
645 249 813
833 471 133
649 622 95
401 815 401
1 485 513
829 209 817
729 30 935
917 921 785
393 51 627
497 141 257
345 851 1
445 667 593
553 110 521
337 659 373
126 381 659
125 1 673
953 774 701
992 538 876
595 11 527
776 44 134
811 249 421
409 497 376
689 609 701
385 933 346
401 317 811
408 770 959
498 186 980
561 326 811
289 495 977
391 237 511
289 633 510
959 471 909
573 948 737
647 561 381
273 41 709
93 441 369
873 602 41
409 751 541
393 615 932
5 271 5
711 689 501
457 531 313
751 233 251
680 621 1
961 621 333
906 229 635
353 667 464
624 881 976
422 176 501
784 451 815
51 861 157
996 862 907
473 403 141
281 330 851
13 305 293
484 774 669
876 694 371
122 751 37
188 342 661
107 681 265
292 473 607
172 993 971
981 17 642
845 984 710
119 140 841
527 719 376
981 446 197
99 251 627
577 601 745
901 250 849
261 595 996
91 65 166
480 643 695
376 441 927
61 660 877
739 921 26
44 601 999
865 821 950
505 119 381
558 919 901
785 557 571
857 218 946
829 929 211
281 978 548
98 765 331
203 469 8
373 281 875
941 916 111
97 583 581
433 449 207
985 121 501
671 179 693
865 221 801
647 149 41
577 193 793
339 237 137
934 55 933
797 454 441
741 336 546
994 401 381
511 921 799
893 96 768
902 893 545
304 745 737
622 874 921
806 483 105
831 776 681
795 977 445
169 814 412
17 343 279
983 833 818
627 345 442
257 70 737
36 671 411
569 1 601
741 931 236
965 339 651
626 21 401
841 261 15
753 911 506
153 490 394
848 929 179
258 505 166
601 865 216
49 865 841
49 171 377
17 473 81
404 646 917
786 176 707
274 871 949
791 316 389
474 41 941
484 801 74
476 164 675
625 466 33
927 859 524
682 801 121
121 288 489
353 267 191
369 221 497
747 929 301
241 837 303
511 787 230
504 965 205
609 826 765
169 851 97
641 865 706
216 367 951
61 825 911
917 940 199
375 221 815
497 453 785
126 196 107
975 349 273
61 33 851
995 185 501
773 927 513
195 668 901
601 824 7
433 138 419
411 586 485
529 886 73
509 907 401
926 251 665
181 564 686
173 721 647
609 967 531
522 75 553
911 905 865
839 973 535
618 848 201
439 615 726
126 287 121
56 183 217
211 604 665
901 475 673
189 833 959
524 905 749
41 433 61
301 826 707
535 304 147
441 493 976
807 86 296
750 299 499
417 485 637
455 914 743
551 425 457
577 421 958
573 812 151
955 717 345
753 695 421
610 227 817
9 783 963
745 95 613
449 165 281
539 876 541
810 487 545
82 345 167
245 889 71
151 241 813
934 378 851
156 501 255
797 785 779
757 389 780
745 63 515
151 301 23
631 601 489
593 81 213
713 713 486
946 761 301
203 137 371
729 177 241
788 770 401
426 306 681
376 213 146
911 603 857
612 103 537
426 176 393
960 216 571
867 88 489
21 655 60
927 601 577
291 201 945
195 573 986
753 849 416
647 250 16
886 305 886
656 818 5
758 227 809
713 8 105
803 657 142
185 451 193
571 441 656
653 314 711
609 905 613
642 550 552
259 620 598
555 203 569
904 181 521
62 766 127
376 201 409
107 889 715
313 67 221
279 851 600
151 829 56
585 455 674
33 111 825
187 821 303
273 521 753
201 469 901
625 451 181
185 217 331
541 826 617
77 540 705
835 1 898
263 303 161
431 941 713
644 761 289
611 241 185
76 121 521
1 593 977
463 66 583
809 630 931
845 364 457
53 196 787
11 613 469
949 628 145
501 816 299
611 347 956
197 211 248
669 782 18
130 569 965
815 321 321
81 516 920
193 301 492
721 191 913
681 705 875
905 851 870
441 920 296
278 744 1
613 466 641
502 946 861
552 951 246
851 947 785
601 979 833
821 647 275
593 284 7
883 558 943
761 149 769
7 161 431
601 687 122
561 976 567
89 601 59
805 201 149
151 609 38
841 136 537
304 37 574
183 825 793
241 469 287
653 164 528
27 659 169
413 911 385
34 281 916
226 169 83
967 612 441
751 751 95
20 3 247
707 110 913
428 276 356
913 33 653
824 351 931
697 209 524
511 816 121
721 774 401
417 748 129
249 354 835
399 969 866
381 921 477
781 355 369
264 971 849
597 565 446
365 657 609
193 484 260
125 389 368
693 105 41
693 329 851
170 197 185
383 313 382
577 33 643
103 753 6
393 630 833
363 593 505
909 655 449
846 720 573
614 187 717
769 365 659
369 43 1
431 405 802
593 425 257
801 149 915
945 359 787
201 584 731
33 565 865
868 601 589
545 704 478
51 497 343
439 541 708
501 869 681
26 853 948
277 231 647
169 363 990
161 131 715
357 611 792
479 407 159
705 537 338
835 856 721
466 11 895
992 691 281
72 141 941
476 957 721
647 217 753
59 319 101
200 658 105
961 251 726
233 721 751
172 717 93
294 737 981
49 647 761
111 155 285
445 383 463
977 699 68
991 903 79
899 713 693
681 621 441
321 817 441
841 369 1
379 709 441
581 97 843
341 252 327
71 737 169
576 397 324
621 741 621
727 601 832
661 599 287
927 401 827
621 615 169
481 745 654
95 458 921
827 396 231
541 857 241
599 314 105
607 68 64
169 65 673
265 1 197
134 829 531
397 971 130
813 844 806
451 861 673
601 37 942
851 121 396
293 741 1
467 201 81
546 393 601
591 797 1
121 905 137
976 81 921
611 410 673
64 22 805
622 581 121
921 233 341
791 123 905
815 67 281
881 243 941
29 153 695
961 923 473
493 337 189
301 951 127
552 851 893
996 801 470
33 57 601
571 318 907
377 74 986
458 612 537
810 33 229
902 540 773
646 87 251
626 217 225
481 253 351
451 625 9
649 301 345
395 63 243
201 588 123
489 481 801
783 609 5
412 859 302
215 719 253
157 417 20
651 541 469
401 729 271
973 767 977
57 837 289
126 890 741
1000 320 217
433 741 981
1 928 449
499 101 257
199 636 903
523 449 591
431 923 388
1 581 758
171 87 113
579 873 5
875 985 74
292 945 121
243 449 768
387 429 913
981 106 751
157 809 661
833 631 290
671 266 587
661 757 995
551 372 105
399 621 501
65 377 623
1 456 329
895 397 601
464 377 201
386 39 965
945 256 126
44 697 537
529 411 65
457 592 794
888 729 585
624 961 53
803 130 878
381 851 961
71 423 476
458 976 483
249 681 752
321 949 600
251 509 107
721 593 433
951 257 734
937 171 689
686 692 528
244 901 501
601 418 340
721 826 441
665 337 332
889 848 153
121 457 483
619 49 281
154 809 701
766 421 201
377 500 867
363 648 353
770 611 767
523 367 679
921 697 26
444 351 941
610 909 101
197 286 457
286 219 601
237 129 973
371 317 632
520 427 808
357 721 239
969 863 997
841 626 329
201 1 481
985 958 391
337 145 166
430 751 286
889 926 176
586 825 101
411 437 406
813 251 145
833 421 76
716 443 61
621 436 281
305 81 181
141 239 101
997 293 497
881 345 841
941 685 441
603 755 311
998 47 706
265 353 751
356 596 5
211 929 4
21 501 723
105 657 960
849 490 801
83 288 183
353 3 413
605 601 418
65 551 177
915 641 445
961 472 129
419 61 737
457 599 601
281 491 969
321 887 329
517 177 215
98 726 242
161 368 51
581 170 282
300 617 773
13 47 290
959 38 70
344 41 301
461 604 776
721 56 342
405 596 898
599 873 429
310 987 706
313 579 737
505 337 631
191 977 551
825 847 890
356 255 993
501 621 175
225 441 427
53 393 737
593 46 83
177 157 352
246 953 218
288 715 561
631 465 601
623 715 141
435 951 483
986 320 589
494 89 450
549 603 676
775 999 969
797 885 461
233 613 441
701 856 92
725 705 776
806 649 594
685 966 5
721 351 490
15 111 99
211 101 886
951 251 775
23 221 303
81 941 719
805 70 261
543 207 16
269 896 632
531 521 739
865 571 601
291 456 925
317 36 874
233 725 617
110 479 981
881 481 761
861 566 642
269 470 843
785 165 92
785 577 713
865 591 956
447 703 901
283 301 817
267 549 981
901 945 681
241 941 947
479 657 717
21 561 42
398 581 231
101 44 186
449 241 957
951 242 97
659 911 513
445 33 613
456 953 409
849 479 1
571 814 895
685 273 228
77 647 805
783 678 81
617 515 865
313 299 855
807 865 357
713 137 350
517 665 939
357 741 481
187 899 779
227 729 721
265 571 273
513 748 186
531 418 303
551 979 218
939 13 443
307 730 261
773 734 485
70 401 144
842 401 33
601 80 801
641 411 309
249 433 197
511 201 591
964 384 662
164 221 639
741 395 736
851 923 193
836 651 225
871 129 156
50 497 825
953 475 56
655 691 184
311 151 365
239 681 729
797 365 633
592 570 225
353 961 235
308 704 371
297 89 769
127 165 426
926 315 986
716 252 504
726 419 501
491 309 71
33 121 529
246 358 145
405 311 999
558 134 93
721 667 97
625 455 97
916 648 166
769 451 546
390 187 71
699 401 897
595 648 619
201 881 93
851 497 937
803 953 641
118 403 745
681 544 533
986 659 404
365 428 561
1 221 429
639 854 417
735 776 19
783 420 261
517 59 707
541 694 321
337 54 464
266 101 283
549 529 869
925 21 781
741 351 599
713 557 289
751 176 131
521 251 414
251 442 402
985 235 711
493 849 409
449 661 241
774 761 297
351 76 87
611 606 596
437 89 565
401 687 544
71 763 26
36 873 601
851 877 937
151 504 489
557 667 648
941 454 535
977 725 721
671 385 357
401 785 131
231 296 291
357 226 716
383 725 947
417 469 361
647 876 311
985 693 637
349 329 882
371 955 589
401 941 525
457 665 801
715 384 668
517 673 902
993 339 881
321 588 196
597 945 301
660 301 651
959 691 656
265 201 903
12 561 721
446 351 473
338 821 112
217 321 983
725 513 897
696 770 713
493 745 484
441 603 966
182 831 89
561 977 671
359 793 969
691 818 535
585 693 401
281 637 944
466 761 427
879 813 422
648 665 311
721 776 409
785 767 393
540 610 648
489 949 726
481 335 18
962 935 491
541 263 361
701 355 935
129 931 426
809 232 101
789 573 301
217 121 589
399 518 769
183 691 366
313 262 957
137 452 806
345 250 509
550 361 9
967 801 819
960 738 296
209 404 68
881 773 641
25 571 505
701 355 556
326 241 411
796 844 757
483 727 695
301 13 177
32 391 533
463 816 735
525 609 896
333 177 7
196 177 381
745 411 11
41 193 809
321 421 727
881 175 504
101 626 400
233 647 51
882 717 93
198 933 971
825 481 589
106 413 358
46 170 784
549 977 419
988 441 855
495 553 155
926 293 223
541 635 645
257 166 517
993 993 427
671 35 207
737 751 256
121 509 553
431 241 521
570 956 961
821 871 649
802 853 729
93 697 824
705 959 616
548 85 662
424 782 836
681 466 307
140 969 577
154 901 576
335 475 306
677 961 953
809 457 105
281 209 777
981 387 943
457 887 241
51 305 556
837 369 835
985 633 347
369 538 577
673 489 752
501 293 514
58 17 72
468 611 751
259 561 361
80 321 131
413 569 532
193 506 621
369 753 801
475 969 475
258 779 841
4 464 940
193 239 749
788 988 101
766 561 845
785 96 668
255 537 281
511 301 131
993 90 225
796 283 21
626 676 920
121 249 773
686 712 401
869 791 795
516 304 139
66 709 818
121 106 442
751 137 976
891 881 577
555 291 211
201 919 73
593 941 639
96 871 89
921 991 878
713 257 697
836 792 361
1 825 655
137 869 141
945 293 681
201 988 521
543 911 632
115 652 289
937 905 793
426 261 717
771 28 601
881 564 596
51 65 137
477 595 921
76 875 105
893 671 89
401 601 906
739 265 15
329 131 790
576 405 369
721 241 829
526 649 191
891 681 183
21 561 457
30 971 247
833 186 563
674 983 337
311 347 422
785 785 585
747 97 971
79 167 23
323 641 781
696 501 109
751 53 59
861 729 73
895 397 837
234 31 985
611 523 565
530 601 661
881 421 839
1 143 239
975 281 646
169 506 49
155 137 674
601 126 629
165 95 137
895 945 387
695 539 489
867 61 526
224 655 905
945 539 897
661 688 144
129 305 964
665 551 785
839 865 511
643 925 226
141 61 217
721 381 7
781 798 397
391 931 347
215 65 714
376 233 825
172 611 879
907 853 51
325 939 214
792 743 378
845 41 645
81 915 929
215 17 425
281 305 251
65 815 766
121 946 287
39 289 811
251 21 161
401 926 145
937 301 646
803 861 713
213 651 301
306 889 716
271 421 805
253 640 729
111 981 481
857 445 233
545 657 351
198 776 336
33 296 483
184 985 73
621 449 280
21 961 341
613 576 174
256 191 469
172 841 393
897 206 208
681 535 209
299 425 935
329 492 991
93 25 642
347 617 176
987 253 171
33 216 285
810 849 839
195 495 630
77 296 394
201 870 497
681 561 886
794 722 861
10 751 145
301 777 327
197 105 657
89 432 947
283 113 81
652 61 311
801 261 629
599 205 801
279 141 549
381 975 601
751 484 55
189 1 825
933 858 997
622 526 656
580 465 281
803 85 666
367 676 173
334 201 203
146 650 751
106 305 677
347 741 755
261 561 295
370 641 649
835 831 196
71 379 671
805 279 209
445 601 225
505 451 151
116 550 519
226 75 251
945 881 137
659 991 479
948 181 377
409 785 789
841 101 329
432 909 615
345 15 359
861 401 316
351 675 320
545 976 136
266 317 371
769 641 659
182 481 921
385 551 901
561 758 897
627 290 483
194 281 103
897 977 663
541 319 609
579 966 159
161 757 17
693 73 908
271 307 997
411 211 573
561 65 425
837 689 301
636 521 989
209 826 294
694 831 273
53 651 633
451 826 501
365 637 77
310 744 412
736 367 563
501 316 763
5 379 865
203 581 443
611 715 43
209 351 27
873 525 477
101 737 299
736 421 335
189 969 491
985 423 397
332 953 541
654 294 305
545 81 881
909 869 773
806 160 332
452 904 661
737 377 989
731 709 641
501 265 651
85 73 569
81 445 921
233 667 609
214 139 821
617 395 833
381 438 255
913 191 297
301 633 701
769 323 461
421 485 364
933 89 245
244 179 881
948 906 717
501 425 183
121 887 523
739 105 121
294 811 126
597 133 795
977 501 422
335 265 133
270 540 762
311 475 649
613 1 134
916 9 269
285 879 823
716 239 989
601 417 231
311 359 201
649 361 840
793 241 691
189 737 803
60 801 673
565 941 51
796 367 929
469 565 533
361 641 879
309 841 424
951 427 107
173 161 91
222 971 613
619 801 41
349 97 769
100 201 715
381 581 48
85 225 331
511 191 820
791 605 521
984 361 1
757 792 349
659 153 759
962 789 247
811 157 801
999 446 481
948 835 513
862 13 101
689 296 149
704 691 697
582 147 909
257 322 649
161 563 730
297 501 601
200 97 481
868 724 945
791 941 457
159 901 806
921 473 576
647 979 309
273 951 185
574 526 882
579 641 830
170 89 183
39 651 105
11 805 312
941 647 275
81 111 893
59 261 501
467 861 381
697 849 721
425 141 551
929 51 833
926 301 791
592 215 957
595 373 201
289 741 65
249 763 373
441 31 368
573 998 97
121 450 632
379 131 273
285 416 121
510 261 887
1 811 267
601 554 711
314 651 335
703 474 409
693 225 113
107 871 740
597 377 121
551 397 946
845 241 269
637 99 221
652 53 543
596 961 651
194 369 546
901 242 734
128 651 425
825 545 848
664 207 705
17 161 849
245 377 65
501 219 493
29 575 791
1 676 1
601 433 705
731 181 65
586 906 489
409 233 41
739 267 997
418 281 757
783 395 83
36 81 377
876 629 751
273 851 171
57 293 385
985 584 685
801 238 828
681 921 309
707 25 801
502 16 232
385 745 29
181 711 567
441 897 376
389 700 201
281 967 733
581 511 501
129 675 375
201 738 633
341 213 851
345 443 351
325 501 401
809 429 501
615 269 441
921 651 659
861 801 259
556 337 855
626 51 883
371 303 601
21 665 605
601 509 828
585 65 812
55 576 300
449 548 573
159 681 417
287 951 422
684 712 305
431 1 73
935 36 81
356 351 598
697 489 105
566 361 929
4 951 787
653 67 159
465 185 201
295 191 160
83 751 783
544 976 241
601 500 137
994 142 143
849 409 360
306 381 233
738 69 489
567 751 295
721 337 431
301 375 579
175 257 98
297 503 201
87 376 488
503 552 659
849 131 171
870 701 841
3 789 777
62 295 837
237 371 136
697 828 536
27 589 633
496 815 843
971 998 1
576 489 397
1 129 955
956 816 650
759 290 855
401 305 955
684 485 37
787 775 669
877 492 829
300 395 281
785 461 561
437 883 210
791 321 1
951 98 318
201 58 413
70 137 8
201 628 556
189 196 120
721 776 95
753 429 757
71 633 16
419 1 378
73 793 960
841 7 111
866 601 376
656 67 833
616 502 879
549 422 946
933 236 975
636 861 446
392 271 867
726 423 641
341 258 613
91 203 675
980 837 216
977 251 979
71 291 961
401 711 601
369 552 331
874 286 406
199 161 477
824 601 569
53 345 162
683 825 991
891 130 461
798 439 102
139 861 992
81 219 606
407 786 905
61 29 585
425 405 605
825 729 326
619 180 261
357 601 321
751 664 277
553 855 22
659 761 309
846 141 699
301 989 795
961 380 337
270 799 421
841 181 689
181 291 571
466 781 939
257 991 65
54 151 752
963 536 889
369 205 301
737 108 791
208 537 897
85 126 451
465 921 540
488 669 132
461 797 3
449 634 81
456 631 879
101 123 160
267 414 337
361 251 966
153 495 314
298 959 201
601 153 337
401 85 553
669 72 651
113 759 730
837 53 745
293 338 963
817 343 375
451 791 46
909 277 881
822 197 867
183 483 351
260 687 571
273 961 272
287 667 801
847 26 240
606 301 699
35 301 889
41 73 201
947 937 866
635 544 297
751 641 697
549 418 61
809 166 701
421 399 642
221 651 161
645 366 745
460 866 981
166 113 909
198 191 766
925 637 10
731 623 769
249 769 959
89 833 461
278 65 369
961 241 226
701 33 87
981 546 909
394 409 807
71 636 161
441 822 371
887 751 350
146 321 86
275 197 275
647 613 119
851 751 957
785 113 809
661 358 489
347 945 301
985 600 578
687 233 540
248 321 796
169 241 26
729 101 501
957 481 785
756 696 150
322 689 550
997 180 229
93 593 69
417 836 486
371 929 15
221 936 895
43 710 953
177 831 637
861 929 379
639 151 3
393 751 685
826 373 833
983 801 501
575 964 606
29 612 405
580 461 181
625 304 993
782 748 377
291 313 228
261 476 121
955 221 552
627 90 833
673 364 317
87 751 834
857 501 951
889 641 935
600 106 245
275 815 559
441 455 401
185 610 261
65 81 801
32 431 711
141 570 793
531 695 553
739 301 987
241 144 521
342 581 773
839 400 594
471 801 165
721 9 699
953 951 417
601 626 797
657 306 791
303 482 701
377 649 28
12 676 792
277 477 857
81 1 893
777 164 705
769 91 851
1 715 985
303 669 513
15 676 821
531 883 510
481 802 735
309 505 399
207 601 392
327 697 1
155 24 781
143 902 101
905 143 273
233 281 652
561 145 819
319 497 806
793 607 778
545 974 785
326 385 615
341 289 953
681 51 500
411 995 687
177 179 601
951 512 29
573 9 486
629 697 730
869 591 753
638 758 921
390 318 41
185 255 109
341 311 929
114 761 981
953 851 573
336 829 272
791 521 678
536 238 942
491 537 985
417 856 301
366 967 192
753 169 753
221 307 609
51 873 473
41 376 101
861 87 431
591 11 601
980 59 595
643 811 29
801 193 425
601 601 692
201 475 945
201 291 19
617 143 957
313 288 118
843 819 370
735 126 817
417 451 780
928 432 21
23 152 323
201 650 345
553 345 49
529 835 316
522 461 198
126 435 693
971 928 196
744 401 151
99 806 578
750 771 1
701 250 895
504 777 851
194 919 642
315 237 746
955 477 767
125 993 113
265 759 493
673 913 861
97 260 97
855 676 761
501 693 96
907 306 49
629 41 569
705 810 717
281 801 549
141 448 553
543 573 218
190 153 41
113 77 393
105 689 301
601 316 825
29 605 638
613 791 425
350 161 351
811 919 953
291 785 331
243 263 741
345 95 309
643 713 951
513 296 676
41 938 773
491 183 561
371 997 177
916 739 598
921 921 495
241 181 406
596 513 267
29 711 807
81 219 495
356 177 425
283 56 644
640 425 221
941 417 769
502 841 947
97 784 801
253 559 687
871 46 473
713 141 799
171 5 876
841 677 296
683 702 261
633 20 911
559 11 732
611 32 501
15 869 816
521 796 583
781 687 648
124 957 661
359 706 513
331 421 103
425 873 46
526 801 501
817 207 931
663 577 396
384 682 446
129 977 972
977 61 136
727 413 751
12 329 151
597 521 902
25 626 339
478 528 397
289 753 598
851 378 616
146 781 539
211 220 473
787 327 31
484 759 425
464 917 215
185 891 142
435 513 117
761 247 160
137 172 707
729 136 301
759 9 51
373 5 323
851 274 276
793 985 97
689 841 105
18 196 585
391 663 809
621 639 247
539 921 925
1 185 166
505 211 970
671 762 697
441 29 887
69 935 923
504 465 25
819 370 545
263 321 811
471 559 161
383 875 225
265 633 476
253 929 353
668 119 126
337 636 529
121 997 871
496 713 683
333 544 953
971 55 171
219 896 417
601 835 930
420 633 405
401 213 286
455 87 645
343 441 184
475 927 919
180 777 273
845 925 663
449 781 71
310 46 97
945 177 93
181 89 460
435 116 361
746 606 754
220 149 709
597 181 260
90 867 361
848 330 9
551 291 845
292 926 718
349 921 589
251 213 796
501 850 433
476 425 701
441 897 51
261 841 882
337 721 189
283 184 741
361 770 989
394 132 401
201 624 104
960 509 108
736 391 761
521 393 225
755 233 172
35 97 1
829 764 439
612 548 411
724 350 691
307 851 989
376 126 629
531 242 244
684 981 741
976 871 65
889 550 101
303 856 345
831 301 16
169 301 837
94 162 201
865 229 725
853 970 986
177 337 849
93 394 861
499 849 913
633 751 51
547 546 393
911 164 336
110 933 1
488 256 201
951 33 601
313 169 1
787 189 539
536 322 233
15 88 177
910 206 745
381 8 265
307 681 33
73 261 417
271 270 681
496 553 929
893 297 251
473 485 461
873 405 117
401 573 397
533 641 861
560 617 9
105 81 217
105 751 777
671 633 596
465 471 931
721 585 589
281 217 505
321 219 893
256 467 363
211 325 8
987 729 221
785 471 522
137 904 57
741 182 61
98 633 185
721 349 306
777 619 741
617 246 569
81 407 833
131 886 961
604 727 20
490 649 257
101 295 643
438 509 545
797 908 761
70 225 686
851 503 831
667 6 661
132 611 369
401 721 457
70 687 651
491 346 784
769 925 71
193 144 261
81 769 25
181 866 231
825 843 801
687 332 881
230 836 357
571 284 727
161 301 708
599 541 251
993 561 201
441 681 313
785 475 187
51 407 649
797 463 161
257 621 951
289 657 556
583 859 433
1 661 921
93 837 489
7 892 631
969 969 697
861 749 774
883 909 681
101 369 209
749 521 547
885 206 322
134 373 57
621 776 995
17 645 669
837 473 585
180 101 951
455 515 919
791 775 345
547 315 678
176 181 913
425 235 301
587 452 641
523 608 706
493 243 337
61 619 978
25 138 1
151 931 153
277 457 468
481 217 937
233 136 691
905 557 711
209 911 841
209 285 450
841 236 505
101 739 535
506 57 615
317 658 638
953 481 417
141 321 81
676 986 73
897 415 672
5 31 369
211 91 369
186 594 196
795 60 287
81 747 21
189 307 617
928 279 712
826 61 505
866 981 831
850 91 816
267 289 377
853 844 811
905 261 754
153 963 565
544 653 281
676 337 974
853 679 1
146 755 938
705 281 179
375 451 612
243 384 357
839 261 137
681 413 872
296 487 369
602 49 91
31 857 995
401 998 670
429 875 873
674 397 600
245 241 540
351 965 25
543 463 393
236 281 637
547 561 617
341 745 49
58 81 529
206 129 957
896 337 281
465 469 885
48 305 531
601 917 381
793 211 53
481 275 529
89 205 326
398 471 751
169 301 805
587 314 291
457 62 349
749 311 581
936 422 693
41 724 721
510 729 582
201 645 819
783 313 13
769 847 217
7 49 36
303 911 157
776 956 504
446 561 906
805 984 473
1 353 719
673 571 811
253 73 586
869 61 261
114 301 973
437 715 861
221 15 81
645 469 241
741 116 871
370 417 365
185 681 408
431 481 46
848 17 405
865 377 902
777 16 301
619 16 882
177 671 457
145 801 265
306 185 145
225 548 201
351 132 258
564 433 31
681 7 297
762 379 898
527 105 375
481 105 459
172 626 401
721 19 853
193 559 555
427 397 914
91 781 519
97 829 649
921 61 266
675 698 809
425 26 681
113 729 443
615 456 199
980 575 981
79 3 23
635 579 221
601 35 536
814 736 441
577 811 415
663 137 473
183 843 651
581 105 66
177 831 447
231 91 957
1 737 401
441 945 800
351 471 200
937 276 934
935 11 411
329 765 66
862 561 497
277 15 577
181 897 910
370 553 175
574 89 1
301 425 677
568 929 78
666 271 991
351 148 651
710 631 213
60 201 893
754 201 902
465 636 528
219 769 701
37 505 411
193 663 743
851 141 941
81 69 944
857 117 833
893 896 883
321 121 956
471 913 961
541 395 881
751 485 897
148 911 194
215 121 129
51 593 133
523 519 451
946 922 181
947 381 971
261 476 297
760 591 591
681 831 439
687 829 30
501 628 825
175 801 257
826 7 366
457 515 321
156 453 421
279 348 383
741 626 88
141 650 601
859 121 841
256 236 313
503 412 760
499 949 201
426 102 545
210 25 514
666 393 11
56 411 944
368 874 9
575 569 853
699 961 238
571 873 233
361 186 511
841 589 121
421 556 269
305 957 771
184 337 29
9 536 341
993 166 961
113 245 501
757 546 673
381 770 801
272 481 178
355 99 805
949 590 881
527 573 421
449 704 315
369 589 505
189 348 238
957 326 346
33 985 870
899 486 601
59 491 372
673 555 103
646 489 261
377 657 346
431 410 47
291 317 601
449 817 426
215 793 1
571 966 257
947 81 661
70 597 313
681 755 485
89 211 357
872 246 453
686 931 1
50 257 37
938 381 281
717 337 935
351 391 905
926 821 517
924 737 808
874 361 117
361 1 697
118 761 763
401 831 857
641 47 417
151 857 337
141 558 849
999 634 216
201 985 8
259 501 146
207 89 663
109 374 39
609 65 601
209 865 225
251 752 881
308 931 369
327 677 377
321 275 265
81 673 473
137 491 545
797 237 553
637 486 255
501 774 712
563 67 483
897 201 206
125 651 721
583 381 931
806 561 416
991 825 1
922 527 847
81 474 21
717 231 826
417 13 541
449 805 888
371 991 95
797 492 17
132 109 89
751 523 318
731 881 811
791 681 980
901 411 907
432 729 179
545 601 95
263 425 541
591 425 722
992 433 669
873 53 57
696 935 821
633 931 201
245 865 657
501 743 560
797 177 201
725 901 936
301 985 288
852 21 916
234 317 821
731 731 332
255 129 349
601 521 99
29 439 312
946 341 793
851 753 623
371 361 247
749 601 206
425 89 43
447 351 647
714 701 41
766 424 53
513 227 732
95 337 333
105 901 519
13 889 767
59 431 601
800 771 633
965 886 597
641 427 467
77 297 233
59 951 252
149 121 477
237 251 289
296 699 223
44 886 460
815 728 769
479 229 278
203 433 912
564 732 755
557 737 29
225 502 135
782 993 453
593 537 509
91 456 337
231 291 301
793 691 181
279 986 946
589 143 245
201 152 733
971 155 329
71 301 229
15 985 481
401 681 651
982 657 651
164 682 269
619 611 787
261 938 661
131 99 849
999 719 843
193 537 63
67 451 956
497 415 878
329 384 381
417 1 801
400 566 957
201 27 857
214 668 536
255 883 193
866 871 459
565 913 261
90 735 431
334 756 897
740 941 53
795 706 758
232 553 881
401 973 801
717 225 104
105 321 959
201 389 433
516 957 579
517 474 257
117 860 692
713 661 241
250 909 629
768 329 645
237 591 536
223 727 177
809 381 474
977 649 357
939 401 501
301 397 817
783 289 309
601 85 809
774 354 559
641 109 801
611 434 988
771 651 303
741 343 430
221 228 679
504 541 894
436 969 58
413 729 676
214 948 211
663 162 219
267 570 65
65 521 231
881 50 363
365 219 825
511 829 855
137 346 533
203 387 126
64 221 275
654 894 505
658 953 209
973 628 281
31 299 231
641 625 537
441 152 807
676 341 843
801 109 401
281 889 473
815 65 351
721 529 441
227 368 641
305 731 601
131 33 686
41 861 11
219 441 187
247 557 513
305 289 984
409 499 745
626 145 491
271 702 581
775 897 953
513 529 413
545 758 387
89 637 401
9 138 329
361 93 49
296 453 411
556 441 166
177 627 85
337 885 281
343 864 329
74 757 267
201 238 461
745 9 931
326 553 765
437 196 141
521 826 787
801 26 451
669 625 418
321 776 237
851 261 961
227 69 442
826 747 1
601 981 571
894 984 647
603 7 480
541 804 656
551 851 394
709 636 860
493 557 726
713 613 108
295 761 179
269 921 81
9 38 861
409 945 697
681 586 5
796 367 689
211 341 233
750 299 911
759 792 666
641 585 661
836 334 641
341 698 899
285 371 253
693 471 282
751 577 346
545 499 423
676 126 906
417 422 777
223 231 352
22 178 681
331 313 220
311 685 583
173 827 511
246 475 226
161 994 116
1 703 522
86 546 545
381 501 61
873 371 689
934 139 273
284 428 241
819 646 793
177 253 201
131 77 207
793 23 626
40 945 269
753 997 567
913 846 529
433 743 867
874 901 579
748 105 179
273 176 445
761 177 651
61 785 863
950 561 569
461 29 451
686 993 481
447 653 293
977 799 593
767 351 88
548 857 171
224 439 494
201 553 17
617 204 1
347 176 612
361 49 868
241 684 1
795 581 1
657 145 475
905 893 678
426 217 493
177 93 205
801 417 891
626 36 909
298 411 345
723 331 101
841 265 625
371 687 401
135 94 213
833 65 295
1 977 1
605 303 298
441 353 785
873 612 9
397 651 705
58 372 157
972 501 787
727 212 883
991 465 860
586 410 697
161 856 336
407 698 830
201 269 627
795 177 216
981 713 41
863 201 521
147 839 331
201 335 876
9 489 712
254 65 201
940 721 231
473 616 775
915 417 461
133 737 936
147 399 739
623 471 745
852 73 593
812 47 751
409 59 981
445 977 267
442 21 863
993 206 536
938 136 179
201 369 697
177 291 977
401 361 309
605 852 13
703 699 441
414 977 749
151 539 777
583 951 459
450 876 841
22 384 441
850 681 259
470 390 946
