3188
449 841 545
393 801 151
971 209 965
241 558 687
25 833 143
401 421 561
587 278 329
89 857 261
907 92 424
654 709 444
945 237 860
781 599 133
355 547 321
637 209 228
905 641 621
599 661 325
135 354 271
969 317 128
592 137 715
196 746 785
147 234 619
203 242 69
751 527 696
95 683 457
261 695 753
295 934 527
937 556 610
293 171 523
415 829 1
411 474 217
479 933 410
191 289 606
859 266 341
409 849 705
665 65 108
587 709 643
901 189 521
761 318 873
641 997 545
66 21 441
396 821 617
333 625 484
869 133 721
991 191 36
49 161 298
325 917 702
274 211 355
21 823 261
591 275 36
850 851 726
997 953 413
871 925 972
665 344 849
411 906 313
651 790 985
885 399 161
554 367 796
221 765 605
681 418 385
904 529 96
409 503 505
834 541 683
801 365 29
61 601 689
675 405 399
400 71 438
940 681 997
891 901 601
491 877 355
756 357 679
573 281 979
210 39 263
887 513 251
91 457 821
897 297 708
605 765 881
596 877 740
893 713 549
722 213 347
593 185 576
865 905 969
666 837 601
305 361 945
993 893 409
41 201 2
97 12 700
101 511 671
96 649 537
217 512 534
42 265 265
528 669 745
975 964 849
338 215 281
505 245 729
121 925 19
524 217 86
861 469 17
48 577 782
945 201 149
377 49 736
177 709 215
865 13 429
727 435 716
991 99 511
313 293 921
811 881 266
377 961 536
535 641 545
641 209 897
942 925 654
209 663 423
97 469 140
81 166 141
251 564 289
569 233 241
777 759 166
241 656 658
769 65 509
429 197 195
271 336 861
73 323 449
186 61 466
425 721 529
324 667 405
448 871 284
597 221 500
527 853 986
352 521 261
251 515 141
186 971 469
946 289 717
53 34 206
997 134 249
417 945 389
5 345 921
472 1 37
122 26 13
981 654 320
969 595 748
261 661 431
465 466 344
529 659 129
576 249 969
506 375 826
218 491 737
561 771 645
121 196 73
726 532 367
891 241 537
133 337 757
535 515 241
553 51 151
19 721 581
81 265 673
430 996 271
527 689 292
965 51 545
771 789 226
657 929 943
328 851 56
358 985 352
921 437 377
739 233 179
809 738 737
901 769 77
492 616 654
576 111 781
6 167 506
393 683 822
308 40 417
392 876 610
971 922 457
920 513 483
541 809 818
766 322 311
101 716 105
991 841 505
931 885 473
881 936 761
670 20 17
793 732 972
49 838 180
635 865 701
387 983 330
765 673 993
164 533 709
531 741 93
931 566 465
54 945 442
894 72 585
994 221 617
850 151 625
871 697 731
839 574 601
491 113 327
149 801 19
121 973 665
4 709 233
265 316 377
249 14 497
271 817 97
169 625 961
515 6 456
785 505 529
549 164 103
468 499 986
151 97 441
481 603 57
623 721 665
141 691 409
210 952 441
151 839 691
39 876 558
471 305 945
951 271 685
199 697 196
637 124 154
833 831 853
806 789 755
421 281 503
409 521 241
308 823 941
367 466 245
48 149 637
639 140 401
971 481 788
761 395 917
151 71 298
989 873 802
794 65 101
247 371 177
605 813 263
186 317 609
711 997 819
319 965 865
323 848 826
120 961 241
876 751 698
437 313 311
240 65 524
693 521 256
693 460 736
59 841 694
861 521 893
199 27 449
301 109 276
126 81 783
148 711 681
161 351 921
380 285 431
629 240 371
925 23 451
657 963 561
293 947 625
953 278 625
249 981 801
643 161 101
799 217 705
763 207 780
717 982 617
917 803 13
813 699 268
657 911 289
121 41 751
144 201 449
969 488 585
83 390 476
164 820 481
936 617 85
469 523 832
583 289 617
40 686 257
385 41 908
731 237 219
860 491 107
129 517 282
390 53 110
475 819 649
292 973 73
218 945 669
963 599 681
19 91 941
520 771 585
433 263 737
975 103 707
298 992 612
37 439 496
121 984 701
946 432 48
145 465 361
14 214 93
141 297 521
449 1 675
9 641 945
75 406 778
185 431 286
854 581 961
532 811 493
803 563 125
486 377 984
71 324 485
506 876 990
378 981 769
573 262 521
115 807 662
741 341 347
361 19 101
203 683 811
509 53 479
361 298 295
890 607 752
961 865 739
669 369 21
650 785 882
586 882 881
926 986 881
93 169 501
833 539 897
151 967 641
480 28 438
521 544 493
781 191 319
507 805 881
875 117 433
337 617 345
341 59 450
6 567 687
633 554 747
293 504 141
682 201 35
366 703 676
900 361 1
401 306 442
599 567 921
815 279 157
839 609 299
949 73 521
489 599 993
327 271 356
176 102 973
551 278 583
384 211 429
941 973 795
858 141 606
12 696 446
777 741 467
93 57 244
85 833 533
21 202 497
993 843 981
600 915 651
837 791 933
621 261 905
241 621 881
91 65 751
731 521 527
461 33 601
883 238 496
161 132 16
951 157 957
577 26 346
420 365 921
81 951 884
241 361 301
661 417 952
911 1 406
817 481 348
403 171 99
92 533 721
801 33 566
1 711 887
7 971 917
481 401 907
630 221 56
967 169 34
501 393 473
799 961 563
127 433 432
643 227 796
453 891 478
564 301 80
593 133 641
293 705 721
433 81 121
1 566 593
925 676 493
245 273 420
49 722 611
446 535 695
237 232 233
563 512 673
181 297 851
865 765 289
425 173 601
540 801 516
999 144 797
390 853 161
222 951 561
363 421 929
619 337 381
213 25 759
355 61 757
497 191 65
997 207 182
33 564 33
201 751 276
849 545 362
435 761 1
121 761 997
657 385 468
459 893 569
229 441 671
521 361 321
561 486 37
602 901 406
427 931 811
214 797 337
561 878 697
241 599 541
967 157 797
47 1 340
121 841 584
55 811 17
217 437 331
511 487 837
461 995 622
365 245 378
593 249 701
61 483 190
887 511 986
670 527 521
562 879 701
805 385 112
596 441 520
788 309 429
273 641 262
537 481 977
126 926 877
577 441 325
481 49 227
173 407 99
953 681 388
997 541 591
429 641 281
126 201 725
337 401 215
953 251 126
745 844 989
321 827 21
950 824 701
988 387 521
597 489 783
416 657 41
619 826 207
595 481 145
911 646 469
415 147 707
477 379 617
721 753 728
53 329 601
267 881 177
51 97 114
373 137 109
401 372 165
119 410 541
113 41 537
201 25 387
649 803 981
296 85 795
721 951 281
895 633 889
329 961 71
413 748 394
151 358 449
52 561 105
824 853 33
221 125 251
643 76 735
617 691 39
157 805 676
623 866 745
643 217 331
353 124 433
621 937 388
773 389 115
331 221 501
99 765 362
604 800 712
652 317 793
801 85 168
845 726 129
139 357 893
159 822 339
866 761 954
531 441 369
571 905 637
102 761 245
641 595 441
880 981 993
355 441 796
621 821 580
681 361 381
125 708 456
403 119 997
436 457 651
814 919 758
276 543 609
95 156 695
713 741 317
881 645 306
318 689 441
878 427 437
173 39 138
1000 523 287
131 301 551
361 614 949
629 241 697
321 965 563
11 93 33
907 561 68
617 416 732
757 626 293
601 201 884
262 1 81
41 446 226
351 478 596
261 201 925
783 867 511
444 681 886
183 337 31
741 830 198
488 946 177
309 529 401
100 433 905
753 176 785
769 409 671
26 383 629
103 756 921
986 51 277
838 701 258
249 468 227
229 105 497
549 270 361
369 187 379
626 117 231
75 917 601
39 320 233
511 839 301
141 172 797
127 158 975
529 593 209
773 41 73
749 111 203
411 449 141
501 827 793
99 701 767
31 966 845
376 429 558
722 757 94
975 120 573
97 569 925
573 894 1
912 401 497
969 219 541
521 129 362
409 786 354
377 247 879
498 766 281
973 339 383
416 28 921
847 897 965
169 73 551
197 707 453
641 575 177
309 129 811
1 863 869
847 285 340
973 529 655
501 864 774
571 899 949
57 961 309
437 843 796
420 678 679
67 962 902
385 721 186
421 471 197
215 361 172
491 78 273
881 239 301
881 432 421
169 766 47
813 327 701
608 189 49
394 710 385
576 371 546
49 345 800
21 85 539
767 161 465
449 862 760
485 411 681
391 984 750
413 797 386
666 93 401
803 529 166
527 754 179
413 285 955
911 825 125
670 628 94
241 574 661
89 705 789
938 691 934
477 871 30
624 889 205
649 89 178
920 441 541
604 761 420
71 17 501
89 365 859
417 213 448
635 899 405
486 521 791
104 258 710
781 591 661
491 129 453
11 417 697
769 601 486
463 343 522
559 633 789
225 417 711
676 913 511
52 704 921
464 861 129
497 455 337
268 797 401
461 745 673
873 209 941
185 770 407
222 956 536
649 597 204
475 134 71
999 871 5
961 441 971
791 589 342
701 618 259
803 819 421
41 665 821
573 666 285
199 341 713
871 426 191
186 484 66
91 496 791
453 954 613
23 616 989
695 1 401
245 689 204
47 597 279
314 432 37
704 652 85
446 291 401
454 731 349
651 323 1
950 193 19
263 905 272
401 692 765
158 953 547
581 989 641
584 593 941
849 86 463
825 570 881
601 245 322
261 701 176
997 657 395
382 943 285
451 405 273
96 141 156
701 119 905
215 510 631
731 951 569
401 665 316
407 766 716
449 565 950
222 563 751
31 451 602
301 441 455
177 601 425
214 258 866
414 871 776
341 722 225
261 308 98
217 274 351
228 665 976
814 107 681
381 929 51
981 341 345
683 233 820
619 687 495
301 509 521
526 760 46
885 611 251
111 589 295
453 913 803
1 785 863
34 729 55
49 697 285
43 345 267
262 801 786
17 873 315
829 837 836
709 20 537
533 477 83
498 353 585
41 747 581
565 991 831
128 707 449
544 161 944
83 930 421
601 75 676
401 243 50
451 880 793
633 97 634
353 708 468
461 357 745
553 249 477
485 184 672
113 865 864
421 361 81
851 117 27
671 26 19
486 476 434
647 441 521
753 449 190
67 401 657
499 656 138
561 266 755
853 680 369
809 785 577
781 289 492
163 732 237
996 750 571
811 635 975
276 201 339
841 163 550
869 77 378
588 580 117
9 39 563
441 458 805
1000 993 585
909 921 907
535 471 776
287 983 194
203 508 426
797 693 977
481 797 577
296 339 991
381 133 55
579 946 474
633 693 111
887 37 17
885 60 663
938 136 56
123 523 293
801 849 661
743 401 554
734 933 321
223 326 7
490 897 37
53 487 907
961 474 641
711 82 715
820 79 274
67 273 442
333 662 717
484 731 259
361 81 241
68 389 701
457 29 45
985 217 113
987 681 373
886 603 461
121 94 273
271 651 308
797 951 176
43 117 448
165 219 392
41 267 805
837 161 249
33 849 144
561 849 144
393 31 643
823 855 616
651 676 733
181 31 137
159 351 661
932 337 353
145 133 239
460 241 447
251 897 797
21 1 264
748 489 354
545 770 576
778 401 505
71 522 655
525 217 105
401 61 323
119 971 761
50 967 771
622 61 897
727 191 805
569 59 81
179 267 335
975 281 653
301 206 437
484 545 1
85 959 22
890 73 521
561 827 225
97 367 695
993 246 449
432 60 201
905 285 985
665 717 83
732 811 553
685 537 366
203 551 747
633 981 393
177 204 712
256 889 5
85 481 23
747 431 647
865 810 75
957 462 1
967 474 942
245 441 973
225 386 315
109 322 419
243 667 219
866 811 259
833 864 789
805 113 216
936 685 881
382 460 641
921 724 511
567 709 732
601 711 373
70 81 661
586 301 369
75 179 69
793 81 253
257 771 851
43 630 301
756 497 107
148 478 979
741 251 685
409 391 26
98 61 961
900 616 793
881 432 166
577 856 501
408 289 112
833 449 401
315 89 75
823 244 859
705 115 551
193 341 969
217 465 943
306 911 945
881 561 521
671 989 547
771 118 29
876 862 761
598 615 889
281 331 69
743 890 679
501 687 861
376 883 36
148 279 151
653 893 557
13 435 966
797 737 575
824 69 69
985 63 481
293 749 995
495 722 524
801 881 37
65 905 673
25 21 489
49 696 501
179 502 379
955 709 847
26 943 735
873 666 744
21 209 502
939 626 661
371 398 377
756 401 419
801 9 480
645 321 51
905 969 201
277 737 217
49 74 102
215 814 129
465 971 496
255 105 921
166 889 795
315 353 943
747 6 417
637 81 167
763 665 803
657 9 229
821 841 945
351 625 583
361 173 521
461 191 67
225 207 537
71 747 936
109 761 3
90 982 417
581 211 857
752 803 255
782 47 355
736 417 811
619 915 901
510 721 363
370 713 561
29 618 977
766 393 945
578 596 615
159 451 865
782 575 326
190 260 161
2 777 611
555 609 537
213 516 803
153 717 969
611 921 175
403 489 145
876 301 401
505 772 244
553 491 786
645 871 945
871 11 189
264 41 802
30 250 295
41 620 137
551 246 473
117 914 865
483 575 457
405 507 816
929 265 553
881 465 601
725 151 401
254 269 714
917 931 66
100 31 633
766 992 753
575 461 756
776 169 216
864 117 593
328 911 915
685 293 681
341 29 421
526 361 956
639 620 796
981 485 341
973 763 465
269 226 163
291 859 120
713 673 381
249 341 27
237 357 321
247 692 456
146 904 9
751 309 441
603 385 458
208 394 850
361 545 874
261 769 733
771 716 623
345 487 811
507 281 289
473 321 809
721 979 963
561 297 411
686 357 671
521 588 306
502 309 301
342 473 423
9 17 156
693 572 427
409 241 649
547 77 493
601 202 680
357 771 139
718 781 575
451 9 543
633 449 727
731 321 218
321 89 41
79 711 801
219 561 362
561 345 423
81 307 318
485 521 609
567 545 529
953 239 561
117 840 426
763 523 61
793 777 785
542 877 307
393 171 441
709 961 275
625 941 593
191 911 550
906 817 294
371 460 813
797 961 799
917 421 121
708 358 609
31 381 573
176 121 907
873 839 1
949 591 202
102 207 185
40 969 375
433 703 251
496 208 993
614 103 947
497 974 283
785 416 501
401 31 327
42 976 563
168 913 207
681 196 47
897 360 1
161 627 877
761 669 925
61 679 253
780 127 324
426 329 91
611 518 508
808 698 841
205 46 873
619 303 801
148 361 453
569 473 157
553 717 511
333 545 686
889 876 949
580 839 869
653 611 437
568 499 571
297 450 305
131 827 613
653 941 857
221 121 656
945 113 393
2 346 26
754 581 100
97 509 23
499 276 273
26 874 521
802 899 351
944 641 873
253 340 135
651 809 272
583 849 585
721 892 257
329 901 722
853 360 641
610 1 750
642 815 131
270 694 993
1 49 743
335 931 357
51 365 344
635 177 945
190 801 488
57 481 973
712 817 581
92 297 361
266 911 933
962 207 450
735 433 794
644 802 241
449 919 337
508 452 422
791 859 107
102 217 973
251 621 1
59 71 41
943 809 265
256 611 505
31 831 921
153 377 321
621 399 448
897 451 361
575 129 682
517 25 441
261 837 740
555 793 593
595 171 985
412 433 117
81 176 974
176 127 881
796 803 843
663 881 791
531 218 165
681 621 878
184 396 433
613 973 816
773 241 241
1 435 441
995 40 435
855 435 613
265 689 9
33 352 371
909 635 263
707 39 981
525 809 145
681 435 687
761 729 998
346 256 505
823 453 593
601 186 45
166 751 811
344 341 721
911 355 551
161 450 821
323 781 516
475 329 381
359 603 520
897 33 433
897 629 333
105 697 982
501 601 601
145 843 491
793 198 753
570 349 556
846 143 29
141 273 600
497 17 255
480 201 227
9 475 57
621 913 801
276 363 240
55 858 5
600 826 25
696 133 601
458 307 554
664 669 780
841 276 947
753 716 49
107 77 238
379 719 891
827 561 225
341 759 201
601 761 787
561 19 47
208 314 699
761 601 496
661 186 441
696 913 497
721 817 383
293 573 715
208 721 758
721 938 593
849 97 250
45 99 273
363 705 688
36 57 373
261 925 203
631 81 725
292 486 213
3 45 371
493 946 95
796 770 121
241 729 923
241 176 904
827 289 267
685 643 278
558 983 409
263 529 397
577 277 310
417 259 986
198 271 89
543 701 986
549 513 985
665 177 101
262 945 664
197 501 513
961 818 929
589 721 137
722 655 886
393 585 816
570 761 554
961 191 237
411 61 51
631 141 586
711 905 690
779 523 881
26 753 301
190 431 218
269 433 39
998 301 211
1 1 371
493 65 624
156 871 145
449 298 89
725 297 146
957 439 436
233 148 721
917 494 473
732 200 308
731 836 789
145 676 478
749 617 879
239 211 600
661 821 333
347 494 337
952 589 577
697 525 426
51 361 351
829 959 231
174 597 546
114 765 151
333 596 375
194 321 856
135 981 193
938 729 81
537 104 450
412 73 34
835 328 154
589 33 761
485 576 995
907 806 276
907 876 361
687 365 473
776 397 235
948 248 788
901 951 253
409 700 67
313 421 669
652 961 67
787 473 351
709 687 599
325 313 833
272 881 843
857 259 178
629 744 713
838 614 865
115 281 250
391 517 671
231 402 725
721 696 857
937 536 971
627 525 25
965 580 341
326 183 531
853 307 905
273 556 228
434 883 795
161 721 746
27 863 812
401 41 841
15 763 283
317 713 297
946 285 211
568 570 517
541 161 897
785 669 976
553 791 606
513 657 361
847 391 601
611 183 173
201 921 546
225 109 265
973 675 851
773 129 89
969 540 451
595 187 351
611 21 165
953 181 300
1 575 685
501 59 845
682 795 369
785 831 768
591 649 567
516 41 281
780 833 863
219 786 101
160 85 877
512 633 844
553 291 373
962 501 776
706 961 11
601 725 976
885 191 251
171 662 939
805 693 921
889 656 871
61 528 524
385 507 121
55 109 141
853 361 291
573 231 157
541 865 527
346 131 121
53 680 20
363 601 359
420 149 140
671 549 345
303 433 929
434 676 283
719 271 257
216 876 351
181 688 637
653 996 743
826 40 255
349 733 551
123 136 617
261 449 601
69 529 402
262 601 821
726 61 522
553 81 466
960 745 950
415 41 801
351 344 801
856 9 25
705 999 457
251 601 954
607 921 819
375 461 73
261 825 16
225 633 233
890 131 227
349 857 601
240 91 313
401 81 417
782 601 281
721 896 793
215 609 369
699 601 601
401 907 573
601 716 171
989 551 275
656 128 157
152 339 359
272 836 900
601 349 2
357 764 921
909 411 679
713 587 821
92 894 513
61 202 271
792 425 313
784 999 532
797 901 801
705 174 695
611 353 61
737 311 715
953 31 350
513 351 1
320 729 321
599 89 429
263 211 681
501 401 363
719 85 681
29 88 727
921 650 26
90 721 556
983 643 871
93 657 720
269 913 521
819 688 485
401 961 999
969 551 857
458 625 406
776 301 259
419 786 665
919 112 241
764 574 892
915 161 521
541 293 81
976 738 129
18 959 612
726 58 540
945 817 641
985 100 129
681 65 174
669 333 857
325 497 691
531 371 962
941 601 601
158 913 515
323 681 177
649 87 451
701 185 292
866 191 465
961 632 390
257 545 76
193 269 929
907 234 401
679 356 173
625 725 393
281 361 497
280 367 24
426 213 412
169 854 101
501 135 101
833 130 712
241 339 257
797 75 773
421 581 633
69 67 158
513 449 561
491 549 92
241 572 985
169 866 335
849 524 940
27 369 256
635 919 697
741 849 137
51 865 313
835 447 706
451 31 205
232 136 743
331 251 113
909 401 428
865 151 272
891 218 865
911 961 525
977 257 891
651 833 121
200 201 894
73 126 837
745 200 820
627 38 491
346 469 856
602 46 821
551 493 332
819 89 344
723 83 995
975 113 897
967 571 929
897 271 452
257 899 798
335 937 539
321 171 987
961 533 653
431 385 650
307 759 41
336 861 229
174 344 18
531 901 809
641 706 109
601 501 51
941 25 1
891 736 85
897 337 81
170 701 161
627 601 551
526 197 65
396 845 273
159 247 354
254 209 513
549 923 539
987 617 864
465 632 501
470 435 603
356 865 901
352 317 501
25 225 631
675 830 386
22 45 361
576 341 893
825 501 239
651 42 81
409 721 199
287 461 291
96 511 301
653 731 518
281 315 51
713 483 9
649 872 39
289 491 986
640 352 741
176 67 959
126 474 15
366 371 754
609 476 142
781 481 265
921 146 313
741 975 311
446 180 361
456 661 449
744 84 991
117 497 224
277 825 849
916 260 901
923 686 404
747 793 643
801 897 665
685 592 1
509 97 79
113 627 867
201 166 751
325 433 109
161 195 345
191 929 255
156 937 976
969 821 361
128 1 573
745 426 81
981 255 545
181 539 531
767 929 331
1 945 962
795 496 61
805 333 593
39 403 489
67 409 386
378 982 701
985 313 141
201 506 233
770 297 441
467 323 153
797 970 563
785 593 361
665 711 361
9 339 233
441 455 201
816 817 176
167 948 154
463 350 25
761 613 21
549 745 301
127 89 289
165 213 376
265 327 361
329 570 535
569 1 85
181 423 26
57 401 350
383 64 105
721 797 905
997 601 973
926 96 407
876 605 613
115 541 436
722 345 89
965 209 793
311 981 561
236 787 251
473 556 889
768 401 845
933 31 301
842 913 31
292 33 409
677 203 629
241 831 661
88 598 951
657 875 401
110 753 421
851 505 541
290 875 353
619 941 719
542 421 147
595 177 561
595 393 78
278 383 141
671 836 251
336 401 777
461 329 697
785 723 745
631 331 982
539 955 140
696 741 541
579 721 93
921 633 871
651 853 243
469 439 198
337 503 476
531 711 381
689 985 301
784 869 684
183 583 817
509 400 48
768 281 851
922 593 626
421 801 172
757 725 916
753 931 429
245 313 165
959 257 10
937 85 91
338 425 150
193 225 46
921 961 69
213 397 775
878 551 497
903 967 60
625 202 801
424 931 96
833 341 150
441 985 152
1 289 841
281 581 283
397 407 851
145 708 466
536 153 107
581 745 697
611 141 929
825 951 469
913 211 992
766 681 181
80 443 884
731 293 502
822 348 695
145 309 883
855 347 747
491 561 687
189 345 271
649 126 601
401 440 209
639 993 69
616 341 885
33 569 44
547 613 376
985 869 31
939 61 251
33 185 324
425 254 597
731 515 215
943 967 859
221 226 839
881 262 379
951 713 250
129 201 577
313 851 265
953 145 872
976 700 313
225 249 401
377 401 987
717 29 420
665 665 526
101 467 622
868 141 571
559 381 156
545 901 301
397 831 691
731 395 414
65 166 26
741 649 153
685 645 698
529 713 448
473 719 104
521 515 791
935 43 431
521 467 521
401 385 289
501 163 264
697 495 337
631 757 807
576 653 401
159 588 161
865 508 655
333 513 683
456 705 705
633 385 91
441 117 750
487 986 871
756 58 577
641 702 1
171 437 839
474 663 185
406 33 409
609 229 1
921 279 855
881 811 603
269 220 441
373 813 601
356 781 735
153 486 366
234 627 539
203 8 21
517 179 410
686 169 268
638 129 323
581 589 431
278 769 665
251 255 625
564 340 651
825 965 491
223 265 17
538 269 953
83 233 413
623 310 953
9 665 96
661 553 553
1 943 249
911 291 471
746 199 190
761 995 73
789 641 301
592 783 345
140 843 695
551 143 596
1 76 931
368 401 290
961 610 977
795 116 460
793 448 401
321 477 11
967 603 85
382 197 891
211 369 992
41 441 953
673 221 491
233 441 691
526 549 354
812 451 889
998 549 17
461 801 863
501 975 913
569 551 659
761 729 933
411 101 946
541 335 689
244 5 429
601 148 706
368 553 251
435 673 876
921 749 221
731 650 611
596 401 91
969 683 789
373 410 406
181 777 45
109 418 241
481 263 107
861 433 234
372 426 611
261 815 601
329 792 277
569 501 233
19 301 953
657 331 97
183 953 262
591 310 23
871 65 105
623 771 559
111 716 777
726 317 801
822 960 401
978 366 362
135 521 356
736 683 631
76 451 421
541 321 626
773 321 917
585 681 186
331 7 937
203 69 705
131 76 938
941 988 982
850 460 892
865 983 657
391 544 861
52 65 553
17 315 713
143 49 937
921 267 93
617 846 378
201 269 405
86 641 569
81 371 486
638 47 955
839 581 905
836 837 545
111 379 501
352 81 641
72 351 692
265 983 401
196 739 1
245 801 297
413 233 517
798 897 962
20 153 156
633 874 573
855 361 993
111 351 821
321 981 234
886 895 501
849 222 522
301 841 114
15 277 925
188 632 993
481 966 458
266 681 676
657 721 826
232 72 189
921 376 301
1 479 535
489 198 722
407 102 16
378 501 111
166 590 91
966 157 219
361 148 603
51 414 324
249 772 826
111 813 606
621 513 972
521 527 345
523 799 351
154 71 241
335 717 792
48 689 416
901 97 77
676 166 397
813 250 32
601 501 747
549 652 263
671 593 857
396 947 735
829 201 201
369 696 801
109 221 359
71 556 469
977 237 144
309 361 575
596 383 66
757 138 899
89 745 135
721 901 801
659 721 791
801 86 894
593 897 855
179 958 120
484 253 512
749 241 679
137 381 949
501 841 433
6 233 153
605 17 457
481 713 345
603 734 222
251 981 297
794 911 593
521 63 557
177 885 728
511 169 695
963 529 917
406 801 501
735 520 101
25 89 881
177 881 79
151 509 745
656 681 541
571 857 281
865 951 217
343 475 137
905 5 582
793 341 381
586 985 75
49 993 661
121 926 21
597 972 773
848 111 137
169 40 321
280 173 979
481 381 145
985 773 609
305 561 441
692 203 741
860 1 218
769 397 226
331 965 424
961 113 153
802 144 225
289 645 665
877 972 599
471 312 337
841 156 965
225 856 927
321 345 601
209 126 249
561 855 820
169 501 664
891 901 487
767 106 701
291 595 869
905 555 625
147 831 406
149 216 576
89 930 57
501 691 946
39 682 239
208 32 78
534 626 125
73 841 62
257 873 735
361 19 401
941 865 247
552 917 805
129 999 331
365 535 825
369 277 341
567 921 849
291 363 861
601 619 229
941 349 436
705 621 255
796 45 351
779 947 77
919 641 141
886 461 761
833 705 61
840 351 173
583 701 87
1 941 424
330 491 870
153 945 389
929 421 991
120 925 559
97 73 557
529 881 577
93 321 616
457 901 524
328 241 407
457 394 793
681 693 265
251 345 921
845 786 315
856 629 761
329 1 313
469 249 764
761 370 945
65 761 391
587 761 75
521 684 321
427 17 679
305 592 501
773 937 665
913 65 557
539 713 190
346 853 808
708 397 163
435 715 525
599 517 373
259 205 516
407 861 753
264 407 591
976 42 577
651 961 701
113 817 740
221 441 729
56 581 841
445 769 432
241 73 209
999 329 289
609 724 501
386 201 136
121 503 685
821 281 698
921 401 219
936 327 428
31 382 195
377 657 953
745 373 401
341 743 481
164 256 971
68 593 871
389 197 616
873 780 553
641 891 226
401 221 193
395 583 724
233 6 957
969 75 651
167 179 237
488 401 166
162 368 457
161 495 807
696 369 165
257 478 421
696 33 737
596 809 802
361 55 801
271 491 571
520 121 9
97 369 655
25 460 213
893 625 781
266 351 649
801 526 532
111 467 818
912 713 501
602 196 443
318 269 617
901 426 597
940 275 113
815 578 372
981 476 705
795 598 405
579 351 735
733 186 37
321 292 81
963 574 278
620 176 51
257 401 821
73 697 373
301 485 301
89 880 711
492 523 191
101 625 789
553 88 929
684 501 567
937 593 139
525 351 527
571 665 687
795 767 517
287 401 68
747 201 806
69 937 949
125 7 307
493 313 861
591 341 517
917 73 418
961 529 97
307 681 153
845 435 772
617 903 197
229 869 654
297 523 469
469 171 216
121 401 214
121 259 777
975 297 377
599 181 33
699 81 4
755 407 688
828 351 555
819 329 271
538 801 762
993 445 309
633 641 785
971 293 833
494 875 677
69 764 401
825 897 375
601 917 81
188 1 757
641 433 665
930 709 97
303 476 511
613 217 728
1 41 965
437 345 399
989 885 1
402 661 268
458 411 531
881 935 981
889 170 524
208 776 300
154 465 391
901 537 695
505 946 529
111 273 913
193 513 293
565 801 792
352 871 913
331 16 813
26 561 357
661 141 29
669 347 966
701 963 417
401 54 649
101 153 785
819 50 41
796 626 233
429 127 701
707 852 851
413 801 433
617 129 26
123 702 388
66 538 752
670 653 61
994 751 176
657 451 801
147 449 265
596 777 561
633 233 510
1 263 286
257 600 635
265 808 142
233 761 126
257 148 103
311 908 107
251 908 82
431 305 113
241 601 655
321 645 1
111 519 565
776 871 841
733 685 338
568 466 849
337 201 61
293 848 126
981 838 95
489 921 479
31 699 407
981 466 838
117 691 316
816 89 541
233 616 284
73 631 105
294 285 633
506 175 461
385 269 129
769 390 476
550 624 165
689 772 609
966 595 221
875 321 397
777 326 209
371 131 649
191 165 73
649 409 831
657 893 261
881 531 852
717 785 713
128 385 591
906 815 501
540 869 393
225 624 841
541 69 331
946 759 83
267 23 297
125 153 905
971 886 585
121 651 197
272 667 688
637 501 157
89 365 159
913 964 591
1 90 673
751 19 917
299 15 437
177 76 958
141 380 795
741 397 911
915 430 146
693 131 821
666 747 254
949 469 143
641 912 966
641 282 660
507 681 873
65 614 979
359 221 417
695 890 773
182 286 581
217 351 721
158 721 585
271 207 611
253 214 769
195 251 115
185 71 354
29 551 601
28 851 371
573 529 775
401 131 308
698 371 892
476 553 878
877 839 275
111 969 555
435 250 175
661 809 181
806 790 461
791 982 769
449 508 169
788 797 386
273 146 297
947 985 532
993 889 514
321 377 958
801 98 119
241 981 825
281 28 451
906 845 301
567 265 539
975 681 652
845 881 329
299 886 408
31 557 345
761 744 201
136 167 185
913 477 207
676 801 545
905 489 241
616 273 13
923 153 841
607 757 938
271 367 681
81 429 745
377 453 57
827 501 14
80 155 837
601 532 107
441 927 491
561 747 555
465 226 719
47 83 169
246 559 189
666 571 711
131 295 549
529 457 147
759 64 996
787 693 663
983 417 194
201 173 41
851 661 211
575 201 660
184 129 69
513 251 805
38 541 528
794 96 57
414 111 835
704 123 857
9 881 485
457 321 687
414 660 841
307 102 849
959 969 985
441 401 253
963 249 681
243 826 51
925 59 441
371 541 900
343 961 283
844 833 975
984 881 275
136 418 687
833 557 773
709 121 905
781 261 549
505 241 605
161 531 335
145 845 829
893 52 26
157 776 961
473 860 306
177 576 111
591 437 176
445 569 789
859 273 831
216 1 451
551 625 931
809 531 956
1 238 221
461 981 863
965 417 553
847 204 649
531 30 783
401 539 743
921 221 491
773 799 573
241 816 573
624 73 9
963 409 333
691 916 602
963 871 877
711 441 186
223 251 869
712 845 391
97 911 199
127 761 385
635 65 290
987 980 481
507 993 992
889 221 85
695 237 241
265 415 465
1 21 698
505 729 689
636 461 873
668 501 673
510 387 708
829 681 516
472 883 466
841 1 493
604 913 761
101 431 777
352 1 621
905 391 313
465 593 829
241 921 257
437 788 447
782 45 829
795 365 745
893 393 247
894 762 268
901 801 685
701 944 449
966 989 481
197 881 303
911 805 371
759 444 692
85 743 27
889 364 27
715 801 147
721 673 979
878 29 670
284 775 402
85 396 321
465 173 184
781 6 108
292 367 582
278 493 126
67 717 677
874 41 443
81 81 57
415 161 417
689 209 441
881 201 726
514 469 102
237 335 521
572 151 161
537 441 71
319 793 986
941 557 486
133 317 860
614 665 983
895 930 646
951 352 273
324 177 747
733 445 488
997 935 276
111 1 537
692 72 437
17 745 893
850 921 801
609 701 730
521 968 1
337 51 923
678 61 801
529 832 795
841 21 814
717 647 441
475 1 463
944 963 47
146 161 798
199 383 625
3 161 601
296 311 141
35 473 124
764 137 71
861 33 657
482 945 597
561 104 513
909 501 201
142 821 12
980 489 64
976 699 321
478 357 801
556 602 963
893 976 737
658 911 681
553 35 229
544 665 316
146 737 110
209 585 298
496 486 545
50 263 841
651 263 639
901 756 625
761 491 677
980 981 782
245 361 369
401 665 953
659 451 801
377 921 273
821 981 49
10 212 101
413 202 890
776 221 301
945 814 531
473 981 717
781 97 289
851 601 465
273 576 689
333 908 617
456 227 737
361 577 134
466 987 53
372 491 741
883 761 287
159 428 982
333 745 997
753 980 741
162 626 921
387 811 627
468 201 1
966 293 96
512 921 801
997 293 246
236 858 1
361 61 921
180 739 211
545 501 83
1 225 341
677 341 526
537 212 137
33 845 777
258 649 551
691 461 633
631 169 458
245 449 301
745 885 87
121 129 464
961 569 805
254 409 532
811 961 517
49 737 76
805 296 621
161 913 21
581 479 369
92 299 489
789 767 439
757 566 111
355 86 542
244 803 559
751 676 701
225 801 393
609 289 969
315 65 359
795 193 535
127 376 981
409 997 343
96 221 987
59 451 634
659 301 6
20 751 206
147 517 409
839 851 976
117 953 473
401 473 217
107 42 495
845 489 226
183 5 289
626 472 783
790 764 196
165 936 151
293 43 860
547 425 361
823 426 425
542 41 894
997 726 497
111 153 442
335 495 199
469 633 441
745 361 361
303 452 951
101 199 81
481 105 961
191 349 301
727 197 63
41 461 720
201 121 595
535 960 827
681 271 833
271 837 614
945 312 585
65 634 627
239 241 161
251 377 186
741 785 816
586 641 343
329 225 874
521 417 116
183 637 756
873 21 683
511 851 897
945 759 601
75 699 111
875 26 501
987 151 561
1 860 977
726 6 224
617 701 939
41 801 737
73 201 671
939 301 191
889 255 231
621 31 1
321 893 781
1 507 607
376 881 461
613 51 356
119 709 491
610 284 399
9 123 746
585 707 862
78 202 381
973 870 901
349 201 401
986 1 585
270 725 874
451 386 849
321 437 5
723 778 372
349 641 957
775 886 190
969 66 874
713 321 669
501 422 789
833 714 116
337 961 26
157 204 653
398 921 185
654 615 521
800 687 497
574 817 217
953 619 911
673 619 877
951 51 389
160 811 321
891 321 877
239 459 815
421 361 617
709 291 114
971 186 121
585 537 551
795 110 97
721 145 590
341 317 345
164 441 551
623 700 319
146 334 304
81 903 762
201 567 426
681 801 761
777 261 177
284 744 613
361 245 113
489 157 401
808 889 614
465 81 853
214 921 342
433 676 287
927 17 543
437 935 654
171 337 276
601 389 389
526 679 22
121 209 226
144 776 649
289 231 121
7 531 421
201 297 884
189 966 572
513 145 618
487 661 557
91 121 823
16 299 983
649 988 953
953 760 73
257 1 455
771 926 182
646 541 386
343 806 625
577 177 996
791 680 805
246 846 677
637 585 17
689 73 641
331 577 255
647 455 21
341 363 977
133 209 981
667 537 205
491 161 307
971 143 521
521 473 519
72 351 659
990 347 409
161 168 255
593 641 273
253 771 949
589 545 621
27 821 936
621 45 755
896 841 119
351 625 906
353 16 461
667 569 917
846 21 15
259 153 457
97 495 113
173 501 431
651 813 901
695 669 563
321 807 746
441 444 382
681 174 349
865 565 219
721 465 625
159 221 33
475 837 911
977 221 371
222 346 332
168 281 386
962 976 353
922 176 166
399 371 371
201 393 251
195 421 463
103 61 915
424 201 876
981 503 14
101 492 522
979 89 790
843 649 978
498 265 9
860 425 641
896 401 615
817 155 841
201 909 340
423 501 145
369 801 277
646 531 729
153 793 209
703 347 621
821 59 373
717 709 972
263 821 117
769 552 47
41 51 579
901 265 376
811 800 789
359 253 729
369 657 569
56 435 941
401 233 761
161 157 111
911 101 355
468 520 381
363 225 834
433 247 785
151 853 501
850 354 385
297 489 627
503 872 577
119 225 533
336 854 857
521 281 939
264 579 629
965 941 781
633 645 183
219 125 306
326 376 99
240 73 41
499 105 501
530 661 49
897 501 57
789 651 601
265 139 693
551 481 998
273 721 975
17 51 167
285 113 829
657 776 966
301 825 697
174 62 477
963 301 305
30 201 411
98 289 687
20 43 643
681 407 655
185 378 71
216 241 435
753 281 654
268 979 191
701 582 32
170 729 149
725 723 935
889 996 575
792 243 953
327 811 36
949 381 895
851 241 555
431 321 833
1 213 219
993 720 789
40 586 171
17 121 87
729 321 42
666 584 190
781 916 777
756 81 49
901 138 333
616 623 263
416 592 911
921 717 151
71 908 512
685 239 773
977 13 829
693 104 151
625 708 137
21 287 426
33 841 681
505 675 406
859 985 513
229 540 359
71 673 201
875 909 255
872 954 37
601 545 751
795 763 281
721 45 180
907 613 51
701 51 876
646 49 424
117 18 9
859 161 777
256 492 361
45 429 964
101 1 621
243 539 431
113 719 81
888 921 324
101 147 466
441 639 835
213 801 227
653 604 609
476 807 528
734 976 542
78 423 409
220 987 237
502 631 131
166 869 291
681 261 943
995 661 755
745 541 462
533 865 441
851 673 11
470 751 59
206 102 991
861 567 327
855 705 293
215 181 979
981 942 530
467 131 737
216 521 513
397 440 690
591 423 847
569 137 255
399 355 651
959 119 665
705 588 995
906 648 549
935 1 581
997 469 574
512 155 826
205 521 122
771 600 175
664 692 613
211 533 611
941 707 211
61 957 41
643 235 11
939 318 181
430 345 837
936 403 611
569 100 881
477 401 315
260 483 884
162 857 416
911 180 817
191 409 355
171 329 811
211 701 220
976 241 345
149 277 793
569 825 507
291 63 655
289 81 401
601 825 991
387 211 641
352 454 891
265 496 676
646 405 255
71 326 921
81 623 977
887 289 625
744 569 498
721 521 501
373 617 306
331 617 809
401 40 921
81 958 481
628 271 943
699 649 299
861 233 39
521 441 235
322 586 681
928 19 77
931 350 236
381 711 761
366 41 163
753 302 609
601 50 469
41 387 76
143 76 111
737 839 197
1 361 274
679 316 483
197 741 81
717 905 169
778 256 729
202 964 221
293 647 763
175 521 289
646 449 631
636 897 406
689 689 317
80 321 859
83 686 408
313 743 126
105 401 839
206 807 873
681 355 401
288 776 289
479 15 89
509 421 1
661 217 896
87 421 257
601 621 648
562 351 169
969 105 665
298 790 41
883 482 201
497 717 423
577 626 152
526 57 465
963 27 249
943 185 149
345 515 409
287 113 441
801 963 651
610 697 91
69 1 191
120 763 586
773 753 670
547 147 786
625 49 529
374 41 223
261 615 37
551 995 905
897 465 646
405 993 893
469 577 758
239 59 189
585 751 551
727 73 644
281 565 728
959 607 941
937 609 585
225 191 776
509 169 751
401 477 945
765 106 836
625 59 31
637 466 941
329 161 721
761 407 5
49 781 992
238 89 601
873 873 416
626 79 125
705 781 766
288 313 147
36 497 324
714 718 461
119 694 241
988 601 456
320 961 3
141 782 209
161 549 541
721 281 97
941 105 81
501 612 305
711 326 30
505 509 593
991 351 115
751 701 607
401 96 61
276 808 401
427 36 495
829 781 434
451 581 251
301 830 550
483 976 41
773 978 599
314 762 773
29 156 837
347 137 497
345 1 59
757 139 981
1 799 126
232 621 401
657 137 161
185 103 46
351 631 265
825 287 441
81 119 137
299 751 340
475 187 501
687 146 859
755 990 301
86 247 687
116 165 87
837 825 408
101 474 606
941 921 921
332 241 70
90 777 17
546 880 377
341 655 745
681 29 958
888 611 200
676 941 209
748 41 434
25 161 491
17 45 353
721 291 849
255 949 574
681 422 441
72 626 700
831 121 465
161 722 217
961 993 417
935 185 633
420 204 105
853 271 238
857 361 201
297 926 45
214 259 433
716 162 325
222 711 3
111 409 801
851 397 625
833 96 434
631 685 963
523 803 281
46 701 449
291 996 97
977 113 876
81 526 48
788 743 569
377 499 711
757 232 799
121 326 1000
254 380 241
353 101 2
366 181 683
926 161 623
262 512 103
392 738 761
762 117 766
553 458 825
977 709 497
913 33 753
993 158 375
288 921 1
921 878 583
691 880 720
123 329 182
445 464 197
182 481 881
401 914 517
921 539 594
667 941 241
604 681 736
314 293 157
386 831 998
501 765 105
449 706 194
413 889 186
201 33 282
283 391 825
262 187 811
275 599 129
533 995 201
874 249 547
663 7 805
641 541 561
198 413 957
303 851 861
777 701 571
777 697 411
963 790 273
534 23 170
921 556 1
321 77 481
201 83 51
713 376 977
601 253 115
871 481 83
672 341 409
905 593 567
990 291 95
921 281 343
1 486 155
698 461 990
551 11 675
395 17 439
474 706 801
447 449 299
361 889 874
583 731 3
669 631 17
809 561 841
869 59 231
802 789 571
371 26 855
673 209 153
16 718 351
785 761 353
262 636 1
750 284 621
41 133 377
261 806 161
521 251 121
411 504 809
616 589 529
551 474 541
977 116 321
376 903 12
109 849 682
966 491 489
697 141 565
93 277 221
376 978 941
225 71 449
301 325 389
474 265 321
656 975 990
567 181 603
523 369 521
713 453 26
23 351 194
815 359 548
583 517 34
403 545 945
679 717 111
749 899 437
145 201 81
85 721 419
995 673 702
724 407 583
331 751 282
381 85 563
425 381 201
601 806 72
688 461 385
201 494 1
601 425 66
476 351 966
500 121 375
939 219 337
323 299 131
137 817 146
561 785 285
818 611 239
962 25 987
257 873 669
345 291 501
272 500 801
240 713 417
65 627 502
481 678 101
17 621 10
41 817 700
491 926 41
137 851 329
537 946 431
79 777 825
908 971 145
513 169 762
385 901 856
457 273 35
401 526 9
427 341 782
335 399 845
617 601 727
425 966 409
309 364 376
345 441 513
626 335 897
441 721 631
881 513 960
460 546 187
785 281 920
597 779 671
195 141 492
363 50 681
877 863 42
693 5 409
297 755 109
502 681 375
564 468 201
49 481 841
693 910 581
503 237 41
841 601 438
361 981 441
470 369 526
511 340 561
769 131 657
27 785 353
755 943 113
136 737 609
316 241 885
731 599 251
376 517 997
743 999 143
185 617 322
491 196 201
513 529 361
235 581 437
169 577 302
884 127 871
230 153 585
305 761 373
727 977 229
393 919 707
296 351 816
891 737 694
962 509 401
659 440 629
709 402 158
901 473 595
130 476 185
276 826 291
6 971 100
889 461 943
441 711 581
485 249 277
657 653 206
19 383 771
581 998 833
355 645 281
545 929 705
251 816 501
131 589 845
483 860 56
129 645 176
593 976 637
585 71 435
648 314 231
141 386 565
693 553 409
365 71 701
280 169 138
633 865 241
312 169 272
801 457 395
447 2 779
849 49 743
305 769 767
697 81 241
311 981 545
203 469 588
235 5 835
293 451 545
329 289 946
581 512 220
966 442 729
244 787 350
453 120 711
682 93 707
537 46 906
861 579 776
67 167 761
46 886 491
