3669
181 476 93
105 681 511
711 576 381
983 313 121
871 834 836
815 912 41
430 485 341
563 703 417
294 95 917
498 989 957
491 321 266
61 433 421
751 898 621
473 456 961
489 521 965
751 513 481
968 429 16
595 266 321
526 213 409
301 193 345
33 567 465
569 557 306
794 757 332
169 256 286
147 971 337
658 277 281
831 407 325
801 986 461
717 525 875
66 244 717
576 255 541
639 497 96
97 236 947
606 473 1
201 191 935
445 461 791
921 901 660
725 811 5
38 429 73
118 815 833
461 876 30
336 951 727
785 481 885
822 336 451
329 617 381
257 73 673
1 348 121
607 955 323
385 427 186
265 465 472
225 427 561
9 744 591
349 745 993
879 267 97
586 621 515
981 911 621
90 49 895
297 802 961
235 25 244
993 353 941
377 256 970
609 621 634
604 65 273
78 889 113
376 328 216
701 595 137
295 613 411
601 303 385
549 652 105
713 658 321
46 97 866
381 321 507
481 639 572
929 741 549
877 501 587
485 309 597
201 945 153
731 335 757
241 289 13
285 801 801
276 841 361
47 56 621
131 219 877
137 237 761
241 561 411
517 505 867
523 496 92
89 169 5
731 481 473
937 735 871
658 486 652
153 166 881
469 992 361
585 686 191
739 161 241
711 759 505
287 211 147
152 525 61
441 289 313
626 413 78
1000 805 502
495 632 465
501 667 298
593 38 246
519 1 455
928 80 25
558 885 497
141 51 101
633 49 897
717 812 307
293 25 770
651 953 736
233 599 2
951 86 451
781 413 256
383 587 267
321 301 561
971 591 237
196 153 316
169 124 702
488 703 865
111 219 707
695 678 908
521 169 505
801 153 451
366 358 624
927 794 107
724 657 587
586 295 233
155 986 489
847 671 861
626 887 85
373 745 601
573 669 503
403 451 401
344 527 196
520 985 778
837 836 161
865 876 726
250 677 52
501 29 732
949 817 181
1 234 233
895 2 105
773 241 839
953 445 579
122 501 885
866 267 282
689 86 931
381 426 886
751 627 219
792 35 203
630 596 127
727 206 281
328 813 491
413 798 757
666 303 791
617 966 779
917 260 385
72 889 921
329 921 658
123 806 728
191 66 985
58 911 617
781 801 245
386 5 249
679 251 188
341 930 987
738 371 605
789 991 831
328 659 851
329 549 573
529 801 749
423 953 701
20 551 471
73 257 769
511 226 999
297 381 536
51 171 369
383 398 1
779 367 857
491 805 289
225 771 741
361 879 673
893 733 159
686 350 121
141 37 141
687 975 822
626 531 534
281 371 611
193 987 938
967 896 57
881 751 767
436 881 219
164 471 911
165 981 251
181 911 122
393 324 981
570 1 646
623 2 202
497 787 387
677 241 348
290 426 413
641 801 561
441 381 241
163 765 856
233 749 508
879 761 801
449 946 91
297 681 207
846 461 462
141 380 585
27 621 711
556 187 141
228 514 333
801 869 741
398 765 1
71 300 110
12 21 923
211 39 461
561 747 641
761 716 673
555 126 535
881 393 926
569 341 811
781 761 6
201 189 876
107 541 65
661 635 857
216 310 4
309 399 89
866 322 655
861 61 486
187 99 221
1 865 701
537 157 349
477 538 953
529 73 121
518 321 369
901 499 631
95 616 601
215 226 355
561 249 294
519 999 907
86 201 503
231 892 749
263 525 111
451 667 315
201 1 507
633 642 181
201 885 941
357 733 384
488 881 707
160 551 101
597 137 978
121 194 725
225 211 181
313 352 854
304 713 472
187 67 357
45 687 241
301 729 872
163 693 541
309 904 566
683 735 73
921 526 665
91 865 386
429 286 435
687 33 846
669 181 106
225 261 393
88 731 160
42 341 326
61 978 401
646 865 891
541 552 761
393 459 821
341 576 147
241 613 118
40 691 241
626 273 27
211 421 396
461 137 379
945 209 861
918 570 826
725 587 551
937 105 41
141 89 236
573 881 761
461 560 43
949 527 517
153 542 661
41 341 651
511 481 229
399 383 441
124 407 86
899 651 1
77 633 715
321 585 961
641 61 109
258 705 742
931 159 202
681 665 761
996 406 762
541 901 796
289 929 973
977 16 9
809 1 941
801 770 1
133 251 417
696 207 511
565 1000 991
521 963 595
61 551 689
765 439 785
515 207 1
541 514 925
251 736 851
185 929 19
941 833 321
611 361 590
229 81 513
489 111 15
741 441 841
289 557 969
676 89 173
841 345 186
598 957 731
129 635 321
837 256 869
486 561 979
789 901 431
965 355 201
631 912 450
361 100 873
1 829 701
391 1 381
65 132 321
431 337 363
271 82 989
799 755 545
868 110 976
580 497 481
84 601 27
931 228 79
507 705 361
805 211 489
685 400 401
693 733 100
101 301 223
331 591 17
294 352 287
511 855 933
665 811 657
577 141 185
129 741 385
953 795 229
45 1 755
735 297 178
199 599 756
552 287 67
113 365 690
206 726 262
561 800 882
461 677 777
851 593 151
721 629 327
918 916 701
918 102 929
923 382 554
506 105 893
771 999 736
96 918 863
537 384 760
83 651 617
176 490 251
559 852 917
644 993 11
791 85 577
865 401 849
983 297 755
93 401 289
259 287 721
441 189 951
259 286 991
197 193 546
137 401 912
785 621 707
545 907 967
665 616 965
444 835 721
951 673 281
362 281 481
761 251 457
973 361 766
111 771 281
655 733 975
119 989 957
385 728 201
628 795 435
201 57 421
151 865 201
693 681 536
185 381 844
901 525 325
879 521 473
405 840 775
69 121 953
401 867 893
854 367 337
526 677 309
699 985 461
826 401 481
101 8 68
366 661 897
890 125 809
217 671 697
89 501 33
921 451 199
573 778 676
121 281 136
207 89 662
611 329 869
586 875 292
397 417 347
846 861 840
924 731 996
501 449 726
996 881 783
982 493 127
616 448 813
233 236 831
301 209 816
481 341 245
216 905 541
841 373 634
293 111 909
848 628 910
293 671 265
802 345 101
16 393 739
692 412 577
151 305 833
132 401 190
439 696 151
913 109 201
130 607 836
466 868 501
835 539 729
713 30 629
606 228 1
591 443 925
690 297 571
571 301 665
507 385 606
313 786 600
953 688 3
563 763 801
386 401 811
371 703 14
284 545 617
49 417 321
647 476 593
601 808 985
307 347 157
303 1 325
369 751 405
415 505 308
398 851 481
276 513 44
341 101 938
443 945 821
985 298 835
401 401 886
779 709 71
161 516 429
897 513 211
133 562 169
89 832 859
297 632 371
689 325 611
766 689 529
955 543 173
977 85 960
503 151 161
721 521 551
328 401 459
721 141 266
75 951 955
703 591 769
927 754 565
70 625 881
527 737 28
121 401 803
6 534 493
401 925 601
700 157 913
483 570 757
51 758 516
772 616 765
157 345 651
86 340 177
652 986 615
441 592 89
410 618 456
131 825 221
211 621 526
373 202 557
747 445 513
273 745 939
405 781 497
129 291 249
327 511 181
563 241 7
759 166 721
159 909 996
172 901 890
582 631 26
241 341 805
185 533 319
376 17 700
73 820 432
155 674 91
32 296 387
658 637 260
437 590 496
225 644 542
552 22 85
653 594 553
913 981 853
271 152 653
475 345 276
1 681 237
3 620 428
801 343 545
391 475 976
881 9 861
729 828 760
145 367 837
281 19 301
606 155 877
1 906 16
116 231 65
597 316 921
25 73 801
833 297 25
106 1 127
680 270 937
368 439 273
630 2 7
361 212 691
465 1 891
185 325 822
369 376 193
974 561 305
353 429 553
213 169 395
505 869 701
1 785 488
781 865 109
301 345 137
289 521 465
70 17 305
801 163 541
137 224 371
481 385 51
889 691 573
593 753 551
765 335 567
79 556 877
450 309 441
905 12 139
693 321 957
21 71 501
368 241 657
745 751 901
505 49 65
206 921 85
769 401 161
637 611 841
807 299 688
926 613 497
705 321 930
635 112 737
241 388 329
36 558 153
559 228 607
971 983 227
683 32 281
729 589 893
497 787 666
823 791 874
871 393 186
709 569 139
561 45 729
605 629 959
293 235 609
371 302 745
401 716 991
261 274 470
89 921 701
171 71 125
913 161 961
847 561 369
501 365 429
887 620 41
797 911 182
369 656 869
757 273 777
540 581 293
545 961 573
489 861 285
181 367 839
337 173 9
401 733 411
651 656 401
669 549 41
465 705 807
745 70 878
450 82 801
374 909 123
4 665 697
797 471 561
283 378 333
949 496 589
367 406 191
529 635 794
320 541 713
463 913 629
125 328 351
501 731 936
827 599 841
805 337 712
953 651 266
737 723 385
403 381 261
213 689 969
697 661 587
241 621 221
875 341 641
169 953 392
385 138 359
721 141 115
858 595 201
171 389 548
333 897 844
793 123 673
811 390 743
241 553 666
261 186 869
541 221 561
623 290 24
475 94 122
313 485 879
625 541 721
196 451 124
136 309 681
464 431 157
576 626 159
283 481 321
301 846 26
773 521 467
488 361 149
594 187 793
380 1 787
395 67 513
111 283 274
583 833 237
826 141 980
238 567 876
173 409 1
545 231 567
706 288 933
857 241 131
71 225 81
401 786 290
436 909 113
652 911 151
591 273 183
800 481 330
689 367 1
673 37 89
205 391 89
345 967 649
551 107 401
190 97 653
988 61 585
177 217 665
52 225 41
785 631 581
513 553 459
689 22 367
25 769 301
500 375 375
561 245 26
105 728 623
145 460 751
901 461 62
45 644 980
57 91 497
857 702 953
513 281 167
637 891 461
977 43 639
221 617 371
800 781 860
213 776 90
452 201 973
715 851 881
329 401 86
245 1 454
365 305 699
981 640 557
749 596 369
163 219 297
821 760 157
369 961 873
1 406 708
111 726 177
181 393 361
560 711 273
570 239 737
327 721 921
401 8 266
705 68 280
705 253 825
497 506 121
411 3 369
777 697 741
15 307 806
6 714 905
29 149 429
785 507 878
66 691 969
801 901 209
243 680 556
1 602 571
241 211 631
381 941 834
38 821 931
145 91 905
601 683 751
515 122 889
793 891 105
369 825 831
923 191 607
892 731 741
395 998 543
291 387 251
661 537 111
670 788 649
731 209 471
187 178 617
431 290 309
327 391 25
988 201 855
575 836 357
905 417 969
73 185 785
251 542 159
857 599 736
74 37 46
179 697 360
14 289 867
125 197 863
881 967 249
906 876 601
291 621 321
865 665 541
127 89 888
290 671 794
411 231 574
251 772 861
851 507 677
29 213 183
265 923 76
406 329 793
631 385 401
497 351 651
518 323 789
9 741 77
663 41 121
889 531 591
400 201 754
595 520 257
513 63 337
33 471 953
921 964 231
760 807 353
757 263 73
831 43 758
675 796 819
939 137 735
541 282 721
236 882 787
529 304 517
766 371 669
861 356 481
1 211 481
864 491 186
377 765 601
615 229 504
533 219 76
905 846 926
519 175 997
645 717 1
279 896 649
870 139 336
907 7 733
149 518 185
670 193 898
176 769 279
26 346 487
824 220 731
305 881 423
829 383 993
782 545 553
425 457 251
975 605 833
65 559 398
521 113 467
510 417 451
721 41 981
689 98 477
45 569 771
735 421 394
345 741 631
77 165 261
779 544 707
137 851 319
89 944 761
353 381 931
66 721 421
569 596 540
517 698 726
751 437 313
891 922 382
553 831 987
240 145 546
763 729 91
737 889 109
146 71 775
723 455 217
313 513 841
411 361 489
115 727 343
417 905 497
935 372 525
401 867 4
897 859 733
411 826 571
539 595 601
931 397 457
11 597 234
169 489 501
691 423 17
159 531 691
917 568 777
660 223 933
573 833 545
511 492 129
361 134 1
625 351 496
297 841 337
421 671 974
345 546 106
177 719 781
680 373 151
950 993 877
761 50 251
191 785 821
113 401 735
893 667 249
806 835 499
201 211 721
765 969 58
513 137 825
9 617 840
121 251 519
713 383 511
435 103 72
355 606 231
939 41 631
749 674 881
97 379 485
356 917 1
843 429 327
465 236 647
185 933 456
297 37 66
148 521 973
697 507 527
771 406 471
697 558 822
865 861 669
719 691 811
12 51 801
439 501 177
749 500 351
255 817 191
141 617 811
93 289 782
489 379 329
956 705 901
376 817 901
1 59 706
257 225 761
145 675 905
1 969 876
381 929 926
905 889 896
989 415 669
534 855 791
684 549 795
269 656 923
200 397 513
5 557 105
973 351 303
406 756 305
745 449 954
901 965 289
155 225 901
385 617 533
949 960 221
106 565 339
9 270 973
445 241 635
195 891 577
281 605 83
683 631 161
526 471 775
137 66 753
498 997 589
715 513 163
371 377 105
569 535 687
986 345 336
81 655 519
973 344 101
668 428 926
51 718 55
537 748 437
704 41 18
450 106 494
833 45 281
121 351 156
55 56 161
673 185 257
971 998 641
341 898 211
9 21 541
619 967 506
542 873 555
49 3 85
230 251 217
921 933 751
59 803 801
81 921 817
586 349 489
370 798 747
917 450 987
937 766 421
448 885 647
321 287 642
501 313 441
435 206 415
696 393 446
949 721 906
561 345 905
524 826 126
217 921 985
840 134 886
259 446 801
531 159 918
911 689 109
301 275 734
851 306 633
322 461 491
99 663 262
158 181 977
737 417 21
325 341 81
803 617 133
129 793 872
697 501 263
364 37 23
49 436 792
80 409 109
17 181 987
951 396 137
611 593 722
599 895 400
721 833 85
822 625 117
553 590 633
253 237 625
634 569 586
161 65 896
89 802 279
57 309 873
443 956 80
451 88 277
981 615 832
656 621 871
912 775 171
754 947 173
926 81 381
396 8 62
389 944 151
563 954 505
741 633 767
193 4 651
415 359 711
849 749 604
641 162 669
552 255 627
68 45 216
903 424 886
81 789 217
481 837 673
799 531 125
697 449 101
857 398 291
440 580 133
121 853 569
981 91 97
401 321 633
625 857 249
201 296 601
571 345 312
41 21 207
943 661 709
195 385 431
154 417 277
897 721 185
241 999 641
338 737 719
450 851 92
341 289 881
665 193 351
81 691 316
289 57 489
281 166 929
481 497 905
67 813 276
711 621 105
338 681 173
401 521 697
581 36 153
146 421 911
274 81 821
609 297 781
742 33 381
61 927 693
968 865 528
825 346 71
709 343 625
767 561 795
211 631 753
101 446 797
22 280 705
885 801 831
126 924 159
92 773 886
349 902 726
612 143 591
381 824 714
855 717 823
169 469 702
907 753 741
801 808 913
529 828 221
531 889 661
473 425 789
380 115 625
41 501 213
247 431 515
151 54 474
849 57 901
758 248 302
113 790 756
871 609 925
261 1000 651
46 721 311
105 642 509
508 836 344
157 467 302
601 533 666
186 830 89
766 353 570
991 197 91
535 735 709
374 170 419
336 913 186
383 81 250
390 38 857
197 37 707
689 64 513
1 214 713
251 88 65
645 571 501
757 337 723
985 15 437
215 153 64
790 905 709
461 813 41
211 901 949
1 771 607
151 333 186
139 523 681
521 536 301
141 729 49
285 957 409
143 925 251
617 401 922
79 46 977
511 421 353
903 61 441
510 255 131
996 449 418
715 275 684
872 441 617
113 306 565
371 807 590
17 401 463
801 751 465
384 861 161
773 977 373
732 529 51
84 873 465
291 297 353
653 345 757
462 624 363
251 210 817
685 951 143
657 501 225
329 767 305
79 294 826
49 954 953
241 957 985
965 919 47
777 201 297
159 113 105
721 386 525
257 846 968
581 717 946
935 923 330
13 678 513
866 528 243
937 363 686
611 546 686
381 721 203
515 277 857
855 673 73
829 541 721
23 551 951
181 441 70
905 201 841
402 491 561
41 776 665
810 961 202
511 661 653
145 377 211
328 525 516
371 43 617
246 202 801
101 786 821
425 541 523
757 1 865
896 876 941
143 521 436
636 598 594
977 121 57
287 913 81
305 945 964
349 725 415
971 651 967
993 841 751
121 891 77
849 70 781
426 646 246
417 528 433
175 88 353
75 966 572
528 211 269
143 903 626
701 767 97
987 626 781
697 211 585
365 518 902
905 201 181
914 127 795
599 605 145
279 241 815
995 825 345
75 413 885
513 36 245
775 783 142
749 45 524
738 357 196
901 761 78
593 687 703
49 550 941
387 845 849
443 261 505
681 906 181
51 551 266
201 670 274
63 1 392
14 545 201
61 834 861
917 796 845
953 24 265
711 231 313
637 941 757
807 86 790
417 31 618
276 937 481
991 521 292
832 544 65
541 943 212
586 387 349
618 345 766
619 733 261
217 501 831
943 41 981
201 861 795
791 81 337
811 688 41
991 172 889
175 393 681
761 139 51
183 993 593
426 602 301
311 62 303
41 687 925
163 391 897
513 137 237
592 554 64
546 638 391
857 699 516
713 87 501
407 241 511
385 546 261
401 121 876
136 666 233
201 574 256
201 899 581
425 109 226
333 651 605
851 630 951
614 479 311
916 537 615
713 651 713
939 98 176
209 359 361
861 531 545
989 201 86
287 313 55
737 601 945
801 784 536
761 534 121
321 719 781
360 86 821
58 721 342
71 907 135
886 195 349
501 489 421
761 501 875
183 381 83
345 749 955
305 600 283
885 801 928
997 329 535
736 491 165
641 671 647
81 634 691
353 373 409
618 1 401
481 840 361
470 424 858
333 103 101
561 229 729
433 517 845
59 205 676
615 372 394
785 781 855
473 865 353
8 787 999
231 341 715
815 244 561
301 751 903
781 866 331
341 481 1
366 171 993
17 403 945
976 803 451
769 801 676
993 792 855
979 136 887
811 801 376
411 414 731
355 49 686
117 761 775
39 741 26
801 797 725
611 340 433
201 218 709
979 287 369
977 658 241
591 431 338
479 546 57
76 684 68
961 511 561
546 267 987
734 550 873
393 537 144
649 740 370
451 488 226
717 844 301
37 559 481
247 29 620
743 831 675
726 497 361
905 551 929
801 166 801
989 683 57
325 259 877
121 701 353
745 273 529
85 241 481
561 925 553
314 229 860
489 822 853
865 131 477
735 961 351
184 589 348
699 386 561
181 851 876
756 113 49
724 497 271
579 897 545
491 769 476
791 305 434
393 140 342
61 760 969
497 91 529
641 153 587
151 549 261
841 99 148
461 961 767
501 399 191
321 489 75
233 109 136
85 894 231
433 351 80
1 193 337
207 431 208
705 139 876
29 23 138
964 957 221
601 581 711
512 616 133
491 829 655
466 31 986
1 4 421
749 89 783
278 855 155
584 742 137
193 41 501
770 839 311
556 573 481
807 129 477
909 36 147
917 889 851
361 681 890
808 894 569
913 218 31
713 237 214
411 91 775
276 609 54
721 185 833
965 193 593
483 241 465
415 269 599
405 121 791
601 609 951
791 359 467
815 963 681
81 61 765
605 603 271
233 745 591
419 387 129
323 871 729
259 631 843
533 555 948
243 948 35
11 317 318
929 447 285
62 451 687
711 685 440
944 406 969
677 758 421
565 469 75
586 79 836
101 243 957
409 885 241
861 814 251
857 84 93
593 148 281
817 930 667
849 402 165
679 414 497
556 447 676
869 603 401
825 333 852
121 121 169
475 33 417
141 526 741
991 41 809
177 81 489
351 103 301
818 172 881
953 346 13
541 895 661
852 752 131
73 103 961
551 801 808
39 113 869
133 789 750
61 144 425
545 844 376
321 411 345
737 838 33
600 197 689
31 353 365
131 433 73
582 211 533
643 351 476
685 41 711
936 357 171
309 809 589
532 912 844
281 90 296
31 491 918
135 221 921
661 1 793
552 128 803
991 285 260
534 516 913
681 865 151
985 709 286
33 861 461
705 639 749
451 652 371
941 265 851
177 697 76
89 407 331
450 315 995
371 587 426
1 689 476
361 733 593
174 923 401
149 232 269
391 743 576
536 107 181
939 420 546
23 803 331
521 622 121
476 905 567
201 390 863
899 433 401
956 844 1
593 187 433
903 961 801
983 497 33
805 608 114
397 867 966
569 201 499
33 76 761
769 481 372
817 841 81
41 444 943
409 581 478
261 187 477
684 173 246
911 128 560
361 937 431
49 993 449
706 210 801
844 461 63
355 694 293
113 243 391
777 561 337
805 693 817
987 916 354
536 529 128
385 324 560
556 397 837
427 96 517
177 425 233
781 259 662
116 236 393
322 835 429
567 85 737
830 751 558
125 127 857
240 691 212
593 35 887
228 590 449
161 290 748
281 881 161
41 781 916
401 201 869
450 961 941
501 451 141
988 1 65
356 593 119
767 598 576
623 231 488
941 361 73
771 7 601
345 81 809
206 248 203
387 602 781
121 97 217
792 890 176
651 167 784
821 404 672
325 961 247
721 457 251
606 51 45
981 756 696
925 181 399
765 769 229
476 481 497
478 521 396
799 741 177
746 117 1
998 261 96
401 501 521
329 175 961
76 269 175
791 842 483
486 802 633
325 777 958
375 869 969
693 253 295
978 983 289
845 276 469
526 800 881
73 536 707
721 212 981
545 409 846
375 881 425
665 401 800
751 682 301
245 726 874
123 91 825
916 919 785
821 731 306
365 651 198
785 465 742
153 1 125
463 425 104
51 380 746
629 301 369
766 701 249
956 629 606
933 407 505
249 612 713
401 526 347
645 161 693
561 733 827
67 348 826
641 937 183
65 641 995
673 257 201
860 835 217
281 806 845
624 93 585
362 737 833
503 321 441
333 126 145
520 233 336
561 729 889
541 147 401
958 959 87
116 581 692
872 859 829
735 695 447
231 842 16
375 889 300
116 69 216
217 333 961
731 751 851
256 56 577
466 881 435
771 255 963
325 424 45
537 701 733
846 89 855
591 8 105
413 25 566
481 17 465
533 565 595
783 537 67
393 651 406
289 862 937
328 169 461
929 353 242
820 961 929
969 466 209
296 850 441
337 973 959
197 439 921
803 13 306
245 73 461
981 306 401
156 705 393
281 392 507
839 529 601
473 220 291
975 289 1
701 465 993
293 421 473
581 188 65
882 300 801
415 39 891
257 942 906
606 193 527
11 873 501
221 41 1
508 397 289
601 688 867
109 975 761
615 403 569
811 465 786
1 941 713
513 471 759
731 942 729
585 53 381
317 441 961
793 314 381
137 414 721
681 873 841
519 833 591
839 532 201
86 381 561
583 931 613
675 779 205
922 901 494
401 321 745
162 225 856
331 423 843
251 311 724
132 893 536
715 249 337
401 121 17
247 305 701
218 678 53
371 206 25
268 513 145
427 846 36
13 113 789
141 425 146
259 386 955
331 907 215
889 406 191
385 343 387
221 571 881
88 901 715
136 830 605
555 786 424
5 558 269
983 626 552
441 708 801
737 451 76
306 249 50
277 541 521
797 429 988
955 180 596
393 205 746
521 878 53
448 985 707
625 25 47
201 889 824
732 778 308
294 801 709
681 767 213
774 497 865
893 567 653
591 829 281
701 118 126
689 937 750
593 925 9
355 211 276
917 812 713
886 560 443
336 714 826
639 403 404
681 241 945
570 305 797
433 137 541
274 528 577
463 890 441
457 617 793
151 85 449
213 959 881
829 633 126
809 903 561
787 556 118
215 945 405
241 359 984
901 116 249
450 35 645
886 816 919
225 165 382
176 129 657
666 535 723
905 351 456
137 344 876
761 433 161
401 361 465
185 787 910
785 519 246
648 825 761
657 177 503
891 201 233
200 387 601
756 941 81
361 871 351
850 156 279
300 251 356
337 889 601
427 277 741
553 562 937
939 601 681
497 96 759
895 653 109
385 857 417
692 955 191
887 638 966
1 636 739
914 482 541
149 610 751
593 76 262
801 601 578
11 441 221
677 66 512
21 850 572
708 919 545
975 647 420
973 133 340
379 229 889
976 189 957
529 792 595
401 820 630
571 641 201
707 129 347
87 941 289
1 61 339
681 601 704
569 151 953
601 791 241
297 65 481
424 178 840
441 514 451
753 541 89
97 761 521
306 161 738
291 289 515
833 521 453
923 548 512
237 851 14
189 409 207
501 265 989
103 681 71
951 555 595
190 345 685
936 765 961
156 153 201
451 361 849
57 277 981
681 329 917
18 937 889
481 546 22
351 26 811
761 751 445
378 659 468
618 376 245
291 885 100
541 146 201
259 438 982
215 760 356
861 303 326
241 361 5
351 1 607
701 741 519
289 991 369
699 970 245
337 831 73
171 221 249
401 21 561
233 59 511
139 907 211
478 493 974
373 766 221
441 809 447
759 641 341
118 493 56
430 979 609
1 31 150
854 121 112
801 471 879
585 617 646
826 611 522
599 499 126
281 373 755
350 377 629
257 151 287
273 475 306
781 93 591
937 289 101
583 943 1
731 993 222
552 469 454
387 151 6
772 330 359
478 309 31
1 336 474
381 541 545
575 145 111
909 51 320
145 635 716
51 760 451
713 851 294
865 29 101
185 231 104
687 33 652
635 569 643
265 593 79
265 977 873
198 749 886
751 205 501
549 385 741
850 461 35
729 656 825
890 816 668
561 21 48
626 601 977
851 951 453
556 418 226
956 224 465
749 308 601
78 847 335
411 443 353
401 149 829
885 233 937
529 379 471
847 361 424
841 455 386
69 801 417
843 941 705
433 78 462
986 785 313
269 431 287
189 701 932
248 325 553
841 651 516
401 151 162
155 278 241
251 598 129
37 397 401
34 841 405
312 487 535
745 457 416
503 485 84
266 801 273
133 591 580
58 501 593
191 211 475
481 251 588
419 203 609
201 425 504
480 901 371
801 997 781
997 1 276
474 801 453
321 579 432
481 755 707
218 139 673
801 959 133
1000 132 936
997 801 401
781 238 331
376 246 842
446 312 305
944 261 949
978 227 713
789 849 21
126 643 47
585 453 865
345 538 209
209 249 401
652 9 986
594 226 561
242 729 217
139 521 10
481 353 251
736 841 2
860 47 841
741 769 675
609 269 719
769 220 645
17 663 983
962 392 430
848 349 297
633 791 879
860 347 437
69 401 817
283 128 41
601 161 684
141 361 509
846 446 724
874 329 833
759 563 201
389 137 299
906 389 551
391 752 783
789 461 807
951 183 9
899 486 17
417 353 73
26 741 839
713 9 48
480 273 177
601 792 194
258 721 935
997 867 489
825 415 721
986 1000 152
726 412 979
183 567 845
831 908 481
681 221 673
11 56 626
313 780 267
57 478 621
241 48 438
1 351 81
348 387 78
215 816 357
271 489 651
185 981 925
465 237 241
589 206 489
547 272 763
227 193 617
633 397 703
769 364 71
829 251 235
50 41 89
381 531 734
534 9 467
536 659 601
991 225 231
801 521 633
232 441 95
561 385 1
844 369 125
803 280 541
721 49 287
634 59 295
805 545 495
931 286 581
751 1 376
417 793 628
220 781 884
271 939 327
777 993 493
726 217 758
137 885 490
951 273 851
897 685 295
89 365 121
557 214 257
506 173 538
377 976 181
439 251 229
228 681 673
426 34 581
377 106 688
176 873 904
917 955 571
657 707 126
363 249 313
509 169 97
325 921 953
317 787 85
416 873 929
987 530 141
281 381 713
921 582 701
255 337 873
613 450 983
529 385 713
561 926 905
387 623 768
504 409 641
319 761 571
958 723 85
841 403 833
703 373 181
113 497 997
985 913 401
382 482 641
478 461 731
436 305 131
516 11 553
602 554 221
438 171 491
171 362 76
377 531 576
831 609 584
161 619 655
953 245 386
201 157 491
541 353 364
817 605 817
643 909 185
107 721 381
689 17 156
120 377 929
417 241 101
550 115 493
686 947 302
992 857 557
565 66 956
875 611 401
202 781 141
21 561 1
725 331 993
139 379 593
501 986 441
511 593 256
505 134 18
229 957 983
139 801 401
257 85 413
771 541 596
839 481 529
551 989 645
665 521 471
233 421 681
897 64 835
648 747 931
234 206 123
211 499 913
85 190 621
141 777 61
653 118 138
534 601 876
433 909 13
699 9 689
929 873 860
781 921 649
830 601 529
681 451 662
615 969 773
993 973 711
206 567 425
751 321 866
106 418 345
324 397 960
697 388 491
913 721 842
154 578 610
239 35 967
567 331 449
397 785 639
259 661 75
690 57 929
459 761 475
565 890 501
823 5 146
441 580 130
673 61 653
761 657 589
216 793 951
373 809 867
247 721 267
340 225 503
863 721 491
203 284 395
73 863 33
729 796 161
313 825 385
217 677 777
733 226 923
139 650 161
545 773 315
543 221 857
276 537 801
17 409 884
577 383 952
355 793 694
72 285 87
392 521 851
609 891 501
241 845 51
469 729 685
501 553 819
494 746 144
41 711 691
144 901 441
491 283 102
853 341 516
273 589 769
293 269 441
281 966 815
401 156 706
433 409 236
681 644 545
777 948 281
634 928 586
529 709 131
91 568 841
993 769 221
399 409 179
41 361 601
868 569 885
707 868 484
403 673 826
12 976 470
801 925 175
33 727 705
881 464 434
836 118 819
260 673 985
185 961 828
815 21 443
174 417 225
78 657 213
482 863 593
440 61 570
951 101 745
813 559 822
526 735 703
901 786 679
711 21 185
11 365 702
801 278 125
80 45 818
116 335 101
435 715 239
251 11 270
411 221 959
547 301 465
885 243 572
821 899 603
628 721 595
741 881 303
66 71 565
60 182 386
1 729 661
526 557 177
217 501 105
515 351 11
819 896 719
496 641 975
231 295 289
786 571 1
238 489 601
1000 937 109
577 613 301
897 901 638
483 769 152
899 517 701
865 687 729
796 413 939
349 376 781
161 579 481
465 881 192
505 853 531
681 189 243
656 32 31
161 321 996
503 831 817
985 995 731
690 938 781
249 465 631
903 246 121
847 212 155
123 479 833
201 775 626
77 261 349
643 683 713
861 329 681
751 176 5
776 585 677
251 533 264
645 891 573
658 81 831
321 643 741
411 911 446
545 460 581
467 791 313
191 145 681
379 112 641
780 321 273
513 121 97
906 358 491
410 149 761
301 657 229
161 913 841
61 424 378
457 813 200
66 321 742
208 401 29
865 454 713
601 303 665
397 843 389
788 165 841
9 381 551
161 441 529
103 561 51
691 505 771
249 465 535
489 963 515
835 395 191
799 96 557
127 26 96
6 41 31
358 369 425
837 344 21
657 329 749
55 25 486
500 911 484
749 383 549
118 786 890
284 625 703
497 693 18
119 251 71
845 473 217
157 294 70
251 869 649
7 201 361
613 423 105
793 253 393
177 626 944
24 861 73
151 173 161
381 755 117
285 813 911
636 81 831
945 589 270
361 570 825
633 169 731
361 117 577
230 511 246
144 875 230
903 410 376
421 937 475
241 698 388
747 737 181
833 231 836
79 666 541
473 23 982
233 877 877
481 126 841
604 703 182
198 937 594
581 87 697
331 201 858
331 687 194
145 951 634
871 761 601
153 274 736
361 636 501
401 341 217
351 791 113
203 411 481
932 684 261
114 641 985
739 739 932
193 289 309
426 56 837
889 201 185
608 697 341
892 655 521
351 371 783
871 889 726
801 277 571
735 261 833
21 953 933
731 426 437
481 828 265
726 659 337
302 241 255
801 804 265
92 931 436
351 801 189
549 521 359
908 453 201
657 318 971
450 371 971
149 395 265
537 5 217
563 291 89
838 565 921
577 153 345
166 515 331
752 792 356
872 617 972
441 724 459
355 592 529
519 489 889
598 737 541
921 959 988
267 201 756
51 689 422
524 337 849
446 921 749
353 193 945
747 739 251
441 333 481
153 621 399
201 633 794
424 137 961
906 393 499
539 66 31
721 765 233
199 60 811
26 221 137
811 661 424
647 251 251
341 447 420
365 561 456
901 353 381
537 746 321
920 601 201
646 336 239
577 177 198
751 931 301
818 104 901
881 911 897
581 225 589
829 23 713
313 400 453
461 901 489
105 316 858
185 299 194
449 769 351
238 228 577
581 897 37
383 705 393
71 961 618
773 479 385
103 722 313
877 933 956
841 553 23
987 785 971
929 505 241
441 797 137
53 671 545
231 121 561
881 306 541
941 206 273
541 381 765
737 633 102
677 255 853
203 821 655
152 312 821
110 161 841
941 792 214
841 307 451
791 630 359
499 661 140
903 633 16
620 51 305
521 57 445
473 541 493
44 881 749
814 945 103
297 899 587
801 585 194
237 568 1
961 631 829
536 335 241
845 137 133
161 541 110
741 411 177
671 757 146
857 253 173
354 190 801
721 493 125
911 737 371
741 539 278
741 321 313
271 411 687
945 345 151
700 711 677
626 571 437
223 851 560
967 341 711
727 953 201
993 783 152
753 383 410
705 113 863
927 971 452
633 593 567
83 619 19
724 519 981
741 833 730
937 801 379
611 245 626
276 809 851
177 575 445
135 951 664
181 181 31
175 173 49
921 803 761
217 451 745
489 41 467
84 731 967
849 1 826
490 651 251
21 678 5
703 510 13
385 931 629
448 320 633
849 713 464
429 863 797
201 781 998
994 741 351
961 843 295
289 823 439
971 955 857
751 11 105
816 781 521
637 554 449
552 76 277
551 665 489
38 511 225
681 671 361
466 525 141
697 45 478
629 300 901
901 439 924
873 837 7
619 296 212
525 958 76
77 433 913
97 256 74
345 709 361
473 561 945
211 65 212
681 861 351
656 62 531
145 787 1
25 774 543
96 401 407
253 77 689
571 871 297
961 489 251
686 329 513
226 633 276
217 201 459
761 289 789
117 849 501
241 741 179
258 155 121
478 281 425
457 529 734
449 570 678
494 387 946
326 88 203
651 741 996
912 389 201
631 280 119
513 817 148
157 951 361
851 61 771
353 559 431
956 525 201
427 367 153
433 703 335
374 613 496
28 350 819
569 321 703
949 177 307
11 145 519
801 981 877
161 406 421
201 305 879
902 773 35
665 239 806
928 112 197
891 145 341
141 63 500
65 89 53
201 769 605
415 811 180
313 691 796
921 824 676
183 209 160
725 164 934
773 651 379
321 593 496
189 620 779
775 473 549
515 541 309
71 699 934
969 5 917
415 902 991
121 823 134
824 337 113
199 853 195
771 561 161
743 681 896
497 531 537
191 657 593
536 79 325
9 828 717
31 419 61
675 392 75
481 791 673
117 227 501
334 341 660
877 737 61
951 907 56
280 243 473
505 916 51
291 370 797
393 569 458
911 765 301
827 535 503
265 26 65
909 46 769
201 932 773
129 881 927
703 942 819
207 870 161
434 873 977
240 29 461
747 686 343
699 749 305
993 168 975
998 210 695
651 346 248
652 829 521
96 489 845
599 442 361
931 913 801
585 995 421
151 51 945
26 117 1
103 477 61
231 921 967
473 253 863
531 641 421
501 326 651
959 493 876
191 911 836
878 504 453
91 421 785
476 435 385
499 299 822
353 21 441
125 626 931
29 1 595
579 87 127
823 637 913
257 124 931
905 549 763
576 563 470
717 389 213
389 596 956
91 771 124
816 871 481
1 637 945
356 967 309
485 177 236
601 283 738
889 25 377
967 828 101
270 1 515
409 325 721
51 511 601
929 203 973
588 61 499
569 588 801
657 771 905
720 25 829
73 993 949
265 635 60
830 564 9
361 292 1
849 349 45
521 681 855
513 910 761
879 749 141
646 893 65
785 628 595
133 51 634
575 145 675
899 947 615
351 985 132
1 769 481
967 39 185
29 994 129
5 985 401
545 601 581
777 667 198
755 800 569
5 303 57
112 675 45
793 357 809
585 37 971
667 527 457
409 396 727
286 285 33
391 26 535
565 523 181
54 658 461
347 849 617
119 233 150
103 399 657
463 273 31
177 165 17
849 181 941
253 401 417
276 681 873
79 328 285
5 239 521
55 433 526
129 907 242
265 671 752
737 821 586
667 286 755
803 89 821
693 313 647
551 241 771
479 745 793
525 609 599
433 516 318
166 553 702
849 271 545
376 841 586
885 305 845
537 256 113
945 299 521
420 849 876
223 18 180
86 453 471
687 166 142
428 471 827
193 929 320
732 769 623
185 23 735
703 601 940
745 181 271
733 893 251
732 401 305
905 779 739
161 542 351
521 353 513
756 244 148
680 861 869
775 251 967
519 569 231
357 729 601
20 797 170
631 949 9
449 761 854
529 141 547
841 85 401
529 147 651
29 169 641
33 156 643
565 22 229
651 81 601
659 611 261
23 432 833
151 143 51
747 259 297
851 453 801
594 448 253
489 201 423
93 977 17
661 131 13
787 121 553
159 126 961
836 187 41
121 809 521
866 156 201
801 121 778
171 201 405
975 45 624
649 601 481
351 18 385
37 621 209
761 122 800
621 783 883
715 201 626
913 985 849
105 65 633
725 181 233
169 386 486
835 313 733
581 153 289
569 697 925
743 558 17
832 201 397
337 981 103
461 254 14
323 128 393
25 697 1
898 909 493
881 833 208
73 351 645
189 1 691
301 521 906
801 881 46
981 29 805
881 593 827
569 113 386
467 621 226
957 19 540
476 405 13
586 52 25
461 289 127
551 729 97
825 297 205
193 665 19
775 618 360
825 857 413
153 153 629
300 465 867
569 566 369
912 701 76
15 821 733
879 846 537
97 369 513
357 177 997
881 696 690
218 907 329
841 977 701
371 211 887
336 271 609
346 220 771
777 528 819
816 489 321
323 975 168
193 615 841
186 150 631
9 509 193
263 829 601
266 89 577
793 601 521
329 34 166
826 873 713
441 167 621
277 476 133
909 576 281
301 886 601
863 51 39
481 143 801
717 861 532
869 977 453
885 905 354
241 913 737
771 884 123
974 546 595
458 686 443
351 674 443
579 439 567
876 170 31
845 452 717
161 317 784
221 881 508
727 333 66
385 831 179
393 573 235
529 830 139
364 151 401
181 1 741
909 724 477
603 622 353
556 50 751
299 769 296
529 755 723
375 696 477
509 537 687
967 869 879
458 691 201
226 326 693
236 329 311
193 883 152
331 889 21
136 969 966
302 969 357
337 385 251
997 809 109
534 629 765
401 321 137
253 159 349
889 243 477
290 505 905
441 549 551
705 730 19
869 626 233
669 13 299
913 956 751
827 146 401
421 415 883
47 685 377
677 857 577
957 900 291
480 657 729
485 369 163
569 357 553
339 89 96
432 92 321
1 929 247
125 117 66
725 1 701
876 26 269
961 61 144
101 511 534
621 28 306
913 401 761
799 651 396
491 541 283
5 711 147
651 981 879
889 285 58
274 323 440
645 921 769
817 76 141
601 19 605
501 946 502
56 63 591
101 347 661
815 74 201
497 399 516
745 59 810
409 513 991
743 721 81
402 145 1
312 745 214
401 291 439
885 49 298
261 856 107
169 761 364
469 591 441
73 91 571
257 223 213
361 803 319
351 561 529
228 534 297
881 341 901
846 647 817
20 708 801
825 353 965
844 31 401
28 37 846
745 576 601
150 53 941
466 905 341
123 441 15
660 715 441
755 316 219
399 991 201
733 480 181
861 169 41
833 957 157
185 776 982
857 281 757
584 141 180
945 121 921
737 562 951
27 950 141
585 369 633
67 33 43
945 121 541
343 310 929
409 513 65
309 236 409
798 561 625
804 1 92
397 755 947
241 681 933
665 914 901
777 785 783
881 671 706
301 663 322
541 149 879
433 556 985
603 97 391
845 441 381
701 529 744
121 539 577
356 59 287
1 801 345
349 121 873
557 393 705
297 353 673
145 645 380
761 75 813
576 941 697
661 797 131
369 157 729
190 178 861
169 825 811
745 600 629
489 665 341
361 105 549
376 603 1
659 235 81
17 241 561
734 273 325
681 921 141
441 213 57
813 602 201
121 967 943
376 740 589
963 198 549
876 873 271
129 541 779
1 992 865
793 981 389
688 57 595
969 477 271
91 77 765
446 233 275
281 979 853
141 321 401
983 553 895
401 303 541
271 151 873
478 625 766
801 841 801
538 951 929
701 229 185
357 624 321
403 161 611
501 944 679
489 325 141
857 971 937
337 800 859
1 124 72
909 729 237
837 707 974
330 497 901
950 567 697
766 681 21
169 839 58
681 7 137
773 951 451
481 931 363
489 788 385
591 452 25
225 841 923
377 962 589
61 276 666
176 996 202
145 259 865
127 73 423
19 1 603
466 745 467
729 837 710
436 683 545
916 717 563
937 511 541
689 570 370
75 107 532
516 117 336
481 857 41
740 217 25
165 142 294
849 81 481
965 436 209
123 151 909
761 113 627
264 796 563
441 689 590
33 161 875
97 522 435
686 859 841
885 836 518
434 81 641
481 585 417
201 151 899
948 943 741
513 937 411
977 759 566
329 541 981
619 77 354
401 484 905
785 107 91
723 561 161
944 713 103
71 65 683
165 97 17
521 785 501
967 880 693
369 53 665
801 972 159
563 505 53
616 897 498
905 302 67
957 587 681
421 698 309
201 371 138
321 449 839
452 321 81
834 799 529
987 953 198
407 801 786
537 603 620
853 497 838
695 96 198
26 721 935
987 639 521
792 601 353
691 335 451
935 320 51
351 611 796
504 561 693
497 879 276
636 711 641
596 681 865
123 951 651
921 885 37
737 29 47
417 397 44
957 601 724
85 788 108
31 541 323
101 161 894
771 782 309
558 985 369
97 284 777
301 921 21
853 370 801
813 1 865
105 633 803
431 1 126
481 701 625
945 385 15
245 578 1
449 567 869
149 193 318
401 653 206
551 551 41
816 901 41
445 521 585
461 31 991
161 881 193
201 185 369
923 802 771
305 921 601
627 287 13
737 723 297
159 530 566
883 771 481
147 60 276
967 73 946
245 726 557
753 514 51
121 986 386
285 316 454
250 481 511
149 168 865
165 697 597
921 307 17
341 837 601
311 114 227
166 804 710
146 91 161
141 751 114
233 449 137
111 455 401
698 217 785
281 161 451
857 461 509
433 779 983
601 945 950
603 270 151
704 981 55
83 913 661
641 457 927
243 1 761
256 75 991
241 961 443
250 891 615
193 435 905
59 504 803
521 401 364
217 836 197
671 317 354
576 111 90
551 235 64
231 881 93
777 385 593
310 961 905
551 513 309
91 497 825
501 76 493
761 376 14
245 593 52
708 181 91
417 860 751
125 35 921
671 649 963
293 111 901
615 816 992
166 905 399
481 558 577
353 201 693
953 320 569
596 546 321
706 883 577
438 821 573
504 116 454
105 839 166
109 441 161
257 833 647
506 476 168
863 983 567
559 485 809
917 213 1
574 855 188
631 153 666
551 821 526
518 386 405
736 259 301
161 678 541
605 271 776
565 570 685
584 638 481
201 193 427
926 993 411
225 91 716
742 691 545
791 849 49
461 781 224
841 178 271
761 915 121
486 806 28
495 507 592
895 493 200
556 919 26
994 397 451
778 587 201
221 526 288
731 256 609
300 969 295
607 761 145
641 764 751
673 701 400
41 553 545
107 51 818
777 929 916
845 781 933
521 492 537
821 481 813
176 779 971
276 250 358
896 689 579
65 384 811
732 252 9
749 741 403
86 753 369
519 660 983
468 9 87
1 455 198
106 68 971
336 1 141
533 999 228
141 819 961
556 339 81
933 515 952
148 13 265
528 530 261
961 729 665
296 936 433
499 396 860
391 489 685
876 767 793
243 41 659
793 637 571
581 441 880
962 545 657
179 310 56
973 550 357
281 775 29
401 347 377
451 799 241
530 467 714
240 815 65
397 529 891
167 919 4
986 841 296
481 491 313
853 597 601
800 44 53
947 841 201
855 9 294
799 411 315
885 767 385
870 545 830
37 98 216
10 671 541
264 824 465
367 285 924
475 927 637
841 825 922
583 823 210
81 665 476
941 161 301
161 955 165
723 851 635
261 589 309
743 157 985
616 776 823
973 657 785
711 470 477
913 392 784
71 1 696
819 736 617
47 433 413
974 957 169
809 985 611
27 427 633
961 808 529
245 153 791
457 811 696
586 186 642
731 756 277
449 908 308
897 745 941
616 705 290
109 185 991
33 401 883
201 681 61
345 448 1
161 651 651
434 342 433
196 119 21
739 174 51
555 496 39
774 575 241
834 209 475
741 481 801
566 775 487
376 602 431
931 291 997
237 889 569
81 43 680
291 473 839
971 761 526
991 607 119
708 913 989
681 227 771
977 861 501
441 877 481
410 877 85
405 850 505
501 364 807
697 685 371
699 677 491
721 361 385
205 701 449
596 807 439
901 73 862
685 961 953
154 757 181
391 863 263
697 801 166
27 174 679
441 939 205
997 927 756
31 49 101
361 71 905
701 787 857
721 487 231
901 65 331
519 855 901
945 953 725
745 176 705
556 771 100
241 262 389
322 684 441
39 26 483
47 870 393
770 765 213
493 201 274
242 956 993
401 451 326
115 802 195
184 763 875
93 705 29
905 265 961
416 759 21
486 835 857
761 41 365
975 48 679
811 851 961
105 465 951
385 98 99
440 313 173
81 173 907
537 86 649
645 842 801
581 872 321
132 261 751
11 453 377
201 197 421
781 344 481
71 733 457
313 831 511
161 381 415
201 63 306
163 265 101
116 903 511
343 553 204
349 889 63
901 971 931
246 316 63
441 543 533
209 555 131
425 229 331
656 593 131
987 636 581
20 403 334
661 640 841
181 221 231
145 353 351
691 337 851
53 751 48
110 921 401
802 785 416
651 591 165
801 76 800
252 770 379
175 946 317
373 460 641
973 841 380
643 481 241
354 328 841
788 315 577
156 321 789
126 309 135
349 251 693
999 715 73
159 891 555
14 797 481
19 625 213
849 825 715
560 609 102
349 409 769
150 385 193
201 701 413
982 8 31
309 655 569
579 61 833
738 245 681
598 705 497
497 478 392
753 881 57
442 977 139
545 866 151
355 263 641
387 61 426
113 321 776
855 81 281
411 341 521
448 487 650
831 307 36
393 137 737
731 915 589
306 254 801
447 809 619
245 401 982
425 761 185
497 767 642
177 424 41
165 953 395
93 399 642
485 769 661
573 151 244
138 720 755
101 942 599
486 684 399
833 387 753
291 318 461
287 991 521
876 221 455
501 617 241
241 118 101
173 745 768
271 420 422
877 253 963
145 893 701
782 831 211
505 686 281
561 251 841
947 940 857
101 723 812
481 703 961
441 894 137
783 433 676
845 387 241
522 185 691
421 603 576
268 286 985
961 374 921
731 133 115
627 169 405
51 613 21
341 515 506
225 621 521
201 323 367
225 811 161
759 329 683
501 141 721
655 511 821
700 865 625
335 230 929
520 617 145
639 229 301
337 379 390
953 450 931
913 25 376
921 841 289
215 71 777
291 967 1
326 449 141
220 441 391
351 596 545
397 28 996
999 929 105
541 964 817
937 159 120
841 257 168
700 630 414
496 988 811
476 654 851
337 582 371
925 755 931
3 361 781
62 569 781
79 177 401
1 511 679
49 251 47
673 778 896
57 841 777
236 601 683
376 796 293
266 51 681
307 461 739
834 459 983
799 42 204
929 297 767
201 570 3
390 846 305
189 651 81
705 219 397
625 241 89
601 453 969
45 927 858
298 762 107
221 136 304
128 881 154
509 217 941
36 56 263
626 227 916
310 813 253
557 277 322
209 446 545
1 14 851
561 166 317
798 960 729
96 970 225
321 261 812
282 621 683
309 145 201
905 524 971
140 267 64
999 651 649
285 241 545
837 105 45
417 727 429
893 675 697
318 106 521
805 939 585
308 561 574
209 915 309
117 161 846
807 427 257
639 165 721
489 682 846
729 499 101
741 829 965
797 673 185
94 884 343
201 1 891
625 91 807
921 845 787
877 765 689
584 721 761
483 619 201
667 776 291
651 753 294
912 741 335
673 846 9
321 435 767
57 521 745
601 680 260
713 737 761
337 961 793
413 201 593
647 494 441
746 226 781
258 161 587
850 361 201
465 271 775
77 960 301
496 472 606
161 577 236
72 777 41
371 664 993
186 167 293
721 746 355
151 611 972
422 599 657
991 841 113
199 725 673
81 317 806
249 703 261
123 894 626
949 393 901
697 913 81
49 687 193
801 146 605
297 501 827
691 1 11
906 467 297
321 73 39
109 323 261
355 707 145
668 653 913
230 169 732
855 181 242
536 959 916
961 746 222
562 594 469
683 511 49
605 657 401
523 877 433
223 165 341
145 279 583
560 489 983
601 606 369
531 752 972
19 948 750
792 245 878
749 109 21
421 953 191
780 251 441
493 327 511
266 154 941
389 707 388
683 689 714
768 473 456
902 216 127
421 685 21
873 489 266
901 185 297
619 129 545
527 160 831
401 887 337
287 656 40
241 489 640
109 320 728
821 754 537
413 181 396
937 461 26
461 684 217
56 381 686
685 585 317
97 73 561
126 987 327
813 175 181
692 766 653
561 656 601
765 221 677
443 585 221
549 505 756
782 873 173
45 293 309
689 421 416
703 195 325
377 219 121
919 123 105
925 907 815
61 819 741
431 601 721
543 770 539
401 562 634
45 626 253
545 265 89
941 122 871
795 766 401
61 916 572
5 280 771
110 593 111
921 681 799
133 434 605
549 428 776
953 607 405
201 953 344
537 559 136
271 817 42
56 176 121
322 578 461
498 275 401
491 537 273
33 628 375
61 60 969
641 422 311
409 61 393
523 765 115
985 461 681
916 603 161
645 152 973
203 57 812
721 796 993
820 298 81
281 423 475
591 407 131
534 833 954
346 631 329
551 467 529
670 217 995
242 14 33
526 885 55
893 564 401
507 422 286
947 656 861
601 663 499
345 6 89
489 945 942
605 161 225
877 821 93
975 161 809
211 965 553
739 199 127
676 836 832
148 761 809
246 177 981
614 65 179
763 169 850
727 666 709
807 506 245
297 1 986
