3350
271 929 351
213 41 294
709 269 691
21 526 179
393 353 961
901 801 989
288 583 189
481 651 919
369 486 599
977 808 959
851 855 860
892 817 953
901 405 343
907 81 720
206 701 705
401 201 409
401 201 321
401 472 630
635 901 175
437 586 289
433 41 574
453 831 205
721 746 777
185 782 629
92 527 652
827 681 409
97 235 661
835 392 496
276 25 132
326 321 451
234 41 926
497 305 291
552 222 497
845 649 501
81 841 117
601 179 117
691 651 121
559 705 593
491 131 691
417 705 335
433 301 411
846 924 701
892 881 681
540 65 363
753 431 189
441 147 201
567 705 479
247 76 65
416 172 72
656 523 919
427 441 789
289 972 790
385 789 786
228 71 761
373 708 390
201 26 573
344 289 157
169 41 490
672 879 666
841 805 551
690 341 776
132 361 897
169 123 233
354 401 721
398 673 677
369 105 649
626 481 76
706 626 131
350 9 471
516 257 945
756 876 161
241 707 451
370 268 941
268 573 1
581 945 905
397 551 883
385 752 956
193 286 458
607 423 838
726 833 801
837 813 101
751 948 764
369 527 386
516 376 434
344 495 715
499 423 416
257 301 793
453 695 201
425 176 601
225 288 821
99 241 318
67 40 361
910 609 991
741 664 185
922 277 372
271 611 742
2 551 16
224 951 569
697 145 969
465 465 666
945 862 67
556 966 352
615 408 485
222 849 993
495 985 441
745 1 569
401 633 781
801 1000 112
321 126 201
335 292 345
633 781 177
515 689 396
664 825 952
1 661 931
431 800 28
641 729 601
926 25 425
205 921 831
283 633 81
167 633 183
633 182 136
886 471 466
937 314 257
65 877 337
545 713 52
406 935 782
600 302 381
641 17 635
963 620 51
578 665 985
79 917 561
641 883 350
925 226 861
691 817 257
80 973 730
55 581 113
611 327 369
494 105 820
113 159 139
713 374 75
967 916 874
321 189 581
843 872 960
653 649 65
449 282 751
737 161 321
777 613 333
293 351 171
745 299 512
565 301 61
922 379 821
276 251 411
573 73 192
653 949 273
701 852 469
631 628 806
501 551 443
721 117 841
651 376 985
915 751 166
465 317 651
766 293 950
776 399 993
473 681 995
101 905 235
469 481 55
267 851 467
896 395 21
137 251 651
706 117 846
125 414 801
808 165 287
473 431 163
965 353 47
113 201 361
13 976 231
545 335 240
201 209 641
391 891 522
329 895 785
712 891 825
544 357 697
857 238 441
910 399 599
275 481 9
281 826 636
895 91 131
847 389 399
457 477 58
289 713 177
941 601 969
49 71 521
602 999 721
825 921 747
977 273 851
711 421 641
199 508 701
557 433 806
813 705 81
751 225 361
15 781 195
81 502 985
743 960 955
201 715 501
949 171 899
3 267 501
773 201 549
697 954 217
673 590 615
101 725 23
198 721 177
268 725 766
521 743 179
217 595 356
669 459 774
898 851 70
589 601 905
661 101 383
959 493 95
776 840 561
415 989 751
481 201 992
41 206 81
426 275 146
251 695 141
401 635 503
927 326 589
305 343 625
89 48 265
607 200 789
1 887 916
56 957 281
645 185 909
491 481 424
703 408 279
269 901 393
811 437 937
676 429 801
769 81 989
621 961 61
381 527 137
241 761 859
841 585 649
719 982 916
261 375 641
59 996 483
985 811 185
181 735 741
929 303 585
809 993 877
485 833 905
956 697 339
921 53 209
141 401 362
855 786 537
184 471 949
323 859 499
134 823 899
49 1 126
689 517 195
988 401 837
189 112 453
624 71 991
41 507 153
221 967 568
765 108 160
975 601 309
707 380 777
204 559 136
346 126 86
491 914 965
949 52 721
141 157 251
281 606 377
968 693 376
233 459 777
739 387 1
731 863 719
732 201 353
95 393 703
307 891 705
951 207 169
497 513 606
773 401 409
719 850 777
561 323 678
884 561 886
249 790 618
693 635 625
832 180 97
450 325 403
49 961 630
581 831 927
436 801 885
281 834 660
866 485 409
377 581 225
726 621 745
729 509 529
515 926 985
904 141 785
291 906 716
251 886 714
703 876 421
745 543 624
66 877 949
473 294 76
749 446 54
665 255 879
745 870 813
223 39 233
641 241 937
477 538 66
164 324 541
255 753 631
107 371 176
455 556 445
531 167 721
369 235 633
578 874 631
702 901 819
301 97 933
911 425 302
237 601 751
951 995 831
395 969 616
357 81 277
691 663 361
892 945 457
96 121 361
466 960 651
609 178 617
101 947 281
453 47 333
994 801 509
185 781 769
913 841 879
281 927 305
992 2 979
708 499 562
909 885 80
685 99 431
571 251 450
427 289 983
574 521 435
23 217 197
647 251 627
13 216 381
95 49 226
856 391 785
961 777 760
918 699 557
811 318 761
629 466 521
681 639 891
457 190 845
741 823 973
307 41 141
305 263 597
113 505 946
151 734 649
961 38 905
423 305 93
71 897 682
656 1000 521
57 34 411
601 967 770
841 365 177
921 46 37
748 931 711
51 169 601
331 453 601
814 273 677
557 801 596
936 231 547
208 647 559
601 600 961
621 871 408
439 427 865
931 59 497
226 506 195
349 326 931
909 174 921
241 206 434
191 487 233
13 727 761
154 145 311
39 164 785
31 401 721
760 570 771
79 724 251
301 311 419
86 85 531
126 341 700
23 657 45
901 507 792
475 897 401
25 439 208
633 81 745
179 737 920
813 564 640
721 1 480
766 201 408
544 486 987
626 817 313
551 881 897
75 635 751
831 903 882
761 501 433
631 179 832
509 121 344
455 289 896
376 495 907
29 717 869
417 380 603
267 83 454
71 601 693
885 441 21
323 176 377
112 336 43
321 872 865
934 681 512
529 497 521
861 938 777
453 3 747
106 473 126
585 81 809
125 301 965
836 359 278
177 655 605
581 797 896
150 792 932
233 724 465
815 585 105
329 458 801
679 849 181
359 631 532
561 545 222
632 436 987
976 95 20
465 644 67
418 401 585
130 793 925
46 137 756
753 895 51
927 525 625
103 409 526
405 319 736
627 253 511
660 450 937
577 171 651
951 403 641
137 133 925
793 391 21
865 643 341
403 64 671
862 739 538
713 9 897
796 577 513
720 993 561
851 519 933
516 210 731
227 934 898
301 322 761
240 461 210
917 337 275
385 261 287
532 572 814
157 2 961
725 599 149
414 402 371
253 778 193
971 629 866
46 377 751
661 289 561
681 509 793
977 323 329
832 241 476
637 726 951
370 520 161
9 17 337
621 641 770
317 788 305
837 529 176
776 465 511
900 339 689
876 761 546
27 976 611
449 106 601
139 114 21
373 101 9
921 13 57
120 587 709
285 585 469
433 633 673
121 211 487
423 769 941
190 491 51
45 501 905
361 716 624
341 495 745
213 776 727
554 238 131
897 953 381
829 562 651
615 604 819
25 126 988
911 701 977
629 225 549
865 386 509
916 826 477
1 687 173
151 995 816
177 685 729
526 954 227
80 916 389
731 283 841
353 505 961
809 11 326
713 393 357
488 249 50
265 869 776
821 793 699
613 601 126
583 851 142
108 896 661
695 705 407
46 576 435
699 917 337
817 159 101
801 344 261
228 681 297
198 668 305
833 677 109
239 565 437
753 409 440
57 105 126
541 986 255
721 913 281
591 757 657
421 956 389
380 156 174
993 713 479
929 783 473
383 635 876
859 419 161
852 53 210
190 921 505
73 258 185
795 443 745
258 796 297
101 788 937
471 557 375
422 238 883
344 821 89
671 205 553
683 195 911
957 412 729
481 853 525
79 655 218
628 985 589
133 175 3
881 30 823
850 337 606
153 595 33
353 262 971
817 937 64
557 209 85
977 555 443
21 303 975
65 941 501
265 24 205
256 21 137
81 311 277
201 435 306
787 141 881
341 641 628
631 437 453
3 761 321
802 727 848
580 631 287
918 938 418
793 97 841
376 17 394
429 331 491
644 599 129
161 191 213
866 393 236
476 161 337
906 601 1
273 861 185
446 41 701
423 313 81
961 822 415
847 298 797
100 513 930
666 957 49
741 335 191
913 126 217
526 895 762
376 91 671
463 61 797
461 726 301
376 241 513
313 464 581
193 370 905
532 317 987
758 998 300
269 441 305
401 513 681
278 761 515
299 573 370
503 75 823
557 702 302
521 121 121
963 434 101
627 686 233
81 390 865
686 13 921
171 537 617
823 791 176
156 609 551
288 707 637
796 69 417
36 387 121
383 481 692
43 737 191
656 861 905
941 796 765
961 985 41
963 497 697
618 551 38
273 505 46
486 490 481
276 545 46
249 890 266
191 367 726
976 743 785
671 934 574
779 83 962
75 627 758
501 877 525
83 749 825
737 765 478
353 226 601
90 621 295
925 746 385
101 937 397
31 675 225
446 67 517
189 426 727
828 51 861
486 241 683
607 381 641
226 485 15
372 225 130
330 517 876
44 217 79
709 689 695
299 901 811
226 273 748
969 9 189
153 783 817
849 552 641
873 716 794
609 697 265
453 595 297
821 141 213
443 168 833
144 562 285
905 736 961
126 809 1
166 578 706
941 281 632
881 546 787
581 119 381
855 1 351
621 395 818
605 635 473
649 433 445
571 973 9
234 962 437
898 703 689
299 421 513
11 621 928
923 29 501
769 651 713
441 155 491
635 377 473
179 777 127
701 841 449
589 693 833
985 531 657
213 397 561
426 649 851
313 155 701
945 54 775
871 33 224
490 271 313
969 913 173
606 137 744
453 844 213
931 73 78
777 841 4
843 259 933
191 971 551
688 927 335
547 517 646
778 941 741
521 383 699
429 512 366
420 775 934
211 969 796
401 467 863
555 265 263
589 531 881
441 639 401
815 257 307
8 533 85
757 714 697
969 152 842
881 791 840
985 581 751
101 283 54
646 226 233
51 763 463
209 423 273
883 564 847
921 679 173
785 48 817
253 41 957
745 301 141
353 101 135
359 124 519
121 670 658
186 321 264
724 760 25
956 387 572
516 455 850
210 591 983
438 137 77
993 623 211
880 787 131
594 991 696
281 426 199
531 467 507
861 115 569
573 968 341
721 928 101
69 393 853
871 860 721
309 747 176
517 434 646
548 899 841
801 129 404
841 63 876
544 68 491
533 876 490
645 745 741
873 46 689
656 401 301
111 985 717
601 341 649
487 441 691
551 393 440
957 161 825
705 994 626
83 705 305
859 969 51
337 499 969
761 744 793
185 909 473
335 149 65
833 308 125
817 256 101
967 338 41
619 944 917
733 815 509
769 526 369
137 341 880
417 30 223
497 743 747
561 91 89
809 236 624
403 745 465
139 740 501
41 247 213
531 962 905
689 856 967
937 501 228
715 440 113
593 975 889
693 726 105
953 137 615
137 240 654
127 794 301
764 981 325
501 801 667
626 17 91
794 121 431
177 585 101
443 597 603
671 689 171
567 93 646
786 121 219
842 751 361
986 553 506
756 39 990
766 721 431
326 958 53
967 569 857
1 705 146
646 554 993
351 961 91
511 510 33
801 491 537
657 164 693
501 803 789
257 457 950
81 912 662
391 287 85
413 654 820
732 167 863
467 385 945
481 699 811
11 729 593
453 441 509
677 532 401
839 931 454
731 745 913
513 3 699
749 50 135
973 676 209
551 53 769
197 609 65
45 165 681
443 632 255
237 509 901
246 990 716
933 369 707
273 266 385
440 727 777
178 998 383
389 17 710
393 93 305
125 285 204
429 171 61
540 709 401
743 83 733
767 584 775
866 191 895
819 200 74
858 281 308
46 291 841
267 51 501
193 481 69
521 841 464
1 821 70
791 413 632
901 881 501
687 606 543
825 815 607
106 521 381
894 361 732
393 909 682
318 716 149
521 849 841
192 592 761
156 721 81
13 741 556
569 155 449
477 203 185
791 414 831
569 881 811
849 355 729
265 653 793
555 185 927
657 51 661
643 286 949
153 741 957
641 165 354
41 935 241
388 305 46
837 473 609
561 708 686
356 433 471
697 481 524
441 249 409
477 957 889
289 581 196
440 231 603
701 762 176
529 101 481
371 401 433
560 598 301
681 689 611
551 9 403
15 852 753
137 750 693
561 321 869
12 141 537
401 970 1
557 655 842
802 39 687
97 825 741
750 289 601
181 218 97
837 265 41
93 517 362
531 951 681
597 849 206
785 561 581
761 698 367
923 251 865
624 771 177
901 839 611
811 665 299
660 481 951
956 933 971
679 170 104
481 893 17
432 231 365
557 369 108
251 174 401
681 865 831
357 745 615
621 220 841
686 401 741
46 647 297
664 541 38
448 241 62
951 946 313
395 101 693
403 63 545
817 511 301
182 9 617
733 501 719
250 921 601
325 7 281
9 437 366
290 896 601
181 497 259
454 939 814
411 159 785
61 351 297
745 345 710
819 239 176
595 873 541
491 951 13
697 1 819
993 911 250
735 589 858
913 777 174
633 809 941
194 270 87
905 511 425
835 476 269
752 883 225
885 385 729
7 244 889
451 761 22
353 116 516
206 321 464
969 823 797
75 751 552
603 177 702
850 349 639
697 99 75
724 101 881
393 791 111
395 594 173
597 495 263
483 816 769
281 517 438
921 78 567
183 922 528
951 726 611
402 761 601
540 889 689
197 505 558
505 242 918
121 911 191
263 121 205
626 105 481
953 889 416
14 601 319
815 625 371
621 851 82
441 218 661
126 171 581
833 614 779
417 180 823
616 111 480
731 791 857
250 206 472
185 591 761
683 266 955
59 101 905
69 760 688
961 793 257
256 951 831
851 155 505
881 405 421
511 881 145
581 861 101
427 16 298
2 361 550
715 846 813
957 35 230
729 777 197
551 121 255
743 694 856
451 492 721
508 224 457
177 449 73
45 836 473
686 858 632
745 891 454
345 763 264
976 771 197
654 638 971
586 649 113
955 298 737
213 541 795
503 807 409
247 777 957
573 201 241
404 643 607
941 583 369
765 309 861
185 945 767
406 555 916
649 548 484
177 305 601
376 351 975
697 111 301
31 80 777
613 745 305
559 459 976
621 56 285
73 355 593
763 286 320
114 573 565
381 107 793
289 140 911
81 685 513
193 477 322
609 729 239
40 647 281
374 923 761
361 601 501
69 842 317
387 789 101
5 161 721
64 889 261
801 669 583
53 683 839
371 867 961
821 993 89
361 211 389
856 586 637
1 388 89
801 721 176
621 102 935
541 101 329
646 361 632
565 323 521
931 637 33
281 35 269
191 113 37
871 961 937
178 895 12
960 991 267
923 427 223
686 973 651
211 302 166
485 185 595
521 38 970
881 496 801
218 601 927
69 617 969
467 961 101
229 732 223
705 787 725
793 281 605
993 341 521
849 819 107
143 381 761
461 71 16
87 956 730
409 633 104
771 208 668
25 857 56
201 922 467
342 256 961
857 905 276
434 314 801
636 485 1
239 446 73
244 680 505
67 305 381
732 221 259
45 403 777
209 489 438
961 865 813
117 61 595
521 683 354
403 671 690
617 597 769
446 623 363
618 901 601
487 561 401
335 201 97
797 231 681
115 319 809
601 961 948
237 397 991
802 1 574
567 277 415
525 395 789
721 101 807
601 547 351
435 928 451
801 461 47
785 604 865
753 870 31
939 417 295
201 432 809
456 923 650
905 553 438
726 700 327
534 75 196
11 976 961
121 493 851
606 921 941
336 738 873
989 118 153
807 151 905
637 558 59
287 287 121
91 716 297
668 537 913
593 485 115
9 618 64
151 1 671
966 457 761
379 13 9
401 751 293
455 841 909
969 161 41
881 486 505
775 952 736
963 62 949
441 989 653
201 567 291
787 313 390
73 729 921
251 785 483
99 961 507
799 941 140
180 905 693
462 999 369
946 603 675
930 860 49
688 365 521
976 397 338
476 95 49
456 613 896
586 936 761
241 345 279
39 277 149
229 910 171
636 705 341
891 41 346
773 29 71
875 1 719
375 267 37
545 166 411
107 525 401
691 985 398
760 345 256
411 236 684
437 720 954
719 765 49
174 72 161
94 932 89
149 967 777
693 433 271
270 249 742
741 141 308
303 478 77
941 144 591
711 32 463
346 889 753
665 321 401
922 909 21
481 654 955
999 366 145
761 381 211
831 331 171
430 460 201
855 924 269
602 319 266
329 817 913
609 785 763
721 741 281
713 334 333
301 927 616
502 101 121
437 17 701
991 841 503
398 501 381
60 811 41
172 657 257
95 137 788
677 641 31
163 998 191
27 509 493
727 604 245
926 961 350
440 539 736
978 21 337
485 91 800
121 511 904
777 137 898
49 921 735
293 985 435
893 726 983
809 242 161
367 476 529
631 545 284
997 981 101
161 831 261
636 841 55
931 111 686
414 732 94
337 42 309
227 475 431
161 717 801
321 159 513
346 856 669
277 827 513
555 322 683
209 731 225
969 337 771
701 137 135
809 302 408
421 867 989
780 101 217
201 102 379
155 17 341
861 218 813
155 909 324
503 37 913
183 601 426
629 726 486
55 347 917
131 516 741
524 609 821
394 15 571
361 491 933
993 422 181
933 896 341
681 742 470
215 149 801
441 703 377
47 114 41
497 504 996
770 700 779
445 108 565
228 948 721
408 825 683
803 648 375
421 133 249
663 219 801
378 921 941
136 799 658
219 443 805
20 714 489
31 578 995
851 651 890
206 717 417
486 674 470
661 593 511
393 211 753
206 935 897
9 825 198
751 361 863
387 233 842
589 209 281
817 763 885
211 445 381
535 829 45
325 771 700
91 381 795
759 393 341
192 729 783
611 569 197
539 385 705
285 569 329
692 565 489
575 861 358
741 897 405
1 95 280
914 525 697
581 953 841
321 831 766
819 441 211
713 649 632
583 406 945
767 329 589
761 441 717
169 606 21
677 1 343
631 318 421
672 24 830
361 280 757
121 601 983
851 466 751
345 689 791
837 528 59
126 777 75
101 970 929
307 976 951
911 989 258
789 426 953
428 742 535
581 131 921
913 1 267
490 426 237
85 129 9
968 79 838
884 705 9
49 638 961
701 337 175
12 773 345
719 976 35
197 7 43
943 413 587
511 881 716
143 349 632
203 369 611
537 43 404
224 173 851
253 189 131
331 373 740
921 903 867
29 297 81
707 556 73
881 225 98
81 429 171
721 921 956
529 451 549
296 826 441
941 881 811
613 677 381
701 377 601
450 341 313
836 653 398
584 175 195
213 717 76
941 541 860
81 97 955
442 269 751
501 69 413
425 651 239
377 769 413
211 326 697
801 999 521
955 376 126
839 297 700
175 561 711
611 319 933
665 208 111
584 913 729
321 887 859
33 512 603
129 417 566
694 887 537
29 261 303
653 337 985
829 129 854
494 369 153
606 701 175
577 591 397
769 308 659
501 880 503
307 632 211
641 261 797
521 501 1
921 726 581
915 842 4
915 551 145
395 169 757
241 521 381
502 841 153
969 476 134
143 865 262
886 101 837
3 824 638
202 806 689
61 41 73
113 530 361
353 641 637
761 385 580
635 723 183
443 547 493
721 1 909
215 519 591
451 182 217
397 377 893
17 737 121
349 437 817
585 603 511
467 481 201
901 329 661
542 301 265
726 40 265
799 412 189
409 126 876
867 521 845
49 553 701
405 247 684
522 142 705
533 175 517
679 611 729
561 844 468
333 93 291
276 273 962
849 177 149
401 425 479
649 25 785
841 602 961
316 657 363
651 396 776
61 169 708
201 833 685
113 471 365
1 700 82
721 706 97
222 961 821
921 777 221
457 361 293
162 621 479
609 23 454
897 905 242
443 223 641
560 71 755
439 264 281
11 273 185
316 93 961
715 754 49
827 743 677
852 965 348
36 569 361
231 206 927
233 241 337
800 769 751
1 421 321
609 609 85
1 789 243
46 801 612
803 123 84
397 126 183
72 159 597
899 410 614
805 452 1
332 895 263
446 581 130
613 775 30
243 457 876
633 701 965
435 355 1
120 313 203
260 894 977
13 726 153
339 501 379
676 161 959
361 585 345
841 423 393
641 887 40
801 85 621
86 49 577
342 217 354
516 433 636
177 826 297
337 870 611
370 497 786
157 52 181
905 776 267
718 606 821
966 559 423
57 971 766
837 254 728
651 127 664
341 593 209
88 321 215
265 441 677
760 751 365
481 17 53
601 265 142
481 527 381
299 438 60
777 535 955
520 865 469
787 601 329
233 993 353
41 665 3
873 751 984
353 271 825
797 289 553
883 21 337
883 644 254
243 769 953
257 529 365
361 521 307
661 129 116
191 521 691
751 793 417
201 534 655
923 925 361
902 15 661
177 221 666
101 781 856
162 825 55
909 208 549
703 990 837
846 939 531
401 945 321
993 751 334
49 171 316
121 853 14
317 773 601
937 242 757
341 95 253
422 549 902
848 20 215
724 26 861
753 739 236
381 166 385
604 201 641
971 731 453
161 353 541
333 625 882
601 87 995
921 353 681
620 456 251
760 528 894
378 750 341
409 132 137
326 601 401
187 413 711
129 329 297
551 339 273
331 457 551
803 722 777
781 963 732
125 45 297
28 293 664
9 484 417
9 691 272
998 821 416
201 793 721
603 73 749
965 666 107
273 888 207
42 401 249
969 321 59
701 959 558
821 131 160
591 759 557
911 177 641
431 745 601
981 80 385
627 923 930
66 801 161
395 992 899
867 253 917
471 189 737
64 377 971
491 698 72
574 667 959
713 391 386
922 578 341
596 396 273
971 249 57
451 48 793
804 708 94
671 613 128
794 686 653
302 1 979
957 344 801
493 482 163
169 336 596
81 787 657
401 11 135
577 748 183
57 837 354
745 643 505
700 663 104
141 35 331
1 731 651
892 156 863
331 466 472
259 255 393
751 2 1
201 9 180
205 196 81
161 185 501
908 531 929
21 951 269
813 299 504
201 149 790
967 151 633
29 376 852
799 576 17
251 33 663
859 381 609
120 275 469
619 864 123
321 167 161
825 722 540
511 774 19
299 524 401
367 489 857
267 161 623
76 437 249
603 681 945
951 381 610
913 370 233
330 181 167
333 917 583
961 789 33
27 187 224
377 978 625
942 41 809
743 368 521
526 151 263
643 797 261
89 649 876
425 584 951
49 829 189
943 175 279
181 353 721
506 761 241
41 445 254
95 765 2
967 146 301
565 305 465
41 155 889
441 229 401
942 801 449
755 959 259
346 441 921
451 957 835
737 373 677
705 909 564
574 625 689
135 153 443
121 329 658
985 554 327
491 925 671
376 167 641
77 476 213
508 896 881
353 175 817
431 702 901
944 193 895
311 267 221
683 871 961
1 386 879
209 837 110
961 186 265
470 525 593
41 252 47
963 633 119
817 346 599
14 202 551
201 217 201
729 806 425
946 770 193
160 426 408
614 631 629
191 55 51
9 323 57
971 81 931
861 437 360
295 967 685
111 65 388
481 823 173
571 511 401
823 249 281
817 457 517
751 441 895
663 448 769
801 401 320
990 99 585
801 691 921
539 541 544
700 661 945
209 301 654
645 266 497
561 25 711
829 346 802
965 664 283
279 685 991
353 545 733
953 161 833
781 945 701
739 333 945
189 551 587
147 62 908
638 711 377
126 150 491
645 936 975
489 731 161
809 921 998
446 13 799
852 981 327
889 643 251
551 803 389
395 31 41
779 433 870
123 285 415
249 729 523
931 91 646
101 521 893
617 38 321
427 485 432
937 817 884
721 813 201
421 507 302
433 785 211
497 784 502
529 841 883
277 372 329
974 120 151
937 341 13
741 225 519
99 701 87
371 953 951
285 383 412
271 621 930
193 641 501
11 238 767
651 55 423
561 601 937
25 653 739
329 889 16
529 942 345
286 453 263
191 141 501
301 901 545
521 273 51
312 88 857
597 177 599
769 501 99
607 840 283
321 638 683
509 861 905
500 881 139
536 944 101
197 581 801
268 633 475
359 801 548
672 835 319
287 577 980
651 41 1
343 916 799
315 937 359
640 771 629
891 141 57
1 777 986
251 285 521
957 868 937
228 558 385
369 473 957
376 25 805
291 312 968
641 990 356
335 377 797
894 476 185
201 849 980
287 276 803
841 635 681
876 736 252
771 838 873
900 787 281
886 85 761
293 593 185
551 267 489
790 306 46
872 149 805
669 865 934
181 309 221
563 891 221
19 918 229
369 273 61
481 628 401
739 247 738
709 177 320
189 667 817
49 145 161
870 385 965
161 801 841
571 25 697
733 279 777
233 529 201
373 497 455
349 617 661
573 739 711
407 563 753
733 217 681
551 781 405
793 372 371
425 926 965
441 401 883
17 978 41
209 869 925
973 129 291
553 800 561
198 101 993
492 801 519
201 327 376
249 652 200
586 977 682
729 444 553
857 775 126
53 676 805
593 753 311
277 837 996
81 476 837
406 43 761
991 185 447
621 731 885
485 853 845
381 327 379
120 395 339
333 309 909
885 635 53
185 463 897
753 451 717
53 347 926
663 334 238
593 266 337
125 366 845
671 458 446
258 714 428
375 921 51
999 921 561
563 499 305
329 893 521
365 933 1
367 728 482
513 611 401
600 187 500
645 53 377
673 633 877
871 593 407
386 841 233
636 591 473
739 861 463
33 591 581
876 603 601
935 277 185
96 21 745
441 999 159
185 939 302
897 600 696
88 30 186
690 473 901
521 404 771
99 841 53
78 681 771
779 561 713
601 931 375
505 704 471
887 906 97
347 16 951
317 831 9
39 708 841
301 157 501
468 406 544
433 281 189
901 212 121
913 769 336
397 121 773
716 241 793
785 830 656
742 427 825
61 268 681
621 38 261
829 422 721
647 911 889
921 897 342
83 466 533
833 281 322
281 389 399
153 986 463
1 681 423
991 371 165
761 492 405
133 382 717
429 602 418
6 789 293
983 203 8
673 60 961
311 65 233
953 207 261
858 801 304
793 451 1
773 561 985
701 435 855
401 498 307
469 671 487
559 931 149
753 251 206
398 747 397
981 67 153
169 945 673
180 65 526
249 333 871
407 301 111
853 304 283
321 741 145
466 901 211
237 853 733
343 646 41
451 217 791
262 591 161
341 625 729
505 197 769
691 356 147
852 296 585
585 509 353
890 534 841
769 12 731
106 621 79
69 153 265
739 974 291
185 954 618
721 33 629
479 384 721
568 721 193
156 507 34
896 21 669
841 655 981
727 349 921
197 916 137
522 359 930
817 28 401
337 826 91
182 1 490
956 141 41
523 469 606
337 308 776
801 574 670
36 447 347
910 81 517
921 233 389
906 585 715
643 929 909
376 577 593
433 411 726
191 894 75
362 907 609
175 191 481
161 315 654
253 276 999
729 51 945
995 181 796
151 521 933
54 446 217
709 553 9
273 65 665
451 561 317
825 521 57
981 804 21
857 465 565
286 176 39
840 193 981
81 269 926
183 777 663
721 597 585
443 961 853
969 937 421
385 252 276
725 417 989
307 895 293
365 809 133
57 79 176
360 985 9
976 265 898
161 785 699
238 489 525
515 684 1
685 291 317
222 985 381
957 990 209
178 657 595
651 937 833
322 610 168
153 281 773
761 556 351
489 353 665
490 611 557
593 611 558
63 801 705
281 731 970
571 808 858
176 543 106
21 165 402
1 47 993
141 869 1
29 758 521
816 293 201
8 775 509
465 501 449
217 525 252
121 701 765
94 901 792
287 281 539
865 412 313
58 111 757
351 797 933
291 721 149
706 301 965
53 751 991
297 977 105
737 972 483
395 201 677
713 657 759
897 625 201
927 344 287
664 51 961
251 500 856
391 953 522
905 136 981
841 885 665
51 25 466
937 23 861
937 631 889
829 593 135
530 966 141
564 601 312
413 757 17
876 719 601
150 509 851
376 925 681
273 1 941
417 567 717
891 344 443
567 981 145
681 305 97
806 270 157
841 674 753
26 987 426
401 125 161
501 521 151
681 101 701
932 909 452
161 811 742
265 7 825
364 315 356
851 581 492
941 221 365
841 721 961
665 633 425
439 805 456
820 901 957
739 839 279
6 901 211
231 846 142
110 453 411
665 936 995
191 349 893
245 187 931
163 113 717
221 961 11
441 951 173
157 49 641
721 484 921
91 206 43
241 721 781
555 791 557
810 20 36
613 401 625
332 283 497
811 771 415
851 281 729
638 527 817
801 846 327
452 377 905
635 217 568
985 61 793
787 551 409
41 865 474
669 458 535
636 691 857
477 213 502
111 866 676
609 526 204
879 188 437
85 293 267
351 825 808
631 45 56
345 121 401
221 849 749
361 579 526
688 351 709
121 915 401
292 929 631
381 103 441
105 55 636
851 895 337
985 861 236
639 937 865
776 746 290
101 476 87
155 315 289
850 531 791
660 757 425
141 933 929
402 242 217
381 382 439
287 521 53
929 556 855
69 671 101
8 281 686
595 31 179
578 257 343
641 113 595
973 716 735
745 495 345
584 721 426
383 494 605
6 753 717
1 901 581
444 525 281
55 70 448
779 766 641
849 221 652
692 701 199
116 368 643
425 25 391
327 186 622
35 329 566
813 935 251
104 365 471
176 801 551
712 619 325
301 803 99
732 329 365
321 431 524
957 651 303
509 523 224
500 999 661
761 567 909
500 801 425
701 199 851
121 1 385
749 581 111
680 941 681
361 61 129
981 39 161
65 601 661
979 746 315
344 257 657
60 768 22
174 751 941
26 669 757
145 401 845
973 733 329
190 253 71
271 311 936
307 203 843
140 533 501
947 609 450
906 721 418
113 639 497
444 499 245
477 572 15
698 885 963
298 993 929
296 595 785
382 981 261
443 481 899
616 955 546
295 89 823
129 997 64
586 107 929
581 281 751
818 801 97
433 412 721
89 569 817
129 701 971
969 951 463
673 553 711
244 583 217
193 165 629
441 59 469
25 621 207
337 897 367
205 409 473
641 861 950
375 104 66
281 72 235
9 539 715
926 442 957
254 649 537
457 913 319
277 405 457
129 465 257
661 561 761
294 558 830
534 801 724
53 209 377
879 548 589
121 763 325
297 841 689
149 281 686
985 334 213
233 481 933
838 367 193
758 233 286
577 41 854
33 266 33
398 941 665
241 518 171
476 61 401
301 735 719
45 654 297
347 468 141
265 529 151
332 225 94
136 452 611
654 724 941
211 301 385
203 105 263
613 486 171
515 624 621
417 170 571
801 43 874
169 153 286
671 401 813
365 12 923
709 226 773
951 329 905
997 115 340
633 943 776
121 129 787
257 189 945
3 33 460
965 305 251
76 801 721
992 243 995
237 920 581
271 164 449
876 61 406
801 747 843
104 451 348
943 391 529
251 319 485
461 946 829
810 631 971
151 371 1
136 241 637
289 426 431
65 322 737
508 62 121
725 6 291
507 911 362
76 788 636
81 521 31
177 321 191
773 277 713
801 17 271
601 513 826
793 378 733
625 529 455
996 385 46
531 441 649
545 644 901
896 489 372
564 145 103
112 269 107
681 320 46
320 577 433
251 1 921
777 859 331
785 701 415
676 35 332
481 126 477
593 91 213
226 328 531
953 601 853
609 106 199
56 846 616
877 921 581
851 422 511
195 334 463
1 715 345
961 443 820
501 233 211
376 417 597
654 177 539
683 181 483
796 161 747
165 565 181
561 931 646
638 649 401
766 323 171
761 545 801
701 435 901
883 501 18
929 802 879
981 273 118
449 449 269
789 9 836
81 501 435
931 233 8
673 77 448
714 776 39
961 186 489
303 541 379
397 197 707
585 81 527
176 197 305
887 437 89
765 791 529
931 727 587
487 961 597
89 907 907
64 878 681
610 361 809
873 313 258
409 471 761
389 731 860
856 841 31
326 311 262
644 485 923
71 817 446
929 75 993
37 654 953
153 798 135
991 936 546
161 745 597
833 385 541
497 769 15
766 503 545
349 831 529
875 627 517
421 652 362
585 985 573
838 326 309
205 776 478
89 546 891
376 71 849
281 437 176
621 581 326
417 359 793
401 795 866
553 687 376
21 73 896
761 825 933
773 441 569
537 547 297
543 448 881
501 121 200
185 915 901
336 652 281
267 281 825
201 101 537
777 577 573
401 269 476
247 121 490
295 681 233
576 959 104
55 596 625
551 185 769
876 311 549
121 237 721
871 553 61
355 125 318
185 895 6
409 889 415
985 402 1
367 192 775
180 747 26
87 275 649
43 481 617
727 111 841
71 501 524
479 431 601
476 776 28
155 846 566
576 75 997
860 140 673
386 761 524
243 713 446
465 991 721
651 557 348
951 410 616
337 988 888
291 582 106
105 541 237
220 51 392
961 997 361
979 905 519
537 553 216
91 65 599
563 598 261
161 313 288
91 281 733
269 643 977
131 175 777
366 841 1
121 468 887
643 751 80
469 129 153
486 498 977
955 401 933
511 595 329
154 661 601
626 121 177
901 441 578
90 889 101
949 925 823
657 597 433
211 941 508
976 403 752
989 743 695
236 73 417
57 521 197
84 539 555
503 683 361
401 243 225
75 937 877
106 971 287
661 167 481
33 416 477
430 57 433
713 501 897
27 936 856
990 194 741
347 881 193
431 291 287
703 527 220
741 578 385
881 538 95
951 713 369
37 663 211
41 73 451
733 841 313
401 161 9
743 992 973
921 963 711
988 630 385
1 497 891
547 57 856
981 633 884
948 377 327
241 972 41
395 513 86
827 49 147
361 185 840
174 165 17
141 258 468
566 433 721
934 325 1
998 317 780
577 96 951
185 458 511
267 332 897
819 62 737
561 203 53
633 617 600
999 344 431
446 157 676
885 841 851
657 231 814
188 918 899
874 679 498
231 557 565
640 318 79
828 357 317
138 497 439
101 113 193
876 422 854
849 279 923
176 961 489
797 249 881
775 931 985
21 741 501
701 81 145
31 657 201
331 219 733
644 201 645
83 421 281
169 521 961
368 36 421
163 913 374
601 951 831
361 741 430
545 254 453
513 846 632
839 388 144
619 511 706
521 981 91
664 113 213
519 614 325
489 485 631
273 742 197
891 901 419
831 669 721
417 81 815
936 801 689
493 851 37
683 193 603
452 869 108
876 88 580
565 139 138
257 431 898
773 474 425
914 873 111
833 453 733
561 38 601
351 287 71
471 306 897
242 247 397
669 904 205
826 29 959
381 484 9
269 573 140
701 913 181
949 534 208
389 313 751
99 113 585
546 848 557
337 612 357
829 289 201
298 685 121
802 281 605
605 289 54
340 93 737
651 817 401
321 127 306
521 534 160
437 6 66
481 941 844
856 501 157
281 29 996
371 593 996
489 969 891
441 409 765
448 351 886
271 827 834
445 441 84
723 815 263
139 488 905
624 101 826
627 1 950
953 571 441
705 173 285
201 157 409
902 991 456
277 477 349
317 565 397
661 81 492
321 44 841
381 737 514
933 171 865
105 535 197
904 917 31
237 860 26
632 815 597
501 111 711
584 521 85
467 595 744
465 411 273
73 971 429
995 507 174
701 443 289
451 611 151
491 470 479
881 229 425
475 370 877
85 161 130
673 833 876
576 289 283
648 649 46
809 774 482
611 873 585
447 421 291
293 267 409
412 237 521
751 61 468
657 376 625
919 809 653
601 751 918
445 630 793
771 395 226
855 525 737
990 727 469
886 333 41
665 393 757
765 515 407
101 641 306
259 631 535
305 491 867
871 561 200
597 350 726
337 138 911
501 953 626
836 809 141
153 451 592
130 415 275
125 825 113
801 330 971
313 375 866
17 21 401
311 843 376
137 787 641
609 441 583
828 666 1
96 51 929
105 833 621
803 20 592
735 331 657
85 1 11
257 81 601
313 235 141
888 29 529
772 705 600
875 348 585
824 697 620
761 36 51
215 160 516
465 312 662
421 11 840
900 481 685
237 129 140
1 319 987
31 151 691
531 869 585
921 31 626
505 726 215
779 89 810
441 871 499
631 824 481
77 33 33
601 461 361
627 573 451
499 381 839
883 733 552
575 604 127
603 841 445
21 668 253
917 391 381
536 417 369
385 141 826
543 851 293
517 683 942
46 885 873
825 61 786
257 889 972
800 491 90
846 101 97
869 875 126
424 579 616
134 699 353
651 735 963
501 161 49
611 611 71
825 721 715
331 291 377
446 306 437
539 383 9
974 41 420
969 377 343
123 101 713
886 547 641
298 501 783
821 601 197
100 521 956
427 302 876
249 503 799
96 909 498
628 561 917
319 536 955
33 237 761
179 1 75
378 201 185
601 744 426
151 435 405
963 269 17
233 684 801
158 857 513
576 217 965
985 681 841
953 256 274
561 905 937
872 701 272
57 701 289
293 912 385
868 611 849
361 399 551
570 486 483
395 91 217
111 469 274
337 269 329
760 450 401
961 899 141
97 629 440
577 284 706
827 73 443
593 843 551
761 233 541
61 976 189
251 985 913
793 45 444
251 435 294
236 538 133
415 321 129
915 116 81
861 91 601
483 781 43
400 659 881
261 241 823
471 287 749
131 405 221
85 938 623
994 801 81
186 809 353
231 939 657
430 73 681
207 916 149
294 843 981
841 857 261
553 241 369
540 267 372
637 755 815
321 336 850
326 849 365
321 305 251
712 346 921
228 264 806
406 995 929
329 197 394
491 361 332
767 593 966
710 349 272
996 526 791
203 504 685
439 493 365
197 523 231
239 201 973
676 56 17
97 453 455
315 557 461
390 718 954
313 510 240
183 771 244
491 789 397
891 777 313
670 501 318
933 277 793
196 583 258
966 875 43
21 402 311
118 775 501
121 868 235
251 191 287
65 127 61
981 179 799
378 217 21
561 953 657
861 321 3
501 31 793
381 551 329
255 261 686
934 325 786
105 246 41
805 457 27
701 945 641
692 931 213
234 877 759
133 546 703
561 257 869
713 826 373
459 11 57
91 621 548
489 273 565
963 842 641
93 373 14
146 377 929
951 303 161
45 749 98
947 324 533
441 73 116
465 41 552
316 960 119
505 361 991
155 800 596
453 501 937
577 191 941
1 793 425
481 409 26
219 445 133
180 797 365
29 201 119
586 161 551
73 453 391
786 567 900
132 363 403
737 25 949
56 817 157
401 191 777
789 323 53
257 785 201
84 319 317
451 645 871
717 224 869
977 887 296
76 713 706
669 41 681
641 129 738
888 583 651
331 969 111
291 609 661
321 721 671
926 497 853
121 913 265
71 577 209
901 714 401
782 801 201
286 841 598
785 835 441
739 131 770
301 561 3
1000 429 965
61 821 605
491 533 889
251 524 200
737 10 105
345 840 496
211 529 719
145 941 961
301 790 126
146 267 529
871 765 709
337 372 566
929 18 776
603 521 736
981 385 953
994 785 463
751 15 723
287 383 522
876 745 573
145 481 271
787 881 81
919 541 307
288 489 815
651 441 579
483 953 511
31 386 37
69 955 958
243 803 230
701 347 477
271 961 785
367 554 105
355 911 821
736 537 329
923 572 234
369 93 351
99 709 449
226 244 855
241 724 408
1 75 698
821 421 401
604 771 915
822 176 419
1 149 800
701 123 825
199 623 1
181 787 522
776 301 911
935 272 401
857 505 889
616 151 200
41 641 361
209 912 251
235 233 421
1 94 931
80 449 920
174 897 23
97 973 721
646 721 865
176 619 229
189 997 527
351 735 434
929 331 781
146 157 821
941 161 383
137 947 315
433 37 835
49 133 688
471 149 721
854 569 114
874 681 9
336 833 31
701 377 248
797 820 871
841 909 681
512 825 601
481 51 148
561 533 266
491 251 177
613 76 339
625 161 789
55 681 549
561 166 64
697 277 802
9 425 837
701 676 425
349 72 161
401 693 818
276 551 273
70 333 596
586 505 435
447 283 641
753 265 777
989 631 451
677 418 390
249 293 283
156 986 555
801 161 101
817 501 721
266 200 99
209 752 451
45 106 347
841 1 961
611 347 155
556 561 82
756 412 981
971 515 131
467 71 433
1 466 447
911 10 613
445 737 800
895 131 779
357 537 168
441 256 425
262 31 673
401 34 385
505 741 601
168 501 631
425 108 746
145 841 177
981 251 965
773 523 922
111 288 88
590 841 107
778 541 875
946 789 264
161 109 41
23 164 365
601 753 957
976 521 243
496 784 481
926 51 601
989 24 89
681 395 711
809 874 857
761 868 921
883 865 881
359 29 175
784 980 279
629 955 941
861 31 488
697 985 737
983 227 239
889 641 646
301 546 655
698 9 497
195 626 925
149 179 489
736 513 214
249 773 627
521 81 521
992 155 11
377 713 175
687 17 213
681 665 941
481 477 509
536 913 221
325 743 865
315 28 728
97 771 577
204 25 335
931 89 207
881 501 260
816 213 69
500 861 53
641 41 11
564 868 767
891 89 398
519 475 988
340 809 208
807 599 113
251 713 921
486 550 207
169 565 191
633 145 7
692 745 729
711 920 788
785 811 80
449 163 696
393 635 584
895 262 693
697 301 595
367 599 305
249 614 866
11 401 845
181 268 35
111 832 859
579 295 743
609 271 655
454 25 59
61 915 924
71 977 765
955 930 990
239 116 561
191 401 133
417 304 738
497 247 613
461 327 429
206 696 193
639 782 649
13 725 332
571 281 374
381 166 66
545 894 223
705 531 561
965 496 745
437 977 394
193 376 409
427 185 715
541 261 342
611 210 341
787 423 750
617 149 801
761 617 345
976 83 459
957 961 889
943 892 601
632 701 896
561 151 191
141 354 77
322 401 144
227 525 571
961 985 125
11 501 777
751 871 221
793 632 175
321 941 57
957 590 603
789 581 337
289 265 433
770 441 103
957 463 818
89 532 845
400 8 961
181 275 541
350 109 351
571 966 759
651 913 313
188 449 585
308 238 585
845 85 880
466 423 255
369 275 481
81 806 426
105 737 836
411 817 615
450 278 956
246 96 171
237 865 961
711 473 19
737 911 941
149 999 657
702 994 609
902 833 873
849 651 523
361 793 635
464 381 201
921 663 284
291 658 183
74 537 511
542 268 921
733 4 905
893 691 981
346 913 417
25 510 349
271 89 301
439 585 685
40 909 868
663 551 861
41 901 559
693 491 334
453 267 659
221 996 301
182 889 627
723 726 307
97 957 713
76 211 514
433 133 642
705 378 975
483 825 660
637 73 701
781 132 156
615 201 543
265 909 441
681 276 310
795 159 921
579 873 271
913 784 587
409 61 721
945 472 394
851 126 351
501 16 501
329 955 117
567 829 169
191 885 379
1 459 826
405 658 919
127 865 205
97 97 719
633 415 27
51 474 228
843 341 73
345 231 897
928 376 391
336 661 528
81 191 979
284 741 223
514 126 865
459 169 921
957 217 681
53 291 705
251 676 195
65 446 830
488 973 611
700 541 31
591 641 841
965 728 891
834 934 535
926 991 728
159 261 907
550 273 297
774 893 25
381 581 134
557 149 707
411 876 836
41 816 639
561 233 563
490 981 465
693 741 376
543 891 940
421 657 811
742 583 131
429 761 441
913 551 679
897 97 747
641 61 492
627 162 363
979 21 999
580 247 527
564 643 90
227 956 381
857 337 891
283 434 715
981 545 455
161 132 201
281 433 172
100 556 276
151 6 350
501 921 625
465 105 987
656 42 347
845 466 501
610 964 691
965 902 880
694 74 896
177 881 988
393 775 983
626 87 694
139 441 81
312 663 934
837 646 951
724 511 561
165 926 297
717 551 834
577 911 461
105 661 689
130 124 357
836 29 751
977 526 31
141 461 97
374 221 311
596 314 181
813 798 402
173 433 489
49 87 315
967 599 557
497 180 223
383 821 77
497 171 383
196 140 359
667 335 836
329 708 705
316 357 57
954 254 213
817 596 842
622 938 361
345 609 564
726 486 306
404 752 951
969 32 729
501 55 511
355 600 625
101 49 107
941 49 529
385 529 996
57 856 5
250 129 513
291 648 763
191 597 729
281 398 328
945 651 51
869 57 371
863 506 295
961 811 13
491 271 519
469 25 389
353 541 376
601 901 33
911 289 230
73 7 796
845 219 51
161 393 355
348 511 137
831 859 544
353 344 286
81 625 308
783 1 100
929 555 465
228 192 833
297 411 742
623 655 456
457 505 549
441 583 813
677 356 471
425 603 753
993 723 921
103 451 461
76 221 977
749 777 689
79 495 7
353 775 798
460 978 675
652 367 163
369 833 491
705 911 573
669 962 364
876 521 604
396 841 475
196 883 449
945 657 763
945 805 609
605 173 513
53 825 192
241 134 641
745 957 795
902 861 185
545 471 619
641 521 476
317 553 151
73 199 169
83 864 649
221 514 325
701 420 581
794 497 91
449 846 691
33 422 287
301 780 201
377 901 997
121 381 456
291 676 249
465 979 333
526 634 71
650 538 960
335 693 775
962 327 981
56 961 679
868 593 703
641 101 806
737 949 376
211 996 356
11 151 541
121 696 681
771 899 747
345 361 960
801 797 701
412 231 145
586 566 836
491 481 151
144 333 761
787 860 971
751 350 137
901 361 241
240 21 134
371 351 553
620 143 281
521 993 784
81 701 943
351 491 787
751 879 335
344 597 721
638 554 187
940 599 577
791 801 162
526 651 125
55 894 312
340 931 869
411 18 401
833 846 883
117 141 763
627 489 586
902 768 889
826 86 353
740 376 177
887 1 369
286 249 701
143 686 221
735 551 997
977 313 41
231 251 932
647 401 206
385 627 597
