3937
535 705 837
337 110 274
394 653 1
835 821 861
255 321 27
137 395 127
152 457 209
173 665 301
665 905 517
101 753 181
553 25 633
970 21 116
347 673 501
121 177 751
176 829 641
461 635 971
714 565 383
749 408 665
501 294 281
501 627 747
801 214 121
765 386 723
202 183 337
827 178 147
230 445 36
39 625 81
837 352 532
87 631 587
327 1 731
351 3 173
197 940 229
415 751 593
721 949 425
553 46 505
995 235 265
447 359 489
773 417 141
47 568 55
57 140 585
511 853 135
299 323 660
626 71 789
869 565 503
442 601 51
681 604 699
83 29 929
450 160 51
732 227 981
551 139 682
433 33 263
840 994 486
12 344 646
220 609 605
876 181 451
931 301 655
826 9 81
203 761 901
276 955 451
805 276 541
723 265 607
577 549 969
321 189 65
797 2 611
829 635 751
985 25 196
182 281 871
871 601 906
121 401 565
961 761 225
841 271 59
652 657 841
861 600 911
459 977 337
787 841 537
353 822 776
231 501 713
909 601 538
253 905 390
161 753 97
261 239 674
561 295 577
126 482 237
938 476 56
356 921 382
640 953 176
781 400 436
1 865 916
419 777 497
253 639 501
883 69 646
631 500 183
621 429 737
793 592 271
191 291 126
225 261 91
553 174 377
956 145 416
505 532 263
299 961 936
191 69 86
665 261 221
681 626 501
789 629 458
905 389 697
137 785 593
3 38 573
624 921 709
77 201 906
973 577 676
703 513 441
568 793 751
448 509 681
221 901 953
341 216 894
121 429 953
611 345 375
55 961 979
29 646 371
787 279 528
172 181 257
885 457 863
401 41 349
839 131 372
251 247 209
893 245 595
545 441 801
63 395 673
617 897 601
625 421 983
509 577 94
441 401 43
694 50 389
933 757 237
5 597 101
911 535 146
793 266 832
3 335 765
473 985 921
865 912 371
831 637 427
680 504 815
886 641 401
501 239 51
659 129 587
992 131 271
967 207 943
783 549 479
790 425 831
335 429 257
205 621 641
638 750 561
663 501 805
305 240 1
921 387 369
321 182 351
501 385 693
427 329 845
559 717 737
826 553 728
254 319 286
365 159 146
379 235 459
52 21 510
851 201 77
989 921 681
1 426 667
399 913 251
108 749 169
625 317 797
529 761 905
559 457 293
249 65 529
169 156 341
374 241 933
977 529 123
286 181 711
581 451 653
498 491 639
297 41 977
808 656 369
759 677 317
289 166 794
143 651 189
561 542 231
724 761 701
908 985 304
224 721 801
517 281 277
17 897 247
880 281 555
818 368 789
24 369 401
975 297 600
746 827 7
905 133 81
541 36 255
909 355 85
900 41 163
551 549 541
367 113 739
608 510 712
565 297 128
417 169 347
739 125 189
241 130 345
566 773 555
213 705 693
144 550 496
361 660 631
651 540 976
86 721 445
689 981 649
189 80 153
581 109 714
661 541 557
1 157 271
185 440 929
397 407 493
855 41 341
703 136 864
496 247 17
833 761 501
403 509 512
773 25 596
844 175 473
289 169 931
905 921 227
26 843 778
643 656 937
561 564 401
77 15 365
33 32 409
673 77 81
500 325 161
118 37 238
176 165 635
801 489 649
849 753 939
477 78 893
715 481 101
7 663 946
405 721 63
46 707 393
824 871 776
705 195 315
521 71 593
707 11 63
849 831 123
511 637 217
753 361 687
421 826 682
288 251 799
117 292 451
610 101 801
256 59 604
123 249 741
757 696 797
977 441 15
761 351 634
161 663 467
769 383 311
433 491 473
561 581 331
561 245 672
226 253 513
746 565 616
662 151 613
125 907 253
929 951 425
847 113 391
359 757 785
592 572 811
853 865 197
134 713 481
121 703 745
721 107 77
926 9 228
705 349 79
938 331 394
815 41 236
713 668 769
345 491 441
703 897 433
537 261 124
529 839 418
866 162 583
3 473 629
527 144 991
457 245 181
177 671 43
126 572 584
59 965 261
113 827 334
643 159 612
720 730 371
921 65 102
601 641 265
481 787 121
267 138 976
481 777 519
201 221 356
620 534 693
107 468 385
71 611 87
151 761 425
311 993 601
297 519 863
439 101 45
673 542 693
551 941 529
305 575 709
946 193 933
981 469 343
772 803 221
441 817 31
473 284 287
969 422 161
642 717 677
595 705 181
161 917 845
477 209 604
263 564 627
345 319 241
561 211 311
343 901 569
246 577 41
945 734 744
155 457 77
833 906 651
215 404 920
921 515 397
161 251 221
769 979 141
129 535 276
673 633 477
131 169 293
645 648 868
161 49 989
299 425 1
117 761 245
521 275 98
982 485 705
769 656 886
309 404 285
138 513 501
597 895 492
499 86 143
447 590 111
63 763 324
39 696 17
317 51 501
225 481 501
173 834 628
383 233 557
577 450 311
160 259 806
441 275 544
156 791 929
991 337 964
458 216 353
635 961 273
801 529 293
181 745 549
351 221 407
771 561 671
649 241 479
779 701 217
82 471 617
177 751 413
801 605 793
784 43 261
505 93 969
587 761 361
757 603 73
561 559 382
664 560 901
91 217 116
601 733 806
502 697 425
436 297 741
745 506 437
356 749 244
801 905 331
115 241 381
935 881 791
320 699 565
305 441 259
121 85 431
91 337 312
953 341 771
351 325 305
716 515 904
961 573 637
713 716 351
651 129 85
5 911 336
789 861 186
712 116 365
811 951 939
157 665 629
966 121 654
665 83 230
799 1 858
761 606 641
399 988 331
141 208 36
278 376 395
181 374 882
301 61 729
87 321 621
265 461 129
835 803 101
651 866 381
62 889 321
401 522 601
553 382 541
491 716 658
765 651 561
289 602 849
630 356 529
961 506 251
371 692 816
353 684 201
750 995 829
825 631 355
372 128 424
533 889 593
348 985 928
664 491 466
681 541 677
609 145 816
48 268 221
161 405 535
901 831 89
398 401 635
967 661 976
186 826 965
3 705 521
801 697 296
771 341 71
537 145 457
524 710 399
531 113 185
921 186 449
554 369 311
45 481 723
363 561 895
749 133 701
786 113 760
556 881 699
874 341 824
761 85 901
310 882 951
971 425 821
126 445 972
301 871 965
868 685 166
383 627 901
684 931 37
551 215 334
751 409 255
383 314 426
412 753 889
270 565 553
753 100 341
615 838 273
363 79 969
387 531 403
365 705 636
761 119 551
685 65 10
521 181 369
280 582 381
243 961 474
480 576 801
85 433 334
594 11 137
541 681 17
76 325 1
953 931 291
659 323 841
540 871 201
89 809 776
223 201 554
722 669 343
683 542 769
251 178 590
695 912 596
545 686 25
161 891 721
416 299 49
881 393 24
473 17 793
593 172 284
191 926 637
736 721 457
195 821 921
361 297 621
817 735 327
821 687 481
248 643 995
535 756 241
981 465 577
697 242 240
919 705 140
273 165 745
620 589 360
536 149 101
601 281 197
473 329 215
846 917 681
129 929 333
624 201 917
551 141 119
977 433 336
549 103 921
716 725 212
126 518 171
635 16 717
491 565 675
922 196 839
369 941 117
479 921 181
851 433 161
214 870 843
81 127 481
377 933 30
135 337 512
144 57 349
237 89 744
409 913 526
9 37 777
471 65 647
301 961 889
323 996 781
575 296 421
195 883 799
891 446 1
49 215 617
331 417 561
183 1 490
186 871 653
185 280 45
201 241 161
662 423 457
374 21 1
105 409 301
345 345 625
741 789 897
251 390 220
201 193 176
645 59 134
865 977 273
386 129 993
753 181 45
599 1 633
219 965 529
738 757 57
975 816 433
394 384 721
730 711 810
309 931 305
21 385 381
66 641 942
200 39 490
118 737 251
343 703 931
869 231 805
637 315 673
631 226 41
978 525 761
329 981 751
363 960 293
378 51 741
951 298 481
373 1 227
485 856 683
841 341 552
783 771 691
101 301 489
457 180 609
156 759 727
104 760 741
721 723 361
641 596 426
301 667 686
923 836 543
56 281 791
769 376 279
313 216 709
267 449 161
293 872 761
505 617 385
649 871 885
271 179 125
583 841 870
668 65 661
641 941 816
425 335 465
245 947 110
885 145 358
607 912 601
180 1 86
705 441 257
597 761 712
791 445 229
901 3 266
663 585 653
886 351 328
661 289 808
678 208 773
798 251 165
694 337 669
473 28 49
115 607 475
381 691 201
483 221 489
241 897 776
522 37 932
646 809 401
338 901 693
769 910 373
153 425 390
441 561 565
353 801 659
346 273 993
492 897 149
957 21 485
313 876 771
913 409 401
143 955 713
635 1 406
49 961 761
977 833 347
753 293 78
801 645 752
577 81 45
751 688 413
208 145 726
312 161 537
1 633 927
586 445 41
25 585 625
841 809 457
441 603 904
633 459 185
449 161 101
307 245 325
531 216 901
291 841 77
345 902 912
421 513 385
731 885 761
129 383 603
726 845 426
113 122 961
231 873 585
609 517 169
345 9 66
949 268 365
473 965 660
907 869 801
107 809 592
351 661 648
506 225 268
293 877 811
607 217 431
793 871 651
564 517 801
837 596 186
385 341 357
981 101 384
130 769 263
941 178 886
811 695 281
192 955 501
273 911 316
632 527 117
482 851 723
665 423 188
975 251 407
569 801 461
955 281 486
358 137 766
251 235 575
241 23 906
126 609 660
411 533 403
199 278 227
49 645 576
622 641 17
631 413 705
433 684 711
201 247 341
989 363 407
773 945 375
31 828 490
365 206 539
369 229 533
393 53 126
275 91 191
933 384 363
181 52 821
966 537 189
634 701 535
841 465 956
7 328 559
212 217 651
46 131 57
322 384 476
305 411 395
214 77 961
513 572 185
899 575 37
931 41 135
957 278 525
131 401 6
356 941 11
126 409 249
831 561 382
101 149 285
681 441 545
135 177 145
848 157 975
415 721 430
897 632 741
421 626 141
745 672 931
349 259 669
209 841 753
985 682 943
661 52 193
117 441 154
221 238 657
497 351 588
166 546 222
498 33 721
134 387 113
65 317 105
372 710 899
346 141 325
383 977 73
13 991 733
945 733 805
945 635 451
512 571 77
35 747 481
996 89 341
726 701 49
945 73 745
856 662 801
246 31 976
976 401 417
873 450 889
501 497 142
951 890 4
782 996 612
292 361 428
601 561 945
163 145 913
790 147 482
961 33 493
437 549 913
81 704 203
265 120 901
665 316 201
671 121 472
131 147 625
791 301 221
94 292 329
376 701 151
824 766 671
344 729 633
655 789 846
494 650 141
923 889 671
357 837 784
506 818 283
155 21 152
733 161 221
644 286 241
271 692 893
370 697 926
11 347 857
74 513 104
673 305 291
329 928 598
642 50 679
331 245 722
513 325 942
951 129 107
107 733 251
137 203 397
429 438 49
401 445 656
48 84 401
469 215 649
49 721 414
13 993 151
435 345 641
81 335 327
881 93 765
887 297 417
570 958 101
481 733 887
385 632 961
156 565 206
108 334 225
51 709 401
237 901 411
397 361 263
699 225 203
562 621 331
445 977 571
925 196 881
276 645 893
169 817 85
561 882 11
397 251 72
593 831 921
625 509 547
550 677 383
126 577 585
323 338 96
591 1 135
431 450 897
999 80 477
785 923 641
166 185 429
645 429 937
959 101 591
373 619 161
113 153 949
721 297 296
518 449 835
264 1 275
925 238 942
1 209 457
601 409 689
223 774 481
653 201 351
637 513 841
201 672 121
529 709 851
981 596 57
967 143 421
490 921 17
149 831 715
929 413 931
156 751 695
737 354 273
689 636 121
905 464 616
969 129 262
257 441 465
71 322 431
601 673 173
601 116 121
597 509 529
702 143 867
501 897 861
28 877 521
41 957 901
242 281 777
881 471 191
691 301 283
213 687 357
339 463 421
974 723 441
95 538 977
985 251 431
233 347 174
461 84 889
691 859 161
120 51 989
441 945 669
711 793 562
849 139 729
987 757 1
256 706 515
807 252 683
756 481 759
925 461 825
633 942 35
521 891 177
1 137 411
4 411 901
921 851 995
135 913 918
761 113 267
773 837 101
461 827 331
148 775 715
873 952 25
311 483 461
465 422 913
386 427 135
281 48 55
423 673 6
551 475 827
237 901 761
810 113 261
941 30 321
949 268 685
973 401 701
791 720 419
651 751 521
334 596 379
401 561 465
598 154 81
891 341 546
817 681 305
456 409 686
341 929 510
33 561 293
363 33 475
141 490 485
941 326 361
335 697 193
307 859 305
967 991 323
851 649 833
158 861 377
137 541 486
641 995 276
825 536 1
347 786 374
641 776 335
713 864 141
514 331 481
330 496 775
163 89 769
441 159 201
467 626 473
235 761 884
731 802 56
422 949 81
896 972 529
577 417 599
465 361 305
233 858 777
681 274 995
807 881 135
934 529 929
433 382 740
631 841 551
645 953 673
647 697 196
738 665 377
651 261 91
113 220 161
63 51 881
67 310 931
701 566 131
223 194 481
797 226 540
153 506 191
923 791 681
521 641 597
221 113 563
961 662 341
601 969 748
972 147 821
797 865 409
591 20 922
676 707 16
158 39 331
921 997 109
351 101 821
785 317 881
995 946 201
561 982 41
75 585 381
601 435 549
321 257 705
71 459 791
681 985 703
39 133 250
741 239 741
841 699 549
543 41 717
201 845 21
141 81 873
693 489 610
153 471 19
567 431 209
26 481 121
465 469 101
585 908 114
836 334 716
785 123 371
117 357 257
745 177 451
865 1 355
975 501 963
585 976 979
738 940 556
124 172 15
121 973 169
245 573 765
433 215 550
121 746 701
86 981 221
681 361 801
20 38 697
49 685 725
161 246 891
315 158 627
641 239 391
660 832 490
91 846 423
233 601 577
325 989 665
625 137 1
499 74 706
821 523 49
541 349 705
777 721 336
242 117 843
741 881 25
565 806 203
661 380 16
221 31 921
49 525 21
789 510 205
279 801 829
561 390 371
226 995 317
197 635 745
616 609 747
241 913 310
929 881 199
251 246 673
837 409 545
990 316 891
889 81 184
101 798 286
312 305 283
612 9 478
148 369 741
581 541 961
983 205 407
1 21 451
759 665 71
865 501 44
739 373 133
891 977 279
871 481 267
836 272 227
527 389 145
306 801 243
989 633 113
401 429 1
499 153 696
294 900 411
976 31 338
852 601 769
501 753 981
161 559 898
592 961 489
569 577 721
435 3 421
137 24 183
897 446 623
199 995 176
266 779 320
719 181 937
560 401 145
689 750 501
619 489 905
857 936 833
59 201 403
157 799 642
731 271 143
851 75 811
231 940 446
453 649 327
913 201 86
367 89 724
648 449 601
840 32 400
711 626 276
720 185 871
23 747 802
864 261 788
708 141 174
621 466 509
841 525 365
377 899 405
222 158 816
761 84 40
151 691 205
957 301 45
51 937 865
956 281 271
797 246 537
735 813 303
63 246 847
483 333 906
957 281 487
68 671 679
451 125 893
391 977 913
665 858 337
449 81 991
590 505 377
733 289 1
126 694 990
872 805 458
681 46 421
161 839 192
391 725 568
788 315 229
963 275 249
269 481 61
585 131 499
252 15 737
33 849 440
974 113 186
957 821 992
265 209 165
459 823 33
649 314 953
941 76 669
542 573 249
341 895 101
681 323 683
804 839 541
685 130 911
407 151 318
389 366 754
6 9 834
236 26 701
820 620 761
545 97 251
503 523 800
281 371 133
113 179 784
215 258 520
158 97 883
171 266 353
466 809 443
549 337 291
26 238 196
157 153 485
201 505 605
293 544 849
633 318 49
635 999 143
246 183 519
593 175 137
387 155 73
265 649 55
441 922 215
916 221 636
713 799 541
563 681 797
963 451 401
835 501 435
721 149 401
161 457 833
189 377 262
713 545 786
501 928 313
779 771 673
757 897 533
488 381 883
327 436 333
126 975 701
701 542 132
675 242 153
551 297 731
906 49 46
26 913 711
91 406 821
497 321 339
625 597 681
825 631 605
477 425 289
387 322 739
265 961 131
831 861 576
906 897 625
424 263 841
739 599 763
105 73 913
557 773 41
982 351 61
857 410 194
906 564 701
611 63 597
223 946 571
11 241 499
633 705 275
517 941 996
646 153 301
611 362 836
857 329 751
581 297 361
152 969 899
151 191 473
26 305 461
136 713 946
333 333 841
509 261 151
980 268 809
931 349 975
281 193 895
966 645 897
845 221 357
817 375 121
189 177 921
290 409 44
329 175 555
426 984 991
221 621 558
587 245 141
826 441 777
251 86 133
1 800 927
977 106 211
425 855 737
725 891 120
361 516 137
330 731 61
201 613 765
496 665 430
735 326 751
823 407 83
185 1 121
141 857 401
14 57 691
625 717 531
577 559 451
769 136 441
623 396 917
41 771 556
765 909 132
261 217 868
797 277 201
805 510 106
893 805 401
417 861 511
35 667 604
431 447 969
251 231 735
585 745 631
836 77 937
983 966 861
991 241 450
818 771 499
633 281 811
731 55 288
389 566 271
151 553 401
189 589 707
721 361 640
308 809 841
841 426 701
973 577 857
997 497 78
859 866 352
665 46 233
185 93 758
809 109 121
751 975 429
897 318 305
467 201 408
926 433 501
671 501 3
93 236 63
77 841 963
41 121 199
609 49 490
875 509 61
489 172 601
240 501 297
81 651 787
805 351 917
616 402 881
745 281 942
645 641 77
218 941 577
701 161 891
583 341 753
238 470 293
814 289 281
568 638 41
176 753 473
226 354 226
861 941 647
761 353 47
551 381 701
751 915 777
593 529 381
969 51 155
664 838 611
446 671 53
921 761 213
479 241 81
433 701 551
734 889 881
679 809 265
433 514 129
62 617 980
521 711 121
651 639 191
647 336 96
141 614 949
581 481 57
665 881 176
625 65 955
5 125 411
11 334 128
327 951 695
569 841 565
545 719 519
745 926 126
824 71 401
613 341 501
267 16 451
161 643 41
841 633 959
353 553 601
357 886 809
121 239 739
386 812 679
194 241 401
842 725 401
73 851 257
601 23 305
583 285 541
255 765 851
951 460 249
861 613 55
916 801 934
745 810 505
111 499 103
581 511 265
122 853 5
621 507 508
333 186 833
141 649 650
562 697 826
766 461 85
853 791 549
517 759 745
527 281 735
571 300 765
573 989 191
145 894 556
741 841 875
481 841 669
475 701 61
505 925 519
625 349 723
170 637 10
120 846 705
789 281 49
191 121 378
513 826 981
561 85 532
57 521 801
876 953 821
639 897 561
509 463 326
701 876 543
720 689 751
609 321 407
45 557 401
721 305 110
547 201 369
278 879 431
873 707 726
896 351 473
311 661 215
601 115 107
913 419 781
387 529 356
969 69 285
709 457 566
865 292 206
530 911 861
61 159 432
591 401 234
45 453 401
715 734 721
804 673 709
201 969 744
601 561 876
61 645 509
505 180 749
31 601 809
961 153 687
826 591 676
857 301 13
513 561 172
501 1 597
251 281 615
850 561 769
929 781 721
985 409 107
296 673 755
190 649 587
977 904 129
329 413 45
749 237 711
825 504 905
476 40 754
876 705 63
921 866 601
181 763 767
1 695 441
836 93 976
651 313 929
879 361 65
81 753 82
413 457 219
301 621 689
294 684 467
16 125 311
349 145 279
181 181 483
737 917 846
975 842 278
91 364 81
167 257 835
830 365 309
5 389 196
202 651 959
279 676 326
825 891 893
185 937 127
671 53 187
908 683 717
878 941 801
145 736 333
797 611 925
231 618 958
931 975 451
317 1 945
721 123 585
767 481 151
832 301 713
505 17 529
653 347 282
677 688 257
261 377 778
359 97 416
236 827 921
159 593 545
535 599 140
141 914 303
681 881 881
941 409 867
503 521 350
641 113 616
99 631 517
796 160 106
972 673 576
451 57 292
137 321 759
237 705 25
681 422 865
801 876 841
301 357 217
286 840 405
862 649 833
597 231 417
126 982 803
431 401 321
961 57 969
905 713 21
568 432 677
5 721 645
795 543 821
723 107 161
389 676 741
127 475 841
303 24 255
971 846 662
891 156 81
41 23 51
376 246 622
209 161 177
507 631 747
925 193 65
745 620 659
977 838 577
385 937 381
617 497 577
681 741 239
821 176 278
13 549 721
227 124 186
443 633 109
125 537 493
715 659 141
185 721 857
116 586 470
261 113 819
579 981 290
901 809 269
101 906 107
813 445 279
696 282 242
217 441 77
633 921 891
267 651 905
497 921 466
449 890 901
142 225 633
425 660 821
753 594 661
529 503 741
99 553 444
803 501 981
768 985 261
341 246 927
409 911 728
308 102 740
995 423 651
325 991 657
164 419 969
265 577 503
345 163 67
271 365 341
201 803 41
529 286 872
961 121 301
921 729 841
698 553 63
850 705 77
184 119 685
697 305 249
571 175 701
481 691 166
281 645 897
643 876 570
781 611 169
305 249 929
861 79 169
821 956 837
611 654 51
501 317 877
249 723 923
629 275 545
525 633 577
569 155 61
826 239 191
765 457 157
49 69 833
258 862 591
779 26 66
505 471 557
241 441 301
308 950 2
905 74 504
667 24 866
441 931 119
697 957 673
763 873 97
257 231 145
185 385 851
876 57 963
5 139 1
965 336 17
426 103 728
811 713 205
334 977 372
86 716 555
338 600 721
273 937 155
661 336 950
253 217 181
746 385 277
556 285 333
586 101 35
333 633 529
276 401 875
400 735 200
639 950 798
373 16 901
516 521 168
235 736 51
75 869 124
217 576 195
13 433 773
195 143 297
801 511 670
147 796 585
803 145 741
119 581 121
791 883 331
219 709 205
826 281 545
955 131 491
945 586 541
334 653 481
225 883 767
751 690 741
743 121 177
857 813 145
180 595 697
793 558 783
561 251 318
41 156 581
66 883 103
212 546 425
41 254 428
425 1 188
351 265 273
817 323 673
601 757 937
912 561 425
649 817 7
761 434 469
909 628 145
161 407 997
641 351 86
929 969 56
456 404 897
664 369 998
121 680 53
1 141 751
359 893 329
205 201 837
777 481 911
781 473 689
261 409 833
405 847 609
751 527 602
641 381 577
891 381 297
873 833 997
545 929 477
45 33 391
817 306 126
117 49 61
373 481 156
956 609 863
541 551 759
527 729 559
945 561 381
233 933 553
582 549 911
355 401 505
645 305 506
65 197 311
330 894 231
401 633 781
611 463 65
744 983 162
244 726 924
361 825 94
579 815 457
466 7 320
1 681 265
373 134 413
654 461 436
52 41 190
961 835 268
868 93 791
691 726 676
821 401 266
139 941 253
447 663 591
193 423 361
526 759 5
951 325 676
264 755 241
419 559 653
6 817 516
624 339 448
461 525 41
641 648 395
793 103 634
731 16 581
881 645 275
527 873 883
72 7 561
707 449 464
623 396 987
497 129 824
538 653 573
663 241 537
435 685 425
249 206 93
540 793 473
989 152 769
773 484 99
942 986 641
43 165 62
619 174 923
751 365 477
559 236 1
631 53 295
831 851 729
297 831 805
803 333 725
1 597 687
481 810 530
473 557 137
73 779 777
376 363 446
337 379 528
489 280 291
25 751 22
165 97 474
83 385 73
301 345 681
174 593 985
621 969 481
261 6 11
113 192 341
413 966 385
844 26 515
706 590 311
231 713 41
230 661 871
273 286 361
661 645 689
361 45 617
201 411 382
881 760 601
1 150 402
329 772 535
777 489 601
424 860 917
421 709 201
730 9 80
889 725 187
161 244 145
689 285 881
101 901 649
640 935 442
17 491 545
119 417 815
821 520 73
521 158 963
397 397 811
41 714 293
291 577 321
885 215 17
729 366 876
771 611 761
241 198 673
786 721 691
611 1 985
388 361 671
696 826 129
443 907 785
776 73 601
289 438 601
985 609 159
376 281 49
637 685 896
691 816 497
201 181 629
271 651 209
416 935 121
533 636 867
455 726 293
429 797 617
163 776 727
555 572 311
384 832 741
637 233 834
651 395 851
851 421 746
537 876 255
98 585 127
993 201 79
157 191 441
740 766 284
169 261 97
11 902 465
311 51 121
552 717 233
89 626 628
62 121 201
793 562 161
25 785 929
580 602 920
729 884 349
761 393 241
173 43 567
898 896 849
281 657 754
427 819 523
861 821 743
81 628 144
575 691 166
782 593 33
297 654 167
386 726 31
45 38 841
219 199 937
998 58 365
969 195 147
21 577 667
242 969 5
982 18 467
971 601 851
91 956 459
881 649 696
994 33 149
144 35 643
349 241 757
453 116 629
313 601 321
841 146 115
929 961 700
380 223 449
767 355 924
895 796 831
795 4 825
749 249 881
241 954 393
701 76 561
383 609 465
731 441 417
461 81 596
761 205 260
601 360 255
607 213 485
477 293 555
448 491 573
889 56 206
334 375 206
683 11 305
177 287 376
540 361 551
605 401 273
875 548 764
98 161 378
681 751 649
778 641 171
861 476 974
599 649 498
571 292 891
436 417 1
106 361 261
226 685 781
785 390 321
69 727 111
441 691 903
761 407 841
341 952 566
535 851 960
857 161 215
871 911 851
623 641 901
503 775 805
60 859 282
3 565 381
23 21 741
283 961 909
341 665 691
373 424 747
840 69 925
739 969 30
307 723 905
389 401 158
840 277 953
313 297 881
13 433 233
831 325 181
993 742 291
249 385 541
106 577 989
119 309 931
669 858 405
336 498 225
289 337 374
963 811 889
141 601 949
552 61 663
840 585 889
881 53 731
701 637 550
665 289 573
401 721 625
817 659 641
673 240 201
337 1 751
817 305 856
513 1 769
256 137 351
233 81 527
582 977 447
849 258 641
285 680 628
378 877 361
466 725 2
567 195 481
701 493 733
775 389 189
305 851 609
336 257 463
618 344 889
996 606 583
49 333 905
927 801 351
169 505 70
296 760 750
985 989 459
125 849 727
441 995 991
503 433 33
975 17 401
881 793 655
63 594 406
25 589 435
630 847 241
246 183 549
795 101 590
189 295 599
921 391 841
984 599 508
101 617 546
177 828 645
509 879 369
267 721 563
518 737 621
829 793 952
849 390 706
833 645 145
166 988 417
233 791 289
911 409 913
921 436 717
217 105 417
225 493 799
686 429 515
761 481 756
86 319 245
491 425 813
40 536 365
621 7 641
449 321 430
949 884 322
951 433 164
751 689 676
890 184 37
851 876 527
83 677 831
334 289 686
675 669 838
271 811 90
765 122 553
993 693 763
805 455 45
490 35 329
463 673 931
819 746 673
545 611 121
861 908 810
791 241 705
88 599 177
360 668 953
928 693 451
917 791 825
61 615 249
14 193 921
801 979 841
957 505 269
576 461 644
957 769 447
641 31 939
717 527 323
902 872 196
201 921 726
945 665 826
489 216 91
78 581 266
92 281 641
365 341 591
536 305 209
657 359 397
289 481 141
403 229 377
689 985 707
614 45 51
151 243 261
353 251 521
305 169 1
977 719 993
241 434 561
241 621 869
569 225 541
151 209 173
641 560 93
221 768 314
948 873 81
428 390 821
630 625 830
156 857 945
958 449 361
158 406 451
545 766 409
381 984 348
13 966 741
920 769 937
856 483 461
603 618 210
784 97 759
899 476 257
801 671 43
519 166 353
209 106 298
756 386 201
216 443 301
649 3 223
194 86 559
473 287 980
173 325 619
465 591 193
537 271 729
817 909 369
619 361 817
241 121 855
167 1 679
641 757 882
675 211 827
935 154 281
449 461 782
457 89 25
835 116 953
895 785 691
471 406 720
1 651 961
951 726 184
713 449 296
949 873 787
385 935 801
251 744 647
78 793 553
971 954 665
704 941 773
142 17 578
489 613 290
901 233 957
695 737 15
975 651 546
306 873 797
708 851 447
41 394 323
140 853 46
501 224 57
740 529 185
691 407 373
713 676 1
809 918 881
577 625 151
993 28 491
25 43 217
5 20 633
987 921 589
477 961 652
124 296 769
745 392 542
405 1 997
371 148 545
280 961 845
977 253 993
104 606 441
826 269 195
563 35 655
123 875 901
588 641 81
395 631 581
561 565 501
47 81 891
497 620 37
9 11 599
969 719 416
913 840 166
166 924 257
265 617 45
950 593 273
673 901 251
931 901 927
449 401 481
461 718 350
337 654 119
963 580 413
83 453 785
825 81 195
50 129 18
753 751 987
421 529 527
601 569 961
237 41 599
241 264 710
226 780 333
162 512 917
213 281 21
631 913 961
377 563 767
393 916 881
280 1 291
767 977 765
317 866 699
793 266 457
663 251 265
651 496 97
823 989 434
109 478 179
401 745 81
193 251 261
713 377 905
33 338 131
467 841 961
966 25 139
17 449 997
516 780 931
511 955 451
967 545 536
995 821 461
441 435 188
315 855 517
671 446 713
501 721 805
351 334 1
651 501 441
289 121 177
945 485 546
25 467 594
406 699 38
111 376 369
505 761 286
99 672 185
367 955 343
96 845 341
834 746 833
898 674 939
427 909 921
128 513 831
233 415 341
875 457 46
209 90 413
241 341 561
602 151 961
935 154 461
421 621 873
365 973 997
749 696 721
301 931 821
643 655 521
681 233 376
706 539 251
317 141 265
987 213 677
291 765 311
273 401 194
181 936 250
609 611 480
199 601 505
249 761 457
877 367 497
501 189 817
611 721 866
993 821 751
900 448 48
409 716 969
165 227 697
961 887 881
891 876 825
457 337 509
91 161 479
171 99 961
201 122 951
221 617 701
471 491 356
785 1000 931
657 194 26
751 639 451
837 211 606
233 201 53
710 826 348
947 367 199
356 643 209
644 105 932
167 319 41
212 981 153
297 628 501
419 440 55
369 541 799
702 899 380
684 189 611
305 674 753
447 287 251
259 1 17
712 33 293
317 550 436
989 818 836
969 3 621
536 790 319
171 777 179
45 291 951
33 328 120
819 230 400
545 777 596
571 418 633
281 945 71
297 137 781
493 289 206
770 171 219
631 899 459
442 480 893
479 1 821
653 61 328
717 391 239
751 101 903
143 325 919
517 601 793
369 65 689
883 51 222
552 887 161
521 727 201
686 570 11
301 433 369
779 376 950
75 723 563
586 339 785
17 747 960
777 41 593
800 691 101
415 845 513
672 415 361
662 251 201
721 267 952
421 197 921
261 7 53
593 980 893
346 795 837
916 239 241
421 928 641
511 369 61
418 711 971
602 386 213
632 337 581
325 37 311
41 283 793
984 296 857
404 689 44
671 586 409
357 545 511
189 969 729
351 635 345
391 151 57
251 243 873
918 213 171
531 649 444
147 697 233
181 231 832
632 726 393
255 9 545
485 48 793
921 945 657
98 643 585
720 125 879
174 241 762
685 321 999
613 126 297
556 987 921
221 21 176
90 143 597
991 705 504
620 937 566
278 826 223
626 437 201
261 997 607
303 721 648
873 76 81
323 961 138
571 737 63
113 513 870
700 486 695
970 495 7
245 893 663
569 81 889
26 693 119
176 548 375
895 56 801
577 206 76
665 241 681
304 303 921
505 481 661
39 889 481
177 455 656
261 47 837
735 187 27
626 1 834
508 239 445
261 118 525
17 64 231
932 986 297
347 381 755
319 369 571
354 233 504
982 83 297
566 331 974
656 57 886
441 950 661
27 901 591
895 231 363
885 109 200
765 585 661
123 453 97
751 512 540
267 982 286
154 441 569
441 101 276
482 39 26
769 807 726
585 41 3
384 801 245
983 401 321
186 257 695
542 57 388
111 6 429
215 707 981
279 921 866
989 609 167
196 303 121
346 805 600
452 153 736
545 801 589
563 127 659
75 235 924
631 376 876
157 316 765
305 137 352
541 801 89
910 831 1
245 750 601
577 187 626
481 971 653
900 967 569
1 736 355
429 153 164
211 285 531
241 351 257
209 544 736
973 835 13
594 1 701
673 721 561
656 396 846
394 916 726
463 143 741
701 291 385
713 551 89
449 17 481
785 495 99
893 101 861
625 923 967
177 627 325
829 321 145
116 305 397
703 547 385
666 135 781
383 870 251
965 355 369
601 757 22
733 677 535
469 216 585
103 36 831
499 918 61
397 840 488
432 865 367
208 806 801
801 21 477
893 795 677
769 129 619
351 503 986
199 431 849
931 225 201
701 151 497
415 505 35
801 785 321
421 353 384
581 981 381
177 329 821
305 297 83
451 51 901
467 639 901
34 347 285
543 689 572
304 696 196
146 31 483
20 661 41
157 921 121
871 6 385
343 268 115
577 285 726
109 418 180
791 99 404
751 261 211
891 301 738
35 296 1
293 666 101
729 269 449
36 47 535
896 849 884
426 565 397
657 131 81
966 965 210
201 543 222
101 445 315
953 762 979
717 328 271
947 241 965
748 117 641
101 635 19
179 101 654
641 849 689
145 501 591
638 836 713
333 853 373
359 821 801
301 939 771
717 614 415
259 951 3
457 804 525
863 115 885
945 265 217
525 221 451
176 793 241
425 81 601
651 166 279
633 597 170
256 794 651
504 501 503
859 114 575
622 416 283
921 113 681
729 269 733
9 393 476
949 259 721
145 6 321
874 219 332
993 657 601
591 698 936
471 511 626
821 437 236
709 531 217
8 836 515
685 305 413
401 339 495
231 371 489
931 127 293
101 830 857
96 784 225
211 289 810
1 995 401
719 948 878
241 36 37
531 631 237
580 821 801
558 401 484
449 970 771
788 464 563
271 937 296
691 497 441
729 626 444
325 105 721
376 21 991
569 146 801
449 156 213
85 277 41
697 449 353
772 845 489
913 227 769
113 191 200
21 751 464
621 321 577
661 857 21
447 163 33
833 673 361
801 657 248
817 331 621
121 329 80
201 389 285
833 761 282
268 673 526
827 761 941
67 755 605
981 356 87
565 729 921
628 233 391
268 433 561
529 311 891
289 841 873
767 343 95
849 221 951
668 431 57
645 663 350
836 56 373
969 388 18
121 31 223
1 145 155
318 481 131
567 925 993
503 289 267
181 557 395
61 397 566
391 260 279
977 759 655
901 601 356
827 565 583
601 809 153
267 297 567
43 501 816
891 306 451
716 114 993
259 776 171
984 344 941
902 915 467
701 221 699
51 654 929
71 612 365
55 226 390
841 153 113
443 963 493
709 646 265
507 321 501
201 405 295
812 27 984
786 691 81
137 475 97
372 549 869
1 721 316
701 922 371
919 153 392
106 489 961
349 769 985
657 197 881
856 926 376
969 483 510
793 754 537
555 782 328
273 726 905
501 137 772
513 658 773
62 385 652
626 293 817
505 806 457
308 517 92
474 321 837
791 329 231
499 876 961
553 96 319
81 551 171
553 277 385
225 340 165
81 755 519
793 101 597
379 644 951
269 528 526
147 361 844
898 937 973
201 821 841
81 22 607
959 157 251
23 336 257
711 621 997
713 561 832
545 160 786
271 189 781
209 849 321
369 985 373
781 285 176
695 961 772
180 891 676
965 220 483
481 71 65
471 191 16
39 547 961
629 817 172
215 483 515
652 284 251
771 562 651
45 79 467
659 793 904
874 353 401
553 61 829
133 335 737
946 585 501
501 528 186
20 187 257
51 531 491
862 485 26
875 33 65
821 717 561
532 351 315
326 811 273
718 303 670
760 767 918
45 152 19
706 689 257
127 361 705
869 905 549
385 601 103
961 171 385
61 136 534
93 851 145
921 421 759
561 778 639
788 865 646
721 490 873
798 795 77
238 455 499
81 360 363
327 367 782
713 327 207
71 876 516
431 311 159
756 441 301
630 393 369
218 101 951
161 977 593
42 615 741
519 993 11
297 76 969
547 481 265
181 441 529
276 981 518
520 201 511
53 616 913
65 580 271
350 761 255
581 185 821
932 544 210
625 217 261
778 601 578
755 46 662
76 385 8
88 595 489
553 889 129
977 77 241
418 61 916
501 408 694
433 681 569
849 75 33
96 483 565
850 25 302
1 285 867
631 893 321
814 995 135
317 81 653
853 61 297
149 429 981
591 275 441
804 933 881
881 530 921
65 631 321
352 769 760
721 659 961
212 356 561
561 765 36
879 339 33
651 131 297
942 58 800
681 675 755
601 479 314
539 218 865
207 611 780
637 201 273
61 593 833
671 122 957
281 11 741
330 601 479
181 161 993
535 158 141
245 9 529
985 603 963
153 663 175
551 213 774
701 866 716
201 372 921
537 753 601
761 577 496
440 193 921
980 991 905
81 185 408
561 283 481
443 657 426
341 931 796
41 431 313
574 175 169
806 421 578
943 631 251
951 61 909
921 146 391
216 497 351
776 373 302
864 22 931
571 391 845
192 34 271
511 21 171
659 637 716
684 896 151
6 692 581
501 425 366
993 705 489
382 901 856
491 795 534
981 913 396
960 129 30
823 345 429
341 268 111
829 96 383
926 721 461
189 249 769
1 899 391
315 941 377
516 157 371
853 827 940
244 456 293
721 477 5
435 41 685
705 540 733
696 777 866
67 684 345
56 575 176
230 647 693
901 45 151
249 871 190
655 361 624
660 39 742
376 159 225
615 455 501
295 913 465
71 987 305
531 439 958
1 825 425
401 401 621
504 613 387
740 55 126
429 240 535
992 791 636
513 302 209
439 617 761
997 68 153
609 271 409
876 545 678
427 666 373
15 757 171
27 84 43
521 504 751
885 726 355
881 628 649
449 932 509
939 935 395
697 885 906
410 771 685
624 757 371
137 297 181
233 593 381
987 730 277
337 601 494
381 171 577
961 64 865
464 956 869
508 481 756
901 349 758
881 729 332
345 641 194
550 981 312
953 121 623
929 701 425
369 345 15
776 906 530
73 131 348
110 1 751
41 6 737
475 634 26
825 561 65
41 428 431
451 517 354
169 549 462
265 905 198
221 61 41
39 881 881
481 857 626
63 841 809
612 531 956
393 841 668
659 356 957
311 108 17
1 727 862
951 871 216
185 401 245
457 606 905
849 111 849
19 657 261
621 670 356
665 107 225
61 363 41
925 184 674
926 571 896
745 195 716
871 881 401
968 159 313
410 951 781
517 151 625
61 729 596
193 64 394
234 323 853
193 967 871
327 333 297
351 462 497
501 769 687
531 306 721
201 801 887
318 231 991
189 533 602
145 565 903
677 572 775
289 726 961
469 386 182
881 169 757
809 303 565
610 831 181
801 473 102
965 299 785
397 653 101
202 837 782
401 993 612
57 329 487
256 964 82
185 747 161
723 732 203
145 107 789
681 326 583
381 116 481
36 133 33
479 685 749
801 789 601
901 503 866
25 57 411
791 785 65
969 535 851
559 735 851
551 713 953
115 161 401
713 617 901
501 985 501
302 427 77
169 861 221
52 6 601
221 390 541
493 801 601
489 219 441
841 241 636
917 76 611
817 297 65
151 105 874
308 601 52
713 531 521
145 716 953
793 479 137
234 506 383
648 179 667
464 873 574
516 716 121
377 561 31
702 176 513
121 349 241
425 720 964
289 583 977
119 620 587
272 380 761
236 950 941
724 368 703
371 641 331
517 495 445
867 782 47
454 256 175
493 253 897
961 794 481
361 803 659
113 155 707
279 409 220
821 949 831
709 456 957
879 258 429
133 717 325
921 771 997
156 251 839
121 593 725
938 211 901
23 161 944
26 130 397
25 341 23
132 745 881
706 978 156
301 197 905
273 913 41
433 801 201
451 41 601
923 740 393
861 74 694
961 233 129
841 992 657
397 48 855
836 926 512
624 19 581
782 101 813
321 857 715
295 181 231
551 977 301
761 5 681
316 51 25
300 885 1
345 759 756
411 271 689
16 140 214
415 337 101
435 958 891
787 421 661
310 698 441
185 197 451
449 1000 564
521 189 1
49 601 365
267 513 94
68 571 279
180 127 921
96 73 579
730 349 948
751 329 131
61 175 319
9 947 485
722 652 109
1 756 535
221 251 467
833 659 626
118 381 237
443 699 236
745 51 841
426 504 603
648 385 597
1 357 305
693 513 251
131 461 507
983 930 281
266 841 66
607 875 79
221 213 135
619 781 595
313 406 649
151 17 755
191 309 151
609 10 66
547 716 716
822 693 364
859 705 609
535 484 817
745 542 265
497 761 721
881 577 17
965 521 500
887 197 201
664 873 15
739 126 817
396 761 280
115 895 336
555 119 844
776 44 518
353 961 401
471 687 661
746 458 13
54 267 1
985 817 411
53 962 337
769 828 561
127 223 849
616 311 945
361 427 345
417 145 411
141 629 228
273 511 281
792 381 331
722 471 725
486 797 145
699 13 523
529 280 501
686 721 523
301 329 641
605 193 877
147 113 753
286 215 761
411 227 589
645 341 115
412 144 703
836 436 541
936 829 493
1 437 450
493 452 161
393 61 381
244 601 315
426 253 309
517 797 402
178 329 445
452 113 965
733 981 775
769 709 465
898 1 263
603 633 593
27 697 361
736 740 57
121 211 656
977 561 701
176 38 108
937 181 224
937 922 593
679 681 545
181 319 295
473 627 882
230 937 187
51 273 865
852 605 329
803 997 313
641 65 523
491 483 101
272 100 377
391 163 141
653 497 241
657 913 386
24 787 65
511 597 437
97 151 195
570 474 677
931 57 201
112 545 385
717 142 829
573 82 121
305 351 851
401 356 501
71 251 563
717 366 297
516 897 629
376 825 636
267 5 873
177 284 701
465 763 161
763 311 314
929 783 584
459 526 977
278 317 789
487 839 976
316 502 533
281 520 497
124 620 1
851 343 725
425 302 709
405 281 505
991 111 451
301 293 912
930 650 345
966 642 135
563 625 402
713 747 865
841 738 633
805 971 29
692 481 9
957 479 713
623 135 515
505 511 835
401 85 887
531 163 879
17 590 85
961 926 101
661 249 489
732 691 221
421 433 337
216 259 17
346 493 865
301 279 968
927 192 601
571 949 296
39 745 816
156 582 31
26 129 52
601 998 7
826 236 761
947 25 587
251 837 611
192 541 550
838 391 610
766 241 670
524 1 792
436 881 561
547 817 331
727 845 733
328 321 925
241 671 261
157 446 450
777 154 81
809 716 386
987 835 610
761 981 143
301 429 913
609 653 967
969 110 377
455 913 92
433 336 993
611 465 931
292 541 21
593 891 834
234 847 161
423 851 651
875 601 781
386 881 601
169 729 759
371 472 515
683 609 665
967 42 344
326 207 305
393 433 951
863 353 163
918 846 585
881 377 257
137 521 363
681 687 743
29 665 215
903 764 71
673 621 341
377 501 714
1 433 511
416 145 93
603 151 91
983 624 226
865 319 787
545 227 761
11 136 346
839 267 757
555 367 77
494 455 936
26 561 708
109 401 595
385 139 149
495 928 891
669 81 776
361 229 506
441 751 567
597 363 871
154 905 447
749 489 517
786 705 31
726 537 952
949 241 807
759 649 734
451 189 489
295 176 966
427 611 665
531 271 361
5 571 895
987 359 51
769 731 829
73 1 807
510 451 124
264 488 593
832 841 539
913 851 276
239 953 141
535 511 766
614 601 665
931 623 617
76 237 566
43 969 79
201 151 609
185 997 371
417 773 365
903 57 905
341 966 489
801 338 58
106 287 221
992 142 941
25 601 831
861 751 228
61 281 941
201 225 863
648 426 801
801 945 235
753 105 731
266 102 829
969 325 51
45 585 440
525 757 990
905 195 57
312 372 861
525 656 857
963 572 609
550 119 291
61 775 71
285 126 479
401 219 161
661 200 201
481 811 813
951 233 285
529 432 683
549 757 991
809 441 357
66 311 47
329 488 2
492 993 263
554 769 73
158 603 821
129 791 49
97 353 506
923 517 332
135 853 631
808 409 508
833 536 801
857 682 218
309 446 612
577 864 41
250 69 933
920 518 121
288 109 597
585 45 901
241 705 270
197 805 631
251 257 936
873 193 837
117 177 7
511 833 41
529 836 435
33 281 921
365 851 780
235 745 502
765 17 493
899 561 601
754 330 909
300 515 761
271 673 53
521 836 156
577 661 676
861 611 241
881 573 109
486 957 251
245 551 234
913 865 673
273 23 401
21 3 638
538 411 497
294 911 851
534 419 337
481 507 951
189 83 657
248 801 391
716 661 645
176 887 651
837 172 973
915 321 857
687 59 105
443 946 901
449 651 693
796 256 726
127 738 654
732 526 795
426 297 621
115 231 521
720 959 103
601 217 311
241 761 243
324 170 281
703 791 603
236 820 230
25 250 769
557 391 247
951 607 227
486 21 934
159 397 952
33 281 703
673 589 673
757 665 701
796 279 695
845 644 447
521 831 381
817 451 289
853 817 569
349 993 337
377 176 101
625 281 545
117 855 629
743 675 787
805 295 733
801 261 81
317 369 393
203 361 555
801 101 719
884 309 717
331 285 897
176 828 641
688 80 793
276 211 613
19 657 281
533 777 771
726 399 861
727 326 521
57 804 967
945 994 901
245 230 6
593 463 271
709 937 871
859 342 479
801 717 806
159 849 763
627 889 675
225 638 995
491 460 376
908 351 905
57 426 91
226 359 730
110 41 521
173 121 929
273 991 581
127 609 751
777 433 85
26 646 601
701 811 246
133 655 401
377 92 727
518 198 489
597 945 215
320 463 209
531 21 83
211 646 547
190 643 261
199 129 565
521 129 881
426 876 961
226 457 213
261 271 753
739 911 474
451 691 193
485 371 769
204 641 636
61 789 40
781 823 674
46 626 906
769 773 126
506 837 825
837 703 409
766 946 21
116 981 653
708 561 665
471 641 73
281 123 256
205 441 993
205 807 16
716 401 361
629 835 38
725 273 581
399 522 961
625 251 497
721 251 721
799 233 961
789 705 109
219 949 223
291 743 789
641 443 635
474 481 531
977 709 617
121 981 251
606 115 976
672 489 145
897 113 951
961 331 145
911 924 925
941 971 721
95 291 217
993 817 116
779 541 589
825 201 991
455 559 671
701 50 582
1 761 648
425 146 582
571 781 440
743 844 312
307 465 807
801 374 185
473 725 51
76 61 329
278 545 201
945 431 506
433 255 343
193 766 525
166 681 483
117 781 151
933 9 889
253 249 223
177 641 149
914 318 601
649 52 483
259 577 846
248 327 931
951 247 631
143 497 217
164 897 246
411 673 571
913 341 185
256 501 217
713 432 233
679 81 781
841 761 293
815 475 433
883 187 589
651 511 233
361 861 697
346 399 391
109 461 390
767 109 597
23 11 693
601 173 761
755 13 409
177 351 723
167 533 1
476 217 139
621 713 414
165 765 721
697 516 481
252 424 543
209 53 751
649 211 183
583 141 637
161 229 329
349 638 372
529 279 709
441 506 33
628 243 498
663 5 649
71 517 189
263 981 299
665 159 393
1 886 663
563 157 771
865 255 277
650 396 947
27 591 561
101 893 985
977 947 657
109 195 641
113 959 735
865 631 441
585 601 29
512 441 781
521 268 593
832 773 851
796 479 951
811 761 121
124 941 326
203 26 862
886 301 207
651 801 63
304 13 865
122 485 693
303 368 321
421 421 836
1 249 933
585 363 935
217 185 863
133 421 775
771 677 441
600 605 876
792 433 85
934 145 41
855 43 756
801 231 738
405 979 633
41 463 671
893 825 523
480 901 361
880 167 1
605 304 369
895 899 983
385 401 787
645 696 1
971 861 368
97 364 77
453 978 152
913 969 517
929 405 743
441 947 448
354 733 635
993 387 425
391 183 515
423 676 689
969 480 901
313 274 498
593 149 539
172 903 121
176 151 17
846 101 668
59 59 865
766 355 901
561 921 23
3 549 630
553 369 729
351 630 294
663 327 393
681 750 911
15 556 134
531 615 331
532 729 601
781 952 756
807 241 1
997 796 776
476 660 617
661 519 337
53 436 893
710 619 693
341 793 625
651 456 431
709 216 727
728 562 714
115 151 191
841 716 13
71 893 101
935 833 353
387 71 801
871 697 641
381 461 561
723 833 393
719 341 477
289 341 654
21 307 477
281 658 813
681 657 659
547 214 654
374 97 889
317 981 951
787 339 79
940 641 335
779 577 157
507 226 788
669 396 156
211 273 803
849 643 98
467 673 331
781 969 514
599 297 6
981 841 162
597 670 809
503 246 496
966 601 177
119 790 247
864 1 765
855 127 892
442 81 761
716 541 201
259 161 385
881 426 251
901 655 793
575 705 841
73 91 147
681 949 910
569 862 260
67 211 813
156 176 495
897 270 617
337 561 660
475 635 103
471 619 849
581 181 926
761 426 201
681 428 27
425 943 501
626 981 13
147 347 921
1 913 907
881 611 715
561 167 229
961 810 971
473 31 981
964 944 936
843 49 377
821 170 956
219 601 201
773 214 138
501 920 636
481 109 25
897 836 503
789 566 28
731 292 681
461 953 241
21 358 111
177 365 331
701 786 185
15 777 361
701 53 262
682 913 829
977 217 755
747 400 721
32 797 501
712 312 993
201 337 878
15 122 102
918 233 921
783 961 585
301 232 201
628 57 252
252 331 528
83 393 578
51 749 537
594 617 935
61 553 553
641 81 203
548 312 818
789 525 716
411 912 419
278 934 857
489 712 458
361 49 153
119 422 838
313 350 321
425 221 913
789 814 801
501 35 461
986 373 301
653 312 476
113 137 159
251 905 703
933 868 693
866 8 871
17 203 277
570 1 124
501 977 689
81 492 952
683 777 181
953 253 941
501 841 437
737 996 129
50 161 585
455 219 721
823 821 73
881 291 345
617 985 529
501 581 80
581 900 726
567 253 135
16 558 725
837 273 625
476 291 838
817 215 69
729 441 641
191 117 213
249 31 801
626 164 801
957 550 657
801 873 237
881 772 921
119 473 21
191 521 737
351 997 439
783 763 976
293 17 791
26 325 236
565 441 669
287 986 157
299 461 951
47 572 262
941 556 521
468 649 53
203 125 952
817 1 745
633 241 453
671 755 536
627 431 571
72 695 531
17 240 869
79 701 760
113 471 797
706 942 866
665 285 921
681 920 201
261 757 391
132 85 833
891 799 36
491 831 685
931 61 962
757 249 240
593 973 33
597 645 891
427 903 341
676 969 501
745 319 73
166 281 435
743 521 267
409 459 802
41 874 84
58 976 518
933 889 593
615 633 721
141 279 952
376 424 113
961 685 36
520 526 629
449 247 721
241 107 486
166 46 671
785 556 748
465 680 689
481 132 161
682 109 905
301 447 600
537 776 881
199 417 422
12 625 965
401 461 121
981 378 295
402 611 825
101 431 82
901 220 571
285 586 945
448 212 433
537 281 147
630 967 655
732 324 312
269 769 965
445 101 821
765 121 149
23 1 511
751 3 139
713 601 395
977 765 472
165 890 171
29 649 755
253 197 865
921 37 735
721 93 901
525 141 776
525 304 536
69 1 545
851 109 516
841 440 240
117 101 465
289 273 521
994 235 821
179 5 953
341 453 251
286 317 677
819 953 601
947 151 921
200 505 871
372 194 882
861 871 233
569 108 913
330 84 397
951 157 566
101 851 868
629 17 333
123 81 397
301 532 67
193 380 790
5 163 447
129 892 521
839 24 327
143 689 361
674 361 341
72 333 123
749 201 109
133 29 601
389 979 151
376 691 661
989 941 261
809 353 72
726 257 429
103 500 734
699 217 56
770 121 561
165 653 349
951 1 366
701 361 987
245 65 323
301 56 698
251 33 541
823 56 170
651 999 561
823 231 761
505 396 35
196 56 407
141 906 971
901 869 858
736 585 543
221 443 773
556 313 511
697 196 48
751 62 531
911 831 171
791 243 201
816 941 881
629 234 251
235 745 585
495 6 87
801 75 922
992 701 901
97 821 1
536 626 859
13 918 724
227 893 361
509 151 693
770 545 880
937 759 945
714 726 999
385 9 569
709 769 81
828 665 817
406 400 761
177 223 722
973 849 566
699 261 961
745 712 681
701 441 661
711 601 382
3 325 716
411 430 387
412 405 281
441 897 125
11 81 153
365 867 547
690 935 676
928 222 121
385 41 209
907 441 949
361 945 236
710 89 584
585 831 669
375 269 113
641 703 829
401 365 91
21 896 51
209 709 601
707 141 668
76 563 193
262 865 746
791 751 489
101 881 215
631 445 692
121 701 376
316 794 11
493 790 641
739 57 991
226 579 321
73 210 8
247 325 979
321 529 341
893 376 849
205 737 691
257 431 609
418 159 970
597 841 682
943 905 33
87 248 165
721 623 865
961 779 128
561 31 866
121 474 357
649 279 451
501 151 797
587 979 623
506 766 881
961 999 23
933 185 520
726 785 177
480 412 371
670 345 310
644 701 37
983 67 437
107 160 845
91 931 497
747 56 601
51 735 167
725 251 84
602 456 341
29 567 196
292 912 109
588 345 866
320 752 781
586 783 713
975 684 81
751 864 426
657 857 465
780 809 537
41 188 603
717 136 69
864 801 469
649 753 911
201 639 391
410 319 571
257 265 209
831 661 73
826 881 253
725 821 759
481 478 720
321 639 311
821 371 415
571 680 851
797 754 481
719 928 41
649 381 121
217 201 19
65 911 441
189 881 381
943 815 61
226 961 790
651 441 532
177 481 323
791 967 871
993 633 857
47 785 130
413 926 135
928 257 883
679 828 721
922 281 217
752 933 918
437 901 281
113 267 329
656 201 853
301 817 761
795 751 614
561 273 929
241 777 941
241 281 535
772 201 601
612 121 13
751 313 285
857 625 683
893 321 681
85 891 951
510 915 881
