3497
307 923 201
383 956 331
527 651 731
487 671 961
808 787 387
426 441 711
671 375 235
991 553 907
515 7 793
763 726 50
821 626 91
364 313 763
471 721 457
937 504 234
501 289 975
521 971 900
345 106 902
849 571 851
573 987 249
866 227 665
107 322 595
505 107 728
751 321 681
97 501 146
847 663 631
176 226 943
40 201 396
556 101 736
517 777 361
515 863 713
625 977 911
208 939 711
873 217 183
213 741 208
527 58 988
654 217 733
297 945 867
421 533 969
825 873 501
597 41 953
501 303 19
989 305 610
681 43 76
713 301 835
17 201 984
361 961 135
553 549 689
505 76 798
215 361 333
701 826 697
801 435 235
174 849 5
537 17 288
963 227 318
731 201 331
12 612 1
219 907 140
736 150 973
713 1 515
577 472 239
81 879 11
237 813 521
921 781 337
14 128 207
898 345 729
713 879 297
838 668 234
645 65 595
713 653 596
817 988 280
785 782 827
689 408 123
439 701 627
89 417 749
582 961 995
207 1 568
209 43 897
305 345 626
611 409 225
337 863 281
841 496 917
747 19 920
527 477 929
217 765 733
57 857 27
813 246 915
274 516 425
417 633 829
203 306 727
677 713 351
116 691 551
751 759 259
601 32 303
177 481 628
915 391 645
641 366 609
529 865 935
392 18 371
227 895 931
35 629 267
538 832 853
773 666 186
509 204 175
786 903 275
401 379 682
873 501 578
609 800 160
601 191 306
569 121 893
725 304 857
971 305 897
994 432 552
49 743 151
321 649 579
937 321 605
239 426 9
670 941 135
312 171 903
177 396 364
5 943 489
937 193 21
673 725 49
441 147 456
89 805 769
951 595 269
517 641 462
392 525 913
749 613 526
709 81 574
127 577 107
654 9 231
1 603 681
102 948 396
36 806 345
11 993 769
807 671 541
373 615 671
432 313 247
889 851 351
285 657 664
761 37 326
815 483 584
977 301 447
934 855 783
401 901 715
625 156 248
386 749 701
977 261 841
33 446 241
401 289 449
169 563 943
993 771 385
313 128 761
141 441 453
52 355 195
251 393 300
151 54 842
157 289 25
286 245 101
662 151 605
592 181 639
299 1 326
271 596 386
405 152 791
729 937 521
101 583 861
424 438 981
207 451 801
129 79 857
962 381 365
719 151 951
673 82 109
369 201 208
713 461 161
553 289 55
497 884 569
553 399 583
201 796 117
636 711 23
322 211 306
504 649 929
685 499 225
321 736 67
643 873 873
883 444 49
993 461 273
775 737 219
51 585 205
533 731 769
891 337 8
117 944 591
931 369 871
126 228 629
585 881 290
650 399 657
623 543 321
51 873 80
567 485 515
51 251 900
581 421 351
435 155 519
481 664 461
93 73 956
126 497 791
391 562 884
274 151 315
821 73 137
826 439 870
798 819 213
225 109 696
976 889 297
56 777 624
401 265 483
743 449 699
806 850 681
316 569 219
847 647 603
169 835 691
996 973 101
126 17 885
351 9 586
559 919 608
659 35 51
256 156 847
761 918 342
927 159 75
825 23 533
209 810 719
696 653 261
127 33 8
227 145 385
534 473 717
77 267 816
167 737 257
372 287 571
851 89 168
397 195 13
160 330 647
64 439 811
424 804 690
561 141 25
9 633 796
801 7 59
397 577 226
37 126 305
131 153 896
928 351 899
897 776 881
469 273 194
995 881 496
139 167 825
125 265 741
478 881 464
381 521 721
382 933 313
801 749 643
717 26 491
573 657 669
695 679 332
9 19 981
185 621 892
545 971 10
382 741 502
821 113 77
701 603 376
492 150 505
19 216 542
797 541 625
217 441 935
776 830 873
571 683 75
679 481 426
245 921 416
121 564 916
295 499 297
834 929 987
795 227 482
81 1 861
963 761 873
911 464 49
731 325 54
841 529 410
587 313 997
317 813 149
865 493 931
621 417 929
511 304 785
785 949 721
225 561 89
210 805 205
681 93 305
485 473 126
821 151 741
999 697 670
261 885 939
93 859 765
369 441 291
857 666 584
555 481 631
941 347 162
909 297 241
151 401 635
801 32 860
803 868 825
613 166 263
977 841 213
871 313 742
526 772 526
721 540 145
261 883 904
782 165 393
465 233 457
113 417 711
17 625 329
11 541 574
316 201 293
699 843 901
861 155 511
245 729 41
377 465 975
311 217 456
809 291 727
649 401 639
345 581 889
206 41 115
79 135 95
149 587 182
63 971 9
488 845 451
133 961 510
336 186 401
641 949 302
145 427 225
352 866 788
801 361 137
905 205 867
217 489 653
373 817 136
557 737 41
861 639 537
24 676 953
407 529 517
751 937 805
971 217 639
441 101 203
659 863 176
204 691 501
626 405 595
673 76 601
819 391 860
285 771 159
585 687 522
923 515 45
605 164 322
563 897 297
821 77 52
53 309 819
824 589 889
141 824 529
602 861 267
501 745 79
451 749 457
491 439 193
901 312 433
976 789 945
901 121 684
176 801 376
503 447 487
181 331 560
105 61 761
222 347 221
743 501 902
358 197 927
93 957 805
675 850 286
113 609 650
621 900 593
494 89 259
331 601 189
814 596 877
26 737 743
353 441 127
1 662 895
936 821 61
351 191 40
879 529 609
481 829 805
515 623 819
529 261 780
678 579 126
981 137 808
321 328 419
511 699 949
856 645 39
352 453 737
553 409 931
601 251 447
701 156 185
161 351 321
244 361 601
640 992 217
874 111 69
571 453 411
451 518 111
777 681 247
33 385 992
896 575 872
670 557 956
431 79 890
811 201 611
575 645 576
755 323 245
556 886 876
83 421 171
109 488 491
943 321 463
925 717 5
773 309 61
901 361 461
895 371 563
917 779 527
415 866 885
141 897 757
213 601 141
833 626 172
947 814 100
190 923 926
93 76 865
761 136 741
665 584 653
833 831 665
729 212 129
688 861 601
281 55 7
6 1 261
90 562 345
852 1 293
201 191 293
544 169 208
651 666 268
326 170 341
425 143 674
789 397 401
457 101 105
341 159 817
131 589 861
241 340 647
537 973 4
49 845 365
765 224 233
33 731 241
359 287 446
271 609 115
388 832 103
483 535 13
994 353 401
699 676 553
27 580 93
210 420 856
211 846 601
310 628 837
361 451 533
910 237 380
817 401 813
916 951 441
701 777 985
491 621 669
361 873 463
420 912 705
374 209 86
477 867 833
21 111 933
710 871 399
286 591 597
131 152 45
971 361 890
874 381 289
589 41 749
797 673 313
721 737 937
907 601 605
17 501 608
926 795 905
870 951 721
401 981 681
101 301 185
952 279 225
406 185 997
251 812 625
13 417 691
679 747 173
225 23 561
416 521 729
353 113 113
199 771 205
806 251 96
189 191 479
921 243 679
957 557 263
666 911 266
793 617 684
433 636 626
373 59 9
756 341 844
711 706 629
133 400 86
418 907 521
261 849 61
921 41 597
977 720 467
81 225 655
252 397 513
404 609 309
923 671 854
796 357 537
77 199 322
836 220 329
871 826 901
741 644 983
745 763 239
99 351 205
617 326 863
797 489 381
754 531 641
245 852 369
641 415 429
916 410 801
25 180 233
201 439 133
227 729 945
366 83 701
811 8 545
387 961 385
473 151 731
141 417 63
777 749 987
46 749 22
917 114 485
151 993 151
145 737 507
274 825 433
199 353 61
741 640 115
851 129 11
653 768 491
491 125 951
424 618 283
926 751 32
883 192 237
86 471 441
5 669 497
241 891 641
340 669 146
107 666 751
681 277 130
41 281 1
847 111 113
839 75 273
129 601 1
279 701 121
502 857 301
787 881 101
921 799 11
254 353 601
249 811 541
104 322 161
543 167 806
65 39 11
176 473 817
691 487 991
313 976 429
139 851 664
256 831 631
781 659 881
651 969 481
75 489 197
156 57 663
201 677 421
799 648 517
976 37 171
381 769 751
226 989 897
57 520 951
401 506 847
561 716 945
381 921 419
113 709 731
581 511 71
776 646 479
137 592 33
101 105 11
329 186 697
711 11 176
501 477 883
644 597 272
611 51 2
736 551 54
269 777 436
1 614 906
593 418 139
908 106 631
873 947 521
841 715 243
425 169 862
980 103 69
509 521 921
793 297 777
221 399 332
151 817 481
934 461 617
889 56 597
888 327 917
226 569 880
853 628 421
881 153 391
906 555 251
965 761 723
933 685 961
607 377 313
277 762 736
991 354 997
981 637 371
333 476 201
44 331 889
409 545 193
746 676 373
348 205 71
422 159 331
126 433 890
769 65 433
4 69 633
418 679 773
577 713 412
861 866 889
809 605 6
771 785 410
331 57 724
461 196 765
775 787 579
883 100 309
864 870 377
741 486 308
844 835 1
807 371 521
518 571 757
681 745 269
471 476 603
112 50 937
93 311 525
841 873 246
351 359 111
699 481 178
773 441 211
341 577 620
25 968 70
435 713 351
21 62 355
613 47 161
529 725 491
201 369 196
809 381 837
401 650 543
158 565 162
459 142 401
747 771 922
716 936 614
811 121 489
1 156 415
513 751 225
265 867 387
102 609 641
476 415 498
667 471 777
765 447 969
521 600 801
371 57 362
883 857 522
853 100 73
905 239 526
589 23 737
1000 2 521
871 646 171
537 125 253
977 661 797
602 33 511
667 151 283
573 839 501
161 945 501
821 91 54
297 691 9
953 619 287
786 845 277
656 661 251
138 321 129
226 49 501
857 623 769
461 709 558
753 955 64
548 92 45
893 920 721
995 385 785
59 649 571
226 543 479
289 1000 446
20 585 429
875 446 551
891 225 950
545 519 996
253 525 911
645 899 249
431 540 873
762 931 595
461 916 930
597 392 545
485 171 187
804 960 69
315 457 279
346 422 761
286 1 729
44 341 861
649 956 801
981 421 265
161 441 156
267 488 945
396 301 651
895 1 527
137 381 262
925 843 977
457 531 358
643 653 568
197 910 337
581 161 641
47 775 292
699 703 145
137 1 807
406 797 977
395 501 277
151 571 961
97 369 493
125 757 953
981 534 217
41 773 190
361 321 749
549 193 45
785 976 517
203 857 93
27 483 655
902 401 503
21 487 424
356 924 13
783 365 257
691 407 121
97 399 211
254 126 361
581 635 502
58 446 241
797 576 105
45 144 469
631 11 917
361 998 281
92 45 897
575 521 951
146 781 353
897 613 281
893 145 415
781 584 324
806 547 667
221 390 321
257 39 329
651 97 399
769 77 101
787 16 5
481 301 969
687 881 171
213 409 697
849 913 41
81 315 501
561 654 441
564 409 375
816 111 721
975 594 130
252 559 731
344 737 828
305 408 543
793 321 837
408 705 601
605 651 121
29 321 481
83 169 385
1000 518 560
481 50 923
271 538 335
417 612 126
181 693 939
398 872 923
739 44 447
613 888 881
529 541 21
581 639 157
935 106 200
948 78 579
80 561 301
243 825 93
248 201 515
665 141 937
656 481 49
780 921 359
929 801 733
316 17 577
731 618 231
771 134 841
709 841 17
417 97 601
185 657 622
837 973 408
561 797 236
745 901 219
685 896 899
21 677 604
981 280 836
201 917 810
959 941 462
733 724 420
310 33 399
79 801 413
103 519 881
457 387 152
477 257 671
205 153 147
853 681 6
1000 851 465
941 451 401
369 225 713
897 25 686
973 49 625
1 893 1
206 585 218
212 60 91
765 941 996
109 916 893
86 436 671
601 297 291
389 453 785
416 594 716
386 401 152
556 209 176
97 376 911
967 626 681
802 487 926
934 127 875
43 57 944
729 41 610
624 995 987
11 1 530
697 243 997
424 801 201
13 333 258
869 785 327
217 701 527
605 939 321
539 433 129
735 81 561
36 282 699
19 177 237
414 105 857
332 473 101
835 457 683
617 105 645
81 675 132
433 802 296
525 683 836
301 463 123
657 81 657
727 109 505
196 541 833
571 825 783
425 329 547
111 542 155
797 491 121
610 438 411
829 86 481
101 91 851
951 143 449
867 611 801
222 98 145
501 681 401
17 257 493
624 913 298
310 951 152
155 999 221
333 926 836
557 409 659
845 137 801
361 631 801
135 681 959
259 181 195
321 337 719
146 260 57
493 331 812
389 380 191
605 845 157
453 806 753
637 275 601
60 709 911
56 777 47
321 133 337
169 412 751
781 385 825
376 201 657
351 901 86
321 865 181
950 41 76
485 481 536
25 459 1
98 509 121
751 605 288
201 991 718
947 857 81
791 668 489
9 63 144
543 833 426
641 865 169
626 242 999
234 189 593
57 201 626
247 54 987
497 185 967
553 11 143
345 201 315
425 578 864
441 361 929
249 543 121
859 889 922
667 141 170
837 735 375
44 527 886
251 10 416
401 421 735
295 626 281
609 731 121
416 813 17
271 551 669
873 432 370
257 729 869
2 45 851
689 963 491
48 69 289
501 251 728
476 892 168
800 639 951
665 373 601
224 503 776
468 866 374
924 369 563
832 651 629
972 117 235
79 89 929
707 521 745
157 430 895
121 745 137
725 127 901
49 801 177
181 641 535
625 111 801
365 737 366
801 625 831
651 521 26
218 561 805
773 68 13
181 244 26
191 393 981
717 743 786
849 561 105
397 929 158
54 366 711
450 801 249
799 1 421
625 554 34
648 514 507
517 713 111
436 807 297
153 705 641
766 354 355
915 336 391
121 841 291
532 509 219
173 851 901
841 482 101
121 662 82
193 932 9
27 6 597
41 370 633
561 9 655
889 843 251
208 9 170
555 243 193
363 604 375
481 369 641
907 751 716
353 345 477
801 996 902
313 993 791
937 691 1
468 359 512
997 237 231
809 225 816
135 1 351
461 650 753
601 779 961
741 183 246
881 393 382
917 937 687
25 501 491
866 869 76
185 742 973
839 505 960
51 611 625
925 284 116
991 447 901
690 376 489
871 161 800
142 47 528
956 455 127
785 149 203
94 887 666
411 955 651
421 309 989
474 888 701
917 793 961
615 617 941
235 254 332
835 165 931
801 857 887
265 966 824
785 866 563
181 75 391
890 981 561
433 449 619
452 56 273
725 13 816
724 640 601
457 993 825
751 331 1
999 861 501
619 425 896
22 515 869
449 151 647
794 545 181
731 529 270
399 106 586
646 531 1
323 47 681
660 831 197
523 1 605
871 950 967
746 523 105
800 507 713
586 988 122
506 333 663
105 763 909
536 97 79
241 849 621
866 866 881
76 431 242
527 373 58
358 601 265
266 953 871
945 958 477
557 516 230
173 368 501
969 645 121
331 87 318
91 29 197
576 674 361
489 979 136
401 147 388
65 153 371
417 535 876
806 285 241
375 926 141
657 384 89
605 401 353
417 721 790
311 651 789
521 509 501
101 601 886
769 161 553
972 171 957
65 281 733
817 645 893
315 420 741
551 885 90
881 269 890
997 595 31
312 625 917
673 913 571
710 740 761
44 209 265
421 468 636
921 276 59
801 821 461
785 287 401
901 461 661
497 805 139
396 331 889
179 22 558
961 846 571
839 609 205
376 121 541
117 576 775
457 525 493
21 80 686
250 715 599
834 132 144
177 197 245
191 246 283
249 199 129
897 201 657
689 66 33
331 804 585
217 658 57
407 603 667
811 316 88
484 691 891
522 681 467
745 699 379
640 601 809
713 173 747
418 969 761
408 813 900
761 76 441
69 465 545
157 167 786
835 489 917
677 726 499
667 126 676
761 247 921
696 81 937
622 737 613
851 417 805
255 901 753
851 949 371
305 889 59
993 664 301
471 7 420
371 441 601
929 628 835
97 453 7
961 431 307
626 179 491
897 833 59
857 709 822
466 781 41
556 653 177
151 713 465
381 44 710
246 841 951
251 277 821
187 10 163
833 860 813
871 121 561
629 317 829
957 941 754
133 646 345
415 681 547
163 395 601
401 15 950
824 603 609
937 853 841
617 559 657
811 613 862
857 923 795
441 909 991
791 912 699
988 411 241
761 149 41
378 705 147
921 588 527
746 1000 487
436 721 555
558 325 696
541 429 11
431 66 240
759 166 81
643 821 832
385 847 359
751 11 77
625 845 545
861 921 451
831 402 877
21 81 361
828 721 742
783 349 807
133 201 129
471 301 551
569 941 261
69 755 2
681 469 91
525 714 813
641 353 336
183 407 601
688 713 328
694 623 271
113 955 709
615 237 905
641 355 401
67 225 1
841 233 297
89 521 422
626 441 962
993 811 73
189 397 701
33 690 169
443 642 251
451 847 231
627 895 701
31 571 652
711 887 535
352 131 193
603 921 19
863 821 67
813 576 120
520 433 517
639 649 303
1 700 481
228 841 911
588 455 81
521 837 257
241 249 199
703 857 965
782 147 501
395 739 574
985 111 596
675 885 850
391 450 751
614 980 489
436 33 266
961 340 846
117 639 187
339 277 24
13 646 895
311 951 501
263 777 781
472 193 141
400 303 415
727 901 497
303 931 586
491 441 760
211 991 779
361 497 550
5 515 379
969 529 553
627 119 245
712 385 571
203 348 923
892 561 589
190 725 753
561 889 93
973 681 706
773 676 281
977 150 126
376 981 681
181 57 255
686 935 650
569 876 479
84 901 958
335 751 611
217 718 847
687 365 341
665 531 839
789 405 401
445 539 939
106 284 641
931 681 686
505 149 865
751 686 563
161 137 345
374 483 435
57 601 227
227 331 546
155 487 208
430 587 776
601 710 507
961 240 441
721 211 993
903 341 41
821 478 486
269 869 877
81 741 917
441 121 335
640 620 1
689 812 651
460 831 204
656 516 665
301 721 376
653 31 57
882 210 133
591 376 861
910 227 626
816 274 495
363 723 243
337 376 73
436 964 844
929 601 749
115 856 173
976 961 1
631 65 991
576 289 626
35 265 909
981 395 897
34 366 345
289 905 725
59 36 854
901 694 305
817 251 960
876 857 321
465 724 293
9 292 553
521 106 629
916 439 810
306 733 923
845 333 99
913 373 29
85 236 201
751 481 933
401 961 757
589 901 964
551 63 533
454 243 681
713 57 321
961 905 331
317 403 957
35 209 543
451 119 981
585 266 1
435 613 645
525 881 291
276 965 261
599 923 923
281 368 481
989 198 415
509 270 379
196 384 41
501 661 101
701 1 777
25 588 329
813 49 522
845 753 576
822 217 241
489 57 780
395 501 313
676 546 961
137 291 877
396 539 841
526 746 224
853 835 105
277 580 651
661 197 859
829 402 157
941 311 705
597 696 481
308 231 247
476 550 630
673 726 1
192 695 465
433 819 537
275 955 471
329 309 509
387 331 995
653 401 89
201 33 427
721 49 69
591 525 193
323 51 441
840 671 69
818 615 642
131 128 681
198 40 636
226 65 781
362 201 329
15 737 973
123 505 82
901 235 621
848 731 763
746 977 521
997 133 746
689 805 726
764 415 445
396 191 689
233 72 121
977 181 437
837 801 169
987 701 645
456 594 581
688 947 301
401 579 89
485 724 136
799 404 427
821 361 734
11 251 913
145 673 183
955 133 289
639 165 590
737 901 737
266 751 324
658 202 745
237 205 951
143 866 779
585 311 613
151 321 701
737 532 607
145 556 193
701 665 135
318 263 691
586 513 921
429 626 771
673 89 356
633 331 429
215 785 801
14 521 717
897 736 591
9 113 238
319 851 201
733 254 113
801 517 99
503 641 5
785 381 190
993 203 737
344 886 969
23 631 223
369 357 940
165 865 508
673 911 211
301 361 246
809 489 561
201 97 766
376 523 943
651 151 781
359 377 268
57 961 896
833 701 629
21 413 649
560 105 754
906 866 501
857 311 953
753 731 985
256 927 473
108 659 366
350 211 149
497 533 22
60 441 733
410 13 201
181 543 579
766 73 635
513 201 714
321 825 659
325 809 101
599 785 652
431 881 533
5 696 941
797 826 125
11 206 501
447 111 981
369 391 868
385 541 481
159 813 556
373 899 401
931 286 628
451 522 505
315 346 577
457 129 14
10 881 704
793 849 858
707 497 391
341 351 779
593 553 121
596 425 425
421 215 521
193 1 377
697 749 489
487 117 585
461 851 176
211 345 201
329 851 476
505 346 481
81 961 433
689 613 333
952 984 216
993 951 402
359 871 617
621 650 26
550 379 201
484 546 653
166 595 699
221 425 741
892 77 233
63 29 683
649 491 936
55 81 961
918 643 601
682 857 648
373 589 761
613 903 18
33 801 211
635 729 685
880 574 281
209 215 7
865 420 206
821 526 591
279 966 168
219 981 241
124 41 149
931 91 718
677 565 142
996 357 939
931 350 477
871 981 457
25 821 836
381 899 449
223 681 356
966 917 548
773 221 686
265 501 809
697 181 93
953 125 678
29 841 505
449 456 536
510 993 559
425 761 891
996 56 577
449 701 83
901 681 622
831 473 651
622 110 357
792 946 423
419 201 279
49 821 613
761 194 121
789 41 516
106 416 649
351 31 289
916 977 866
342 641 577
466 361 151
794 441 225
601 899 269
774 5 195
275 522 664
661 569 501
89 382 304
7 725 731
745 221 797
935 177 528
233 575 1
269 379 709
756 133 41
344 906 923
791 505 601
975 305 561
823 761 215
215 801 469
701 85 981
649 199 191
601 307 231
801 771 321
151 91 785
41 65 369
101 783 249
709 30 532
915 65 793
961 811 39
925 781 197
908 562 761
262 627 950
241 581 251
311 617 386
18 116 617
899 193 95
431 311 443
12 915 141
470 789 676
808 321 509
785 961 1
177 17 501
73 486 276
801 727 149
889 63 605
193 653 511
21 211 281
452 641 841
601 376 709
561 696 79
241 732 85
123 515 69
81 756 796
724 385 153
524 142 851
869 971 61
701 596 306
110 601 543
913 88 421
208 351 673
238 656 531
917 87 17
341 405 953
26 788 333
463 177 382
691 480 271
189 691 851
639 777 358
61 129 61
964 177 371
147 721 353
183 371 887
336 941 583
741 71 991
730 873 37
985 61 953
735 870 78
461 21 919
112 775 593
282 774 114
411 725 58
79 251 726
89 29 727
348 992 95
961 489 711
178 501 511
144 937 779
549 425 57
701 292 769
225 889 361
815 899 169
401 173 577
853 640 501
773 921 392
965 737 299
671 449 881
781 869 381
239 799 995
589 418 796
627 791 65
631 801 973
635 577 193
526 255 163
137 165 743
489 841 834
810 833 823
476 297 204
589 288 93
901 949 813
929 593 137
803 525 469
551 696 91
865 735 607
991 29 351
423 121 45
678 835 369
507 217 768
62 76 95
99 277 797
490 299 479
690 833 11
243 689 877
381 871 991
754 310 999
534 625 241
297 909 443
307 565 761
511 67 278
471 175 581
621 627 681
251 846 97
246 340 664
52 349 220
836 523 349
955 486 70
777 440 991
330 57 446
966 683 917
985 184 362
780 481 617
338 861 491
921 101 935
592 23 440
951 709 329
449 108 991
365 77 561
619 455 955
497 192 737
225 185 291
17 50 383
701 833 578
841 835 231
451 1 576
566 201 490
556 433 743
350 17 321
549 929 751
917 546 577
766 401 109
531 345 565
526 759 854
761 683 406
801 993 829
1 889 451
875 303 100
21 481 961
771 968 628
365 376 449
345 7 801
849 825 193
490 451 999
614 654 663
308 19 715
672 601 271
531 201 206
786 901 506
401 905 303
946 903 481
773 291 127
335 66 301
81 161 271
825 101 407
588 194 433
939 389 151
585 191 606
241 266 651
251 658 385
461 381 81
306 581 649
536 621 517
601 641 361
231 909 21
329 81 627
561 661 595
247 789 563
470 209 529
701 533 245
99 613 386
121 541 728
853 81 296
233 787 679
457 541 401
889 91 73
586 431 97
248 562 761
126 397 22
444 724 197
509 514 417
705 171 835
737 169 428
678 862 321
927 281 467
553 838 886
769 453 156
857 752 226
411 633 969
381 536 226
316 801 761
202 305 504
591 4 709
889 661 145
921 224 99
977 816 445
649 631 601
992 931 511
47 697 389
355 121 419
955 125 71
625 417 724
676 437 739
881 478 651
484 685 921
325 594 501
937 193 261
211 589 369
151 681 251
913 227 873
825 521 376
651 526 461
932 251 101
621 430 506
616 852 709
73 696 269
831 777 248
555 906 369
409 189 565
477 257 816
894 433 863
617 727 179
520 687 781
141 131 389
199 391 877
741 518 129
51 749 962
271 993 393
897 869 291
969 645 763
417 105 881
277 490 125
106 201 785
141 881 263
33 259 121
1 664 317
388 293 441
393 789 743
298 623 877
96 239 405
729 913 321
143 787 661
216 818 876
872 737 793
428 357 377
195 967 201
991 876 243
550 981 621
574 935 935
313 883 929
817 951 644
971 202 399
641 137 21
258 423 113
981 351 815
313 673 253
813 541 80
301 309 894
763 297 761
873 139 167
543 686 69
189 449 642
391 859 410
641 56 212
251 917 676
875 549 240
166 958 296
287 407 845
401 291 207
801 310 320
731 761 551
971 465 914
626 388 799
59 181 679
796 313 851
423 795 248
305 175 371
789 607 136
228 773 251
596 726 999
833 19 441
671 901 206
243 491 635
95 331 717
557 259 551
73 809 298
361 996 691
786 843 821
870 841 893
647 409 57
557 991 247
646 537 319
8 479 953
841 54 568
349 303 301
687 731 54
474 138 455
921 633 651
234 355 233
570 467 491
547 820 626
508 145 753
221 785 131
736 871 696
565 529 209
749 574 145
145 121 529
192 16 382
684 361 409
954 415 876
979 657 465
899 971 921
461 577 296
89 976 423
209 127 196
765 1 89
39 391 837
949 860 245
613 201 33
945 213 973
945 817 821
685 889 567
386 849 51
461 285 949
231 953 581
406 71 893
741 957 731
389 314 521
821 607 127
999 145 924
325 451 637
305 871 781
811 717 619
801 593 473
927 431 225
509 689 619
471 921 287
806 167 267
25 417 176
329 917 795
211 251 820
591 399 261
5 257 431
453 886 267
537 51 871
121 326 961
863 634 521
801 891 935
522 777 901
213 735 991
724 947 821
913 77 566
933 101 241
111 720 609
251 801 745
652 141 873
737 677 715
233 285 322
803 944 687
445 126 584
613 352 397
129 840 771
175 118 713
51 333 297
458 295 651
482 583 981
553 313 504
51 62 371
496 641 161
603 749 576
425 660 241
751 201 361
413 771 803
145 235 291
861 951 77
201 860 171
724 531 213
611 218 227
481 72 376
501 341 476
471 941 359
651 937 228
937 964 913
960 373 16
171 545 30
651 699 641
441 602 66
839 69 39
993 179 97
425 926 637
753 761 870
609 1 806
399 789 536
369 538 141
691 314 22
325 785 545
974 183 714
881 393 402
793 329 557
391 25 502
985 121 601
206 957 136
440 364 33
401 827 553
363 744 440
717 881 493
103 106 664
579 611 149
681 217 10
499 253 707
845 136 22
17 579 17
875 224 113
731 921 190
175 479 377
62 496 261
296 221 306
609 157 830
401 333 588
408 273 651
505 893 233
301 394 210
391 441 957
786 205 79
78 357 275
521 198 572
25 481 339
636 487 811
635 958 457
817 69 771
785 555 83
485 236 301
761 541 793
571 922 545
671 241 694
388 429 869
783 641 449
215 853 209
113 893 449
145 665 385
331 233 661
781 289 199
291 201 303
461 36 101
353 105 133
48 321 986
295 956 31
333 350 718
650 217 351
94 289 819
256 476 984
711 465 627
927 716 286
945 241 32
77 609 693
792 151 619
621 845 681
467 57 413
113 501 873
907 745 501
737 268 585
501 404 11
566 831 937
352 97 869
875 117 585
409 249 989
329 365 832
821 251 569
530 769 509
652 533 705
177 291 909
269 661 127
10 555 262
689 589 241
505 981 989
961 801 373
262 185 306
217 477 879
845 446 105
137 755 59
718 217 83
656 21 501
301 993 955
353 699 251
641 269 625
161 241 576
179 583 555
908 666 251
593 681 481
579 18 246
873 825 38
619 801 617
185 289 761
629 691 165
937 65 103
218 361 629
661 615 361
870 339 160
529 793 611
397 47 985
33 881 849
600 431 189
545 735 601
201 963 741
231 811 321
967 349 307
93 672 121
544 714 537
859 186 120
261 671 865
649 986 859
601 585 727
901 391 773
516 81 41
667 261 421
936 336 30
405 368 181
311 309 247
202 931 234
537 465 473
161 873 641
840 783 165
681 891 681
185 419 643
236 961 441
33 349 543
711 710 526
222 587 461
81 321 166
633 451 961
555 235 953
961 862 803
689 327 73
701 27 927
631 261 490
170 1 713
413 985 819
876 521 161
717 794 601
351 487 815
661 800 836
142 255 754
721 907 985
173 877 24
83 429 285
141 487 995
643 399 417
361 257 91
177 65 565
939 733 325
263 42 211
41 226 665
709 546 956
864 136 801
671 907 821
795 251 577
865 687 1
240 603 916
905 293 474
291 251 134
997 998 867
964 22 947
907 488 271
376 801 581
425 473 89
652 615 929
481 10 934
13 261 73
133 820 33
226 818 802
801 41 469
582 545 445
537 312 721
71 641 601
341 55 903
647 695 199
621 913 754
701 276 201
785 305 157
127 41 793
471 323 160
301 424 915
685 441 171
736 191 915
361 607 781
357 352 949
115 440 741
201 345 911
135 353 641
465 263 250
177 51 969
951 177 897
457 731 243
724 665 906
767 651 891
199 681 517
929 189 734
966 151 597
545 985 969
54 901 673
817 429 1
54 1 929
701 201 861
209 456 100
866 119 677
186 991 675
81 185 955
781 131 760
291 521 289
216 665 636
870 501 709
1 73 430
589 431 469
873 445 257
601 362 581
689 798 643
177 100 430
287 895 361
749 417 291
313 991 325
669 313 889
258 886 902
549 728 278
105 937 616
779 781 423
321 701 1000
77 913 111
919 249 301
281 417 47
315 601 151
382 526 679
795 401 804
381 707 695
183 572 113
586 231 513
302 373 733
589 405 496
837 89 856
528 721 421
581 420 481
732 949 941
713 351 299
92 50 975
101 29 401
433 9 506
473 6 403
726 719 798
575 667 101
466 873 1
574 840 78
826 897 36
177 812 945
649 922 813
265 31 661
401 586 516
421 473 223
447 813 447
765 615 36
903 593 441
23 161 261
93 699 439
15 588 604
711 369 761
376 353 475
859 346 360
281 441 928
524 421 271
1 783 689
531 240 105
668 803 902
285 657 11
951 809 929
571 112 735
601 887 251
316 166 287
393 37 199
347 977 641
9 217 67
409 463 311
826 302 851
265 369 775
42 93 376
571 719 600
846 260 141
139 739 556
321 487 609
541 726 654
729 953 45
223 731 721
489 578 651
837 287 581
796 173 541
939 995 301
165 535 789
507 473 280
489 431 897
124 774 376
870 541 685
501 10 682
132 65 612
887 385 601
577 329 666
921 226 892
372 228 755
356 217 576
51 858 682
193 176 33
263 870 556
276 686 345
947 411 541
533 433 661
333 341 189
328 669 953
433 44 953
105 115 503
696 139 172
313 149 475
211 793 987
203 715 786
101 597 969
921 456 825
197 551 521
101 891 381
287 179 941
417 924 121
867 685 741
101 790 471
681 367 401
601 877 883
469 165 832
74 767 941
659 696 351
982 323 746
681 521 107
353 825 426
256 515 241
17 821 759
43 558 469
81 469 152
741 431 474
337 561 57
721 936 465
536 97 749
416 466 707
392 545 287
381 189 641
906 733 316
456 852 722
128 929 442
701 756 5
401 889 867
965 728 342
807 455 231
773 259 245
711 217 881
541 461 504
385 725 393
225 809 224
543 970 17
207 439 668
217 201 261
963 579 851
309 905 489
681 371 265
317 354 352
181 917 465
562 785 902
85 707 37
521 238 151
769 655 373
822 701 94
641 826 726
673 729 821
346 821 709
850 553 690
815 123 464
261 781 49
51 1 234
663 977 898
601 85 769
81 752 123
565 741 981
201 190 715
833 775 111
657 586 615
501 377 673
983 607 230
299 825 241
126 546 865
441 433 257
233 489 241
267 334 337
145 848 633
88 569 479
343 555 552
483 256 67
509 625 384
477 141 746
169 471 59
200 752 438
352 576 511
393 917 977
29 282 949
814 601 197
441 945 697
180 481 849
222 484 473
743 338 38
937 226 377
835 106 891
807 185 430
473 558 284
705 625 866
943 37 353
512 185 247
130 351 169
989 979 603
747 110 751
901 433 697
472 661 137
289 131 901
121 573 537
833 191 21
513 809 841
545 937 303
946 217 341
241 126 326
429 589 773
219 205 45
301 469 165
476 312 810
515 721 418
885 893 509
721 849 332
853 237 337
699 519 393
405 249 83
856 301 191
455 239 11
101 945 690
841 679 683
425 639 691
815 626 553
763 274 549
941 845 41
621 326 317
266 221 891
324 601 127
915 770 501
955 795 621
351 466 683
189 826 402
9 617 37
656 466 701
402 811 917
224 769 670
89 681 845
862 289 205
749 401 106
746 288 761
106 851 553
845 129 495
21 43 409
588 838 461
361 811 784
601 396 779
1 481 86
176 717 646
814 595 383
83 296 821
913 121 651
1 990 891
276 688 497
826 57 155
463 829 993
563 429 181
498 365 241
511 449 297
809 644 497
429 781 497
233 76 870
226 701 1
710 464 953
383 721 63
481 858 513
951 845 297
305 485 99
26 800 996
754 422 151
517 799 511
176 699 901
861 471 26
307 809 544
281 617 852
333 427 756
907 506 649
566 688 841
27 205 253
385 81 977
733 705 781
458 305 953
61 911 171
621 751 822
275 841 870
713 261 929
603 613 503
657 421 593
442 247 297
686 941 781
101 66 801
204 226 346
835 249 829
807 552 213
40 673 155
707 391 330
341 952 705
845 137 906
26 835 749
353 473 76
681 360 604
375 301 399
481 185 466
805 829 57
657 396 481
547 901 313
321 656 38
851 172 588
216 143 681
773 947 961
425 955 629
591 270 895
108 377 629
29 117 140
788 936 712
645 201 81
667 454 743
489 957 666
307 93 163
76 551 803
769 625 219
405 537 841
899 56 169
711 86 651
691 459 187
531 109 905
392 818 637
545 749 965
851 921 61
297 141 289
705 791 62
578 356 681
997 83 905
430 253 587
926 947 430
780 91 762
213 501 650
301 635 81
316 913 282
649 245 697
223 11 353
169 518 289
796 261 401
101 569 301
497 572 296
614 245 987
266 69 745
167 897 853
185 531 441
951 117 920
934 471 377
733 273 646
409 429 281
163 605 631
931 949 145
261 901 368
191 944 701
86 839 367
825 469 235
69 156 130
433 25 565
921 872 457
993 545 87
761 537 739
858 411 477
93 321 308
161 79 603
171 350 881
214 600 728
846 501 50
571 501 245
313 351 151
215 157 201
665 978 197
119 521 627
901 281 251
427 17 146
56 373 803
971 395 745
356 637 487
161 451 912
944 985 591
868 109 216
80 797 473
581 962 611
729 249 173
255 941 7
906 645 675
631 306 413
496 833 354
735 307 261
433 291 723
461 920 17
509 982 356
577 323 446
353 441 915
585 461 967
879 969 555
557 101 521
396 305 109
729 801 217
727 833 24
21 500 353
133 17 807
612 65 65
561 835 445
906 399 484
913 187 871
676 373 547
603 150 553
993 209 51
423 711 730
669 29 661
757 937 329
689 881 241
910 65 651
582 657 526
704 305 855
385 401 909
262 198 729
225 829 893
473 397 937
645 935 285
149 461 790
621 145 25
464 777 846
236 457 931
118 702 466
103 303 353
480 897 201
327 56 385
257 568 195
831 632 613
501 481 4
278 825 2
991 361 608
763 347 801
637 866 206
773 621 786
393 546 896
683 749 653
197 57 944
613 884 246
126 69 991
781 931 509
835 714 911
401 385 841
605 946 65
5 657 443
371 545 965
301 194 976
926 523 673
521 920 477
846 337 955
825 406 941
728 276 549
39 41 149
474 885 521
735 131 477
308 44 366
848 229 33
405 816 568
25 53 951
131 501 801
813 282 137
29 279 545
201 137 201
201 865 911
942 913 397
1 319 577
433 576 551
835 318 721
281 857 951
313 821 738
781 967 673
91 901 203
53 243 225
571 479 997
768 33 89
873 41 276
391 223 314
485 376 36
797 176 730
707 869 718
185 251 827
722 275 591
366 261 711
527 641 526
507 431 260
54 777 513
667 105 701
632 140 243
779 896 342
305 191 453
601 487 801
1 517 547
129 661 19
34 181 741
897 886 213
393 530 451
431 735 855
561 277 351
713 681 239
286 446 97
345 277 695
485 741 597
706 501 748
609 676 401
103 367 693
15 140 7
349 126 219
465 555 921
60 308 921
161 535 185
525 364 519
391 861 709
198 885 737
801 195 54
51 597 449
278 110 567
711 991 223
333 351 335
555 209 177
411 627 801
321 15 1
627 449 621
21 737 510
15 753 777
536 127 984
753 636 936
605 156 72
965 527 626
73 359 597
125 962 376
129 501 786
537 513 531
559 433 293
689 461 780
411 759 573
889 377 806
661 967 825
351 377 189
805 719 553
981 26 726
713 119 281
269 681 745
436 249 673
951 857 321
5 99 91
781 662 161
326 691 81
221 93 731
19 675 400
715 539 587
111 390 769
856 573 257
685 137 528
169 682 962
657 3 745
331 222 743
976 213 617
437 439 809
880 204 742
21 273 141
993 528 681
160 81 503
356 737 47
279 886 881
601 5 901
897 793 303
231 997 757
993 361 291
881 489 701
569 497 689
289 391 981
790 669 545
981 937 513
593 51 871
37 7 458
249 639 511
577 851 786
673 761 209
783 802 741
601 314 435
751 797 821
107 871 693
606 195 257
249 495 724
431 401 51
673 166 165
935 675 919
22 933 361
761 909 763
331 5 353
777 129 426
301 379 321
321 6 697
922 824 621
585 290 640
990 677 343
686 11 267
401 576 296
739 99 973
379 761 25
61 217 585
493 885 663
451 289 561
181 101 601
545 535 782
679 81 321
507 725 276
726 503 301
16 995 696
383 593 161
491 315 391
885 111 18
3 755 462
296 517 868
892 961 770
726 893 913
101 866 753
529 847 166
447 130 482
349 89 731
851 999 137
478 405 133
935 841 109
929 431 1
358 970 578
621 944 433
585 726 628
593 810 809
283 707 921
906 101 474
246 11 921
807 73 257
839 951 1
989 849 938
601 523 47
131 297 987
281 141 800
236 326 634
233 925 307
240 995 83
321 713 880
452 677 706
86 413 615
559 487 185
749 933 563
856 201 839
601 847 177
610 775 815
867 517 663
305 995 587
699 137 656
437 337 145
562 477 565
201 953 272
823 668 385
76 752 593
192 629 273
17 313 810
433 281 821
14 504 321
89 996 557
765 164 438
429 995 130
849 631 946
557 358 883
989 729 537
586 599 665
441 309 909
916 72 219
871 166 781
16 793 271
908 831 681
801 878 229
913 13 768
401 661 399
21 581 371
631 861 995
493 332 276
414 377 283
187 751 565
937 731 881
113 701 121
545 726 341
436 673 729
96 981 551
633 133 921
349 353 722
710 481 37
685 313 651
467 705 857
711 751 215
584 426 727
971 281 104
804 281 131
673 277 261
671 426 501
1 851 261
269 82 553
969 651 252
793 184 728
501 489 249
373 985 801
203 309 889
419 361 373
961 961 171
115 181 797
444 430 39
459 513 714
91 470 952
857 364 705
473 776 311
811 977 377
793 634 367
641 249 225
417 140 266
434 769 657
376 121 1
471 573 121
525 1 869
746 627 795
717 381 821
248 445 431
386 545 937
396 182 337
321 225 589
813 509 721
617 281 467
31 385 571
751 520 26
901 871 586
167 855 127
579 748 298
67 513 487
487 129 649
549 201 321
581 84 967
851 695 192
443 709 218
368 887 919
205 458 489
841 264 41
913 669 155
601 948 540
97 777 739
377 265 790
966 855 425
123 181 451
678 391 351
539 453 556
362 856 101
736 279 109
74 673 263
930 865 601
369 451 427
961 741 617
627 382 632
836 249 111
171 694 822
809 66 426
863 506 479
601 491 513
701 376 1
669 260 578
161 175 72
729 361 213
106 28 944
67 201 695
841 815 444
785 952 106
725 609 889
377 241 805
535 341 452
247 302 41
556 412 732
876 61 89
529 701 521
991 331 273
657 6 203
400 479 801
583 135 265
823 817 499
423 187 729
358 75 244
325 806 937
211 288 721
439 809 367
452 86 276
633 921 653
811 211 448
141 821 653
126 201 331
465 907 190
540 961 97
547 265 45
25 130 497
63 133 667
613 881 456
262 496 303
916 727 729
793 689 793
407 257 157
412 9 57
555 181 651
325 381 367
33 233 989
161 823 161
389 928 562
183 261 816
119 225 452
872 705 996
426 801 140
89 341 177
191 857 513
75 399 861
841 511 750
954 253 501
137 65 836
297 3 721
935 33 393
345 46 921
579 441 276
822 409 235
889 215 65
979 521 381
189 769 669
913 701 301
999 798 641
821 575 499
443 281 56
343 191 487
183 126 331
389 321 61
478 751 721
35 239 325
821 706 872
921 521 57
547 793 122
445 776 121
548 706 861
445 959 301
799 983 887
895 49 680
95 351 957
167 625 51
241 275 528
361 539 875
605 369 202
975 265 622
23 371 761
623 999 150
807 921 817
881 769 337
901 206 241
361 262 137
544 164 681
921 313 897
381 889 928
451 309 894
897 935 666
273 500 484
25 654 153
405 57 501
491 235 721
151 936 545
961 299 667
56 566 53
945 761 461
401 279 393
237 606 741
679 195 498
989 587 575
701 885 921
65 849 421
233 23 797
868 939 348
685 433 11
181 303 579
966 884 603
830 151 631
857 979 421
485 983 40
321 429 308
83 61 697
407 601 499
746 591 961
185 777 761
139 550 845
425 297 779
121 987 596
715 313 97
481 69 257
746 408 73
561 3 561
521 571 857
99 867 553
515 161 801
453 255 661
915 565 601
701 651 351
581 493 145
677 471 293
51 356 121
307 801 573
429 765 877
254 671 503
54 831 685
76 295 951
441 237 610
676 315 473
51 755 3
344 993 961
61 357 909
979 380 441
546 441 209
523 781 830
963 412 71
891 266 577
621 591 161
967 354 727
977 121 858
960 518 211
39 841 605
101 421 673
21 403 178
455 843 576
895 571 134
336 310 707
97 447 749
521 263 794
204 699 716
201 251 77
181 192 928
161 856 524
649 51 479
813 141 689
727 956 914
152 937 361
711 491 253
547 745 145
163 273 215
1 705 979
441 505 175
9 395 170
557 164 33
183 591 285
31 981 523
374 35 64
393 314 722
845 924 664
979 45 361
833 867 233
945 496 987
927 81 329
973 818 646
494 380 400
737 977 238
81 916 777
862 800 452
721 747 276
140 873 570
741 139 695
689 647 75
239 702 676
701 351 458
327 173 641
621 809 656
397 531 111
819 181 526
355 673 651
282 871 271
264 66 901
753 829 153
246 275 503
401 959 547
787 402 801
273 758 785
640 723 203
309 892 436
431 36 865
881 326 666
353 53 371
924 221 141
86 121 236
185 519 419
521 996 901
999 863 71
191 203 742
215 291 675
371 861 41
547 997 483
409 741 626
402 884 733
748 89 501
116 669 378
273 624 89
349 331 961
583 369 349
837 956 561
871 306 990
35 331 845
977 385 446
812 968 385
799 399 241
451 58 13
955 901 37
842 704 239
401 876 695
761 591 213
721 686 501
909 75 757
126 795 521
953 529 293
801 21 976
423 869 505
211 439 457
926 767 561
376 71 203
391 260 380
641 401 341
781 423 459
193 392 390
533 41 521
673 81 361
273 41 577
280 846 51
941 111 173
826 801 641
561 798 5
551 293 177
746 849 201
174 533 380
455 828 811
601 537 321
715 373 371
936 336 604
641 284 926
25 539 930
921 406 665
801 283 336
206 241 253
17 541 977
737 709 705
107 341 275
155 809 391
217 969 11
355 923 649
25 399 929
101 139 446
156 541 36
41 25 692
401 787 593
215 509 665
275 329 743
449 135 559
156 521 888
492 408 536
827 991 491
401 517 217
308 22 945
925 666 796
543 961 925
276 6 833
418 621 16
145 293 585
809 946 984
375 426 65
701 143 554
261 144 164
337 921 145
379 777 850
641 153 646
857 501 33
105 41 826
881 532 882
34 675 78
145 631 404
601 881 76
884 737 401
819 643 386
564 285 196
981 457 637
1 881 557
279 435 745
808 564 673
678 266 663
607 454 334
969 129 365
885 677 759
908 196 561
343 314 668
680 930 176
295 587 731
943 424 113
805 921 77
71 817 425
56 841 753
792 893 499
697 182 699
992 297 646
681 295 941
528 353 178
989 300 183
859 902 314
919 328 96
823 769 361
529 25 777
969 986 121
574 123 60
902 728 655
872 37 886
65 369 151
809 601 785
417 417 401
225 757 297
624 944 177
70 201 79
228 897 369
101 849 443
713 700 976
409 568 641
309 947 71
736 36 105
601 409 206
345 801 981
809 423 587
41 857 351
609 943 801
974 432 182
167 130 305
826 553 729
421 529 841
225 644 166
311 726 856
566 917 201
257 427 691
132 923 842
353 777 551
861 761 601
491 886 733
474 165 795
929 401 176
781 586 479
789 785 491
975 841 406
897 444 353
511 643 113
630 643 311
404 226 753
957 861 971
424 952 565
945 841 1
122 951 249
1 401 297
37 661 181
951 811 1
11 264 781
725 301 394
67 197 548
411 227 493
913 440 813
861 121 341
460 149 311
36 598 541
351 291 633
685 921 571
72 721 931
271 86 105
637 547 126
381 158 56
711 377 673
81 571 437
489 259 557
681 23 539
507 411 272
731 189 105
91 155 18
869 446 917
582 209 96
261 39 1
239 307 181
537 879 441
761 121 333
520 335 169
239 776 841
81 905 583
683 634 601
903 801 416
899 905 736
733 401 793
422 961 22
319 511 259
641 401 841
178 228 495
939 179 959
501 743 625
101 826 873
737 393 821
849 497 921
751 65 490
991 505 417
177 131 129
321 611 935
701 881 607
860 21 685
857 886 669
849 281 191
441 1 887
69 419 881
486 153 791
880 507 585
547 589 325
707 283 83
379 661 789
633 501 297
146 153 721
294 879 837
461 551 398
153 401 956
293 614 353
303 715 545
211 60 869
211 438 58
187 558 301
401 561 693
197 487 871
149 479 112
456 201 671
421 967 913
569 816 1
646 33 210
355 330 451
759 909 89
931 335 599
190 949 305
303 873 937
744 249 463
416 301 409
455 836 128
61 361 685
297 677 643
577 376 823
824 127 821
613 153 427
501 489 788
405 393 145
121 917 797
681 733 205
799 241 481
201 731 257
801 809 911
446 708 949
311 401 843
260 3 249
771 81 509
111 941 721
511 1 881
81 181 301
713 489 332
273 907 601
5 1 5
161 226 471
690 441 576
175 861 291
579 851 406
647 531 449
697 606 993
165 507 316
881 741 701
336 837 808
791 951 873
851 361 549
831 952 861
236 216 287
417 357 635
332 785 572
679 376 242
670 358 931
618 517 485
276 281 197
749 251 577
334 457 240
789 664 161
507 673 251
819 841 275
959 335 396
289 441 519
225 207 51
323 289 471
535 265 593
321 246 661
9 481 303
66 377 593
251 726 52
281 422 233
726 906 741
371 577 40
68 641 194
869 51 977
241 662 757
175 183 76
705 877 25
890 692 178
917 241 9
653 481 566
381 849 161
