3960
577 825 941
657 93 789
82 422 535
841 621 413
941 901 561
357 477 867
758 893 976
477 233 701
681 435 401
486 454 215
136 769 601
321 469 322
725 617 193
801 896 581
91 345 865
481 823 781
625 146 801
93 46 673
421 217 701
729 103 633
201 418 615
385 226 281
7 44 532
841 601 306
284 185 853
901 995 971
405 245 37
941 469 905
557 791 843
786 712 801
249 549 577
961 581 708
853 447 501
830 793 816
389 140 51
561 537 291
446 573 5
177 885 941
661 381 805
384 626 186
895 821 581
761 269 951
319 891 568
947 929 746
76 511 481
544 383 648
801 641 399
523 176 761
923 5 890
86 707 457
817 65 811
961 101 626
81 5 617
441 25 989
330 734 410
817 589 1
51 661 961
188 425 177
608 497 301
862 661 707
287 939 549
411 417 921
257 268 665
97 101 385
401 626 497
705 421 495
636 487 510
186 895 954
518 751 899
906 719 551
947 219 100
490 563 745
316 765 201
921 112 985
945 956 19
517 362 53
971 7 65
225 695 321
614 591 988
11 701 409
985 941 317
156 25 991
414 325 284
962 267 839
201 952 669
367 767 811
456 789 869
181 123 91
57 51 802
623 965 250
758 289 284
285 131 225
615 176 47
81 97 816
965 206 646
997 853 945
325 687 561
425 1 534
609 1 329
177 685 941
3 361 933
431 713 642
553 721 769
261 827 41
146 503 921
186 661 509
93 951 221
276 891 335
938 761 141
699 511 499
153 393 473
113 521 897
548 623 560
993 501 561
841 879 881
609 609 927
161 176 624
76 641 217
321 443 993
401 586 493
513 481 876
242 181 477
517 256 225
899 198 409
220 114 761
729 465 435
311 444 887
953 71 401
371 23 71
681 83 113
949 730 506
855 368 561
525 41 613
84 281 729
359 233 521
194 126 760
91 411 425
831 429 475
410 161 125
843 660 81
583 882 201
445 859 251
157 497 2
541 757 32
689 190 905
375 211 317
661 858 13
616 7 801
861 876 741
331 41 577
871 863 129
155 17 825
663 987 939
521 841 764
78 289 433
33 873 46
931 761 180
324 817 305
321 961 628
171 577 292
797 446 909
216 985 686
945 857 946
13 885 751
493 131 100
927 601 991
884 311 283
667 745 73
336 441 761
537 285 609
89 433 753
728 750 653
697 337 336
937 532 905
449 649 673
794 723 751
246 185 617
153 49 607
993 207 761
685 257 811
966 541 633
481 237 521
420 753 286
693 765 492
341 140 969
463 831 37
81 249 81
146 105 813
181 651 409
419 602 865
315 626 593
873 883 957
796 673 639
985 155 521
449 189 785
945 928 309
511 633 92
31 691 845
821 621 693
749 617 753
625 657 545
249 105 17
881 828 517
479 337 632
417 249 721
465 951 281
905 689 894
666 521 865
449 751 405
696 949 921
721 1 1
761 657 88
127 621 351
103 61 141
389 501 646
341 913 81
225 41 841
569 45 829
754 441 801
515 363 376
836 593 143
886 373 892
269 571 657
861 855 105
568 601 449
241 249 488
741 431 37
89 203 863
421 81 206
969 295 705
591 901 709
993 361 299
233 635 805
475 937 67
291 157 446
261 550 93
345 113 226
123 641 125
849 57 49
176 813 15
513 487 801
424 659 561
977 581 209
511 993 681
208 719 877
84 680 777
49 733 101
207 118 906
593 201 566
971 965 262
381 741 701
555 450 661
203 457 633
59 991 181
551 935 125
100 409 115
756 473 601
741 255 961
842 801 833
4 522 8
508 210 557
375 341 11
389 515 535
529 119 562
105 127 5
953 678 564
559 601 692
465 511 861
611 661 673
498 378 727
87 828 268
721 472 781
681 225 460
441 829 297
726 366 21
193 877 41
876 709 15
771 173 137
273 751 800
236 991 601
109 862 705
297 951 657
98 951 134
127 761 941
276 606 746
725 637 993
265 441 221
291 751 84
211 193 533
625 943 193
835 854 909
153 921 735
665 826 197
396 761 617
31 255 135
525 917 976
165 595 611
757 847 133
753 461 601
777 689 11
768 641 417
965 901 321
852 819 919
905 861 816
873 122 261
566 95 897
887 433 629
538 313 573
55 986 957
717 475 484
593 105 418
939 97 351
313 734 619
633 514 557
47 612 141
753 926 259
424 446 10
841 227 287
571 781 728
481 973 983
91 839 403
456 15 27
351 268 32
789 913 109
859 436 20
907 173 868
61 581 495
51 871 793
761 133 561
561 595 845
101 652 113
617 100 613
396 932 691
545 127 73
769 70 319
142 301 686
945 641 601
964 865 349
281 121 825
42 549 761
717 985 17
301 967 275
649 382 657
161 373 401
25 291 117
610 657 701
123 833 753
961 990 953
881 518 843
19 441 424
161 501 225
645 889 201
755 771 201
513 781 641
357 681 31
490 951 429
65 85 495
51 641 641
951 753 195
426 366 351
791 661 79
692 452 891
61 594 905
198 969 793
930 367 281
458 986 857
236 966 642
933 163 641
960 873 465
481 129 1
663 1 601
321 945 107
706 351 750
724 590 706
423 421 617
787 490 981
685 501 387
347 329 2
653 945 797
713 495 205
889 849 561
375 491 933
941 902 455
934 195 128
361 523 551
249 289 313
61 691 375
701 929 728
407 419 633
929 191 730
727 339 1
927 877 607
480 783 13
713 692 73
20 913 51
689 850 616
299 426 795
991 688 83
221 33 189
721 961 462
481 421 907
261 321 583
381 809 641
140 993 225
264 190 753
81 124 900
581 871 621
804 787 41
47 945 731
21 647 121
851 961 739
408 848 326
577 827 73
62 981 177
805 745 449
360 609 508
842 421 938
479 901 734
705 877 296
868 574 505
651 126 521
689 361 809
929 707 378
572 56 947
339 859 467
501 417 601
201 737 206
243 964 163
885 226 987
537 358 926
2 625 696
487 653 141
574 413 537
659 912 41
946 461 808
6 501 81
993 463 894
13 87 561
999 204 358
71 101 251
805 201 321
241 296 433
426 19 73
983 401 78
606 988 691
47 808 203
401 456 172
235 906 722
441 567 858
831 321 713
486 808 455
272 249 420
289 187 355
205 85 25
332 931 101
349 344 389
301 481 815
431 2 581
209 772 801
61 121 289
732 1 849
141 493 176
47 623 772
170 422 136
169 983 769
216 687 68
308 545 729
885 607 678
65 633 883
420 931 132
669 939 89
611 70 730
596 415 184
577 129 457
811 244 137
703 53 540
807 721 61
247 616 988
625 681 512
858 557 21
209 385 312
112 673 295
276 900 339
629 169 140
51 141 71
25 703 245
893 207 673
85 952 298
261 453 471
774 216 701
446 197 409
651 993 185
543 245 511
139 621 634
751 786 992
939 657 761
649 327 851
27 52 874
785 328 121
487 141 313
101 273 304
76 353 751
809 841 131
1 918 107
951 111 789
251 505 366
881 134 945
818 176 50
195 449 576
232 341 355
897 236 607
627 81 921
601 970 899
531 642 5
281 276 61
993 985 821
175 105 815
447 455 473
997 705 43
433 829 960
864 19 513
45 665 123
206 681 841
680 472 291
269 752 847
480 213 67
349 429 382
817 101 837
441 271 335
271 777 953
344 757 841
809 771 561
191 232 346
986 106 927
156 425 689
196 356 105
289 157 824
757 306 601
953 123 845
493 31 241
525 689 781
1000 801 25
231 831 378
270 137 644
747 89 927
870 711 935
552 971 598
547 669 474
465 279 997
193 241 678
563 723 520
186 451 655
551 921 361
185 197 933
399 496 951
993 723 159
701 646 931
995 307 260
937 13 965
271 983 337
701 841 701
361 373 346
537 921 89
386 141 121
988 435 117
497 815 711
581 55 285
201 493 481
781 665 628
323 971 273
661 926 269
289 969 290
713 25 891
723 523 301
949 950 511
526 291 441
887 893 953
811 716 3
969 169 353
203 69 773
759 93 69
19 451 561
217 631 899
331 937 33
521 661 101
336 453 716
799 260 369
230 949 626
964 889 339
722 79 731
926 185 626
833 457 541
609 506 866
572 557 877
199 550 271
954 783 808
463 543 689
665 25 101
201 721 976
147 797 278
559 309 165
481 185 59
624 147 215
311 521 481
761 931 161
26 103 280
501 433 77
1 527 253
574 205 441
218 401 473
160 797 68
829 155 703
389 669 273
833 801 61
592 413 307
673 721 349
635 819 509
765 659 785
651 946 775
329 861 276
83 867 331
337 308 249
281 43 501
671 31 926
452 131 657
867 437 5
895 663 761
737 775 376
877 791 311
324 525 12
823 486 977
120 501 185
865 619 453
289 931 367
853 879 217
259 856 326
9 721 690
997 184 319
667 833 101
4 736 356
226 535 147
970 701 161
380 185 541
733 580 631
961 733 274
536 589 300
759 481 828
277 193 206
1 595 889
887 521 283
855 109 11
215 887 510
305 809 687
241 1 189
241 551 1000
461 118 957
69 481 638
397 281 721
941 117 270
952 227 145
291 829 751
509 737 346
409 817 886
221 641 305
686 488 333
585 677 58
1 151 605
186 235 871
651 81 311
649 746 361
149 944 499
905 413 751
673 689 656
323 138 451
591 508 857
361 569 751
151 529 850
542 497 251
861 631 529
973 326 689
601 621 829
891 602 509
136 681 749
145 871 293
163 514 97
321 169 293
67 388 954
176 671 617
766 747 94
940 267 761
815 825 351
910 601 171
187 857 508
1 171 305
1 321 757
494 761 153
321 16 859
836 126 937
97 15 341
701 201 70
843 23 341
262 233 861
799 365 751
548 245 25
983 564 769
323 97 945
262 189 915
881 380 925
751 97 426
25 791 193
631 984 580
286 45 625
550 489 751
425 495 855
641 681 231
137 977 761
631 706 1
325 113 561
567 651 229
879 1 987
777 527 401
689 405 283
755 393 132
561 933 811
830 561 352
893 49 715
201 961 1
735 766 341
738 671 425
117 272 993
813 945 931
459 269 455
955 637 710
77 337 436
989 59 731
148 25 201
716 68 35
761 513 801
492 301 29
683 616 841
609 280 332
62 566 816
452 343 60
606 719 149
614 295 249
47 271 231
533 833 286
797 625 603
861 701 341
27 27 881
631 187 341
66 512 669
97 197 732
825 671 856
356 761 322
935 717 759
721 671 770
351 971 155
338 236 881
169 651 441
10 623 934
662 353 777
47 889 501
559 53 677
473 761 641
977 241 329
83 466 826
602 935 697
136 16 672
117 90 857
393 733 420
808 971 458
591 116 646
889 353 233
329 826 141
326 681 561
406 31 29
726 361 430
784 565 824
922 589 785
713 356 866
33 919 561
525 981 321
228 399 972
351 768 707
231 829 409
289 693 349
801 169 681
619 977 217
783 81 550
626 841 141
671 405 796
677 246 449
311 921 117
221 726 675
831 709 747
321 685 385
834 286 593
671 145 809
577 869 257
421 437 686
196 131 181
477 519 693
407 11 417
801 223 841
465 361 624
489 961 511
895 769 687
880 791 111
545 686 968
441 987 637
974 265 565
135 659 813
65 905 273
664 476 601
241 1 541
641 909 165
345 921 91
670 89 530
594 401 250
613 519 162
797 861 417
59 555 609
512 201 32
608 14 489
801 156 40
457 801 807
880 201 258
587 657 865
874 823 35
111 860 462
131 441 763
501 549 131
721 509 233
301 374 241
91 773 231
566 82 921
869 601 401
693 729 97
611 637 693
138 21 541
77 951 479
345 687 746
183 169 625
181 459 141
447 941 559
983 801 772
369 581 894
481 860 571
41 490 696
59 156 645
138 966 554
266 565 391
675 941 697
421 133 751
181 597 819
321 297 141
187 331 800
185 27 853
614 25 607
544 612 991
436 686 976
489 846 181
573 573 41
289 523 748
575 281 221
979 475 578
914 665 601
671 204 375
457 786 664
93 808 526
696 411 597
905 641 329
225 106 565
641 69 223
161 989 675
696 859 309
3 633 835
64 624 25
401 392 725
136 976 641
74 725 21
865 332 781
1 226 401
932 621 304
457 126 837
645 501 873
969 253 174
719 59 1
515 701 524
350 441 669
432 225 41
25 321 543
141 377 825
289 644 46
569 497 553
621 577 521
925 192 35
807 417 125
751 825 323
383 937 817
711 171 5
175 421 579
521 245 91
546 751 349
994 58 769
10 745 501
973 581 349
946 91 103
678 201 921
852 764 449
96 823 446
141 291 897
133 499 669
346 601 201
876 144 201
723 985 1
789 816 273
51 608 643
301 834 264
344 329 42
290 445 826
879 929 591
561 841 157
516 331 741
676 629 969
758 835 121
1 441 575
801 383 433
41 141 932
231 317 601
888 841 127
913 180 89
580 417 652
906 73 461
851 279 971
723 751 990
849 738 546
883 541 675
287 1 406
617 551 570
942 401 606
137 251 441
76 1 623
630 206 855
344 821 853
739 287 533
38 453 893
97 526 897
597 529 889
221 781 867
65 521 951
401 473 47
163 891 92
116 776 4
397 153 462
649 125 262
401 783 567
25 530 691
522 473 595
258 97 385
537 986 601
673 601 338
420 545 639
309 501 425
406 497 436
21 76 269
176 371 601
129 985 186
289 776 441
961 689 985
626 289 223
15 631 673
895 166 252
977 282 6
741 639 771
841 613 100
701 172 322
301 251 515
69 613 360
351 901 185
71 476 137
944 377 401
421 449 728
991 873 879
121 563 769
297 323 333
57 466 973
289 34 85
334 161 884
401 781 346
517 251 437
721 526 1
212 765 546
951 401 916
331 489 339
637 712 377
357 334 235
526 976 559
39 275 773
427 161 836
629 671 705
377 175 733
905 543 491
865 136 76
173 755 106
721 341 326
653 851 509
641 167 801
461 35 875
481 163 233
783 910 921
529 938 205
285 807 579
940 833 305
854 257 171
708 801 29
625 821 971
401 449 929
913 595 953
71 201 293
201 649 791
886 1 741
501 65 951
993 445 389
251 569 15
879 751 326
345 839 513
96 51 221
645 819 105
550 882 177
431 101 153
585 387 921
33 725 117
723 481 621
809 281 120
286 703 767
791 475 801
437 57 569
231 165 937
639 925 155
981 497 983
297 414 63
761 449 421
295 801 533
945 679 791
691 707 525
559 141 555
379 161 356
641 81 613
161 217 409
559 541 149
501 981 568
633 668 401
386 897 660
536 879 225
377 501 771
633 307 593
181 809 961
253 347 893
441 301 601
759 961 769
966 569 965
81 680 996
993 373 537
141 135 51
417 117 541
348 858 219
582 991 701
586 116 384
309 925 17
270 257 657
917 751 395
161 980 496
581 489 545
146 745 591
698 251 176
329 517 899
745 881 483
516 897 19
921 341 576
775 218 471
641 870 292
254 192 913
301 617 651
479 647 721
240 1 771
184 275 488
21 866 399
113 485 783
561 201 713
349 810 129
441 737 265
183 711 733
944 601 27
1 977 921
256 429 62
577 257 631
581 517 853
177 951 313
301 609 159
343 65 437
979 699 167
219 394 544
473 609 641
925 759 563
652 927 451
66 422 185
413 465 233
842 811 785
279 899 401
141 1000 265
247 583 815
903 721 793
449 161 531
523 423 321
855 497 98
323 473 376
417 119 993
789 289 745
189 436 622
241 73 521
663 528 265
393 541 180
401 611 505
836 154 962
938 331 961
818 876 441
901 855 433
539 225 354
875 177 760
944 922 85
476 672 721
77 481 831
9 913 759
924 41 166
436 553 607
986 716 905
993 514 4
121 866 457
911 9 526
585 41 81
622 414 601
101 523 481
774 557 575
63 801 997
11 477 321
477 145 109
363 985 8
306 51 851
629 563 727
523 481 581
194 25 49
111 284 310
829 321 147
379 641 871
333 366 528
401 721 837
169 345 541
1 321 509
441 899 73
107 903 653
484 217 913
213 857 525
298 41 123
785 401 671
449 613 633
115 580 561
213 638 295
729 736 582
876 91 441
936 580 425
121 457 375
676 353 61
825 519 245
97 946 955
321 132 501
537 649 145
511 507 161
517 955 371
927 704 605
387 216 201
846 631 731
923 593 917
627 582 441
962 856 873
846 961 461
361 435 838
299 451 171
505 921 993
117 593 729
603 853 105
841 681 702
141 101 728
855 954 121
156 287 33
541 801 306
437 351 769
961 442 76
77 46 448
238 335 659
228 585 715
715 317 799
710 921 789
915 399 854
145 500 371
920 786 199
161 161 101
560 156 277
885 240 815
389 609 748
890 603 159
855 531 541
193 618 385
753 592 81
919 634 249
609 233 451
516 914 1
479 253 284
385 16 617
269 496 487
941 491 911
251 907 993
149 797 721
900 385 50
161 201 540
881 481 136
117 971 31
447 888 57
158 687 809
277 585 956
585 633 253
705 281 893
313 701 108
141 345 801
201 505 182
104 657 877
993 641 251
341 122 615
715 185 685
301 197 86
552 299 726
213 939 175
53 545 59
545 399 241
36 561 756
721 701 641
946 293 385
648 441 400
398 897 313
61 937 887
837 804 761
871 687 787
937 678 17
257 129 109
435 81 586
469 475 376
849 761 871
246 544 534
735 717 1
849 664 983
932 23 669
330 641 611
753 526 641
761 941 1
553 161 114
659 128 189
367 942 527
246 361 736
821 69 127
931 929 87
495 229 443
501 101 861
461 873 301
96 732 141
101 725 949
170 524 742
645 176 181
94 617 416
281 495 258
217 793 577
693 665 602
209 21 305
892 973 149
605 593 179
401 701 841
169 345 320
660 855 361
503 871 665
581 816 313
326 529 483
973 281 121
38 246 771
305 577 251
279 82 581
11 209 752
903 33 701
45 846 869
933 27 634
961 641 281
145 945 881
377 383 837
941 471 65
209 873 882
255 686 1
572 306 556
380 121 807
753 779 473
205 301 161
607 557 473
66 181 301
131 241 961
166 59 173
623 96 970
266 751 713
461 61 751
577 585 398
410 89 913
736 913 451
491 706 613
401 635 911
377 297 718
901 341 311
389 780 729
321 981 449
828 66 697
925 321 883
465 42 15
553 531 226
695 23 937
947 854 585
586 409 471
449 625 449
633 653 376
451 801 95
865 697 637
175 406 89
828 295 835
231 363 84
281 723 561
365 393 321
75 201 71
641 758 889
22 853 924
231 301 590
439 929 799
315 521 180
105 641 474
497 299 201
121 117 856
687 526 924
843 676 713
13 261 446
831 6 409
391 141 738
189 195 296
121 689 399
785 850 101
313 931 250
669 435 801
977 561 41
229 823 630
521 671 452
850 921 776
571 44 652
242 590 81
939 741 578
155 231 381
196 151 203
296 995 351
465 860 273
541 115 421
213 585 969
202 741 144
577 423 700
335 35 961
159 101 745
901 667 804
751 305 905
226 595 755
237 482 692
65 290 857
113 619 185
897 967 30
866 341 157
109 379 261
445 201 681
110 181 193
773 821 230
432 561 565
852 657 177
11 593 141
240 417 936
579 445 128
393 843 325
57 626 684
41 41 983
781 533 258
708 96 657
745 595 61
915 465 551
946 864 57
803 141 501
161 110 876
832 531 313
816 89 541
41 1 361
565 484 961
481 785 533
381 503 342
950 906 797
809 70 645
365 571 13
37 687 370
760 132 557
975 558 129
601 383 361
979 439 250
331 321 119
139 561 909
575 645 800
425 436 639
832 307 953
54 997 15
581 883 44
161 725 973
745 305 331
316 111 454
271 617 819
184 339 520
480 461 136
641 839 265
305 833 82
331 395 833
812 107 587
556 772 636
683 571 824
369 551 857
478 196 781
745 293 719
631 315 841
141 280 589
462 1 717
68 143 569
261 405 441
40 657 433
816 359 777
177 929 37
517 27 951
955 723 701
268 26 849
365 813 845
244 373 281
732 1 590
771 681 443
493 731 225
414 569 637
261 737 163
847 481 381
654 937 369
687 91 852
97 993 533
646 721 821
407 981 172
666 961 161
713 126 771
741 253 388
973 882 1
415 865 601
839 351 867
167 737 471
659 7 689
330 73 881
351 881 813
252 529 633
697 993 126
786 261 471
115 405 865
601 169 453
646 765 121
791 201 2
572 411 494
417 341 23
161 902 969
807 492 260
721 401 656
882 873 109
753 972 146
847 209 623
957 385 625
49 955 71
941 683 355
801 219 11
5 816 712
353 501 401
557 887 927
565 211 441
651 596 141
355 121 801
106 309 14
636 280 501
597 89 476
265 201 117
851 41 417
961 837 695
1 487 321
927 971 985
1 681 942
449 855 665
805 406 515
553 233 329
7 355 977
401 629 949
451 995 414
151 956 217
521 581 456
806 563 841
961 456 746
477 81 791
295 401 87
401 705 757
607 931 665
295 766 67
887 702 601
311 420 850
911 861 361
383 531 175
356 517 994
283 907 951
415 679 423
35 481 856
634 199 208
797 201 769
311 7 387
565 161 829
301 801 410
231 474 993
958 65 885
485 495 249
185 581 145
545 843 645
256 959 475
213 497 27
533 484 665
564 883 329
501 713 833
464 777 435
156 897 553
191 329 588
415 651 711
673 876 945
311 474 850
535 357 688
365 471 914
470 311 825
345 241 291
179 425 125
137 401 937
249 369 777
993 931 641
163 877 975
197 975 79
975 563 829
227 601 345
868 745 775
791 379 145
618 451 185
187 476 781
29 539 721
761 669 275
31 739 606
373 689 763
529 981 726
225 365 150
97 191 609
725 393 841
885 761 741
961 649 584
963 153 691
401 233 385
73 177 916
177 623 716
598 825 561
583 451 655
117 359 293
273 701 401
869 369 700
306 681 642
339 531 954
769 74 121
204 656 205
946 37 73
141 881 156
789 452 283
908 189 996
533 537 497
140 518 722
810 601 501
227 484 991
637 357 96
827 201 201
23 551 535
329 869 431
471 514 671
421 85 745
213 211 843
297 542 335
176 749 476
791 109 129
361 577 977
585 655 249
198 1 51
121 174 237
953 456 575
529 670 212
639 71 236
711 738 801
625 833 73
441 208 769
50 131 738
453 47 21
866 737 701
883 811 594
385 789 649
686 193 753
786 345 361
262 697 309
625 51 121
821 231 349
44 924 168
449 878 859
777 85 601
635 537 735
404 167 631
611 449 49
461 427 749
571 395 355
621 714 481
201 531 905
117 303 789
401 371 571
153 871 200
101 65 156
271 621 271
377 461 518
690 320 325
679 131 135
585 297 333
41 889 241
897 849 757
121 876 89
337 751 459
815 323 544
645 323 80
961 105 45
313 149 253
37 911 970
201 671 885
673 914 340
422 21 388
283 816 781
251 251 951
951 253 81
241 347 501
301 165 400
560 265 885
286 977 380
785 901 340
640 596 847
831 856 297
58 56 961
515 309 891
212 347 801
874 169 405
890 225 276
5 293 799
771 124 56
435 839 1
689 537 401
407 19 175
677 133 785
605 999 380
401 787 11
304 793 464
477 965 715
100 470 26
14 21 268
601 957 363
773 576 441
501 305 165
745 986 124
634 501 176
865 514 841
509 577 169
89 757 336
96 267 583
156 957 945
961 43 389
797 605 411
497 653 273
673 607 459
325 149 193
991 387 946
432 304 886
571 21 745
321 125 955
77 978 932
401 521 819
160 929 361
573 527 349
425 663 499
81 392 484
729 501 761
411 216 108
986 994 41
414 153 126
862 406 917
489 944 71
295 719 29
537 578 927
905 672 799
970 815 841
505 618 676
49 225 801
62 351 848
765 851 93
125 802 661
331 527 241
117 296 711
601 764 276
981 876 769
761 73 40
340 294 931
761 741 703
516 301 221
757 676 901
833 769 271
923 961 557
761 517 793
987 976 710
953 949 451
109 981 961
941 717 606
613 111 861
806 741 366
161 773 621
356 833 521
297 425 376
689 604 361
689 217 741
39 175 36
1 41 586
931 475 222
223 873 904
234 73 626
153 885 707
163 397 857
14 443 228
281 391 245
297 751 129
429 48 937
251 419 721
203 740 613
911 563 708
443 601 718
163 998 335
405 890 815
453 456 693
617 463 767
981 751 789
799 160 351
859 828 779
33 271 541
166 833 241
90 626 126
601 851 301
161 783 159
457 964 971
617 159 249
319 41 413
140 91 61
287 15 981
243 18 639
384 761 21
3 523 651
431 984 671
346 3 400
21 308 616
689 646 787
249 601 73
903 209 485
761 345 746
695 892 909
905 61 985
49 248 751
40 212 620
591 201 655
177 97 411
981 881 749
801 211 977
17 911 361
843 438 821
751 293 573
66 51 106
181 417 797
69 284 5
701 291 221
657 51 825
935 716 570
195 817 615
841 750 121
177 47 274
19 113 669
553 733 271
627 588 226
451 797 211
140 846 773
611 619 174
226 23 409
813 979 621
749 559 67
609 758 681
487 97 521
961 966 421
846 51 126
685 589 389
391 70 421
106 722 882
641 853 121
114 353 169
805 118 508
477 291 725
268 351 211
268 921 257
305 847 209
926 65 466
191 661 528
29 661 641
697 241 355
628 877 461
349 731 177
731 97 523
84 75 531
42 609 609
265 305 944
29 741 225
282 902 467
938 77 349
485 102 601
251 762 801
245 705 796
476 451 551
899 395 421
741 126 891
221 349 507
351 761 141
604 463 921
417 809 460
426 232 627
255 909 356
61 661 776
826 826 401
751 694 179
195 526 131
626 109 33
425 56 821
525 791 626
981 2 431
905 742 701
370 73 171
699 621 615
561 1 827
146 912 482
21 539 601
623 69 929
26 789 441
983 74 293
481 726 555
432 451 81
226 258 302
81 557 825
57 689 673
873 1 617
942 423 467
649 417 375
821 641 528
921 825 686
774 473 681
281 177 911
313 918 30
281 569 371
434 725 905
941 801 13
746 234 380
932 718 389
785 41 485
741 217 617
831 527 538
145 901 281
525 23 891
719 541 953
561 667 527
75 366 797
974 137 295
751 508 321
239 181 30
901 274 430
937 991 689
201 665 46
581 691 641
873 725 741
978 413 153
849 671 273
501 262 617
275 577 996
92 701 412
717 349 530
587 608 873
261 691 177
171 271 41
483 179 543
601 70 243
161 400 90
571 358 457
654 352 41
819 697 1
951 681 236
856 891 125
994 871 785
997 37 501
572 337 1
51 400 137
341 697 177
865 897 381
729 270 185
281 665 44
557 101 902
173 485 45
699 785 358
628 371 231
636 771 366
651 577 241
179 139 817
881 876 93
116 337 221
351 451 897
429 489 136
537 551 413
707 473 801
351 114 977
161 981 852
81 740 511
905 841 831
876 211 361
681 645 922
488 145 501
3 677 639
845 489 120
1 234 283
383 23 812
385 255 267
811 327 557
501 231 193
101 334 416
787 101 411
851 740 278
920 869 496
753 601 423
471 334 206
770 207 345
401 952 638
750 241 613
265 157 766
773 753 731
129 727 639
668 117 285
851 529 423
251 464 9
801 869 508
151 171 1
893 810 689
541 401 583
43 128 8
469 658 871
426 486 403
149 912 404
733 59 549
107 667 769
361 995 736
457 113 352
341 925 876
481 937 568
982 929 535
31 595 232
17 597 501
666 515 951
561 925 963
917 529 540
986 551 196
215 622 951
526 76 719
737 47 961
193 297 757
981 895 390
473 381 891
435 612 289
109 501 808
566 685 59
245 157 445
705 973 87
25 971 642
621 917 625
581 1 806
845 946 436
617 713 193
611 989 965
405 873 461
767 562 53
201 81 296
319 371 493
394 817 721
497 694 309
639 786 280
891 771 673
569 993 225
1 500 36
766 81 995
859 70 225
507 337 897
425 833 530
36 965 121
111 901 978
459 197 971
281 351 285
136 128 903
135 897 341
341 21 296
167 307 569
805 265 196
797 493 517
19 861 351
566 121 949
193 89 32
221 641 431
225 271 609
111 367 551
201 873 527
151 533 261
505 921 385
197 217 547
56 561 217
345 401 671
185 419 481
479 497 783
87 733 209
667 189 329
286 347 905
401 721 653
270 880 166
41 281 483
881 407 73
661 706 197
851 669 513
307 640 866
271 767 753
755 643 591
969 801 647
545 278 628
544 986 979
713 771 253
161 467 586
407 17 259
393 689 853
353 66 881
1 147 633
961 88 2
857 221 937
869 163 361
751 235 858
753 357 37
377 587 147
309 869 276
357 15 571
737 101 637
841 175 493
336 13 277
307 227 33
180 291 551
183 29 476
414 801 593
667 341 202
376 137 901
981 633 921
713 541 128
262 128 697
409 921 461
951 401 651
929 305 321
749 494 217
154 729 889
912 851 501
956 353 433
313 469 455
361 681 256
993 45 207
1 147 439
157 176 532
270 621 303
153 568 137
21 459 81
21 334 860
265 911 391
1 186 191
576 761 537
418 806 543
145 473 617
1 188 623
221 239 779
537 955 761
242 507 697
515 845 241
501 229 535
167 809 343
341 413 549
241 741 822
903 961 937
353 661 826
109 967 135
370 333 576
385 210 577
939 801 205
850 377 656
193 436 432
347 405 826
1 974 601
578 26 209
369 59 436
81 301 682
101 761 525
241 993 836
960 276 201
951 137 616
601 229 705
943 231 584
601 496 841
59 126 254
409 287 725
1 65 498
171 343 737
241 626 826
115 574 606
1 246 494
701 751 926
101 456 673
23 731 35
1 981 913
349 649 655
701 655 851
569 633 45
49 813 269
829 11 853
488 61 547
986 145 343
201 471 323
650 932 135
161 597 57
541 155 812
426 855 574
494 313 882
261 448 631
251 105 100
701 371 923
143 791 911
4 686 19
816 881 503
415 728 871
921 723 215
849 449 983
721 909 553
311 1 630
807 541 306
561 103 935
751 479 471
273 117 121
121 211 225
369 404 466
975 140 152
703 546 716
185 43 433
291 351 235
501 481 93
251 91 281
909 934 989
844 321 185
458 751 311
976 433 950
916 200 629
829 598 81
861 691 395
481 927 684
531 100 576
706 1 16
697 26 532
1 321 857
796 737 121
57 476 225
849 640 633
629 490 881
377 46 226
433 903 513
975 861 899
25 309 928
85 566 282
551 501 459
626 51 611
230 485 907
167 81 513
260 129 193
960 201 616
832 276 555
370 219 821
46 318 537
689 936 257
970 729 741
501 312 801
506 821 633
101 257 289
246 617 513
761 457 396
736 676 629
261 216 785
823 97 33
207 780 721
403 750 843
851 441 703
578 576 377
9 269 646
681 213 721
126 17 401
951 401 453
409 753 394
515 473 475
705 810 136
591 343 805
530 65 493
137 323 921
201 223 557
311 421 514
456 369 959
152 457 303
201 321 955
931 3 881
419 9 890
832 425 913
601 690 345
26 313 652
414 139 16
129 632 1
581 746 311
385 12 235
511 238 397
801 781 873
381 784 441
531 701 276
868 625 526
363 616 761
352 308 834
719 873 73
517 263 523
193 641 660
973 751 697
801 201 460
751 305 884
653 553 876
143 499 486
721 77 851
9 15 328
900 741 415
606 378 961
401 639 155
1 243 301
271 137 661
345 723 457
65 765 617
996 737 491
361 897 781
609 648 281
524 476 561
589 259 565
369 771 459
649 781 676
567 457 800
703 541 810
545 34 97
561 655 708
345 125 155
21 25 715
297 490 694
769 97 168
775 921 947
109 769 484
661 893 301
417 697 201
808 571 871
501 417 331
387 520 773
604 753 671
932 840 247
575 826 150
171 195 687
142 751 521
729 322 321
861 143 949
547 403 111
96 376 189
649 44 301
121 121 353
787 801 367
976 281 633
447 369 383
933 561 5
745 955 273
541 873 731
321 886 247
941 503 801
495 611 537
916 661 359
111 462 441
97 262 471
678 293 381
939 511 185
691 401 842
901 126 508
659 664 769
191 861 659
381 604 881
390 101 849
486 29 261
637 617 807
58 906 361
553 42 893
657 401 519
441 751 9
107 96 241
153 571 800
101 959 697
997 651 485
169 251 111
701 539 462
850 826 929
611 527 177
951 317 793
857 989 691
679 500 944
569 336 31
122 601 419
731 874 738
844 559 908
41 750 557
305 868 191
245 454 783
926 500 741
865 441 517
121 836 461
841 678 36
570 349 151
953 901 301
229 953 881
728 675 502
81 774 861
615 769 441
709 836 465
179 57 222
330 109 481
848 961 379
997 241 36
876 21 737
667 621 895
641 601 331
887 129 778
681 960 998
895 785 121
467 421 881
886 691 541
290 249 525
417 233 373
676 281 1000
338 121 442
890 783 567
693 35 359
761 721 559
479 961 91
79 643 113
761 274 11
811 27 201
785 916 384
163 885 211
707 333 576
993 766 673
91 509 984
307 551 51
802 201 121
683 536 576
58 753 147
486 501 41
375 123 89
801 713 403
290 100 979
426 589 134
393 49 921
633 409 331
998 917 396
745 69 84
401 527 121
465 895 105
939 420 799
947 929 852
137 884 593
447 373 825
257 271 181
717 413 840
521 177 458
917 915 108
481 440 783
780 349 989
412 503 714
54 376 836
681 961 645
581 647 81
873 169 997
948 773 22
830 765 21
308 407 91
482 697 29
251 505 701
965 911 345
244 501 7
992 333 26
433 253 637
561 635 651
375 39 893
786 325 965
866 20 841
5 865 769
801 778 921
941 675 27
859 176 249
503 385 408
809 625 105
919 100 181
669 979 281
964 181 784
857 950 713
231 149 756
741 393 441
256 273 857
631 561 625
571 855 683
693 995 456
496 11 45
215 877 791
133 281 401
417 535 635
356 299 337
33 972 996
893 681 46
287 986 893
876 301 558
617 254 145
854 521 193
299 535 817
504 413 147
316 899 921
402 882 331
999 419 937
751 951 819
546 751 357
771 601 654
900 437 653
189 105 237
563 917 573
709 877 911
577 146 25
758 565 94
103 561 753
571 571 131
809 665 901
25 840 530
753 481 452
853 851 459
616 153 879
83 321 841
101 985 653
259 898 91
166 345 426
689 701 395
739 597 297
255 541 51
291 321 415
349 973 905
151 153 445
201 541 641
23 25 121
857 305 873
729 993 775
933 639 581
305 929 115
925 231 816
695 601 441
454 139 760
586 137 231
226 513 321
134 441 481
945 887 576
722 256 561
389 496 16
982 659 201
151 413 412
265 1 451
151 172 665
762 431 389
899 657 427
157 649 858
370 617 161
521 889 395
929 229 596
201 266 258
27 875 751
283 405 137
337 5 600
851 901 907
349 145 73
240 979 205
953 833 497
697 99 403
3 297 225
925 381 881
373 782 145
45 253 553
439 293 71
448 219 545
928 436 762
376 669 486
693 980 881
479 260 153
909 161 514
925 121 817
599 81 95
801 161 597
961 369 363
162 776 865
551 387 171
538 831 769
401 680 351
901 885 320
434 122 693
90 651 126
201 1 251
921 665 738
553 1 1000
523 10 896
296 124 927
441 41 727
825 17 955
589 799 651
921 509 509
401 129 616
516 581 951
329 211 425
365 1 937
867 999 483
512 483 209
753 509 237
465 1 811
161 761 769
335 387 629
189 507 621
953 862 261
27 607 751
121 294 962
601 916 171
657 352 731
746 881 241
480 246 826
521 861 819
959 721 719
85 341 841
593 879 793
373 395 791
73 557 753
703 461 96
647 742 801
301 101 998
741 465 1
713 791 583
981 409 805
1 549 344
996 181 158
76 867 161
690 761 503
675 41 828
156 326 721
1 161 394
401 705 301
320 126 438
325 429 60
621 222 933
393 931 980
931 541 266
976 331 506
134 139 141
258 77 517
978 157 16
923 551 491
65 961 729
293 988 337
532 881 33
473 258 927
953 541 373
521 598 453
259 405 989
625 297 5
261 721 53
966 831 926
769 973 279
941 815 413
413 51 833
835 281 127
305 383 9
369 99 637
699 760 572
761 736 110
945 429 729
713 721 536
797 73 801
111 169 181
761 845 87
569 65 147
31 136 921
471 421 782
922 250 435
545 109 119
809 307 235
738 145 801
899 73 219
148 481 481
941 101 393
417 737 743
518 317 968
116 207 152
701 531 85
851 878 71
781 133 989
53 81 824
413 345 437
830 801 683
912 529 192
249 799 575
194 733 987
525 328 816
729 547 275
891 921 501
735 665 201
651 521 71
49 251 582
915 837 161
567 901 65
277 24 537
714 405 693
908 1 225
517 583 787
273 259 507
145 223 895
813 797 591
681 881 449
897 951 937
980 929 142
1 612 652
959 81 651
812 985 547
869 179 663
381 742 693
989 457 332
54 526 587
836 41 233
361 977 991
392 651 901
136 973 993
305 907 129
981 181 827
85 874 261
773 831 357
197 1 676
201 971 663
881 510 841
779 614 107
976 267 496
799 762 433
857 727 700
891 719 873
505 705 981
1000 489 501
691 811 681
404 824 638
905 793 176
655 527 537
673 322 247
976 929 43
841 887 390
190 766 138
871 856 545
823 701 777
211 896 356
796 678 354
21 947 84
23 308 321
435 429 831
939 253 305
881 633 697
991 812 625
171 17 933
231 937 921
117 873 361
233 247 269
603 431 245
289 501 783
873 316 751
241 901 1000
797 861 489
835 299 501
259 616 420
241 481 726
489 226 325
616 105 741
617 701 836
260 566 823
129 929 717
409 993 761
321 336 64
366 508 15
505 453 358
31 701 181
649 821 478
966 791 676
871 616 201
361 627 592
81 707 615
941 562 17
105 257 353
821 524 277
430 1 921
651 938 353
91 596 121
881 465 689
581 811 459
701 566 174
411 589 913
574 279 877
277 753 501
838 399 136
381 649 239
605 832 853
425 393 389
445 445 973
647 178 321
529 78 681
531 573 227
285 661 305
326 475 361
113 925 393
377 271 591
17 828 73
221 377 201
769 127 583
24 833 726
805 944 113
593 807 403
956 645 73
143 632 186
551 669 143
172 447 249
133 424 84
16 107 842
496 101 203
145 820 675
976 751 331
395 983 49
675 549 211
394 876 521
761 481 177
253 873 837
526 970 99
523 511 813
897 601 133
566 926 443
201 651 591
293 483 690
615 231 369
945 819 951
882 173 487
305 601 702
446 398 77
741 1 777
399 329 651
1 753 952
721 594 926
896 233 209
681 675 394
33 271 305
341 49 95
356 726 776
43 765 95
47 677 889
846 911 433
489 441 707
602 691 156
683 648 885
731 141 739
722 326 414
912 201 829
17 976 601
237 991 501
601 725 815
302 965 610
336 863 876
245 203 726
461 499 577
434 201 236
733 376 1
851 232 161
716 411 689
440 537 381
101 696 903
569 121 26
246 621 419
601 358 612
889 786 901
541 745 973
751 183 676
305 785 697
416 830 225
709 509 33
904 225 481
395 265 239
164 265 329
371 81 649
996 573 33
451 477 981
15 665 153
841 401 575
233 939 901
490 697 132
17 968 281
265 209 751
669 672 91
101 33 141
509 911 424
46 157 476
249 185 281
694 914 701
388 550 521
219 257 489
153 497 535
225 506 321
109 545 891
60 629 997
291 182 477
274 536 261
301 101 385
511 489 593
943 507 570
177 459 1
566 846 522
856 653 340
934 206 653
872 361 485
256 967 261
405 553 571
345 977 345
197 681 801
967 657 627
621 881 881
852 853 406
651 496 634
251 74 711
821 761 819
873 764 871
573 251 53
169 725 252
451 969 725
863 291 601
931 717 761
216 625 849
551 751 71
805 121 521
592 466 221
610 396 354
741 473 916
973 289 473
946 961 205
795 793 196
287 89 513
183 979 557
873 231 345
831 689 647
371 712 276
663 685 657
638 499 261
729 691 578
425 59 112
700 581 680
681 707 991
801 463 358
979 491 901
387 91 713
611 25 657
276 776 544
681 857 680
677 697 527
740 387 446
301 665 110
877 1 497
833 729 226
441 978 409
186 929 613
3 521 427
966 281 801
421 626 182
863 696 565
193 481 201
620 385 121
529 788 497
541 432 815
725 513 61
630 790 547
243 33 593
241 955 433
237 304 75
605 331 756
576 816 375
637 659 628
481 492 601
156 433 116
471 28 71
744 205 625
319 899 757
621 831 826
533 697 301
913 921 329
97 81 749
538 966 177
929 665 81
509 407 800
295 609 195
57 979 897
705 847 110
325 561 385
351 391 841
697 257 457
636 275 173
809 736 887
79 893 445
965 285 926
268 965 510
689 751 671
903 129 601
481 961 121
151 521 201
745 881 641
201 521 226
616 293 544
113 505 59
961 98 689
877 490 321
836 347 214
445 866 171
279 433 179
242 731 808
155 349 826
376 203 101
997 401 709
822 33 444
497 652 298
77 536 617
641 527 289
764 916 141
948 621 231
443 511 1
153 453 696
121 687 326
925 529 783
623 577 631
759 158 665
561 936 7
738 753 603
926 76 431
964 85 676
171 201 693
916 946 22
225 523 707
164 833 816
649 3 592
51 473 991
217 497 865
334 81 976
32 941 103
670 865 577
282 803 83
301 686 31
988 215 617
617 376 307
303 261 421
314 149 613
133 849 12
53 695 122
19 491 234
326 561 436
916 145 577
769 269 1
866 981 481
248 941 599
21 232 276
155 685 529
971 437 535
467 472 278
205 275 482
111 271 976
213 416 601
751 511 727
841 691 441
693 194 667
457 245 841
501 572 987
494 421 371
785 851 906
425 751 681
967 842 419
473 77 748
216 891 233
19 105 119
154 771 724
439 579 170
31 908 425
147 575 1
541 61 345
942 569 71
508 361 621
401 192 849
862 809 161
630 57 257
91 861 815
948 961 721
277 531 10
142 683 562
924 425 411
409 441 623
771 273 256
566 76 161
643 273 946
407 124 316
566 971 890
851 397 551
85 939 101
286 110 709
1 297 971
536 370 689
401 145 223
753 219 259
831 481 163
964 441 79
1 121 241
536 301 811
17 667 705
459 946 33
642 141 249
425 562 288
553 305 361
131 89 461
675 841 133
569 681 716
94 235 612
561 160 519
465 671 305
89 381 201
288 593 641
521 903 921
601 888 801
417 202 812
325 193 194
806 745 401
665 581 561
481 742 747
801 429 821
245 476 307
213 475 701
617 111 693
371 73 894
401 405 324
409 694 817
331 671 61
965 903 681
636 14 353
340 700 847
964 260 533
641 321 145
244 949 81
557 742 133
945 671 185
401 971 982
141 825 401
753 576 656
449 627 509
604 909 652
61 903 577
919 595 637
700 684 9
547 941 57
407 839 441
391 359 49
6 801 527
551 811 929
168 317 436
291 695 402
146 712 105
373 85 26
931 813 927
5 1 691
504 141 14
785 309 903
93 195 785
75 905 157
15 421 963
621 393 653
49 777 721
245 25 557
652 149 611
539 226 102
363 272 309
512 12 796
221 897 912
649 161 261
557 47 65
667 301 451
357 889 996
890 637 436
701 979 201
625 523 608
709 881 220
816 291 481
351 746 413
189 638 793
1 241 385
671 393 719
706 657 385
422 659 851
674 305 63
385 809 593
401 420 2
643 475 76
97 409 366
367 231 17
411 477 237
673 937 581
479 463 267
105 361 701
395 750 720
884 541 521
579 805 115
492 580 241
547 693 829
7 289 733
497 756 553
174 189 636
281 201 370
616 467 231
431 81 521
743 991 534
821 677 365
797 607 349
3 753 821
133 724 521
511 434 463
553 206 147
736 97 201
902 637 129
957 725 662
427 353 45
801 564 727
621 41 160
26 791 121
272 907 923
721 986 825
789 645 197
657 471 541
877 85 279
729 801 291
825 23 866
251 499 411
864 949 877
13 535 501
481 661 341
805 1 465
849 12 581
2 981 576
488 310 121
165 357 81
861 265 124
147 157 598
562 523 176
898 611 969
249 586 544
369 177 291
203 759 645
401 832 775
169 371 561
237 633 990
921 22 513
898 913 462
471 965 923
8 129 496
169 447 991
721 91 77
136 17 870
443 899 801
897 476 901
389 321 761
675 583 527
695 9 185
286 956 576
79 13 81
180 237 941
97 667 742
141 374 599
681 75 116
715 29 143
249 630 141
921 441 25
252 833 693
137 716 409
361 753 705
713 905 361
850 1 268
1 919 159
557 13 237
429 255 540
453 830 689
802 225 511
433 796 945
108 516 21
267 715 318
589 485 881
398 172 398
779 576 501
174 775 735
166 613 931
369 99 1
481 731 177
947 693 569
465 640 879
906 417 617
415 321 141
22 829 857
259 777 321
745 371 241
585 113 842
129 969 143
886 881 777
531 638 491
941 828 849
78 244 235
971 282 764
115 41 309
73 881 772
103 755 713
777 554 726
601 126 293
648 519 607
861 205 961
389 257 951
357 101 431
559 277 996
286 361 251
89 476 813
913 515 905
93 541 1
902 961 231
601 893 977
805 286 650
725 745 765
801 1 726
818 941 749
161 978 101
941 681 366
409 41 676
824 194 713
858 39 138
543 993 573
989 605 801
504 621 97
789 421 384
472 353 957
431 641 350
221 561 292
217 817 655
133 643 543
172 149 361
147 457 356
347 597 856
691 276 271
529 727 221
261 746 958
691 161 763
233 961 879
665 615 637
92 401 1
319 684 353
767 915 901
886 466 861
953 9 953
437 998 421
857 413 973
901 520 881
10 521 629
161 71 193
321 456 105
991 461 181
327 281 953
113 33 761
926 217 697
38 586 474
969 309 81
340 213 745
251 355 161
608 22 773
111 984 725
744 201 551
801 551 916
174 925 51
105 566 523
701 271 648
339 46 417
836 17 674
472 105 157
573 877 209
525 601 201
902 60 456
729 321 605
433 521 466
377 751 705
704 97 779
213 521 865
289 284 121
271 630 861
861 497 315
218 341 563
525 720 876
761 833 947
874 36 41
436 47 401
857 518 906
853 407 89
55 881 578
44 601 646
986 223 90
993 549 41
491 105 881
718 25 619
301 43 642
739 171 497
788 997 142
881 990 139
861 249 897
37 43 255
137 809 411
415 661 372
231 107 791
585 631 984
57 561 625
835 405 713
786 632 439
501 301 16
210 41 376
480 140 391
339 603 951
995 614 475
345 849 622
956 659 893
457 424 363
911 37 794
939 353 111
897 513 201
470 349 249
361 169 889
11 708 797
1 833 51
409 127 853
829 401 652
441 41 623
101 141 281
9 201 31
872 21 476
121 292 580
989 206 593
865 899 705
247 105 297
423 559 821
278 497 841
193 359 344
683 553 388
733 186 855
699 201 433
898 161 641
945 73 113
957 913 944
627 971 248
941 589 399
681 183 258
401 481 529
766 201 425
701 513 66
768 275 808
741 185 896
963 107 366
41 145 446
577 833 681
920 845 360
860 995 276
649 929 217
701 601 909
76 265 41
778 739 358
861 726 217
187 629 871
858 885 95
42 940 530
574 73 58
31 919 651
599 904 517
30 811 576
349 879 334
758 289 225
57 802 380
757 373 868
601 948 41
857 123 782
570 847 986
117 777 753
931 651 630
729 881 43
53 926 789
521 369 293
417 813 65
30 514 493
361 117 149
295 256 901
973 563 86
236 845 136
981 615 286
316 665 801
497 531 771
891 921 781
563 761 386
45 865 955
650 867 692
565 143 251
529 361 267
33 978 523
351 919 889
807 105 145
311 166 535
739 361 929
925 793 777
361 441 983
370 951 263
82 426 283
268 443 807
45 261 830
201 39 240
110 169 941
769 361 72
670 401 611
257 310 511
103 241 61
156 485 937
316 241 479
152 848 729
852 121 472
417 84 598
413 824 949
602 19 849
1 245 217
188 889 353
116 985 149
113 665 841
65 345 769
1 717 485
943 883 923
147 457 771
449 617 161
545 649 571
933 251 613
19 791 174
49 196 241
391 661 804
421 81 777
573 717 413
71 877 243
278 383 105
318 561 486
598 974 169
41 561 801
957 911 521
873 71 500
480 263 925
131 201 711
705 548 912
537 847 529
331 2 971
501 949 105
712 482 24
975 473 939
949 162 651
166 634 369
81 105 789
181 623 812
21 80 377
73 826 181
791 887 491
964 905 260
801 953 966
249 250 317
481 836 374
201 856 597
673 299 152
817 429 685
959 70 553
171 825 237
881 876 177
647 13 929
405 741 41
283 421 327
718 897 184
127 551 635
401 254 480
370 408 705
529 689 723
751 873 491
522 137 881
961 516 777
221 557 756
79 333 845
37 109 146
31 819 673
990 231 561
680 79 313
745 749 149
946 601 11
521 817 151
453 617 233
161 899 336
617 69 133
601 961 694
503 185 649
281 588 945
777 381 941
651 569 170
145 515 457
317 97 851
515 632 601
815 451 205
537 801 549
151 996 401
900 992 896
87 553 101
601 506 289
783 841 429
266 971 30
286 849 641
831 556 925
709 809 121
891 591 148
159 452 555
213 181 73
511 865 589
917 351 419
81 57 146
481 371 135
497 346 994
201 261 81
505 158 421
566 772 665
481 786 882
299 11 67
357 382 427
377 22 903
644 489 770
830 750 818
781 259 101
865 259 793
713 460 216
541 241 629
446 821 834
244 491 938
625 523 308
733 897 391
284 319 917
383 372 371
873 88 236
799 269 910
774 531 545
97 795 829
751 401 232
389 503 296
607 909 761
732 643 201
685 21 381
51 231 614
87 1 290
183 505 468
621 321 953
47 831 583
746 41 286
719 309 661
509 376 344
505 913 11
422 251 596
544 734 193
777 641 810
646 341 929
194 461 655
516 28 950
421 149 25
109 555 450
799 716 119
547 961 329
554 251 649
361 849 581
562 748 438
442 497 937
674 31 539
751 121 377
779 965 965
457 659 829
583 763 541
973 790 492
201 717 261
751 153 352
801 891 649
654 121 209
37 801 733
397 249 817
423 481 71
853 893 441
831 729 151
597 17 382
596 807 401
813 725 644
49 217 921
383 39 751
917 650 801
191 790 361
775 757 655
381 925 65
857 665 769
791 466 249
921 501 103
649 25 944
586 751 349
761 965 584
577 608 157
568 571 999
811 857 760
873 361 461
911 12 881
707 256 491
221 437 799
863 261 433
421 829 24
151 529 951
541 119 494
320 889 205
153 555 281
177 648 837
27 365 771
996 665 97
194 681 569
969 325 157
195 827 199
458 435 777
112 380 892
81 512 73
691 507 279
776 831 965
461 703 101
311 832 571
222 661 171
949 509 276
955 724 291
101 457 749
481 700 711
777 289 821
909 449 103
393 296 521
545 467 535
311 423 241
589 872 263
532 613 301
126 838 961
495 244 193
827 271 311
761 142 995
345 120 326
733 105 39
729 56 411
96 589 871
954 801 169
611 976 459
675 37 397
841 345 781
637 968 985
33 651 815
825 851 960
545 290 721
137 68 809
754 416 713
201 801 761
207 400 557
337 301 631
937 885 541
285 224 995
937 665 721
160 729 526
824 747 689
601 901 746
135 926 751
33 201 975
596 688 827
26 895 153
57 749 859
1 551 735
327 434 805
558 487 121
396 129 397
213 306 815
674 773 329
16 99 527
441 258 641
569 198 817
419 433 354
896 241 597
560 545 961
852 902 831
711 437 841
828 889 930
719 29 701
849 758 227
153 397 234
654 687 357
746 791 25
841 643 425
139 395 205
679 209 536
981 193 501
206 971 29
569 974 836
422 401 507
251 981 325
949 657 181
833 885 163
369 369 265
117 729 338
761 351 279
304 957 501
503 249 669
815 689 868
669 925 388
199 408 431
865 154 848
305 57 282
41 893 471
18 46 239
589 564 621
10 978 305
321 855 147
911 129 676
551 978 143
137 893 566
975 205 361
801 769 965
93 251 393
496 738 281
359 59 946
967 169 131
533 1 623
18 809 733
201 783 481
601 256 889
302 141 33
21 925 561
771 545 141
965 569 576
481 771 908
500 979 473
997 681 351
129 801 837
301 49 956
635 329 716
61 713 626
481 23 337
901 611 679
741 305 932
751 727 121
201 369 940
269 519 653
361 241 97
569 441 226
31 311 419
366 768 111
617 745 880
311 590 485
969 473 52
29 1 817
639 237 233
5 721 717
453 315 431
957 489 697
167 677 291
599 308 736
273 921 817
991 173 302
65 101 13
388 753 820
573 659 433
329 562 969
67 881 853
513 738 945
962 606 621
928 1 449
875 72 435
557 111 657
414 492 817
461 529 751
955 89 638
376 321 441
171 81 934
356 942 631
307 241 896
421 221 948
748 479 655
641 137 161
513 382 901
114 91 401
622 649 81
465 575 946
795 889 245
497 125 506
931 508 528
531 670 97
207 613 515
25 301 101
308 205 201
760 199 67
357 281 9
513 341 971
745 510 176
49 793 198
753 361 119
873 881 305
682 580 65
484 283 257
596 504 778
871 884 261
603 927 289
601 852 51
559 431 617
666 427 781
652 657 593
1 345 757
569 241 606
423 249 483
595 487 61
669 401 969
481 638 132
526 601 781
238 965 661
643 656 653
1 521 229
704 399 741
767 591 531
830 479 833
86 943 876
186 711 263
576 923 986
74 705 81
241 345 485
602 921 109
741 326 969
113 663 881
207 557 446
964 54 77
185 429 537
51 457 451
949 901 143
949 641 553
453 467 307
656 773 720
473 141 819
711 445 401
495 865 46
381 481 501
31 227 892
841 356 845
209 501 140
944 437 791
721 647 851
145 147 979
907 646 161
881 817 931
974 613 601
185 136 829
235 136 769
765 283 473
561 294 339
786 365 407
291 34 91
701 729 801
257 742 466
135 928 153
257 701 938
851 315 977
25 337 421
989 966 737
733 561 321
506 364 648
771 571 83
358 13 477
513 501 273
508 367 211
125 873 891
247 269 696
54 201 561
933 665 668
513 717 865
657 41 613
731 121 251
601 27 690
61 940 282
269 233 749
401 415 201
656 905 703
17 521 818
662 360 799
171 700 299
761 565 30
263 657 217
753 204 913
15 321 427
245 461 193
651 105 887
417 1 547
