3921
69 126 811
529 821 1
195 101 955
609 901 905
581 241 425
493 457 668
83 925 13
32 877 871
375 115 776
241 879 675
465 495 801
665 250 321
641 351 263
65 161 345
14 154 505
379 336 17
863 397 1
761 239 96
22 182 869
241 129 761
683 885 682
405 983 896
831 581 881
929 687 911
91 227 255
954 295 310
201 81 249
281 133 381
405 841 977
278 20 553
423 151 47
421 51 313
301 385 295
6 833 81
853 391 887
285 321 292
785 304 789
205 391 71
969 586 267
973 611 776
613 810 500
45 264 827
661 38 95
924 891 551
369 177 274
52 529 574
221 113 625
956 705 973
257 17 693
199 101 211
985 379 53
745 765 362
807 393 149
117 344 177
422 477 403
521 769 803
57 985 851
285 555 591
583 753 141
426 949 463
417 439 210
689 249 139
972 185 765
501 828 653
596 54 525
409 823 841
993 641 591
329 645 901
53 489 529
711 81 349
321 89 133
758 266 451
778 491 293
201 203 751
455 625 234
23 125 858
477 781 881
265 949 929
715 145 997
376 45 621
401 100 21
27 681 161
421 713 435
325 151 404
644 740 207
343 337 705
401 951 256
435 176 387
549 600 21
441 297 247
647 91 563
337 681 753
497 718 325
931 533 141
798 821 357
744 1 887
474 929 66
109 982 576
451 216 929
130 243 952
534 351 693
285 697 499
860 587 478
45 121 481
551 321 509
615 732 343
111 684 721
653 857 859
397 101 321
530 33 667
892 757 373
61 289 11
326 201 745
913 611 539
491 589 125
291 876 247
21 693 496
257 504 135
55 758 431
573 641 853
511 751 915
762 375 752
993 927 126
806 340 601
105 641 403
765 526 81
762 795 656
629 816 737
22 669 685
901 705 438
221 601 271
945 881 517
369 203 547
773 113 301
753 578 104
801 985 201
78 839 663
985 377 822
953 695 219
571 190 881
205 561 579
841 153 609
66 769 85
316 6 549
364 417 870
649 981 836
265 535 733
251 401 535
207 359 966
870 383 887
99 11 455
521 825 63
801 868 560
637 681 496
209 496 713
488 220 784
329 131 401
668 601 585
7 106 930
163 613 836
379 606 181
250 364 370
549 465 365
97 833 316
913 248 528
936 349 859
467 329 36
767 388 333
611 297 177
321 396 41
26 649 319
257 559 225
941 466 6
521 439 833
459 757 832
238 763 774
781 361 865
300 448 877
181 961 976
319 513 656
953 769 194
459 736 281
930 826 751
669 491 71
865 989 785
521 443 392
309 321 33
511 817 491
299 671 527
688 413 297
903 166 361
429 279 561
193 201 979
201 451 169
545 1 31
93 113 501
545 457 586
17 389 575
351 271 361
49 104 231
263 749 917
277 205 556
241 47 94
817 191 350
345 88 156
515 199 83
843 775 559
31 833 824
707 899 561
186 787 201
988 526 541
41 361 667
272 365 787
225 376 370
967 923 237
691 392 689
761 326 570
52 299 481
101 473 504
25 671 553
5 275 10
551 105 285
851 91 516
55 904 41
589 712 206
142 821 366
543 396 157
137 123 901
19 501 897
601 959 737
441 309 93
665 239 281
759 851 201
233 191 151
1 129 115
829 1 701
21 756 261
145 426 861
770 841 292
231 662 236
16 586 17
335 274 233
585 753 377
583 201 263
586 537 333
379 364 245
429 146 471
457 823 801
642 451 879
126 80 725
623 616 437
195 243 348
787 821 891
697 747 985
543 997 691
371 4 474
193 996 261
163 321 209
533 155 48
668 761 576
141 311 317
846 441 1
819 473 123
533 361 511
785 945 545
926 201 665
429 290 953
536 650 90
351 527 185
861 45 66
801 1 201
1 785 169
481 585 216
517 559 408
523 731 801
297 126 557
953 674 481
981 681 186
245 399 451
24 169 661
465 401 449
631 286 651
899 201 476
781 431 991
686 361 577
373 835 566
193 489 609
197 561 71
907 747 671
974 553 53
355 916 606
841 429 321
601 351 947
440 271 701
568 541 789
317 465 609
958 529 245
961 679 921
966 468 149
241 897 9
945 285 313
296 617 101
180 557 719
675 895 199
399 308 263
898 578 898
47 581 573
409 975 161
787 548 789
583 360 569
878 806 481
363 123 255
206 8 645
921 282 905
751 271 461
533 94 321
661 851 357
602 667 571
785 19 191
671 901 271
176 621 927
415 779 676
161 663 986
913 877 126
991 173 117
143 141 181
144 749 771
451 105 49
16 585 277
541 897 702
416 133 554
469 389 146
91 263 617
134 610 71
196 393 161
114 581 203
381 915 893
361 329 817
525 952 211
825 403 349
239 765 673
445 209 907
107 333 495
71 503 141
388 1 243
815 581 357
328 247 786
739 903 607
377 835 387
471 404 340
676 1 301
266 237 921
327 579 506
218 566 581
251 376 426
201 254 301
953 265 1
671 688 867
705 129 897
601 109 929
164 201 679
661 134 401
749 914 195
212 751 793
133 671 501
738 229 951
13 173 597
521 812 686
941 191 297
241 271 288
646 643 150
269 733 214
340 881 331
745 136 877
911 501 109
270 995 703
950 184 567
761 201 534
97 777 489
705 553 71
896 545 217
731 833 457
328 486 891
760 649 371
222 253 531
801 161 1
689 291 359
78 321 609
801 889 916
124 830 685
17 997 785
213 416 604
35 199 891
301 817 561
966 809 949
993 918 486
431 132 626
421 905 51
197 265 313
305 911 386
945 439 549
64 298 196
381 849 901
915 496 525
66 318 281
609 978 945
525 626 467
379 233 233
263 334 1
901 521 866
772 769 71
593 449 126
692 693 823
641 161 63
207 801 153
52 95 341
615 283 613
711 144 417
703 516 66
325 229 653
375 901 419
75 1 773
817 857 439
431 891 827
441 785 585
813 781 313
697 313 601
305 585 89
901 421 233
953 571 681
71 335 510
256 653 993
393 859 789
457 363 17
515 128 418
931 166 273
206 71 903
177 973 201
810 642 544
769 625 739
901 405 545
933 8 409
327 406 827
32 996 863
855 587 535
513 849 817
513 371 358
704 407 545
23 333 937
971 575 583
953 363 57
817 968 205
513 45 636
307 121 404
509 33 536
907 721 89
841 455 808
824 256 373
569 480 278
33 327 565
731 187 816
626 366 505
921 425 676
811 348 713
23 318 964
513 159 533
289 369 491
601 490 936
691 801 921
758 129 540
845 151 245
205 553 407
222 913 1
895 736 9
621 461 761
353 501 181
501 636 441
221 931 813
241 226 973
265 811 65
481 905 622
366 657 193
397 684 205
751 706 550
994 273 889
506 105 441
342 993 995
197 800 284
657 161 155
633 394 753
477 860 281
837 859 83
613 247 216
181 201 101
231 821 517
595 715 39
241 791 332
673 913 225
956 699 139
437 941 113
553 839 647
311 753 277
301 151 858
584 821 161
903 373 561
491 229 513
865 390 121
349 327 827
509 381 41
242 634 825
721 752 807
464 281 620
203 311 199
203 929 11
549 297 753
475 509 788
601 287 81
813 449 995
77 117 821
291 926 41
829 157 33
380 470 752
373 557 921
879 42 193
109 210 309
545 601 451
795 251 845
925 194 230
533 126 209
557 971 243
985 421 31
889 689 485
766 621 313
35 91 33
747 1 46
561 126 896
284 400 51
960 984 321
121 665 390
798 331 508
337 506 857
710 910 561
967 237 572
66 392 783
239 930 727
541 145 411
833 324 301
260 557 409
761 57 120
409 179 555
801 517 905
829 993 300
369 337 601
189 775 858
489 233 197
690 831 669
341 661 473
652 814 575
234 368 715
265 686 971
61 651 619
709 961 138
501 38 81
851 605 49
273 398 861
558 623 909
582 473 353
671 633 659
65 885 793
720 475 801
45 961 44
480 817 60
29 621 21
501 879 897
897 658 453
385 630 502
405 560 913
341 44 241
489 317 185
806 26 363
34 81 437
897 706 861
57 871 565
561 813 746
827 91 815
285 131 171
717 120 298
3 37 871
873 611 685
806 31 42
821 481 826
457 291 607
301 122 863
133 20 291
951 481 69
969 37 183
779 73 369
465 491 113
325 573 535
405 374 357
5 7 31
993 741 617
74 895 569
676 207 339
204 73 661
581 471 711
93 507 509
681 170 941
457 436 994
961 390 251
926 136 88
611 83 898
765 953 281
553 65 601
576 918 742
753 557 803
1 345 126
902 43 73
88 945 116
890 741 167
747 771 156
674 928 897
793 706 595
44 681 416
743 409 235
289 401 316
101 179 516
459 1 649
519 44 841
897 249 123
151 53 293
361 785 623
109 201 623
56 888 903
245 873 390
285 64 275
25 185 946
67 711 649
793 629 211
651 725 697
461 833 281
635 329 131
404 757 910
959 976 57
609 527 646
226 852 136
483 81 44
751 821 641
860 369 290
581 535 203
975 951 901
692 462 929
801 681 205
873 404 501
961 59 701
811 521 629
747 663 926
961 5 651
498 941 929
49 879 251
949 353 271
709 635 693
215 351 306
611 434 873
41 465 163
505 941 709
139 769 276
611 296 371
753 589 299
113 506 65
415 956 985
593 865 785
665 513 117
591 148 914
456 580 857
101 32 463
651 21 909
905 917 40
1 302 935
911 134 473
461 473 601
377 337 101
448 765 306
621 347 671
299 706 341
425 49 629
281 401 57
451 323 377
380 713 875
678 589 93
427 689 125
945 577 270
591 361 723
586 565 705
234 681 588
248 113 255
968 797 47
340 6 430
900 437 177
913 201 829
141 541 718
348 501 561
613 57 827
698 106 520
385 261 479
637 496 101
261 69 861
92 899 345
601 651 433
236 24 817
853 32 390
157 221 885
257 341 907
870 209 429
341 941 125
633 887 541
557 469 51
818 961 840
981 642 597
103 366 145
191 745 25
819 145 901
881 398 643
229 260 877
1 145 958
700 43 625
763 569 685
462 874 58
301 337 109
301 266 429
513 770 801
181 293 496
202 480 625
961 731 455
553 636 853
604 713 87
97 91 326
425 69 327
901 980 596
326 40 823
377 530 705
664 441 1
981 361 341
961 943 265
292 761 116
69 305 745
272 643 369
385 53 401
871 651 952
401 915 527
741 149 111
407 697 329
249 47 753
401 26 729
889 223 249
311 681 101
255 934 81
87 873 801
549 391 818
713 23 129
821 161 367
736 859 29
539 481 645
705 725 745
789 69 203
549 353 869
931 755 857
709 981 333
253 62 945
961 129 575
916 791 927
69 161 325
872 101 181
151 451 977
945 257 926
105 531 221
93 763 94
825 377 866
799 805 509
629 26 817
251 641 1
533 448 1
703 797 817
806 323 3
163 953 884
543 569 551
313 336 83
385 869 473
61 711 81
746 329 676
257 883 302
716 99 652
191 529 876
465 801 526
817 829 721
987 26 817
89 226 9
369 731 79
812 297 550
113 932 881
321 377 63
268 977 192
961 765 271
345 439 669
105 829 5
25 809 365
395 553 192
901 272 149
729 649 842
481 209 44
956 579 113
352 189 535
485 33 375
256 87 264
833 428 867
484 289 63
62 609 841
985 761 842
458 337 89
293 421 477
49 9 406
799 159 1
398 801 521
70 161 343
764 637 410
367 469 58
238 219 209
941 294 521
26 789 465
386 425 721
97 753 131
350 121 353
501 102 459
660 28 688
241 731 321
419 785 892
676 201 879
691 501 58
932 681 497
543 993 141
546 933 371
685 905 52
806 623 381
743 909 276
601 761 359
766 37 533
361 710 332
97 156 563
626 497 171
694 745 947
120 196 623
385 779 611
41 299 306
402 577 1
687 202 263
261 246 801
61 101 606
712 673 201
737 776 249
801 889 126
433 441 841
365 217 301
625 521 504
499 59 563
969 541 370
401 181 267
846 936 831
583 485 25
883 521 945
133 631 591
201 291 597
953 845 845
119 727 579
161 589 763
525 993 168
451 339 697
871 700 309
26 809 656
341 931 246
582 898 501
277 670 501
9 836 576
588 45 367
153 49 24
78 621 81
980 521 871
903 108 81
533 491 831
647 765 359
567 581 663
345 441 271
1 747 576
611 65 136
861 206 133
937 268 67
591 929 951
921 527 807
801 401 275
972 903 649
913 98 669
951 976 345
657 737 201
55 595 211
753 498 861
334 117 871
451 457 881
951 229 195
15 654 25
10 631 451
381 207 926
705 301 1
101 262 669
909 188 57
835 635 567
573 51 445
869 33 671
539 973 53
116 437 81
897 560 18
317 751 537
951 201 386
438 241 349
6 249 369
121 697 139
43 281 677
91 651 361
861 442 117
63 111 993
689 774 341
284 187 893
53 635 341
491 563 977
953 980 113
147 227 261
803 453 361
567 341 321
417 349 883
61 991 964
111 596 586
581 101 946
220 1 173
481 27 362
661 519 205
673 33 665
935 104 979
701 265 753
843 220 252
750 425 692
439 673 537
153 698 693
978 457 179
73 501 235
307 532 653
719 815 389
547 21 9
105 816 225
427 531 241
453 589 158
718 886 5
267 537 911
574 937 677
401 769 797
41 143 398
65 377 169
973 871 617
321 801 971
346 586 613
103 907 169
981 968 857
821 899 130
451 469 409
201 431 236
608 294 41
754 959 881
281 99 995
972 321 209
915 103 157
849 357 141
925 21 309
873 301 501
215 593 495
641 621 922
401 45 426
109 859 546
232 188 636
801 757 737
409 41 197
547 311 713
21 892 629
424 811 249
586 569 345
726 971 646
973 752 406
501 901 412
905 340 283
721 781 505
773 272 677
461 379 810
566 199 683
329 273 944
471 554 754
954 373 691
547 694 497
721 39 860
795 969 213
189 793 913
513 481 133
221 307 783
458 841 128
961 507 873
575 901 281
201 249 841
12 955 316
41 585 113
29 876 565
597 633 201
449 923 796
473 601 508
679 685 877
957 501 859
631 13 477
282 127 369
255 977 691
793 705 865
401 136 283
930 5 77
941 221 217
353 941 767
326 262 209
511 613 907
407 38 881
215 521 251
489 174 971
83 441 201
475 711 836
536 378 809
681 666 793
497 213 505
77 151 317
828 837 371
497 164 921
472 270 827
329 209 977
422 475 797
321 261 113
939 441 362
431 73 582
269 487 912
406 97 305
141 423 281
601 979 105
391 209 501
611 42 150
942 225 116
294 857 129
476 505 199
845 779 119
500 771 353
525 365 925
751 595 161
105 841 221
117 566 270
753 981 225
768 251 537
109 997 376
737 826 17
661 494 275
655 651 761
876 223 229
548 636 321
241 215 896
261 768 955
121 185 577
705 696 554
937 731 163
37 151 829
850 919 38
925 246 309
294 97 473
185 546 531
989 974 276
766 890 627
872 883 8
271 61 18
249 755 517
257 403 434
368 915 293
13 889 73
381 667 117
976 461 73
697 521 629
315 201 425
673 381 184
552 17 811
649 492 1
501 501 634
444 161 115
916 240 241
837 337 657
997 85 596
873 472 921
494 361 105
801 781 651
887 557 916
341 619 481
305 696 758
837 881 55
21 421 841
307 119 899
37 501 189
41 82 446
61 929 741
785 26 699
668 761 721
68 6 984
931 901 465
576 969 157
279 863 206
526 241 69
193 745 541
947 751 954
85 59 685
187 776 47
251 269 897
811 351 417
551 789 731
628 777 701
33 936 886
212 806 321
243 425 106
866 880 983
376 457 369
523 705 173
458 867 746
120 376 544
61 504 849
420 205 370
866 521 756
145 257 462
424 784 22
145 997 285
395 633 221
703 351 439
651 12 743
341 31 336
309 729 761
437 76 525
152 343 291
633 673 193
545 269 337
650 827 271
641 377 756
251 489 693
53 707 461
927 433 129
279 777 336
401 409 199
841 627 46
157 35 601
629 525 451
973 1 121
76 562 401
161 1 516
845 686 437
626 371 495
969 611 301
202 844 41
997 157 951
421 441 526
401 803 371
68 763 837
994 349 101
333 643 588
359 652 361
763 668 442
945 76 1
421 559 251
135 898 659
376 116 752
250 196 649
506 811 400
631 55 113
449 231 596
926 537 457
141 179 237
841 841 979
91 947 297
556 921 603
551 407 441
92 557 226
151 185 913
176 153 387
721 713 685
409 191 51
101 253 61
489 71 986
396 351 129
89 826 581
990 169 197
655 603 622
501 967 197
599 254 555
342 529 626
446 327 783
657 746 891
953 258 681
818 913 973
892 617 191
811 269 807
618 121 85
970 193 783
841 329 316
161 855 99
255 863 726
525 965 773
901 179 290
481 785 339
873 589 901
286 161 593
757 102 58
321 709 61
977 141 641
21 241 942
897 289 340
621 268 213
13 617 257
964 349 676
1 575 301
924 929 511
618 451 697
481 516 732
310 572 836
521 541 567
221 707 626
967 822 79
201 769 631
347 392 571
345 846 176
711 973 34
326 121 650
853 665 450
977 757 121
126 763 398
112 371 431
442 101 849
217 572 733
601 858 209
769 771 837
453 477 86
457 231 601
467 820 943
711 681 41
807 77 129
889 705 65
689 143 867
801 71 289
737 738 713
639 367 550
934 327 471
151 977 675
799 521 231
41 568 268
298 845 997
866 537 39
827 495 553
384 835 55
631 973 425
161 563 441
705 876 339
621 621 21
125 313 103
490 801 329
941 113 705
557 137 42
289 853 858
851 111 395
753 467 510
905 938 65
801 848 891
245 429 802
91 709 781
751 461 146
501 147 402
154 739 649
739 660 466
763 58 13
575 788 817
910 155 531
793 806 69
537 755 975
802 642 428
315 242 189
701 615 75
213 759 865
15 472 590
251 591 277
660 917 776
949 725 791
150 636 847
118 910 701
349 397 196
497 505 111
981 323 134
81 56 132
393 706 449
101 109 209
603 201 107
521 130 271
631 249 803
179 849 80
465 921 583
421 231 1000
454 890 567
877 774 700
581 61 499
245 321 66
51 181 439
643 151 951
769 746 748
664 986 182
825 153 533
753 124 237
451 255 597
282 929 927
532 175 909
776 297 301
152 117 170
625 694 252
945 5 403
185 345 371
471 767 217
961 858 121
211 993 361
129 91 937
254 389 575
894 495 711
91 333 737
701 119 107
563 138 217
355 126 727
267 711 178
91 304 346
426 421 279
881 897 164
43 452 951
145 529 21
362 623 732
873 879 677
546 602 821
561 289 635
656 697 20
376 709 225
629 721 123
242 675 167
857 171 816
787 77 393
897 321 772
326 933 544
936 244 381
105 491 173
651 109 129
199 981 230
73 352 973
593 121 991
912 416 100
684 649 221
731 877 606
885 471 945
826 909 201
205 232 525
473 121 721
741 331 961
55 157 356
125 957 326
133 733 329
261 653 111
251 468 506
825 897 209
211 829 905
223 99 425
597 575 101
78 906 40
209 171 509
953 542 625
121 326 145
686 232 969
938 819 457
466 295 45
489 688 243
634 153 289
933 21 997
991 963 414
1 16 361
591 169 951
153 389 344
716 574 863
741 434 159
353 253 257
791 821 517
411 305 919
980 894 873
627 251 161
710 283 987
79 237 1
809 361 759
945 971 537
396 913 972
35 46 701
609 233 747
25 267 960
226 747 173
499 541 532
477 347 25
281 611 329
941 978 969
657 907 275
80 211 77
201 829 270
949 166 516
516 542 881
802 745 553
697 193 909
533 825 791
761 905 58
55 509 5
649 35 119
925 733 641
666 932 107
801 461 841
313 112 745
277 615 481
92 404 977
377 296 151
820 412 519
721 951 522
229 705 511
489 749 331
765 602 731
501 181 954
187 4 303
650 929 997
385 29 601
501 363 468
601 395 46
776 489 57
638 531 961
101 417 811
201 417 359
97 233 599
945 528 649
843 169 481
855 81 755
236 195 488
657 603 687
509 8 689
357 641 201
441 306 1
424 101 801
497 968 511
33 621 566
49 241 649
945 853 157
970 121 471
519 911 209
9 261 403
217 126 241
17 326 89
830 716 979
353 835 241
131 246 470
181 695 355
609 165 687
723 431 329
15 969 15
174 227 375
591 356 15
54 792 217
681 750 646
458 753 121
897 852 823
761 665 636
601 901 108
785 433 820
593 551 933
816 166 273
58 961 845
460 181 773
777 351 442
406 763 683
946 747 26
84 949 615
801 639 481
868 487 440
862 102 311
493 875 925
1 273 618
1 331 489
293 887 850
215 287 173
313 921 269
929 643 186
476 982 301
861 607 676
907 398 589
765 767 246
985 404 328
31 225 769
311 386 577
727 701 309
851 216 416
502 396 713
105 591 764
836 391 553
965 945 779
457 857 26
329 475 285
841 379 667
981 131 793
701 926 569
583 201 441
587 527 708
745 21 118
473 823 733
749 95 161
882 129 261
521 57 561
653 473 473
501 465 1
31 692 329
385 713 699
760 121 709
402 467 628
536 723 460
690 501 409
166 607 905
673 458 21
317 334 495
433 957 901
926 449 989
88 806 407
311 361 879
203 508 464
953 901 668
70 477 581
651 271 141
641 377 385
701 243 539
65 474 761
553 409 102
25 993 874
593 801 285
565 677 435
969 55 977
525 566 134
475 737 483
997 255 649
611 810 115
824 233 896
163 113 341
279 697 984
5 551 174
725 197 809
511 376 88
879 477 461
817 263 448
421 201 855
249 486 1
721 185 457
22 801 623
477 46 518
725 109 57
393 259 461
981 181 721
891 421 373
595 949 741
899 857 677
305 481 737
502 421 521
321 756 373
12 527 864
68 65 648
468 543 757
58 257 701
471 19 978
92 907 695
82 987 489
101 301 509
951 539 431
576 61 441
19 489 569
830 425 621
101 493 465
795 811 89
201 433 890
766 751 853
451 977 601
411 312 571
575 421 279
305 793 601
301 497 926
345 582 537
493 793 511
473 485 725
476 33 125
545 681 6
521 244 825
1 401 65
596 347 514
226 391 929
691 41 174
369 276 711
823 569 133
153 924 712
166 759 991
503 197 44
675 388 1
629 656 115
893 905 246
725 161 587
745 671 631
61 849 417
651 655 337
501 961 315
839 671 829
503 801 601
607 70 619
653 185 159
669 403 921
881 911 501
426 145 37
541 559 81
306 789 597
501 321 330
17 641 114
753 737 955
457 313 9
407 6 701
359 875 757
832 441 151
117 413 14
711 709 861
321 406 859
825 1 587
113 485 599
457 681 881
826 491 521
385 957 878
887 66 292
585 965 186
60 94 377
757 526 753
365 785 596
548 921 909
911 713 311
77 467 483
25 359 591
641 681 241
321 799 585
639 601 849
342 789 659
111 489 9
824 318 165
955 100 537
388 161 33
309 681 841
197 827 353
194 845 197
238 988 671
456 120 909
538 38 903
919 921 586
5 403 773
118 401 266
938 865 777
433 149 581
347 646 873
923 513 709
881 183 353
333 990 994
650 811 172
561 441 38
736 971 682
389 193 85
647 610 215
674 190 441
571 933 75
711 653 61
585 369 937
266 481 773
869 901 29
105 657 25
100 64 78
266 15 785
829 700 665
341 177 913
476 536 11
290 534 857
85 601 673
681 235 71
13 364 335
961 933 489
545 394 897
509 61 71
721 591 701
557 857 349
836 641 295
657 970 831
425 451 419
172 817 568
601 968 188
501 76 673
641 467 341
210 801 159
751 142 412
73 577 656
531 999 256
942 107 281
946 713 913
898 297 566
121 135 897
647 202 273
7 697 559
111 616 580
421 401 654
371 340 501
129 936 781
567 523 358
511 407 465
572 745 671
225 769 219
441 501 841
909 865 480
720 686 631
853 833 577
385 257 249
601 495 559
699 475 838
481 288 261
63 836 807
873 955 179
779 275 199
290 790 811
127 465 953
381 313 951
541 589 833
365 244 18
221 121 317
716 664 483
513 51 169
31 657 914
11 639 405
191 665 938
201 53 1
360 329 356
572 283 465
551 593 291
865 897 151
513 117 163
627 897 365
801 853 115
729 296 438
329 229 441
386 853 14
732 367 280
741 355 876
789 725 997
317 537 818
921 71 1
551 631 624
426 258 21
427 684 611
653 229 11
441 531 841
25 306 309
621 131 891
785 900 987
509 602 785
981 672 854
787 227 721
475 959 11
465 473 753
301 245 721
861 509 716
562 275 281
586 333 181
669 545 576
538 817 403
185 145 655
313 827 401
77 371 336
161 237 821
196 93 481
66 836 33
401 929 386
801 599 700
993 559 385
445 457 376
176 57 159
853 311 177
358 870 969
321 961 455
693 734 633
897 925 443
376 706 876
623 12 717
857 322 861
873 42 171
355 99 809
1 473 291
453 61 958
100 424 809
949 105 590
830 655 58
538 641 794
41 883 417
311 537 412
45 131 864
314 433 745
92 381 577
371 866 488
388 205 721
769 21 617
336 995 252
666 751 97
139 91 731
451 941 281
440 461 230
87 928 696
488 288 171
879 697 481
263 441 741
491 969 14
561 300 953
803 237 301
193 69 63
213 421 921
35 534 677
696 31 814
857 369 972
167 841 929
281 504 6
976 311 889
689 933 401
452 105 873
961 46 853
493 273 545
974 696 805
481 249 1
323 193 138
255 817 223
33 833 979
332 646 908
189 232 533
673 307 671
717 77 651
407 296 9
89 481 251
65 273 459
157 395 27
539 439 1
557 827 964
506 329 211
244 761 701
88 276 901
984 602 801
320 51 659
651 629 53
837 685 509
571 151 57
854 642 31
879 851 101
776 201 833
235 61 71
141 463 814
729 185 955
816 814 145
457 1 61
865 969 167
399 991 529
347 109 937
971 129 214
801 291 497
197 477 59
420 893 321
725 145 606
981 225 801
251 766 913
449 929 405
287 163 706
476 79 197
901 141 767
314 131 596
567 520 474
825 43 461
191 741 241
57 693 813
332 901 857
251 849 651
141 515 961
484 819 389
949 339 569
426 733 891
94 97 241
977 841 425
862 917 373
225 445 829
673 761 798
77 205 854
471 436 440
275 121 989
619 827 369
964 197 255
334 9 301
530 713 256
928 229 486
705 751 519
95 441 573
9 769 948
161 631 321
581 4 918
361 13 447
827 901 117
201 871 398
241 89 349
226 641 741
61 449 393
709 121 261
145 879 689
767 48 397
688 3 71
241 601 501
105 550 152
241 958 545
701 751 937
399 99 237
876 629 561
280 749 89
683 877 151
273 770 109
127 273 471
3 201 142
801 613 457
977 479 841
184 781 17
177 141 451
901 66 812
565 975 717
781 377 601
251 233 297
791 609 583
975 849 921
129 761 991
723 51 341
501 759 451
833 963 53
139 541 184
847 121 953
601 265 441
151 854 957
841 390 701
649 96 797
781 361 675
586 808 61
225 901 885
797 444 747
81 801 803
7 421 104
619 226 811
615 901 575
70 901 936
161 301 618
239 339 525
475 853 506
337 201 9
250 892 326
509 1 321
411 617 571
341 977 53
978 113 973
348 461 581
166 76 966
161 999 549
711 245 129
586 376 777
8 85 589
727 193 780
4 327 876
920 537 801
929 647 1
611 89 280
266 116 27
361 25 153
537 221 801
511 129 521
301 895 445
209 219 385
257 971 745
746 891 384
737 161 765
587 721 971
429 150 569
380 81 666
794 151 712
820 809 387
905 831 153
861 257 356
569 389 441
983 129 66
486 934 336
692 61 967
70 79 376
505 494 372
648 943 489
888 904 339
346 831 761
481 67 613
429 681 606
536 511 741
138 705 667
731 985 371
92 641 301
145 129 819
622 417 125
861 818 393
929 540 458
23 849 647
437 558 277
401 383 861
869 605 394
869 513 526
971 140 305
985 191 808
120 897 640
19 633 614
866 81 671
521 336 991
319 166 761
808 321 565
469 9 152
481 165 649
541 817 25
190 417 185
1 1 891
299 593 33
901 185 807
826 674 696
113 720 73
95 232 955
498 11 852
101 633 697
865 557 317
847 97 784
41 505 786
534 689 249
275 517 491
566 176 252
469 685 121
925 733 146
703 281 651
15 610 612
249 497 848
861 407 709
159 305 806
201 547 421
327 958 373
951 839 991
927 905 351
476 541 303
571 569 673
145 286 981
69 36 237
301 849 776
736 777 781
443 531 145
445 41 76
326 593 171
801 451 3
975 833 571
31 804 710
473 1 721
671 138 627
761 943 910
543 653 563
441 594 195
787 166 951
160 329 624
541 497 471
701 389 745
909 12 196
360 41 832
878 865 457
498 17 478
731 925 341
796 686 645
499 957 535
665 231 897
239 865 513
901 453 921
573 303 193
381 681 805
241 257 349
19 311 405
310 648 393
816 109 257
448 887 721
213 901 753
409 181 111
925 437 577
921 776 961
724 976 308
876 821 889
169 575 103
1 512 22
849 825 698
328 993 601
201 384 478
817 66 647
252 565 107
905 687 626
364 517 474
421 451 993
762 785 148
552 337 141
331 21 201
154 517 59
422 201 265
359 625 361
618 941 816
66 890 821
694 491 1
752 907 667
152 776 515
929 97 289
426 416 537
176 313 441
673 251 861
481 301 561
943 396 576
185 70 266
429 9 286
686 981 549
27 731 515
841 536 376
199 613 138
376 268 706
276 861 801
781 113 852
651 871 163
747 197 159
41 316 369
871 356 331
549 641 150
601 772 911
286 371 185
841 452 849
762 865 816
401 949 326
130 377 612
332 585 101
253 609 225
367 841 802
941 822 761
416 598 68
481 412 929
102 101 951
405 39 953
787 241 73
945 1 695
953 756 788
111 382 983
809 280 397
195 571 347
705 705 848
468 727 596
251 393 629
73 436 568
135 505 833
902 701 323
67 761 549
409 577 41
573 377 285
909 446 556
182 565 650
7 58 783
611 447 613
71 177 880
990 109 470
580 62 979
601 549 621
129 120 981
506 801 771
101 783 729
225 629 366
19 706 779
101 77 833
140 177 258
433 281 121
769 845 853
686 313 672
457 353 865
79 838 665
257 616 226
1 895 475
241 668 748
851 689 481
675 442 373
841 271 981
425 875 855
495 57 589
249 357 772
307 971 363
322 549 145
144 601 65
231 459 620
971 531 641
489 896 407
261 944 566
207 273 21
451 361 173
905 356 373
317 433 870
551 639 141
990 991 134
620 581 695
257 189 289
905 841 889
473 615 81
33 737 733
724 149 519
117 445 817
826 507 902
875 230 393
972 211 605
675 401 49
441 251 13
701 795 153
841 876 529
235 961 852
331 791 427
373 1 266
39 625 317
84 837 321
492 689 291
713 182 437
806 261 821
441 425 693
541 826 32
361 497 741
21 447 865
41 883 26
1 545 205
481 307 761
501 941 183
186 989 657
405 161 941
465 801 405
133 951 907
37 80 575
811 847 166
751 425 705
921 727 313
21 863 717
185 150 409
73 260 913
719 685 103
391 853 765
753 997 463
135 573 791
849 466 35
241 542 201
551 633 717
750 347 739
1000 691 750
95 849 661
383 101 144
897 501 806
354 481 942
79 197 617
385 935 333
25 673 861
772 68 737
61 905 801
333 529 148
825 486 625
514 361 930
85 309 127
593 641 113
977 206 801
1 329 33
289 796 531
657 716 593
183 501 856
460 547 963
235 911 265
237 345 12
385 196 161
299 211 963
577 31 105
888 343 115
69 339 263
939 49 265
1 441 771
617 497 461
545 541 721
369 342 576
609 781 99
857 376 629
23 637 707
401 821 633
465 897 1
27 763 331
631 279 1
416 351 257
641 537 313
753 279 274
973 786 695
340 309 667
929 869 301
670 821 721
281 173 646
991 503 185
816 451 723
705 28 115
932 801 357
141 637 625
743 137 20
377 872 868
901 737 199
669 568 769
616 525 556
314 574 294
253 490 649
1 320 351
63 751 781
801 6 673
908 767 196
627 673 11
361 561 821
133 661 701
960 809 845
261 889 461
597 673 303
917 689 51
389 47 654
257 331 631
469 666 259
419 661 342
824 241 822
411 526 218
671 89 561
260 952 377
338 241 693
701 711 854
995 189 681
544 355 33
731 610 520
106 179 15
29 431 409
734 851 709
561 913 873
245 46 429
92 993 17
9 370 816
793 798 506
261 200 433
473 29 332
26 577 649
95 646 936
487 94 198
609 1 469
149 742 323
581 33 599
831 369 127
87 906 106
736 56 601
797 501 801
289 289 524
977 408 281
825 609 743
175 301 631
2 546 985
974 363 701
947 631 835
553 683 478
753 201 605
277 529 697
849 781 852
951 701 411
909 509 281
336 367 929
452 13 497
666 236 205
491 290 861
873 117 615
969 989 657
194 63 907
949 601 991
51 913 949
555 477 645
660 994 461
736 461 146
771 627 220
319 749 897
721 269 338
149 159 281
422 969 877
241 249 391
961 321 649
807 60 59
57 29 266
52 181 601
415 525 516
558 321 899
433 486 953
625 434 177
807 981 153
851 438 177
503 225 339
969 901 755
699 285 667
745 17 282
13 486 567
971 886 897
329 409 191
941 551 106
724 700 203
895 394 893
725 121 914
481 315 95
993 318 223
568 561 65
985 301 477
585 299 681
14 327 155
651 721 864
900 237 113
356 441 601
683 692 231
401 601 836
845 261 789
793 357 385
466 330 173
639 62 633
31 838 231
225 710 170
501 897 389
307 461 3
826 751 845
725 816 973
617 909 831
292 666 893
661 56 61
745 489 933
886 379 781
246 943 352
173 401 779
257 45 476
677 749 171
271 769 652
809 977 961
293 105 492
441 264 940
659 993 636
38 889 636
924 326 5
426 51 201
461 853 589
361 297 345
265 97 458
19 411 159
681 901 476
761 433 708
585 963 36
780 769 781
207 651 313
653 480 601
621 241 766
61 881 185
955 9 163
841 660 159
860 948 165
921 172 415
422 251 676
501 387 725
41 978 691
107 261 997
106 607 614
301 583 561
825 351 969
416 821 142
841 581 631
691 483 996
646 980 688
951 376 527
189 123 951
303 866 289
837 529 265
221 529 376
277 365 350
972 976 901
356 581 296
135 952 681
506 111 497
242 313 275
942 193 784
397 481 409
665 519 191
945 451 230
233 153 684
601 153 209
288 42 481
563 593 405
145 205 551
901 811 279
561 985 895
75 901 351
261 884 345
878 557 866
1 91 889
96 475 631
212 601 681
605 889 287
576 234 793
21 550 986
167 418 93
228 631 378
17 425 109
465 321 929
760 656 382
51 394 135
843 25 89
806 122 433
275 986 951
9 659 426
838 983 929
105 543 299
151 409 725
611 201 391
316 733 488
1 166 665
802 76 471
747 189 871
291 333 514
593 824 161
329 637 356
4 33 281
528 857 857
328 49 978
361 220 101
641 706 33
789 690 783
667 87 233
229 399 59
948 97 681
183 425 851
471 415 183
531 201 41
725 583 655
526 821 381
891 435 979
841 752 780
91 413 631
785 332 249
458 102 757
891 161 247
137 698 133
45 168 701
273 854 784
21 161 31
471 855 491
279 226 451
928 394 59
611 321 601
885 229 260
175 849 93
550 682 857
556 800 847
341 921 433
119 617 81
141 461 566
71 803 391
676 315 762
29 739 476
855 265 757
143 351 726
381 101 734
432 884 361
849 269 361
710 636 901
9 545 641
675 713 919
597 276 851
136 211 867
694 568 707
491 969 641
861 121 39
119 467 84
249 549 542
359 682 197
293 955 973
445 999 769
455 64 247
616 656 422
523 505 1
99 853 761
305 753 80
925 861 61
936 927 66
22 793 805
901 994 299
681 585 951
218 560 711
271 624 799
837 231 21
702 262 909
804 783 417
449 921 395
741 349 569
257 552 993
921 201 591
841 429 626
648 107 313
903 421 721
997 910 61
890 31 206
11 973 331
781 286 569
947 185 988
713 797 585
609 217 853
135 113 469
629 699 891
51 556 939
676 787 601
711 81 635
685 173 522
321 561 793
339 725 888
737 819 871
725 689 689
10 313 476
944 201 537
646 514 498
467 441 329
876 91 162
33 705 921
712 573 63
461 41 135
770 661 528
432 561 721
322 453 1
17 647 881
350 301 255
941 349 821
679 414 157
889 786 201
224 751 146
650 529 169
191 441 449
401 14 137
574 721 298
604 1 193
901 179 145
41 886 511
380 165 553
177 220 371
199 762 801
456 281 521
982 846 520
491 969 981
729 7 79
886 741 941
601 623 530
645 337 53
943 422 318
697 409 553
21 666 411
685 518 85
315 718 551
590 379 841
805 147 129
761 729 764
624 1 701
484 617 921
560 331 963
360 693 123
949 977 552
185 319 101
612 593 169
807 976 161
501 377 461
1 851 965
746 813 326
831 369 94
230 426 1
400 697 270
225 258 506
149 761 910
508 801 137
373 478 206
345 373 754
761 557 46
601 97 83
5 71 503
123 171 166
129 250 105
818 41 781
801 826 935
179 139 49
777 209 193
526 261 715
591 226 517
536 841 743
758 537 401
249 195 17
306 995 869
856 329 442
138 371 96
168 141 533
715 3 37
389 235 461
106 129 856
751 661 127
89 605 41
201 820 359
111 760 522
49 49 33
617 453 521
401 47 361
297 252 705
676 786 355
161 252 959
934 627 329
678 802 698
561 567 924
555 762 821
167 701 51
381 889 741
311 569 154
377 149 385
425 89 873
177 433 217
290 162 515
186 645 881
933 299 251
661 1 492
385 587 11
729 333 651
595 329 909
757 663 501
633 661 917
767 281 653
923 921 197
63 237 585
607 497 289
282 517 461
701 381 231
741 446 741
585 379 140
586 849 851
291 241 27
694 789 484
63 496 11
113 171 678
27 265 280
681 373 395
57 89 605
196 801 205
369 1 158
386 591 351
571 29 417
471 4 374
680 425 94
197 253 456
545 333 693
549 83 101
401 461 671
625 421 709
309 337 261
540 897 769
691 882 847
793 876 658
65 785 908
151 683 637
851 149 718
902 378 139
585 181 945
435 805 511
133 128 689
21 505 999
117 276 295
361 625 355
721 281 907
381 3 685
549 704 717
91 782 114
570 369 964
320 812 185
432 741 936
168 417 546
402 181 737
326 253 79
33 33 301
956 109 501
826 825 524
627 906 149
125 981 797
375 61 969
263 36 531
701 76 563
417 471 577
941 536 739
345 801 780
727 538 142
248 625 839
879 785 352
283 713 488
804 24 261
761 776 538
361 785 567
299 134 257
980 565 175
801 627 1
385 217 241
521 941 605
205 793 636
819 699 753
211 538 498
261 543 251
505 577 645
437 725 731
211 76 173
721 329 111
861 831 881
987 416 423
885 588 375
493 450 813
777 404 467
297 869 971
265 518 435
721 689 996
885 758 977
681 337 285
821 641 353
981 312 604
301 337 481
961 376 1
977 813 371
301 218 427
379 388 221
497 145 976
261 532 753
901 901 771
617 638 73
701 343 545
957 564 366
265 922 991
728 547 587
217 133 701
226 225 397
706 683 469
149 885 243
761 655 861
141 625 817
565 199 926
786 45 21
450 937 169
506 877 986
976 969 182
526 317 897
326 118 359
433 971 889
25 799 162
270 274 827
169 701 9
201 662 121
871 529 403
121 336 361
697 381 595
571 193 966
539 372 342
337 1 283
215 686 784
640 733 773
309 191 433
991 85 301
801 501 531
945 905 351
361 496 777
177 841 886
689 423 591
467 285 893
299 906 5
531 728 641
329 515 129
707 903 661
491 649 401
953 508 561
259 1 471
974 198 576
867 395 941
593 138 173
940 181 551
474 606 1
843 831 726
363 345 171
11 319 608
735 353 651
872 889 711
961 297 873
581 476 397
890 193 317
57 884 994
378 381 376
846 517 985
969 937 755
31 725 979
301 699 452
435 593 558
721 791 92
465 437 855
1 126 861
847 513 601
626 285 995
494 151 304
41 427 426
6 776 761
275 849 595
940 516 963
216 539 95
363 761 960
753 661 141
351 401 145
649 710 673
627 755 833
373 489 401
443 121 735
269 199 149
33 889 615
953 942 567
481 891 553
547 875 626
313 401 551
168 601 894
331 897 169
571 96 950
304 777 849
163 883 912
593 287 879
651 299 881
469 291 584
468 649 157
649 186 372
289 41 465
317 949 697
220 62 83
303 833 201
205 201 301
961 40 869
829 62 831
927 871 233
480 1 113
901 546 81
465 521 82
90 741 685
437 601 473
326 59 687
795 346 879
751 457 881
491 571 842
57 741 95
351 299 998
785 1 95
501 658 633
833 849 361
524 165 721
49 937 725
981 881 761
976 381 201
680 887 849
317 986 820
135 611 521
428 665 807
305 301 488
993 806 97
955 773 869
273 123 901
779 856 7
134 767 251
446 189 627
876 33 582
612 935 870
981 978 251
685 951 659
801 41 547
611 165 335
870 527 429
191 433 181
178 1 977
257 21 393
737 751 46
154 4 645
169 635 37
222 161 470
601 181 101
153 257 789
529 103 822
501 985 516
801 523 873
289 353 963
691 197 425
405 681 346
1 713 842
361 677 238
271 161 331
466 206 461
303 445 91
717 536 199
676 201 33
481 531 187
257 992 851
641 707 238
281 600 560
406 977 420
877 5 753
753 725 692
801 187 326
354 27 609
351 13 445
232 257 251
841 217 421
929 378 851
951 949 841
545 348 521
917 497 998
23 646 1
569 426 716
641 902 241
290 541 925
552 593 127
811 367 262
1 410 358
981 441 157
269 61 771
434 839 743
947 777 660
806 81 889
401 461 261
815 901 50
607 18 401
526 289 243
345 542 621
703 976 169
908 441 380
301 49 795
266 206 564
287 445 287
1 298 797
653 51 413
567 716 820
457 97 239
652 529 477
61 885 389
177 799 567
337 121 711
567 303 195
341 316 930
666 801 926
13 806 155
307 253 958
821 601 307
601 97 901
761 38 588
721 120 511
528 540 607
577 477 281
43 528 701
814 770 988
519 561 758
321 961 676
876 117 959
582 414 213
882 933 377
265 458 161
271 751 461
725 765 701
257 875 715
67 371 57
416 201 449
999 885 745
507 715 707
51 495 389
94 585 232
369 288 856
389 351 77
228 749 977
775 805 665
825 532 901
123 353 399
869 45 796
131 148 515
585 597 751
601 630 932
698 211 55
721 681 291
491 424 481
153 545 755
831 919 826
9 169 101
484 53 491
302 869 511
631 321 825
113 410 171
401 299 843
89 89 977
452 857 463
859 283 301
489 101 289
513 501 265
7 419 821
1 725 353
796 922 583
829 176 549
671 377 356
297 422 809
807 455 193
446 481 140
971 325 577
265 111 471
311 289 179
293 241 751
521 101 119
802 621 56
36 133 557
913 617 761
894 519 21
453 622 30
911 9 205
65 126 186
121 84 725
418 483 621
335 1 685
189 515 163
507 816 621
801 805 7
469 985 363
441 59 97
983 37 149
21 531 855
227 761 676
765 264 970
505 243 420
541 876 80
821 705 852
1 794 409
206 996 703
983 233 384
306 746 449
704 547 151
373 102 571
856 748 377
493 67 763
944 147 165
521 381 733
41 871 766
367 385 671
583 651 989
281 733 978
137 673 210
841 377 561
166 657 521
778 9 149
761 921 697
721 279 367
139 701 341
141 965 441
681 899 784
601 791 977
626 501 318
813 369 805
99 261 801
817 937 97
439 273 273
881 92 601
273 801 685
57 360 649
841 70 837
257 327 85
839 716 771
444 445 794
563 451 110
70 256 201
534 485 96
669 532 889
493 591 1
70 301 955
828 642 921
83 950 331
417 773 127
423 270 301
973 981 649
21 136 773
776 441 553
301 483 125
677 202 84
817 451 633
62 537 1
145 769 671
95 437 625
777 351 915
653 351 961
387 158 25
957 724 980
161 718 603
147 839 31
41 821 685
421 241 598
307 223 841
41 517 685
5 669 501
1 995 696
96 249 615
870 25 221
226 761 825
170 64 271
708 553 601
52 945 770
408 757 71
916 671 876
58 604 947
713 393 281
889 159 433
401 470 677
736 217 649
269 845 674
187 671 549
221 569 681
545 813 583
225 926 561
769 183 857
845 611 30
836 41 948
897 208 280
593 252 826
561 425 661
830 668 1
710 496 185
849 721 385
329 89 661
6 751 734
391 659 976
89 126 809
111 796 253
841 164 801
330 329 553
551 901 649
266 217 515
833 966 601
481 494 481
659 671 621
825 569 297
774 136 555
969 744 975
938 617 562
599 209 893
713 737 837
657 305 941
31 950 995
195 493 132
318 159 99
855 207 377
121 435 169
566 691 751
432 505 849
512 977 121
361 771 520
439 801 929
529 790 613
169 423 711
793 448 55
702 895 286
820 541 236
50 67 123
791 117 452
305 453 364
855 885 658
881 341 949
383 769 465
55 910 649
397 218 75
273 944 693
637 741 952
689 951 51
903 353 795
664 145 581
381 709 302
22 280 734
657 378 721
101 309 453
633 95 893
609 541 765
58 252 81
225 401 839
213 402 305
61 69 731
659 169 221
55 353 429
765 198 676
731 301 537
296 527 31
505 702 629
525 787 343
95 666 991
685 721 16
253 351 161
97 919 818
799 366 526
605 493 103
701 392 601
8 537 551
146 929 517
577 385 471
697 158 283
711 516 481
791 822 126
257 75 361
457 361 681
529 402 289
333 484 1000
650 576 981
87 976 107
456 48 383
156 55 629
41 28 733
135 481 221
969 773 201
10 251 411
980 641 802
533 721 247
376 106 609
201 794 669
777 561 994
526 831 69
494 50 846
743 241 389
641 293 601
638 809 393
827 889 86
41 141 517
501 551 298
321 209 565
289 385 839
9 583 167
241 719 851
737 9 216
17 123 5
993 959 313
756 101 301
613 965 355
185 129 819
921 275 131
200 767 527
21 353 166
439 105 27
231 345 316
434 583 861
129 831 721
751 985 854
329 969 241
979 449 956
669 670 563
425 777 713
531 713 753
837 870 449
943 937 701
881 270 591
500 684 326
819 660 873
921 537 941
153 714 445
265 585 417
993 196 345
118 857 493
151 442 49
65 676 85
845 983 786
801 570 559
376 542 545
377 385 467
681 483 261
490 42 711
843 61 901
12 109 758
688 657 177
745 598 817
15 803 801
32 231 117
177 524 113
403 61 357
821 891 989
361 101 192
309 505 996
621 953 721
389 13 376
44 783 9
171 227 881
49 1 928
373 13 661
43 895 513
717 656 323
107 109 274
929 761 661
793 503 376
51 397 859
612 578 583
191 905 701
393 915 425
439 841 705
58 299 791
192 571 574
12 109 557
999 9 312
113 751 560
861 421 821
394 755 345
671 575 883
511 421 701
653 913 151
341 542 383
591 385 311
685 860 470
577 649 736
681 339 341
561 761 623
625 956 281
596 613 977
623 901 157
433 988 73
733 869 30
926 241 551
321 147 121
489 961 313
423 989 166
646 295 17
342 655 425
71 769 923
851 368 801
585 252 73
129 612 101
41 441 841
171 71 867
913 726 847
425 106 424
5 609 481
713 625 47
601 843 169
46 957 401
829 720 126
993 913 646
982 131 551
21 60 830
642 262 341
281 71 851
351 954 347
201 57 347
221 105 352
249 417 81
769 581 831
757 601 451
301 381 681
145 766 7
391 939 635
825 963 133
955 175 289
321 557 733
173 711 695
143 77 67
182 511 257
766 956 349
845 672 251
57 542 896
41 305 817
443 121 761
657 785 560
250 654 737
561 85 1
329 433 805
121 944 8
129 611 181
592 687 562
595 709 251
275 695 269
25 883 887
329 18 941
632 807 157
377 200 292
753 257 656
457 851 271
513 981 683
985 616 122
521 50 293
382 605 639
201 683 1
785 823 881
546 151 689
789 281 166
941 341 2
629 193 161
612 105 961
445 164 641
501 507 151
744 545 913
761 930 301
849 701 151
864 59 552
64 247 193
501 174 889
581 415 379
84 527 881
575 721 185
761 829 473
305 103 377
126 749 600
501 369 968
521 590 225
988 685 727
33 698 126
799 824 813
168 821 917
798 547 650
427 385 846
857 155 512
273 351 711
897 257 801
756 843 385
304 998 17
1 638 109
641 419 821
152 465 661
817 811 623
643 669 301
585 141 188
161 105 417
294 649 55
694 365 194
352 15 392
729 410 241
401 70 701
226 873 114
391 816 195
821 4 193
606 982 655
750 297 793
11 993 566
863 638 540
393 465 28
321 403 419
980 379 997
915 421 655
628 729 431
329 505 377
541 101 278
401 49 931
725 718 176
295 981 93
276 649 529
713 279 991
455 537 609
841 51 657
609 973 564
291 605 123
751 393 675
509 243 511
681 456 134
893 779 51
457 991 311
9 263 461
291 519 976
629 697 909
913 921 323
171 382 613
849 547 897
646 13 599
233 951 866
497 231 316
746 947 133
231 68 137
693 446 937
702 453 689
781 33 71
457 281 278
787 401 344
651 327 734
659 233 481
651 866 199
63 449 831
974 401 966
532 416 833
456 34 367
843 313 200
355 518 155
112 941 931
309 41 727
721 725 239
385 899 234
205 93 609
589 185 941
400 348 813
36 668 550
506 726 151
497 72 241
566 755 751
161 657 461
679 673 511
473 577 681
961 353 901
473 586 75
865 381 976
819 897 1
752 339 340
995 656 923
73 393 84
550 521 36
719 901 411
221 65 567
731 682 965
841 36 937
618 825 157
241 71 117
945 789 702
207 633 204
813 685 931
17 183 5
61 73 381
111 828 601
401 677 338
866 581 13
33 444 101
821 31 487
701 835 199
596 739 805
361 458 388
806 617 801
511 973 274
714 498 945
256 200 345
469 707 525
441 108 671
704 696 286
781 407 356
42 30 427
838 697 125
887 492 911
787 562 785
571 468 32
751 237 319
157 901 317
721 968 801
189 543 42
691 901 109
216 549 916
291 737 429
819 909 461
616 776 773
981 98 476
841 885 75
509 346 51
417 297 192
271 296 101
949 1 145
840 477 621
859 109 671
111 741 148
825 555 870
405 753 587
571 68 576
677 708 1
905 575 201
249 201 21
828 657 663
881 476 501
91 921 443
95 146 696
141 382 421
441 360 437
125 321 241
241 441 433
216 321 913
641 161 25
769 121 130
691 562 619
618 825 33
19 583 657
241 879 409
661 21 876
41 762 901
926 513 647
705 588 161
782 253 321
209 951 681
897 945 456
385 908 441
187 993 843
793 1 593
291 897 361
826 9 951
897 427 510
33 153 266
897 554 235
961 125 25
711 421 251
327 855 215
806 521 681
745 1 193
530 505 695
301 713 381
673 59 513
217 321 24
926 533 63
949 259 801
221 71 586
617 866 721
241 583 25
684 809 875
793 120 17
776 556 95
511 229 151
281 46 561
628 307 129
857 673 375
465 413 145
665 106 401
757 807 766
561 746 733
446 419 501
675 16 37
737 61 1
181 866 749
886 98 545
359 831 721
285 470 403
666 338 51
116 354 36
254 181 491
701 897 797
253 681 477
701 245 641
201 571 700
149 621 591
21 893 160
633 249 315
113 229 121
925 401 901
51 27 599
321 433 901
989 268 251
473 781 236
886 885 335
693 13 771
13 617 996
408 969 233
449 929 398
595 2 561
363 821 81
993 946 706
227 484 673
273 751 981
833 203 195
755 667 769
337 291 801
237 281 243
601 241 873
861 966 528
998 785 569
838 430 529
681 572 185
401 669 949
795 19 126
438 737 529
936 105 789
1 885 609
649 709 81
493 621 501
901 929 950
633 131 5
483 513 257
713 453 574
769 187 281
761 30 601
529 723 20
731 435 184
87 19 229
151 965 790
165 411 821
577 284 558
313 711 301
127 128 479
454 820 385
329 139 281
153 151 821
929 595 701
461 119 677
681 501 960
481 961 194
677 401 609
753 406 357
369 133 425
9 299 101
817 459 997
917 313 36
699 806 539
54 331 353
249 801 835
1 843 217
247 87 561
900 148 759
271 177 749
871 579 585
729 828 937
81 734 929
651 671 961
504 871 817
668 204 225
187 155 791
176 811 453
837 883 384
724 693 561
41 741 464
889 871 105
553 776 549
77 765 609
916 761 431
1 583 593
631 307 850
381 233 121
841 360 121
248 790 401
851 681 691
692 361 703
849 676 316
285 846 696
441 643 551
606 880 827
211 65 408
269 616 21
763 729 601
272 484 952
541 406 553
776 869 899
398 83 349
895 619 637
901 621 733
286 826 270
676 847 875
65 281 966
577 751 105
213 653 851
813 614 127
367 435 363
89 496 153
129 97 266
443 381 692
841 181 645
595 701 619
646 817 779
79 807 989
849 147 359
247 53 683
393 157 497
815 451 317
491 337 15
719 861 293
77 505 251
537 181 25
461 937 667
9 696 565
945 262 17
439 667 489
541 762 97
431 111 683
937 807 317
377 92 729
726 361 765
88 809 61
961 161 956
901 512 956
738 53 562
745 880 423
15 997 326
777 424 1
789 945 105
683 465 384
571 176 673
486 721 553
641 93 713
481 81 611
439 81 359
105 181 801
52 821 665
379 359 943
511 937 635
417 709 569
901 785 195
705 921 566
141 438 422
367 698 401
571 918 361
537 826 894
594 362 640
501 61 221
725 795 985
409 73 731
849 591 57
17 683 329
873 364 834
583 941 693
132 981 416
491 1 495
915 625 427
333 891 581
730 817 449
