3140
836 761 939
63 249 762
833 841 512
652 639 41
249 41 37
887 339 41
271 401 381
880 91 725
643 389 901
161 951 684
376 417 423
659 593 271
999 911 577
953 665 29
538 766 241
921 501 868
126 209 232
759 58 567
351 939 749
96 941 926
589 325 6
401 129 113
176 513 716
601 815 961
955 199 933
643 719 522
176 21 247
947 711 26
257 20 53
758 295 493
172 672 161
585 885 807
776 442 988
41 789 175
897 107 677
25 839 461
577 97 715
769 681 817
657 111 973
425 941 921
963 226 341
763 121 137
75 897 831
317 276 921
551 245 81
471 101 229
945 927 385
783 883 877
350 636 412
771 741 251
968 873 595
254 246 499
351 256 7
443 289 194
57 312 807
264 331 179
205 829 825
423 161 459
77 844 557
3 219 597
361 251 715
205 917 721
636 641 795
309 925 241
401 424 209
172 589 33
279 971 456
801 169 371
137 603 849
276 307 219
474 380 520
81 173 229
321 471 705
673 814 73
830 549 721
526 513 903
874 681 446
459 749 216
785 601 684
336 526 452
245 465 806
522 891 601
871 613 509
113 31 843
601 361 589
361 681 322
417 806 373
73 1 66
313 833 902
379 221 336
658 641 161
579 881 90
93 470 992
647 311 858
441 65 272
196 989 896
43 654 309
521 129 301
141 688 492
708 417 339
417 112 601
476 292 853
706 311 755
779 755 857
532 324 136
273 375 547
137 275 201
721 910 73
65 921 643
636 282 234
487 121 265
157 339 489
908 501 545
401 249 859
465 64 126
657 465 577
61 249 74
353 66 179
933 929 31
161 157 665
877 251 267
431 362 975
148 80 349
945 2 419
116 963 87
11 286 146
293 777 891
455 342 339
520 449 21
399 864 555
630 829 321
835 216 853
441 801 341
358 85 521
73 221 666
890 248 141
287 206 783
127 401 328
139 881 502
161 569 305
821 657 905
701 851 693
656 123 53
597 337 671
186 989 247
871 604 358
611 821 473
82 876 204
551 911 801
334 306 369
689 495 601
95 984 759
441 201 949
957 589 301
561 336 473
705 201 927
276 265 1
826 426 871
769 401 646
601 293 130
310 465 212
360 531 414
997 633 501
491 756 469
871 209 9
836 57 481
951 401 312
176 269 374
561 668 511
681 709 867
957 41 281
423 681 517
445 601 405
377 652 445
753 229 672
577 219 605
501 95 442
764 465 329
152 41 643
231 688 655
716 852 835
631 611 913
897 617 451
285 926 631
609 657 51
631 372 601
763 965 289
245 577 681
556 977 281
251 24 513
560 318 510
169 173 516
283 885 199
521 106 56
209 621 441
41 685 23
651 837 671
937 102 134
101 861 173
689 521 699
126 809 325
28 876 489
711 355 889
868 363 131
670 747 923
535 425 3
473 855 751
909 229 536
551 569 692
903 77 593
297 885 606
401 673 337
771 773 769
267 261 151
690 714 933
343 931 356
999 361 297
331 142 573
509 614 649
941 915 489
51 631 547
847 51 475
801 141 934
1000 713 137
732 343 741
102 41 561
881 698 13
251 657 495
399 241 113
655 505 295
1 914 435
167 389 300
993 402 188
833 10 57
642 787 221
269 969 1
551 434 161
990 4 833
242 646 49
761 653 101
949 83 957
647 591 385
273 369 474
321 218 951
337 73 703
765 205 716
75 602 321
327 949 58
879 89 961
941 865 676
745 797 953
468 573 877
541 631 3
739 741 120
49 296 881
101 612 556
201 811 821
765 521 832
858 187 533
566 381 832
241 476 539
565 291 636
133 951 476
379 981 445
389 187 916
743 101 759
881 949 269
951 701 113
315 9 547
326 936 35
931 83 15
596 365 269
401 657 81
478 121 105
238 565 596
3 376 251
286 207 397
911 667 155
956 17 807
251 409 541
322 701 385
953 278 237
196 511 529
324 430 780
299 230 201
835 470 1
41 105 824
233 181 825
21 785 901
433 661 993
619 87 551
900 202 263
640 86 201
485 210 91
553 917 286
11 945 541
350 143 31
299 459 771
501 450 791
751 176 815
361 431 915
223 551 368
481 481 311
427 297 541
651 661 601
726 151 21
147 729 765
401 225 105
606 735 711
204 869 155
489 141 860
425 876 503
670 380 149
705 497 655
549 346 153
81 421 331
253 15 485
791 721 217
388 751 509
579 579 115
833 97 811
67 289 700
271 641 785
361 197 734
412 463 339
967 873 425
621 451 185
129 238 809
98 225 786
31 369 89
941 723 217
285 729 737
522 627 816
619 131 283
120 141 847
41 597 461
76 601 233
516 818 41
272 675 489
37 141 265
121 473 301
869 856 81
541 863 496
90 357 521
969 839 491
996 554 945
569 691 586
982 757 669
939 20 861
227 605 229
8 460 621
139 954 925
113 397 81
464 865 229
301 537 281
889 429 969
686 998 521
190 801 101
461 651 201
610 14 513
504 565 611
841 385 422
817 333 999
324 286 465
393 945 751
385 317 776
37 725 621
823 241 941
381 567 489
341 293 808
626 663 566
833 637 175
395 761 273
494 225 657
869 651 524
297 257 808
639 982 869
255 146 865
293 861 583
176 985 228
49 80 945
161 750 441
751 202 356
656 461 373
797 254 675
301 495 144
865 517 217
499 933 961
73 539 974
927 601 289
942 872 617
189 734 421
365 813 651
814 111 339
351 947 937
501 213 765
799 716 683
21 313 241
134 385 172
775 801 730
295 261 940
549 367 133
249 107 401
631 631 306
281 265 96
761 915 161
914 879 86
461 231 541
888 438 202
366 354 823
699 878 577
529 539 233
713 976 38
417 674 963
951 953 331
401 315 109
203 823 967
881 763 249
593 556 401
95 333 709
599 216 233
771 718 75
801 655 57
327 164 950
685 742 437
372 292 241
551 703 282
949 731 135
326 481 682
176 646 400
216 680 533
96 657 721
823 761 771
745 590 69
378 625 701
321 651 251
737 607 356
641 833 924
641 955 16
415 929 47
876 781 937
257 729 585
931 534 456
41 148 153
537 188 798
969 292 425
719 841 135
166 270 162
551 1 617
205 423 951
572 186 866
409 325 721
772 27 217
39 200 966
271 625 336
729 338 997
158 625 601
519 306 985
28 981 943
457 737 236
630 626 618
913 785 769
298 641 833
878 281 991
85 389 471
121 545 997
971 255 198
701 119 401
236 220 464
233 479 577
521 387 937
606 475 801
29 237 269
97 671 153
725 563 91
217 341 63
981 994 550
699 973 561
833 661 332
663 176 891
510 8 526
1 621 451
269 961 499
941 497 481
801 921 681
517 626 455
29 561 121
637 711 288
73 976 531
209 403 341
97 339 546
533 119 821
84 193 321
829 993 111
89 846 347
745 158 959
715 97 842
572 461 251
301 857 266
287 809 84
81 241 441
331 438 201
283 599 795
235 105 9
625 731 321
961 891 569
745 159 881
156 742 735
49 76 195
629 25 726
558 375 247
161 649 933
577 77 134
493 975 325
689 431 989
881 473 444
537 497 521
625 57 152
713 121 685
771 946 37
197 329 925
101 849 139
425 616 881
141 359 938
663 577 648
53 297 788
460 321 865
590 885 993
139 97 730
717 435 245
155 927 888
497 931 555
411 854 161
97 217 31
385 224 241
325 561 843
193 866 159
973 315 681
341 717 191
41 41 1
279 381 461
251 158 761
639 745 738
161 31 461
49 721 29
966 681 136
619 645 941
335 100 117
639 605 761
963 777 863
298 385 617
841 449 697
355 476 274
637 509 240
1 360 575
665 759 43
989 217 342
569 955 553
379 601 797
273 136 421
127 651 61
441 481 849
894 577 949
293 671 163
9 323 657
621 792 701
453 231 236
849 165 941
519 701 246
225 938 845
749 121 988
613 321 185
950 917 221
977 615 257
247 506 533
601 491 486
19 895 376
971 195 827
825 841 36
801 237 861
931 750 872
169 233 701
353 190 946
641 353 601
626 735 123
633 332 65
486 131 81
326 417 737
31 525 461
901 451 362
359 751 726
359 265 25
709 677 945
593 501 625
45 601 175
897 214 295
167 281 671
54 523 193
376 347 756
799 201 626
86 37 340
841 183 476
991 938 669
723 674 164
765 121 121
751 741 505
359 257 986
191 233 697
416 201 834
708 678 583
65 756 800
391 257 999
421 717 273
481 713 226
481 47 26
741 789 145
237 30 671
633 237 958
80 25 177
309 811 211
561 789 747
840 74 661
445 357 33
297 611 856
793 689 757
5 765 966
641 751 918
841 309 122
745 79 986
816 795 26
949 121 837
453 1 897
811 663 425
453 537 126
321 521 241
272 608 949
857 913 311
215 305 568
866 520 137
572 806 1
881 501 209
99 365 1
721 223 195
145 1 506
411 275 382
341 925 1
551 969 181
721 561 501
221 689 573
209 501 543
101 493 889
194 971 917
435 443 901
831 989 795
547 263 503
971 561 171
629 167 153
482 215 701
301 961 137
901 2 277
341 693 939
241 189 648
434 920 678
576 851 21
521 991 651
897 257 389
469 465 951
261 565 95
681 799 876
593 626 96
376 96 600
257 171 841
797 303 359
3 453 949
622 273 978
673 686 543
161 291 969
801 600 86
471 949 177
303 411 46
9 241 902
641 15 85
761 728 52
10 481 598
861 891 513
41 545 891
243 789 555
801 177 146
242 403 153
701 163 537
241 617 77
236 258 823
597 651 329
111 731 342
765 609 152
12 703 313
633 547 823
27 175 350
91 121 471
675 191 886
273 882 169
783 419 561
439 716 511
825 765 265
158 129 193
645 485 830
519 1 221
89 398 536
341 195 849
76 339 998
758 764 937
977 72 669
942 184 337
391 831 711
561 185 547
1 999 41
69 525 795
413 371 971
280 533 199
937 629 201
525 97 157
813 504 36
169 121 839
251 866 377
761 591 769
719 19 801
409 629 921
508 598 360
421 52 697
354 824 951
455 161 55
827 793 425
626 764 537
439 141 851
349 857 489
459 537 596
45 217 710
97 937 681
956 714 77
484 249 515
465 780 361
683 785 486
505 941 751
485 571 44
411 341 935
185 139 601
354 525 805
421 669 917
373 333 488
910 623 205
601 481 311
598 45 713
296 876 973
627 92 276
884 665 890
560 476 201
981 289 333
498 996 855
592 592 547
974 361 554
721 703 281
599 291 865
1 502 318
476 981 856
300 405 957
711 731 355
271 837 937
327 440 441
133 727 734
639 265 39
93 21 950
81 793 433
170 251 949
809 96 417
169 521 433
31 901 333
181 339 602
581 411 47
265 870 601
937 371 521
601 966 558
870 324 729
90 631 670
905 477 321
644 769 531
996 736 697
891 353 81
655 523 329
731 111 1
61 176 953
277 143 959
756 206 635
770 311 577
604 1 495
379 961 681
941 553 2
161 199 392
651 942 415
633 851 681
39 357 401
385 416 377
71 721 602
805 941 733
414 751 662
786 174 305
666 960 826
279 536 320
51 167 717
109 633 13
596 641 365
391 381 701
692 601 466
852 446 643
101 601 146
777 282 251
677 399 639
929 490 678
8 763 51
827 481 613
487 801 180
241 751 902
433 661 681
553 150 69
941 369 421
215 633 673
543 247 873
869 61 770
501 720 751
560 609 529
99 509 801
179 429 273
35 125 443
377 191 265
1 65 289
49 3 847
598 783 225
234 393 332
491 965 317
163 577 539
153 996 921
545 553 536
911 38 761
481 731 990
504 489 242
129 817 967
1 242 737
558 26 177
977 509 662
451 769 129
713 987 571
913 95 229
889 727 397
225 369 210
129 281 555
685 705 851
996 778 829
821 828 705
925 177 217
365 643 581
49 519 263
899 294 445
371 805 186
442 738 704
811 37 661
15 841 458
385 341 273
861 1 665
461 361 771
48 918 193
401 301 514
224 5 901
541 897 105
511 844 911
353 117 981
761 506 581
327 316 931
826 761 225
217 401 995
289 968 560
865 501 715
81 793 671
345 446 471
621 887 331
103 1 841
581 871 127
301 450 85
704 81 61
37 946 140
265 801 995
126 977 775
1 714 283
811 773 622
271 649 748
661 155 610
749 457 801
771 313 273
228 247 696
695 122 357
891 851 503
951 220 63
246 61 926
301 865 301
657 93 351
633 243 821
629 246 381
481 929 411
709 703 569
221 205 636
57 817 976
779 819 781
40 651 185
608 921 261
648 791 807
941 65 390
106 47 983
1 777 299
189 677 477
792 881 445
95 353 817
1 67 671
9 104 583
519 989 606
895 417 729
778 426 41
133 913 613
161 825 585
28 771 142
865 437 577
1 521 959
1 901 893
948 544 341
831 411 314
591 931 345
875 977 95
14 41 946
436 617 670
31 525 55
734 211 827
881 657 329
57 661 222
697 481 549
676 390 561
243 345 871
561 243 32
385 489 49
709 651 719
941 297 989
490 757 201
401 127 256
491 436 873
779 677 353
805 91 421
951 836 394
869 793 701
846 577 151
579 346 211
781 783 757
757 725 961
601 662 382
563 750 837
1 876 534
945 180 281
107 634 266
906 203 759
401 439 521
221 669 899
97 449 257
201 629 781
227 595 429
481 404 622
97 222 681
411 831 757
87 773 861
755 983 819
425 438 875
49 521 787
185 841 106
193 246 831
160 611 161
921 901 65
897 881 732
388 667 334
915 505 891
485 561 209
236 567 225
801 1 791
545 169 822
276 849 909
581 311 37
315 413 501
581 91 614
38 204 81
95 1 643
791 117 500
649 181 641
941 409 509
709 625 171
551 281 46
347 313 361
801 218 744
921 834 745
643 242 47
741 649 781
201 841 601
725 589 827
609 981 955
601 901 512
621 403 223
957 336 681
846 361 706
661 377 449
209 875 97
233 322 139
403 89 145
456 937 882
639 635 477
578 266 833
562 142 351
25 287 721
863 891 689
641 537 593
497 537 976
751 929 39
181 523 550
576 739 201
721 685 641
523 837 801
569 59 663
917 851 665
741 634 519
626 884 470
557 697 421
93 677 681
946 621 442
155 257 857
496 733 891
721 856 513
905 653 431
695 507 181
502 51 376
469 836 801
61 243 67
969 563 571
965 89 245
870 121 563
531 46 941
113 575 801
550 836 69
781 889 279
801 935 157
665 839 217
633 733 773
200 215 295
283 539 81
30 793 104
214 626 85
641 899 897
564 693 527
610 135 751
577 321 286
233 32 873
791 581 111
292 731 649
744 103 793
943 153 376
699 481 29
911 921 665
737 250 801
512 447 179
547 201 681
752 827 201
499 549 167
973 26 459
371 53 255
261 561 613
273 476 303
253 846 61
561 543 308
619 825 961
419 617 215
737 985 324
119 632 876
298 32 289
797 761 314
841 33 785
117 27 341
41 472 311
716 825 317
647 873 661
697 145 519
514 799 171
941 889 491
153 342 920
421 676 791
861 687 305
101 671 1
825 401 281
246 897 738
326 797 120
561 253 851
637 974 159
495 945 337
336 826 801
277 553 680
110 673 121
905 321 761
173 77 251
29 520 917
311 478 361
37 751 76
471 161 281
161 201 426
534 729 357
365 729 783
235 661 249
273 413 909
981 196 129
671 341 919
681 895 513
306 755 988
641 419 863
578 801 511
460 656 629
211 449 495
941 733 761
256 233 314
741 499 945
815 383 881
905 129 521
302 531 657
836 777 81
355 856 540
714 176 249
916 573 449
984 83 411
61 367 953
891 841 774
247 131 656
531 551 683
753 806 60
443 958 755
849 579 669
131 22 710
445 105 17
25 567 837
519 421 697
601 92 660
95 105 331
451 189 1
955 781 209
91 839 400
329 557 49
341 793 84
821 801 174
606 705 192
611 147 461
97 756 134
14 45 463
825 813 233
957 783 421
333 207 816
581 571 526
303 947 939
99 693 343
305 217 619
961 851 36
526 11 343
489 649 368
930 837 181
359 711 419
643 421 405
435 425 889
921 672 282
310 459 507
969 305 175
626 841 939
107 201 106
889 209 881
425 692 578
794 821 331
531 77 579
401 633 913
213 75 787
466 241 554
779 846 961
385 623 424
993 665 66
955 761 101
911 421 121
640 769 867
401 996 967
241 35 254
277 931 113
348 376 542
656 745 549
385 281 753
201 376 249
473 821 859
345 99 917
749 165 137
313 583 93
737 825 14
972 113 565
3 641 287
729 2 1
105 906 183
95 820 301
471 521 979
7 161 317
211 327 733
390 847 863
21 537 976
626 835 989
419 111 811
763 473 81
265 89 792
201 593 126
469 647 571
647 869 113
261 223 77
401 831 953
353 251 889
787 738 897
1 311 805
563 871 159
817 82 510
393 801 162
858 175 989
935 629 673
115 272 86
818 735 426
148 397 836
650 41 261
637 597 503
251 37 467
781 611 973
39 325 761
981 176 53
681 1 885
379 305 860
857 82 229
332 125 561
99 230 203
336 126 976
773 138 804
151 69 101
337 929 156
774 231 241
751 306 239
273 496 599
319 722 399
705 209 919
631 416 59
577 220 493
740 273 310
206 211 932
871 944 339
4 805 908
661 105 807
640 115 244
625 767 521
403 221 613
325 901 601
694 809 440
561 233 699
625 597 671
297 993 481
433 921 371
97 250 251
965 853 357
741 237 658
825 166 419
13 977 313
445 525 106
129 829 805
621 401 987
901 352 417
779 719 86
601 905 609
822 151 888
63 290 737
365 272 922
809 615 654
208 305 601
656 277 525
831 51 501
355 843 379
193 300 117
365 261 939
697 297 162
167 465 376
319 877 121
399 283 137
574 131 705
276 76 856
303 356 151
502 347 804
409 655 561
889 757 801
345 895 463
905 929 31
621 155 345
321 107 561
9 235 465
513 901 757
978 367 323
39 453 907
589 231 89
551 841 201
91 715 143
81 763 690
526 401 291
863 807 497
568 512 487
809 651 709
825 857 191
77 673 593
201 1 971
107 830 483
5 709 853
433 713 125
426 335 57
9 930 622
237 353 67
803 201 261
451 948 929
706 544 766
656 115 939
942 141 77
549 162 253
28 689 621
853 811 446
769 622 495
896 968 697
934 537 641
336 56 587
805 709 662
984 785 337
58 129 991
137 201 661
149 15 117
199 102 861
951 313 89
288 156 621
411 617 89
655 190 349
128 36 721
756 183 801
543 679 604
521 463 321
986 649 84
979 145 1
449 933 95
573 268 601
693 813 539
268 605 952
53 23 51
548 746 811
807 677 861
117 517 377
611 241 750
715 832 171
63 187 124
57 777 976
233 174 82
121 669 935
254 529 262
677 189 761
281 685 16
425 857 871
529 333 233
641 401 281
169 881 95
603 861 911
593 561 586
786 843 47
157 833 745
849 52 161
278 401 625
340 945 148
981 531 337
886 363 887
858 721 663
761 591 81
805 350 267
499 33 201
417 137 270
941 373 836
599 631 302
473 56 546
221 266 702
473 273 299
759 582 81
1 985 814
705 983 411
367 299 251
857 395 529
982 941 540
235 211 854
666 111 176
113 223 681
631 860 472
73 17 473
653 426 721
884 655 431
281 857 840
237 101 283
293 823 511
481 716 841
226 649 921
947 553 721
733 379 476
975 809 670
221 571 801
869 1 634
201 669 581
901 391 229
165 77 766
296 493 369
739 771 550
571 746 321
801 853 391
245 520 769
857 164 386
561 501 677
641 324 143
765 123 94
229 251 133
653 884 701
425 801 395
796 81 796
577 961 761
815 93 281
157 396 817
491 611 16
801 821 438
111 347 915
641 553 876
525 809 856
81 156 844
291 447 817
106 89 29
361 45 321
458 751 776
553 458 593
573 335 831
501 215 817
609 296 886
472 305 97
457 81 966
801 581 857
587 284 679
843 301 66
576 774 85
281 233 546
175 79 777
399 296 522
708 11 392
247 681 483
955 991 269
817 194 28
191 345 587
378 281 65
577 111 75
521 111 80
996 333 377
526 230 421
877 761 942
565 186 278
745 401 334
525 345 701
73 318 226
655 571 161
781 1 63
857 146 321
463 6 938
1 881 353
461 493 656
213 151 455
492 826 757
403 892 853
269 751 947
851 89 152
649 111 81
341 195 490
61 815 233
616 1000 101
385 889 745
352 509 536
857 381 760
441 255 801
555 709 594
753 337 928
321 41 87
101 257 997
321 891 681
624 545 135
496 729 948
661 185 897
479 191 71
905 660 909
955 907 156
574 958 853
302 993 201
449 749 717
788 880 369
889 793 935
105 981 192
336 314 3
818 671 437
897 42 501
149 841 72
598 513 173
274 497 416
65 840 121
385 466 503
171 546 495
679 503 758
713 225 793
245 159 921
1 261 469
121 425 132
782 345 945
228 337 945
317 745 109
981 213 173
441 685 417
311 464 605
226 21 761
611 101 553
801 273 631
7 931 21
421 67 876
405 452 227
305 181 121
326 981 101
743 889 615
670 556 243
461 747 613
111 411 241
749 793 281
867 683 174
281 479 803
47 178 117
991 113 57
449 999 226
225 452 906
181 467 357
662 461 57
501 707 683
275 548 911
201 220 201
577 763 931
741 561 51
870 831 445
355 891 273
839 81 973
143 781 156
1 345 721
229 305 551
668 601 389
783 820 651
213 155 865
41 766 479
805 733 994
521 723 348
568 562 361
875 26 15
554 261 745
685 931 281
633 729 903
691 25 729
405 804 721
149 466 84
501 632 902
825 681 945
401 961 53
917 345 989
486 132 764
286 249 831
289 129 833
341 145 349
461 201 959
753 57 379
433 601 841
737 325 546
894 921 191
637 670 137
857 350 453
607 581 591
222 975 621
481 351 497
761 868 997
472 735 341
410 729 248
921 977 137
379 357 149
937 390 427
527 417 71
356 449 934
402 689 199
147 158 376
711 25 689
389 77 555
319 747 168
67 1 89
77 555 927
921 6 777
81 691 121
104 982 697
591 641 907
219 780 452
201 995 581
681 261 951
438 123 896
346 105 417
96 5 749
296 626 132
511 233 144
597 185 395
681 126 757
654 861 195
94 277 409
634 627 122
551 97 351
657 911 845
519 114 773
967 841 809
397 49 186
679 467 733
949 823 976
650 909 945
243 148 237
441 636 864
665 372 903
441 105 209
897 691 33
617 734 969
159 387 573
261 563 689
961 452 943
960 547 265
625 555 861
9 817 29
613 454 252
88 369 595
750 857 25
10 667 276
401 966 947
490 816 771
319 639 899
401 540 51
365 123 561
811 689 641
919 469 663
625 591 649
129 982 203
249 689 741
993 833 473
731 139 527
841 641 949
671 681 250
783 833 175
233 513 155
275 505 379
879 161 244
691 755 860
266 592 421
989 280 718
81 942 605
502 728 85
961 646 525
659 182 254
585 401 734
401 123 532
856 343 982
7 268 701
227 748 921
719 661 426
746 68 337
945 461 992
445 211 29
533 81 406
409 203 426
930 360 146
141 244 21
363 985 629
749 82 590
741 487 169
240 711 3
845 1 437
143 907 517
609 1 659
201 393 939
681 89 41
505 249 989
361 185 811
794 121 25
69 261 202
801 117 427
854 845 699
601 453 16
89 701 113
909 433 286
956 901 841
443 353 206
700 739 131
788 983 461
125 499 841
1 381 876
165 734 807
579 801 186
87 804 503
431 886 711
34 441 519
202 465 21
809 601 345
853 125 185
850 746 593
987 568 437
885 737 626
549 592 271
86 71 260
925 856 733
321 413 829
351 981 952
83 481 358
641 381 481
653 671 688
725 847 613
241 265 160
821 721 481
809 329 521
376 592 596
559 601 316
622 939 437
723 493 448
367 476 427
111 531 281
903 628 102
861 26 175
985 309 493
745 369 209
987 512 729
301 217 641
867 281 25
651 697 121
365 111 480
175 893 565
733 321 81
500 695 636
318 22 936
801 731 321
353 862 993
311 229 595
405 81 139
481 525 513
663 943 926
30 819 726
585 317 240
891 113 721
799 407 143
1 314 137
2 145 1
917 865 731
201 657 41
939 771 721
437 459 892
286 690 168
31 946 692
391 127 21
695 101 111
921 385 881
541 803 656
967 980 113
205 397 865
343 137 626
321 807 586
967 1 241
219 301 748
761 337 313
610 393 390
757 441 217
523 221 1
689 287 433
245 221 474
761 701 833
499 502 641
201 131 323
991 104 624
697 733 845
181 997 977
868 857 633
375 151 681
48 689 349
891 937 126
395 59 853
15 357 278
369 581 67
917 993 109
851 551 235
738 893 757
74 966 1
94 841 996
851 721 711
182 53 476
621 873 893
325 12 311
721 578 490
105 146 338
881 369 377
957 252 7
569 827 301
671 949 113
926 417 610
857 603 351
33 146 921
313 25 98
531 491 863
691 161 1
41 491 252
569 859 237
291 429 813
11 45 751
636 658 865
345 523 279
481 185 443
499 977 385
881 659 851
170 455 340
746 9 401
868 877 397
713 953 551
417 423 517
181 185 919
261 785 501
826 689 681
321 608 220
324 925 656
223 631 817
53 17 457
561 789 56
113 481 395
51 757 65
945 965 701
897 585 186
357 433 601
351 201 545
584 639 156
181 913 258
26 97 21
317 943 609
566 525 435
747 126 826
576 433 81
461 928 617
937 200 521
520 393 833
433 56 995
575 109 256
59 17 836
289 131 799
901 158 961
192 888 545
257 929 594
311 465 649
873 353 351
651 76 141
361 593 470
424 299 50
856 621 421
633 988 198
501 833 319
525 497 217
217 151 868
596 601 646
228 531 591
88 337 298
481 975 153
357 201 453
815 601 799
614 594 549
181 953 509
201 226 100
827 817 841
275 15 587
156 681 101
481 697 123
553 901 489
833 851 197
171 161 847
151 941 53
390 68 913
717 889 941
481 958 26
777 411 897
221 293 196
406 453 941
1 194 21
921 811 225
548 273 847
161 132 221
67 517 667
861 796 701
881 486 141
879 387 429
316 143 371
441 489 293
811 523 464
321 946 829
415 176 569
381 119 76
331 241 699
505 202 381
385 138 626
399 428 133
761 607 435
469 849 49
409 756 36
391 616 767
376 989 666
555 487 37
677 615 649
977 833 749
699 409 17
935 933 41
195 246 831
941 1 453
600 665 289
643 399 497
76 628 326
1 441 353
363 919 36
743 193 497
465 906 241
565 948 657
649 590 457
378 491 529
721 295 166
823 360 229
443 683 417
68 906 37
521 689 461
812 576 541
878 886 410
201 10 391
581 935 131
101 157 521
844 445 392
585 129 921
202 541 493
409 367 913
622 144 126
801 514 261
401 871 375
433 1 501
913 458 39
345 700 176
549 353 932
855 851 526
216 51 929
301 308 1
857 339 393
231 297 773
445 953 317
820 235 261
591 837 65
201 66 315
922 376 133
3 457 310
771 681 844
365 416 186
273 629 651
821 817 313
265 2 417
100 798 601
747 678 401
766 284 873
566 693 630
863 321 191
389 101 717
789 553 655
12 353 371
711 533 241
311 641 996
264 265 350
206 906 481
753 281 547
208 962 985
370 71 381
150 503 1
301 276 661
107 589 509
233 770 755
181 262 713
352 209 78
187 213 457
351 885 613
146 745 981
417 592 681
967 82 729
828 528 697
4 187 689
339 249 29
705 1 289
32 413 492
456 843 680
467 667 313
916 303 831
219 590 469
409 971 606
787 961 517
554 633 641
931 752 901
961 47 916
293 211 155
344 693 977
897 93 205
425 981 172
692 433 565
895 258 803
209 371 943
613 756 392
206 322 576
398 589 821
371 927 241
967 521 401
439 839 287
201 631 205
5 657 745
521 683 649
69 841 789
155 191 757
69 344 201
73 897 793
167 546 373
753 201 46
449 743 925
257 929 807
270 251 111
261 379 348
557 561 856
909 53 542
239 217 604
980 748 689
361 28 710
263 651 267
791 359 929
937 947 821
901 853 409
506 737 201
937 457 127
833 999 717
251 165 17
341 369 347
753 11 245
716 825 963
799 161 585
827 161 671
877 429 521
807 305 865
121 514 241
935 289 857
32 724 972
424 778 509
53 512 503
205 915 221
425 101 622
653 73 920
461 23 311
534 23 50
936 597 417
776 81 251
857 445 545
650 281 268
945 659 418
331 161 921
801 424 653
917 244 793
968 802 363
303 733 865
713 86 71
690 675 97
598 65 9
21 807 90
685 441 708
1 601 251
59 56 969
97 1 1
509 281 611
758 401 903
719 591 459
421 262 320
231 423 995
95 369 841
851 785 817
793 867 870
509 113 413
993 785 976
1 673 221
305 745 735
13 617 801
417 932 449
161 683 171
681 801 838
385 807 777
842 764 106
877 644 673
53 185 746
261 206 236
929 41 509
159 537 281
465 601 961
248 551 541
171 521 86
593 850 133
624 331 967
651 401 746
532 389 241
754 489 721
336 651 565
109 460 760
581 15 637
1 627 785
453 697 117
225 757 921
671 183 166
769 436 228
625 169 457
226 51 909
337 813 600
126 735 264
547 893 833
697 520 929
929 582 209
856 629 90
321 984 932
97 477 511
772 533 501
5 491 730
776 545 5
71 60 33
221 151 18
481 393 8
475 761 1
413 775 129
551 320 121
1 145 301
927 249 9
556 167 389
84 425 269
779 697 145
569 65 209
501 197 291
901 15 555
356 217 697
671 917 105
676 33 561
439 551 389
234 272 713
518 993 343
591 441 409
697 871 232
989 27 17
137 496 345
385 480 31
753 149 305
5 845 537
751 209 301
425 633 319
781 984 937
521 759 741
46 376 636
523 129 224
338 199 181
205 241 263
421 198 625
757 561 943
161 701 173
973 289 463
437 491 511
206 169 32
485 871 829
793 81 653
520 501 991
541 901 361
881 701 793
969 853 439
756 837 306
253 736 138
909 261 236
965 836 980
451 430 301
81 537 761
169 685 742
317 373 272
707 541 426
446 751 553
595 677 969
175 851 454
357 901 447
567 569 867
321 400 141
420 706 321
811 119 333
465 304 603
543 399 599
840 439 50
297 101 983
76 274 941
71 115 799
493 263 751
799 740 518
964 821 973
238 321 426
953 841 878
36 337 646
577 251 803
376 79 522
651 6 447
112 706 587
841 331 198
65 584 81
816 794 101
239 497 9
273 101 24
93 241 124
409 391 905
101 441 135
211 681 920
691 41 621
41 641 335
923 333 56
721 137 36
86 777 225
832 722 201
287 151 111
147 813 454
981 221 483
485 877 364
267 317 9
819 201 793
876 29 628
226 309 201
895 925 955
321 17 709
993 961 611
884 1 477
888 904 433
192 559 1000
365 247 13
393 985 201
932 517 961
687 271 999
728 121 573
697 296 912
361 281 650
157 575 401
701 909 217
988 898 987
217 871 679
199 607 793
355 186 503
345 571 828
554 272 237
569 73 941
441 694 15
586 701 601
453 895 577
727 496 817
965 118 337
897 446 957
126 508 1
326 771 956
837 698 961
687 425 73
521 451 931
451 669 511
601 247 789
915 611 444
102 41 785
761 887 947
481 647 570
745 296 449
718 957 850
831 926 537
551 86 53
749 913 316
425 809 301
446 129 921
489 561 584
696 921 681
789 992 781
777 966 65
161 682 439
717 907 911
819 594 241
967 577 161
729 351 512
593 945 651
201 681 903
675 608 211
414 228 721
705 307 292
409 191 576
353 494 161
105 131 919
887 528 724
522 417 943
129 34 561
922 401 382
286 256 981
852 188 129
649 915 897
699 757 639
215 538 371
312 867 724
542 43 399
785 153 777
561 612 97
667 514 657
886 321 851
269 397 785
631 678 821
765 439 489
571 353 635
719 807 231
567 333 421
113 312 281
157 9 290
55 451 541
49 276 783
284 637 293
161 144 656
297 519 489
376 13 941
99 209 1
809 966 162
228 447 745
277 153 201
906 421 538
549 29 53
32 81 777
75 119 757
401 281 634
65 793 737
353 810 783
169 969 663
953 773 6
647 153 441
751 737 53
401 125 561
341 765 319
278 577 410
480 345 48
603 941 621
697 201 331
876 708 647
391 952 697
343 911 431
548 417 1
113 49 43
322 251 749
816 305 881
905 886 477
855 598 759
418 205 957
273 561 31
207 227 626
413 100 969
877 660 985
182 188 542
917 601 949
51 956 210
221 377 779
453 613 705
432 896 412
949 686 144
331 183 377
918 51 687
543 582 185
644 121 501
926 895 169
800 100 749
590 173 247
911 987 296
733 635 668
669 742 401
751 543 785
473 955 1
157 421 479
261 736 81
901 763 461
976 240 772
967 663 995
265 57 879
555 257 536
35 180 299
210 269 856
713 356 681
356 902 281
889 211 291
421 689 165
46 497 193
956 608 705
302 556 445
103 377 633
113 689 641
149 173 113
511 561 785
910 341 321
89 761 41
81 604 439
821 728 141
326 561 476
517 988 529
456 887 886
951 737 729
801 231 256
907 25 1
405 600 151
886 477 226
691 725 801
397 921 584
85 989 476
1 659 430
937 749 864
241 357 72
827 649 241
857 601 367
682 250 133
275 236 809
505 421 161
681 789 209
537 549 786
401 75 1
526 263 541
979 927 996
553 532 480
651 152 749
416 159 569
398 801 979
688 641 221
746 398 345
76 641 11
133 41 559
491 977 421
749 956 394
626 447 345
136 326 135
485 99 878
761 9 650
962 919 805
961 685 520
193 525 715
546 697 801
110 445 731
126 299 127
11 93 611
895 405 509
618 573 1
1 792 493
376 233 961
256 937 968
577 945 536
285 411 585
62 801 913
428 317 449
401 89 486
567 441 497
997 649 551
751 371 750
880 245 781
11 111 581
899 467 500
634 174 737
260 975 669
192 237 273
127 116 337
793 906 813
505 487 409
633 763 511
824 881 676
362 850 89
721 651 373
757 453 35
135 433 670
203 841 431
961 17 26
841 227 809
761 526 929
489 939 751
658 25 511
769 849 344
13 819 950
371 247 466
806 145 293
211 921 501
555 866 765
47 933 341
958 943 813
413 111 353
411 394 535
118 817 573
576 605 209
269 460 456
642 877 65
571 741 896
521 205 317
761 69 646
249 31 592
989 976 411
955 669 191
563 981 483
995 319 533
810 563 157
781 845 223
249 707 709
477 617 85
533 701 785
605 441 753
345 31 93
475 247 539
999 422 673
663 277 87
403 576 902
917 497 126
759 625 487
751 825 621
561 583 533
416 409 352
881 319 689
391 961 797
2 224 525
80 149 721
271 911 856
999 1 645
405 906 370
261 340 633
793 972 769
870 904 696
915 861 297
981 190 540
351 537 419
57 355 836
856 991 717
193 505 664
677 500 392
273 816 982
295 648 516
701 765 341
561 351 665
595 653 726
537 446 476
261 243 177
1 851 410
551 761 601
221 539 9
253 437 699
536 513 391
45 935 236
665 341 122
321 607 831
583 739 453
339 600 457
69 105 481
719 474 529
119 865 245
836 802 874
135 815 271
989 640 1
361 674 234
408 631 147
269 127 321
717 161 231
421 761 211
665 161 216
983 35 34
758 511 43
157 121 956
987 625 68
693 336 638
996 876 253
871 366 651
671 525 91
53 909 755
781 281 249
951 71 751
241 256 625
753 456 991
641 173 717
416 165 257
575 836 8
942 721 191
723 365 150
989 737 591
699 654 330
503 1 865
109 737 292
216 233 641
999 961 491
335 629 801
326 880 93
93 224 421
657 172 331
241 730 751
536 965 361
29 249 393
433 535 881
875 26 272
335 617 224
621 721 977
181 443 425
50 558 727
747 257 941
448 761 565
857 682 340
425 292 15
63 721 969
747 951 791
521 445 481
121 69 330
505 226 931
842 997 121
549 371 491
565 557 809
457 81 342
211 553 497
429 737 507
181 39 826
802 577 872
776 806 985
680 829 79
113 1 696
9 415 926
701 683 273
799 31 9
785 383 173
864 713 827
521 84 127
865 993 774
369 840 215
476 473 633
596 429 561
936 548 656
158 393 251
701 121 497
991 826 90
931 966 681
261 677 561
941 635 890
191 217 576
501 873 433
631 316 37
115 391 601
819 761 897
477 783 935
696 609 437
523 244 311
909 786 141
257 846 561
873 321 545
533 593 988
219 526 201
861 873 929
369 975 69
273 821 357
579 774 1
653 957 777
363 291 259
401 376 292
9 664 40
531 212 641
497 471 201
18 263 776
921 667 571
851 80 291
897 26 241
499 827 473
562 826 97
1 872 491
319 49 641
781 537 931
297 306 691
529 981 201
759 281 273
387 596 232
465 897 621
108 343 663
393 932 550
520 687 865
564 121 42
367 661 939
261 291 961
641 297 705
986 334 773
157 905 687
491 456 487
569 81 199
309 959 789
521 897 317
471 452 896
217 365 733
751 651 553
841 151 547
442 268 781
365 161 427
643 921 977
941 858 650
65 21 377
849 708 569
721 831 318
281 851 794
897 45 581
789 73 296
217 733 5
901 247 310
265 752 745
177 620 301
352 189 785
105 837 464
145 835 677
987 1 165
834 153 849
308 777 942
41 310 433
771 497 153
396 816 366
911 659 260
599 8 776
535 549 873
617 417 526
395 241 781
817 41 553
757 273 663
868 994 674
639 206 226
925 381 991
778 873 437
655 225 402
401 751 541
899 656 501
173 159 681
817 541 761
745 535 229
969 417 441
305 541 781
161 721 254
481 621 46
167 943 75
433 608 869
305 387 961
553 804 365
335 826 601
193 385 801
572 145 812
721 561 391
436 361 299
276 160 998
521 954 501
376 25 206
609 82 856
421 661 907
73 373 123
569 500 473
102 630 761
122 310 611
390 376 841
772 992 351
509 701 233
945 945 995
571 500 697
251 945 769
179 755 486
50 467 498
673 699 920
922 585 553
826 861 503
517 209 737
825 715 903
741 217 902
623 1 583
160 223 420
43 981 307
481 128 799
983 889 21
618 530 285
521 857 569
1 521 341
599 978 725
809 771 245
645 21 684
433 673 761
911 641 826
332 870 161
243 981 443
321 473 493
169 558 694
709 297 83
157 969 161
885 321 917
41 415 745
341 265 720
701 61 611
705 783 377
906 741 775
149 980 501
15 305 565
429 841 588
866 799 801
377 113 137
807 897 180
866 665 261
743 101 785
31 446 269
308 898 961
200 675 939
801 897 601
19 725 684
681 979 669
300 833 331
746 645 901
141 35 789
717 258 741
1 907 337
193 10 731
865 510 397
892 435 793
381 201 889
134 69 231
851 413 212
990 425 877
275 993 141
67 985 61
629 353 177
805 737 309
201 109 361
217 742 809
488 676 548
351 956 11
257 919 449
456 45 59
91 141 529
926 646 311
759 905 605
601 1000 779
966 801 945
349 175 741
789 849 871
837 851 537
243 661 205
509 721 526
103 541 434
194 298 17
81 468 206
601 951 405
429 513 105
512 371 455
559 581 561
105 804 218
275 565 717
813 85 309
829 202 262
771 581 563
613 777 641
620 251 257
302 281 685
813 564 64
201 591 196
449 585 368
677 918 401
317 551 573
113 791 166
781 651 573
449 191 908
955 951 941
831 421 899
835 303 484
341 231 105
61 397 759
267 250 93
765 205 764
682 800 701
265 226 207
593 190 505
295 745 661
501 77 649
106 929 409
976 173 161
745 156 23
816 847 708
329 385 562
602 203 566
320 111 628
161 10 601
803 116 686
541 508 201
979 313 183
287 119 251
902 671 409
573 525 281
476 919 751
353 79 437
249 929 101
905 937 208
501 339 447
651 655 621
256 285 105
286 313 905
659 805 429
275 498 442
751 280 41
481 405 939
211 41 448
40 241 579
16 219 161
411 677 849
681 214 209
169 729 289
186 175 1
723 441 921
733 329 285
926 290 301
695 630 969
681 862 409
731 851 525
569 255 869
407 316 383
717 288 419
495 572 325
273 119 632
603 317 811
593 789 745
125 617 826
531 729 385
443 176 228
926 885 786
326 832 318
801 482 489
451 901 405
953 420 621
301 991 589
945 73 551
761 712 706
181 905 101
433 864 32
302 227 962
119 659 493
733 921 465
177 86 167
518 221 289
668 81 621
881 613 211
239 563 355
155 328 249
893 563 472
501 911 941
995 991 625
701 697 121
385 923 869
341 497 740
41 841 821
851 71 421
843 769 961
1 731 277
63 207 207
529 19 585
287 241 541
637 201 537
85 136 681
103 605 425
557 100 696
569 796 820
993 744 65
603 465 31
383 851 1
161 726 49
491 881 54
717 579 704
337 559 546
543 351 6
606 371 985
81 507 809
101 341 494
881 281 815
38 301 171
709 389 265
65 849 382
689 781 624
700 880 721
249 251 226
421 642 153
314 334 507
51 179 347
385 345 593
415 601 861
881 139 623
495 762 86
5 633 485
342 899 621
507 385 488
373 286 222
385 89 471
521 172 397
857 345 307
133 581 126
677 630 953
791 25 997
377 657 811
761 890 64
43 818 367
105 635 337
239 989 561
858 97 653
751 79 373
259 520 709
704 731 71
28 527 197
738 966 34
858 449 33
886 266 355
877 121 617
435 22 706
289 144 495
785 744 667
385 197 467
159 43 1
68 465 883
761 371 509
948 976 421
137 919 945
446 505 177
857 361 26
855 779 393
831 833 33
521 517 967
859 519 361
59 957 239
349 845 421
39 391 61
557 154 51
741 641 323
537 741 631
525 654 457
628 68 893
725 569 893
881 361 117
753 929 656
491 473 437
649 221 161
321 457 115
176 933 375
103 137 401
241 861 121
849 835 714
126 721 227
188 577 826
6 761 177
636 793 656
892 761 821
541 23 886
463 841 127
457 96 251
579 718 611
217 717 681
986 551 957
813 803 646
187 246 241
505 411 343
761 783 153
933 339 49
329 669 351
663 986 734
425 737 616
157 493 121
150 116 561
529 653 613
313 901 375
521 192 161
246 673 981
981 291 623
807 196 775
519 1 244
401 861 1
601 713 661
281 533 149
73 161 141
201 745 853
261 975 895
455 258 861
621 267 671
166 601 625
771 817 397
55 879 871
501 993 367
901 197 669
877 333 719
387 88 431
745 59 331
950 961 1
683 331 872
401 656 276
553 585 937
957 251 73
409 201 975
647 83 831
715 263 926
616 489 93
465 49 42
291 928 157
66 161 961
113 749 841
747 761 657
833 905 589
105 993 526
245 693 791
797 99 357
947 922 784
345 953 501
939 281 963
61 151 781
785 631 169
271 121 1
505 647 597
761 907 737
977 444 1
503 521 800
523 636 791
809 160 293
21 261 305
241 216 587
302 61 186
694 206 951
61 1 379
801 876 19
207 426 23
695 885 356
177 825 431
256 289 161
873 983 265
