3378
728 161 636
649 224 481
505 814 169
679 498 964
144 973 581
285 70 251
821 119 840
529 373 969
371 197 561
513 571 326
911 41 921
526 8 385
837 294 957
461 573 611
710 703 51
487 251 713
333 997 213
887 396 731
205 1 705
974 673 676
671 521 26
351 77 876
429 391 29
225 291 657
151 391 194
985 401 272
905 691 641
306 647 582
981 191 333
432 14 146
902 626 599
811 478 681
305 987 121
801 32 886
209 466 531
391 137 483
441 619 293
979 871 951
713 859 825
65 772 425
679 117 581
319 488 833
627 302 979
153 143 465
351 628 838
533 126 77
436 100 681
671 919 554
133 347 679
646 345 58
632 878 832
520 520 741
560 169 217
391 601 227
841 214 261
330 353 541
857 723 771
89 751 868
601 897 684
193 467 376
951 769 495
516 925 521
609 985 433
427 14 744
65 36 321
625 756 174
713 652 993
871 513 775
286 502 538
367 865 657
309 807 727
804 362 986
257 141 769
76 195 441
935 216 710
607 201 176
193 266 421
406 785 857
839 690 313
940 61 903
305 441 756
286 282 250
561 817 1
866 265 561
934 585 351
189 701 351
873 241 189
947 879 574
901 447 345
356 652 928
865 743 761
1 387 657
894 427 977
277 885 389
393 631 401
997 291 395
409 37 359
229 666 654
915 141 769
185 485 916
447 288 891
374 992 686
57 381 307
93 441 699
613 569 633
41 841 481
501 658 151
885 905 201
189 63 800
265 520 891
521 251 29
65 571 218
589 399 357
76 953 649
501 417 207
713 94 491
145 134 231
707 961 706
396 429 211
981 153 378
375 233 116
321 201 881
59 926 337
611 607 491
715 793 201
201 299 785
401 651 417
241 151 201
108 166 399
409 636 891
61 737 182
478 79 551
377 345 709
465 381 934
141 111 437
689 191 541
265 593 316
729 801 521
545 625 824
73 761 749
171 602 269
877 81 917
341 577 91
497 656 121
765 279 882
879 121 184
293 769 364
676 361 281
518 973 705
739 89 666
805 299 629
235 831 80
465 467 907
923 686 985
841 145 351
609 208 177
741 681 539
121 314 191
693 243 401
981 141 311
9 305 777
575 493 461
499 638 889
407 561 498
801 271 125
673 1 597
806 985 648
123 797 381
791 348 525
351 813 705
459 473 959
946 185 537
585 921 601
691 436 834
901 61 312
177 120 631
889 47 227
301 961 790
329 355 289
739 601 501
257 608 573
383 867 949
41 801 625
158 577 709
325 191 219
457 851 681
373 880 21
293 399 140
425 277 685
631 989 718
217 834 61
869 681 420
501 777 209
478 309 445
881 415 153
31 66 21
577 771 678
619 463 568
283 195 291
761 433 940
897 589 909
155 846 696
1 953 221
793 334 698
153 497 1
146 863 251
545 116 921
774 331 153
686 33 721
375 141 797
301 523 706
535 775 38
687 809 105
461 965 345
41 757 489
525 977 599
1 206 255
383 377 503
366 195 929
680 451 564
423 753 922
646 333 300
345 479 876
415 666 741
755 450 84
333 537 121
999 725 89
791 121 546
831 161 97
224 441 234
732 454 311
617 916 952
143 553 751
101 5 825
665 537 538
377 815 994
501 5 529
805 278 71
641 725 302
80 585 201
381 291 811
1 717 923
368 26 109
181 861 553
473 171 104
1 409 605
221 453 734
529 671 134
641 213 146
529 911 426
776 755 586
293 561 205
157 921 585
491 951 297
141 601 726
345 881 873
536 56 709
113 393 591
703 705 944
970 120 201
916 78 601
521 61 905
475 661 73
985 767 51
481 217 962
275 939 278
93 237 601
895 121 109
585 241 181
333 817 725
537 949 311
197 53 1
2 443 181
51 715 605
455 869 275
435 279 95
755 1 35
69 687 761
762 911 405
805 361 753
5 122 101
629 621 323
745 637 376
66 440 918
296 195 805
961 191 531
681 81 77
901 217 815
301 125 983
633 535 716
385 26 632
384 408 704
569 259 241
565 151 255
987 373 453
14 337 490
113 206 319
953 595 25
889 864 726
7 861 177
351 523 478
857 601 734
601 63 301
617 160 596
978 33 526
141 443 441
233 105 603
603 973 459
73 241 626
674 155 481
837 571 265
81 473 949
156 434 719
461 723 41
287 395 46
797 321 560
636 631 761
281 307 15
211 927 398
19 993 895
251 271 198
665 266 89
159 971 793
695 980 31
577 85 609
574 401 593
101 109 414
495 201 733
953 526 640
501 227 937
396 659 798
870 12 641
785 240 813
806 776 201
423 951 295
569 641 571
985 895 481
189 621 171
253 491 891
928 709 871
169 733 121
773 297 29
621 384 36
441 129 471
163 442 401
577 535 737
751 835 945
601 85 937
4 278 688
365 12 201
626 224 151
471 233 871
251 217 217
922 956 593
775 509 171
781 513 201
299 657 476
741 745 686
1 241 681
740 114 637
716 241 587
681 596 985
131 657 174
577 901 999
765 739 740
683 413 551
961 3 81
330 405 981
757 61 901
373 197 456
238 583 189
129 273 271
774 469 833
216 316 173
979 348 436
468 353 922
496 436 761
549 521 477
146 908 855
568 280 147
206 401 194
705 351 17
983 739 521
401 54 190
420 213 336
876 173 765
359 723 611
399 309 345
247 72 345
357 759 246
39 729 551
541 525 926
209 313 161
162 291 333
497 240 185
641 993 753
407 261 269
821 699 626
573 723 567
233 382 793
321 771 161
585 54 262
358 84 73
234 511 342
993 797 81
836 961 571
820 936 161
491 217 321
31 91 225
251 167 305
245 864 441
845 351 951
20 350 147
666 967 953
276 121 287
683 649 857
389 161 194
801 543 104
75 94 495
697 723 601
375 93 249
145 432 745
567 201 218
957 501 477
142 943 878
266 486 961
586 848 434
487 416 664
195 751 221
453 241 301
844 561 661
559 861 877
756 473 506
20 94 467
245 953 746
817 138 779
565 951 831
241 570 926
776 619 443
363 105 717
751 889 596
833 647 558
161 157 185
937 86 717
885 841 845
743 801 41
831 215 881
661 909 530
613 32 871
744 401 673
187 549 801
315 677 969
187 181 67
153 967 681
409 745 609
737 331 583
374 943 193
354 953 140
747 453 365
451 9 371
489 596 841
969 841 48
551 342 673
601 259 422
384 561 930
961 657 679
953 554 201
262 402 713
361 437 86
51 561 297
121 907 371
761 863 45
409 751 309
17 433 794
601 969 939
781 321 371
100 986 829
637 756 297
845 905 561
573 691 917
233 191 215
235 926 869
859 453 618
226 874 112
579 413 981
727 225 466
561 157 465
373 201 697
389 441 947
960 734 1
873 637 146
744 685 237
141 513 801
423 236 359
89 509 725
193 210 397
295 876 347
74 817 1
585 945 795
57 608 624
793 253 371
409 201 831
481 558 791
877 543 131
311 961 481
301 759 159
21 410 549
408 873 101
893 346 812
833 881 851
926 713 271
649 658 115
387 301 286
575 521 924
357 35 506
189 1 1
387 377 169
516 223 696
327 842 933
803 819 527
703 692 407
998 557 70
781 121 261
433 701 791
809 819 221
29 414 589
681 609 19
69 311 305
421 517 732
289 169 432
507 43 485
912 643 881
376 513 101
360 719 711
517 473 166
802 599 631
401 57 587
701 517 133
928 265 213
751 89 9
881 931 495
345 976 543
175 821 334
511 401 233
570 898 801
477 81 85
81 393 329
76 771 6
49 101 961
265 801 263
201 741 429
372 704 893
975 651 666
159 331 953
811 201 207
222 841 18
436 753 686
111 941 671
270 891 131
689 833 777
265 213 798
385 633 181
252 166 513
811 265 447
305 411 864
497 425 209
533 131 951
269 561 341
386 213 25
281 911 40
411 356 9
179 301 81
293 675 13
767 188 210
749 689 933
766 17 487
691 194 987
933 671 565
541 541 673
409 670 398
467 550 237
961 876 158
401 484 489
411 322 874
674 427 111
33 871 617
181 869 771
609 337 297
801 605 85
731 107 461
129 988 398
321 726 137
763 871 69
55 621 901
627 279 635
25 526 307
801 521 211
289 841 434
697 406 959
184 859 257
273 517 681
457 73 348
60 747 422
339 105 371
581 417 841
156 871 801
641 697 79
729 265 486
516 801 741
677 111 901
795 901 813
557 315 782
806 556 329
447 81 827
39 205 196
81 901 377
53 729 77
701 297 131
871 81 46
859 769 241
481 778 1000
289 522 129
211 26 543
725 961 941
657 841 817
421 933 875
457 701 715
961 621 624
357 59 351
157 816 761
598 185 362
277 905 281
657 899 897
337 666 283
987 585 817
896 993 546
199 539 221
466 370 641
506 446 879
121 311 889
463 771 865
105 409 481
545 769 504
55 65 239
157 371 614
136 179 601
961 581 457
531 453 753
201 43 871
237 699 937
621 66 535
330 756 942
565 305 565
493 93 137
26 613 602
683 945 945
280 637 795
985 624 161
633 61 671
247 91 349
350 187 848
101 948 281
317 467 811
313 219 675
357 969 645
766 185 451
931 134 685
617 239 865
534 76 77
949 233 351
601 959 469
505 983 681
649 229 773
600 871 303
763 387 305
206 737 696
462 26 85
697 987 529
996 581 703
778 687 551
297 369 846
697 624 249
31 245 951
180 947 185
184 991 569
527 977 280
19 1 301
175 729 401
745 762 881
352 231 251
91 265 297
336 611 857
555 981 303
701 466 531
947 589 927
893 921 701
961 12 351
221 278 661
625 239 148
179 153 233
611 81 895
641 465 420
287 696 484
146 648 49
541 937 498
377 961 945
173 451 861
41 176 895
756 665 501
911 377 253
441 641 295
466 847 51
285 865 683
1 326 608
21 636 103
565 215 897
661 855 953
49 801 513
246 521 954
510 973 176
665 317 11
197 190 591
639 81 881
240 202 881
309 449 648
134 809 521
569 553 641
773 893 411
701 184 861
111 430 873
893 191 556
391 417 825
801 521 146
966 201 101
741 529 511
243 805 665
553 53 925
493 668 961
167 237 919
969 71 433
266 451 116
729 707 311
186 953 967
52 776 789
571 561 735
733 565 801
72 561 154
93 83 913
839 959 641
641 577 737
838 875 233
260 761 113
107 856 44
522 384 281
804 429 721
824 667 883
261 759 841
555 497 846
655 227 648
131 879 771
889 966 396
699 582 163
577 539 733
251 774 78
701 481 641
817 135 29
951 389 481
73 628 964
351 249 651
203 893 465
851 69 289
923 671 816
657 501 25
53 889 860
181 73 510
702 441 176
931 907 13
601 276 886
70 941 111
905 709 81
701 31 413
861 71 504
165 779 502
815 443 611
235 541 711
121 881 491
825 251 212
806 531 31
401 81 224
826 317 173
487 871 371
347 941 853
659 113 321
233 280 578
70 131 467
41 1 471
426 665 27
707 641 498
257 937 185
297 956 618
842 765 587
939 933 467
817 809 625
261 251 963
610 401 706
275 486 721
1 751 8
841 233 322
667 281 701
151 157 345
1000 617 451
345 764 735
769 323 814
373 643 409
988 256 830
656 761 397
553 305 921
721 632 681
561 973 3
1 323 125
285 661 737
441 15 165
185 201 86
956 913 501
547 161 999
17 322 729
441 82 231
975 316 781
415 553 395
7 609 653
195 799 941
838 31 351
461 513 448
66 243 773
427 559 635
179 281 945
265 393 512
441 777 870
885 159 827
191 965 641
341 999 693
497 559 441
537 299 785
779 866 857
809 671 77
19 343 495
201 578 662
321 761 866
282 271 541
463 797 25
275 720 166
810 647 674
92 349 676
546 833 21
261 893 127
451 757 931
685 315 741
671 565 633
21 64 77
881 881 109
611 857 148
145 762 301
244 877 329
299 630 707
880 46 648
821 690 740
751 701 621
521 441 860
174 511 321
599 522 759
129 400 47
431 426 775
745 729 47
711 912 323
593 316 445
772 761 798
246 403 564
471 632 763
12 789 532
157 241 359
808 915 876
105 823 49
299 765 37
669 197 377
582 241 224
353 545 723
281 253 447
545 9 257
337 721 547
561 474 691
685 261 797
421 13 50
441 766 659
389 361 521
269 93 450
537 413 13
21 297 155
549 216 129
379 807 286
481 377 81
70 391 672
79 106 33
901 568 570
321 31 686
616 657 697
776 821 677
567 819 301
51 27 155
721 676 245
861 533 259
305 129 418
751 209 912
647 493 289
767 275 601
230 275 969
812 796 856
607 452 375
286 619 380
489 479 873
921 821 65
993 567 111
41 969 903
637 931 105
961 995 681
689 651 529
721 517 325
706 391 619
87 21 339
381 231 545
599 889 241
979 387 351
729 35 274
790 265 883
519 311 713
304 344 407
681 251 149
689 201 511
965 17 809
201 809 971
371 870 651
301 373 789
241 609 445
642 191 473
41 594 166
149 145 699
907 41 381
859 916 473
466 656 894
808 131 83
910 773 101
933 626 445
276 809 893
885 355 326
569 766 863
768 968 281
126 401 305
384 984 443
861 541 534
200 633 145
930 137 703
817 745 789
285 591 885
927 638 901
31 81 1
312 892 965
83 513 9
255 206 341
856 20 129
404 551 161
447 583 460
25 911 841
170 145 516
899 777 769
345 541 127
365 692 737
541 533 635
84 861 64
901 815 139
108 114 523
423 141 237
741 885 313
19 673 966
323 376 339
319 971 340
153 401 736
241 126 258
561 677 855
934 401 430
933 541 73
1 637 376
681 593 351
585 229 513
1 9 681
625 641 271
323 133 543
817 537 994
82 971 215
565 633 521
681 716 81
926 337 1
356 321 516
261 11 201
286 835 551
386 673 239
761 351 705
229 118 971
347 697 185
113 673 606
469 605 916
815 671 526
177 416 642
493 882 886
721 1 243
879 390 233
841 617 446
49 991 443
15 483 771
257 547 153
654 813 724
107 331 310
146 471 896
281 607 649
479 20 456
985 249 801
69 66 273
708 551 551
369 281 888
469 309 499
597 407 623
145 212 153
66 465 113
163 721 753
493 51 532
927 481 646
653 883 785
341 841 818
201 909 293
477 127 845
397 549 846
792 741 761
747 547 726
851 978 337
241 701 791
405 416 865
105 556 826
513 653 301
401 452 703
629 395 726
677 475 277
381 860 501
81 521 491
508 81 380
521 321 177
815 909 33
989 436 553
931 947 992
289 941 606
215 531 683
161 593 916
477 121 688
489 76 636
331 655 473
850 641 669
289 93 801
506 47 160
289 970 89
973 159 143
285 759 185
817 272 974
64 265 625
481 449 966
681 813 761
499 956 999
27 757 490
656 726 37
401 313 322
751 791 161
375 216 66
252 899 960
831 433 139
947 135 621
457 258 236
519 393 443
682 801 177
241 623 403
289 879 608
948 669 473
158 982 629
573 913 542
813 346 446
345 41 206
101 209 461
217 382 994
463 955 25
701 1 247
377 962 497
855 430 202
65 273 393
501 941 224
453 463 751
428 546 173
627 244 357
213 191 419
691 889 712
857 863 153
893 11 802
381 71 521
464 928 557
265 321 801
192 341 968
1 813 216
633 199 145
667 357 954
73 633 872
321 585 111
621 945 741
681 611 977
376 833 31
96 849 236
317 809 113
607 815 7
281 596 525
163 387 812
246 990 221
638 633 585
361 693 773
196 680 841
121 601 751
305 605 48
240 946 347
482 479 765
865 866 253
877 513 16
166 729 333
386 369 136
905 728 257
761 234 239
43 346 655
543 255 54
657 545 953
781 335 521
641 549 933
561 841 532
886 369 1
724 201 353
365 497 405
557 509 37
761 509 697
271 88 245
362 493 481
11 381 601
113 49 271
263 723 901
621 211 740
877 148 475
329 741 761
374 341 101
855 153 151
382 596 771
317 811 461
975 891 969
733 433 561
179 931 382
809 199 403
319 578 85
543 193 329
105 695 538
593 892 258
213 851 189
270 325 313
141 483 451
187 684 375
601 68 233
41 755 251
653 633 115
286 551 701
651 107 609
767 793 629
551 37 124
425 921 721
357 257 351
76 217 341
951 524 483
749 83 481
361 926 247
405 157 418
185 891 36
240 626 921
139 866 95
458 93 929
261 51 761
257 737 207
851 73 81
861 876 417
5 802 476
421 872 62
201 521 33
961 281 621
53 537 381
326 916 212
406 681 951
201 721 561
413 401 621
533 953 351
769 761 715
217 833 201
1 965 410
358 881 551
245 686 945
481 126 141
751 797 31
390 583 301
521 423 433
633 284 933
808 487 269
730 937 472
409 81 441
795 53 461
209 366 171
167 513 847
244 961 606
826 521 311
275 486 616
935 713 609
453 741 491
751 531 736
715 633 905
101 291 815
601 830 873
17 187 121
976 910 913
999 601 171
811 4 516
641 323 949
393 605 471
982 851 896
362 209 521
816 581 429
608 162 44
175 297 928
773 161 267
473 270 493
358 445 595
310 389 545
418 251 226
663 905 887
353 111 477
879 778 53
183 225 521
877 897 906
271 611 701
229 751 536
682 981 289
11 276 453
945 108 8
217 572 455
881 433 497
409 803 905
897 286 841
655 851 725
821 723 9
841 164 543
704 595 201
785 955 645
105 857 245
221 222 708
216 121 787
310 921 9
794 139 676
1 134 475
418 664 235
255 551 739
185 180 187
885 899 969
675 177 401
935 813 631
281 999 825
897 974 235
89 601 261
753 881 585
827 627 31
209 657 413
895 617 866
167 57 751
961 337 483
763 161 659
255 745 652
571 499 196
666 904 901
749 656 150
201 398 61
606 664 821
609 102 829
755 590 366
441 857 638
129 91 556
824 527 862
711 420 781
923 876 425
727 149 2
242 596 41
433 69 936
669 251 157
901 633 286
153 771 522
906 504 506
389 108 669
347 577 997
725 986 406
141 519 81
616 823 931
733 465 245
535 819 261
801 913 587
281 689 691
57 649 777
257 785 981
825 521 3
362 377 137
85 637 506
737 709 291
246 381 947
953 141 232
553 349 441
685 201 70
556 429 409
451 641 774
76 387 451
156 311 85
501 251 409
569 901 212
205 654 663
219 401 602
175 380 631
575 406 951
738 161 351
226 817 965
321 705 953
181 517 561
818 290 729
859 296 861
101 609 114
717 440 239
134 703 156
717 856 949
241 301 605
663 421 424
155 793 782
441 229 529
389 623 896
949 871 893
433 737 224
725 745 961
25 753 721
496 176 812
215 137 956
638 275 541
707 509 440
303 756 291
31 3 737
159 252 526
605 530 759
417 141 581
689 121 553
195 664 697
61 649 425
475 121 817
251 457 601
61 391 336
543 597 245
157 121 417
444 303 36
406 110 352
729 203 889
225 558 617
543 781 547
861 801 163
905 549 1
127 223 406
286 763 814
233 877 1000
843 649 977
183 407 991
713 354 977
666 377 729
29 201 979
321 505 369
395 475 465
549 163 524
646 122 632
935 546 140
831 751 373
647 973 887
41 553 521
61 427 440
263 12 81
445 413 873
743 657 994
905 831 306
599 201 321
491 741 876
769 969 9
354 457 606
917 601 481
643 397 633
617 735 689
893 189 338
201 589 97
267 846 193
161 619 499
639 576 424
481 381 989
301 141 833
84 169 913
647 431 281
376 585 541
371 217 694
155 747 509
791 525 806
481 869 907
845 465 189
995 975 411
674 141 917
26 14 201
518 449 876
971 769 783
734 501 964
829 49 21
861 500 495
169 946 490
801 506 858
753 841 681
885 956 759
737 675 437
631 525 697
126 913 674
225 603 47
713 170 521
153 713 930
635 451 607
275 81 865
801 483 260
857 643 421
955 29 509
331 37 631
676 738 929
609 91 991
897 825 691
275 361 1
481 795 267
434 215 236
386 721 249
836 773 781
737 881 31
713 351 701
653 865 663
901 129 253
778 641 753
913 56 484
196 501 776
15 159 65
381 889 129
217 53 560
737 361 411
379 221 97
865 45 349
801 969 282
13 745 585
711 769 145
464 567 44
29 401 378
226 465 957
621 519 257
782 509 451
115 758 90
296 281 81
37 488 953
1 496 81
840 953 921
729 784 787
175 453 704
651 369 116
217 851 15
61 134 713
120 976 817
601 713 802
599 617 945
689 513 431
355 836 893
713 769 806
856 235 506
472 669 901
721 92 502
461 793 567
589 345 489
9 751 220
196 681 686
876 419 967
192 377 10
601 783 57
261 225 237
791 641 351
542 506 133
101 993 741
641 738 796
3 481 985
955 567 523
988 161 173
193 153 291
97 309 89
537 763 85
675 641 343
991 845 981
22 340 873
957 361 597
321 878 706
209 451 217
325 237 76
326 621 973
577 706 581
809 3 881
204 257 15
697 148 61
395 517 795
133 756 261
241 646 61
23 227 989
596 967 3
33 345 141
771 475 672
513 98 621
319 624 161
781 543 68
323 857 307
601 578 685
305 754 226
255 764 461
41 951 59
541 601 321
401 212 356
895 40 151
776 741 578
891 31 597
773 471 273
961 657 597
531 433 521
111 13 601
635 782 103
821 537 341
352 401 449
507 999 617
140 716 22
745 89 801
571 615 340
951 769 209
185 466 1
501 724 713
281 38 81
850 731 633
777 351 806
255 824 581
851 171 41
476 66 821
825 1 981
404 232 997
726 878 562
897 810 751
349 863 971
909 69 569
164 861 496
369 105 577
714 845 277
761 695 273
438 96 886
921 666 29
401 431 87
297 89 213
409 666 863
265 804 736
157 33 492
495 379 310
936 827 585
421 396 313
337 907 89
959 425 717
909 897 125
356 419 501
615 797 617
89 914 531
106 40 381
347 129 134
891 585 260
541 888 986
585 189 467
885 593 57
201 626 825
804 982 457
51 846 161
646 636 505
526 613 126
471 841 439
37 493 661
653 465 303
652 649 27
495 349 161
807 25 28
416 169 846
478 498 649
497 321 451
264 706 201
586 511 333
782 927 65
301 876 637
555 237 781
609 306 43
709 790 1
48 321 510
491 981 73
951 901 301
682 553 341
201 504 913
95 330 361
676 376 609
780 51 217
971 177 741
417 521 353
800 861 444
720 435 792
243 851 841
276 151 991
323 766 581
113 891 798
739 905 317
626 985 513
643 592 221
233 79 620
301 411 11
840 877 913
161 941 309
433 725 716
604 577 477
951 26 931
745 283 751
173 556 864
966 106 680
326 221 309
963 287 177
175 73 481
271 679 479
65 111 445
621 249 825
521 827 97
837 961 789
355 975 117
933 216 553
425 393 977
151 18 485
121 289 590
905 199 661
441 385 191
478 275 831
213 75 132
261 361 320
205 301 6
367 209 900
268 4 369
121 900 166
927 171 563
231 583 593
321 267 669
229 21 593
706 305 361
193 961 359
809 79 469
747 157 225
645 49 75
945 11 237
356 97 411
191 521 345
83 209 511
973 21 833
543 721 89
409 594 641
423 857 793
448 716 876
424 386 181
293 624 199
613 491 501
561 69 182
429 361 816
381 183 751
406 535 850
304 821 681
808 993 3
217 797 577
810 601 212
81 635 570
523 801 985
633 712 293
909 36 961
104 634 131
191 213 233
697 358 703
122 667 289
798 41 545
205 255 346
85 841 76
329 249 275
459 456 281
801 49 625
229 281 563
702 345 191
551 999 827
725 406 56
79 295 371
111 497 233
187 673 169
441 331 166
381 361 589
121 897 984
441 465 101
881 257 295
437 777 681
201 868 417
785 475 331
465 785 982
137 799 481
178 100 298
485 148 569
901 961 794
981 174 404
361 505 901
759 601 969
817 601 361
792 671 789
955 529 382
721 562 749
64 835 831
211 601 226
564 717 761
306 57 617
432 395 445
581 180 152
101 927 741
737 571 937
333 217 197
217 765 953
231 191 662
17 836 300
769 353 841
138 563 925
225 237 792
470 767 448
683 653 281
761 184 777
1 342 321
304 149 954
457 536 180
681 45 415
676 29 245
397 467 826
408 481 797
423 44 137
693 23 330
713 777 936
467 417 89
837 847 273
103 256 889
681 449 933
175 753 825
204 423 621
20 577 341
251 889 273
81 537 401
221 989 315
5 431 723
756 241 577
287 229 529
92 81 9
951 871 325
666 536 105
46 1 487
63 161 881
201 903 528
701 811 601
649 16 337
865 416 951
777 885 881
221 317 705
199 777 821
561 777 743
389 488 721
73 431 877
862 896 876
979 297 816
202 999 261
885 401 967
893 414 1
261 593 207
537 573 437
645 889 391
645 187 335
526 641 144
69 815 389
153 833 973
312 437 439
341 709 329
585 701 625
233 997 911
908 589 66
989 512 266
229 901 836
61 996 68
867 726 869
705 865 921
929 181 670
709 893 776
99 173 594
70 47 737
307 229 313
447 499 942
141 205 951
599 113 579
489 608 541
412 946 361
267 871 989
1 960 163
455 191 959
288 327 426
489 877 239
564 178 917
751 635 415
837 831 63
751 388 894
28 205 549
726 153 610
625 257 846
676 361 886
689 827 243
616 983 858
715 414 263
840 594 251
753 267 230
833 776 801
312 714 629
615 201 281
177 661 40
269 1 28
529 823 457
397 889 471
683 585 672
731 881 349
241 41 391
779 269 616
577 953 244
422 761 841
408 858 761
63 831 431
67 645 926
485 501 699
485 733 756
267 837 385
483 241 441
396 357 836
906 901 273
759 989 875
193 993 629
81 881 427
596 521 981
672 608 265
768 943 888
173 543 701
921 601 657
108 133 145
511 743 919
416 153 701
361 368 464
121 401 994
981 671 961
493 461 921
836 386 531
177 591 231
423 47 505
147 698 535
617 971 572
562 376 397
577 913 429
705 950 631
298 733 385
157 751 705
415 368 921
141 22 441
681 134 293
70 988 865
134 851 156
837 698 873
111 521 665
417 3 99
211 181 415
801 15 13
451 763 948
878 801 17
153 279 331
681 255 162
545 696 977
526 413 626
399 614 649
911 286 301
621 9 36
137 497 277
702 601 521
201 201 552
832 1 385
461 408 741
665 886 921
545 946 991
861 139 831
987 786 569
647 401 337
41 15 640
849 561 667
257 97 551
331 832 571
446 380 241
289 595 268
345 23 192
977 446 169
401 659 95
951 744 812
242 465 567
57 970 849
26 225 950
326 568 429
236 892 521
105 683 801
43 461 487
679 610 299
416 451 716
118 395 215
569 881 969
57 692 41
83 434 337
926 401 411
549 517 393
127 126 541
501 879 241
459 585 947
831 535 663
879 205 421
121 680 681
877 465 546
15 843 757
449 588 415
716 933 669
721 112 824
489 143 409
936 541 421
923 977 601
881 854 138
156 15 945
741 385 1
498 517 66
85 517 589
616 329 961
51 15 101
841 321 506
857 569 929
897 162 463
961 481 647
281 589 398
287 793 1
223 433 997
121 101 305
301 541 983
814 153 490
152 681 416
451 661 821
889 137 323
132 620 71
455 112 769
871 495 271
396 1 441
41 137 819
818 515 21
416 929 321
673 446 181
951 62 647
850 925 901
849 377 951
751 451 354
69 900 761
461 244 721
686 692 270
629 193 837
43 300 458
461 329 499
989 437 129
464 408 668
509 502 872
851 871 521
966 155 639
831 942 841
956 913 157
286 647 161
776 572 845
214 581 839
487 251 744
301 731 652
181 966 489
511 943 313
465 843 321
253 293 311
165 368 385
949 827 725
624 296 156
95 959 19
249 137 855
99 81 984
11 284 355
538 245 456
465 324 489
836 86 289
689 811 483
453 961 981
806 257 153
172 536 513
102 940 101
615 617 257
73 9 561
621 77 761
495 833 185
190 181 369
889 1 241
761 876 23
701 48 613
302 545 364
189 932 529
480 71 798
351 761 329
641 703 760
819 929 17
661 776 71
454 109 898
459 301 281
325 521 680
645 37 924
185 619 222
177 621 328
801 805 16
771 81 721
185 201 151
586 690 861
171 428 305
161 677 473
201 141 33
521 749 618
33 459 849
470 111 549
91 223 796
137 372 352
331 96 421
136 751 393
62 841 771
600 505 381
962 206 569
876 833 571
429 697 687
451 321 133
821 948 602
370 711 769
792 806 711
69 851 6
449 105 170
370 391 245
353 901 768
177 125 403
298 561 441
854 965 251
566 379 151
763 893 331
231 141 301
322 981 841
57 656 941
216 897 857
776 681 152
849 161 808
613 651 257
718 721 105
516 581 241
561 1 446
391 89 593
589 121 551
871 123 190
632 637 581
299 655 21
211 403 140
298 134 825
492 335 349
568 661 289
575 988 233
81 346 101
385 311 89
385 443 463
176 353 516
626 786 881
177 291 917
205 901 131
535 1 254
275 465 791
1 105 202
105 923 577
145 750 769
129 19 175
386 857 271
1 49 520
917 411 598
299 583 810
926 321 797
83 553 45
571 386 845
111 61 93
286 319 533
917 71 601
675 722 471
214 681 317
984 461 441
781 588 376
666 189 641
819 981 856
521 877 349
169 573 966
473 975 520
717 88 67
731 701 687
291 829 931
123 311 141
906 763 53
397 5 591
737 299 693
741 625 845
693 845 297
381 449 681
489 391 261
451 31 619
447 838 929
111 861 751
227 96 134
861 713 782
23 161 151
575 265 829
289 271 477
360 393 976
601 231 41
271 201 349
466 776 901
224 437 465
967 447 64
223 961 797
581 786 682
901 788 409
697 708 129
846 616 368
443 741 801
621 46 340
263 425 651
441 27 596
256 695 181
561 137 856
61 684 336
873 152 654
879 56 948
501 509 501
145 879 185
323 693 198
81 470 796
173 35 881
401 315 202
943 241 393
709 195 329
269 885 587
832 321 423
333 511 660
745 221 98
649 855 511
87 219 589
987 56 881
517 569 73
479 970 609
551 9 917
996 426 34
831 79 671
661 544 401
985 626 994
544 23 603
141 551 57
101 761 999
565 481 427
225 969 944
927 603 810
598 271 219
29 41 996
131 545 388
725 880 582
468 556 925
591 462 555
399 717 947
125 645 483
165 649 97
359 687 311
393 544 841
993 976 415
689 189 373
416 221 833
111 564 912
886 521 135
899 869 606
85 129 511
851 630 706
655 801 985
381 401 188
184 273 121
751 113 123
311 69 673
190 784 253
949 112 61
305 660 851
609 146 167
992 933 969
205 521 817
401 335 1
267 130 344
511 169 624
501 249 657
221 867 705
226 78 351
675 201 381
24 713 661
785 2 12
177 924 751
391 721 401
395 207 7
801 341 617
441 901 522
769 482 403
106 941 209
101 299 403
45 421 793
953 361 718
195 969 841
397 41 651
941 391 978
66 201 448
912 190 337
968 5 503
817 689 968
273 279 278
597 787 705
199 583 121
465 879 901
696 185 603
905 276 951
521 321 702
633 776 679
652 969 489
804 285 825
176 676 216
942 921 11
837 481 873
247 730 18
747 46 241
677 773 73
101 331 106
479 681 312
701 561 761
223 124 469
411 367 633
579 609 105
461 951 7
8 601 421
691 756 279
485 762 309
393 926 873
801 769 569
341 969 116
811 926 497
773 825 241
425 999 69
641 245 581
539 966 145
749 925 41
91 99 827
817 920 404
121 928 656
579 996 201
249 999 897
602 831 832
65 435 179
667 664 163
681 986 993
27 923 497
426 66 481
633 136 323
591 209 169
541 209 163
217 810 667
161 405 761
39 473 881
659 964 936
521 441 677
524 375 671
897 116 126
432 951 241
716 601 346
327 909 795
861 387 745
441 865 225
570 262 645
501 689 551
139 992 607
649 329 911
581 479 509
553 433 245
295 540 776
345 181 613
239 835 561
697 855 747
818 156 877
677 105 291
755 217 41
389 18 906
281 477 105
361 796 257
337 671 934
825 467 170
9 5 581
5 553 48
385 29 293
621 135 838
249 888 617
689 676 965
680 357 729
993 701 936
201 51 157
163 489 429
178 785 633
876 401 398
537 646 177
443 321 841
276 776 526
975 571 724
551 416 184
863 717 49
401 233 542
731 785 141
433 873 57
109 201 63
676 706 362
279 166 274
101 181 631
626 577 557
431 241 914
33 87 589
499 256 717
365 511 401
585 741 505
961 519 525
705 569 601
769 701 605
329 41 510
1 437 566
791 351 203
441 576 413
721 203 353
281 884 517
879 202 793
153 657 321
36 881 676
905 905 295
292 745 435
476 192 558
169 538 741
952 241 566
121 586 272
325 533 491
841 597 155
377 412 441
150 606 921
386 422 275
526 576 49
180 304 135
293 573 681
849 961 571
595 76 1
259 185 801
91 171 454
234 211 466
681 987 792
354 273 841
522 437 319
261 401 793
705 803 751
197 881 830
311 417 111
952 551 436
595 901 835
65 848 831
575 649 613
826 466 149
497 801 217
401 865 501
55 842 829
625 875 381
141 101 492
921 649 801
727 297 970
972 142 873
427 821 971
521 385 917
433 870 942
461 121 91
829 505 721
837 121 469
697 631 73
749 969 136
701 309 419
1 999 329
906 141 831
365 692 933
783 993 821
997 145 772
530 583 249
913 201 153
903 769 844
626 353 21
367 381 961
151 854 309
668 898 993
272 587 251
49 209 33
395 669 788
553 139 397
204 641 547
290 149 509
901 851 573
125 378 565
201 451 329
97 682 299
41 950 589
588 739 297
621 385 289
62 149 903
499 869 860
638 401 381
763 761 221
851 489 461
93 1 801
269 1 229
121 597 73
401 342 329
752 916 436
455 748 931
633 487 577
248 501 907
891 213 777
694 318 959
815 137 269
857 376 51
454 81 977
717 551 245
197 705 167
205 835 729
819 181 301
5 985 654
167 533 570
738 202 889
121 516 190
697 671 13
477 761 321
1000 139 935
871 893 729
577 556 122
475 725 213
405 165 189
181 906 326
651 805 963
661 969 361
948 75 641
966 361 685
557 836 680
321 15 412
841 377 408
861 958 441
445 55 501
801 591 374
421 651 29
665 887 468
619 519 21
239 917 155
163 495 372
157 983 681
261 221 591
635 626 581
861 789 244
226 144 925
73 666 255
401 526 561
23 465 701
149 253 121
554 673 393
344 413 401
897 676 487
944 607 756
969 633 266
226 251 526
376 839 700
817 266 969
539 132 486
21 884 713
563 257 847
391 479 171
126 487 913
661 381 241
956 607 511
201 287 765
873 569 917
369 921 304
365 411 663
995 511 133
520 101 81
286 241 897
891 445 869
867 530 178
839 880 321
441 221 331
387 337 824
520 281 139
232 123 289
451 517 561
841 366 209
369 969 393
26 999 425
651 921 121
853 857 261
894 42 981
583 342 161
401 710 281
139 299 757
761 87 973
839 676 71
645 296 363
911 788 989
825 391 384
51 269 195
81 237 257
381 801 26
451 713 377
707 776 956
54 645 626
126 8 766
129 90 777
667 941 461
801 452 541
893 47 981
601 817 823
681 848 626
861 657 789
321 656 152
646 115 346
255 131 413
717 881 577
881 438 95
726 365 449
340 681 685
953 85 443
31 11 483
171 912 417
117 491 376
197 711 365
75 375 145
117 665 481
89 627 765
293 1 716
729 249 141
171 431 485
3 553 33
113 531 205
87 559 543
489 691 441
31 97 741
709 873 841
525 584 753
367 989 697
317 276 864
161 724 988
329 72 289
51 521 791
599 131 401
553 774 585
251 657 894
461 691 240
801 431 234
943 399 526
646 515 849
665 643 329
821 285 446
801 985 727
662 261 291
5 837 841
833 841 998
673 53 976
452 416 873
401 499 626
637 834 689
458 582 387
611 219 931
489 1 649
255 121 397
825 499 287
719 82 550
541 641 909
406 11 733
851 113 976
141 126 878
1 521 303
329 484 565
601 257 675
221 469 926
173 646 729
303 625 253
81 833 99
121 274 216
75 794 487
713 91 817
447 981 33
882 233 837
151 391 261
739 288 93
904 59 823
772 783 13
562 670 442
410 65 921
966 938 947
621 369 737
291 726 306
201 688 319
273 920 483
361 621 11
335 411 433
676 921 307
273 763 501
76 792 277
625 151 305
246 385 265
201 89 314
847 691 985
495 105 433
561 101 31
499 607 841
603 85 975
109 509 997
471 431 869
877 298 3
357 577 851
201 661 431
693 454 9
596 548 757
133 129 565
73 825 325
161 369 440
659 49 901
121 517 945
841 473 603
920 261 855
743 377 209
521 221 881
905 251 794
926 713 947
916 9 866
886 601 1
140 817 296
932 905 565
493 567 46
423 833 783
761 976 243
771 702 771
889 53 41
186 351 781
789 251 566
43 910 113
585 963 559
841 7 281
557 651 641
641 861 631
167 402 646
697 721 240
269 677 657
438 436 921
273 589 125
761 597 847
209 760 881
358 529 493
781 179 895
591 492 903
119 265 876
881 21 81
113 681 421
233 621 917
361 513 965
681 489 261
309 159 455
775 90 565
389 795 239
270 417 401
531 433 901
23 175 103
461 705 399
469 149 773
549 557 631
747 336 351
145 547 611
654 721 953
571 475 416
537 488 644
793 697 321
101 731 121
601 65 287
975 771 623
691 543 454
128 113 125
465 801 746
11 936 869
890 553 441
73 93 129
955 625 41
921 401 869
465 41 918
669 461 127
141 755 941
27 786 296
161 553 709
723 729 667
589 783 901
489 311 201
735 1 857
249 951 765
505 771 657
409 156 201
127 17 976
691 884 375
721 1000 77
501 981 201
233 416 51
526 309 450
406 926 495
333 137 11
161 340 451
87 818 591
191 693 676
185 625 63
48 361 121
385 559 393
501 301 599
785 311 611
901 221 843
81 268 497
1000 260 311
803 30 21
235 729 109
464 481 545
866 881 901
849 259 949
165 819 987
173 620 951
711 276 909
69 561 700
601 405 285
741 253 233
581 599 820
701 725 751
548 501 984
891 353 218
108 923 361
799 145 951
441 267 925
76 642 961
897 265 593
455 841 881
173 161 536
333 817 596
553 833 66
690 235 95
921 256 537
493 340 501
529 158 25
208 653 141
41 6 497
831 421 945
593 857 873
318 183 603
165 509 958
526 117 313
417 745 686
949 661 152
766 621 57
341 536 569
147 531 356
336 849 937
701 455 648
636 872 192
605 473 921
531 33 496
251 678 705
83 641 833
701 461 436
429 303 484
989 468 706
226 49 769
925 807 640
971 773 119
161 313 331
751 533 573
369 981 413
791 779 737
91 281 157
471 881 443
369 855 543
278 647 165
127 675 586
963 751 877
725 29 950
598 46 853
59 751 507
41 73 441
861 520 841
665 37 905
39 401 450
824 979 808
328 401 129
901 759 601
626 757 911
109 721 185
42 197 355
766 281 207
50 171 790
31 421 734
52 366 17
581 713 622
433 596 473
129 701 9
16 386 149
961 96 295
449 517 297
701 781 882
81 241 473
281 505 321
233 783 993
749 501 19
526 615 302
824 365 181
3 456 444
121 1 462
611 981 509
696 701 101
997 101 721
283 163 495
830 681 474
641 641 720
337 433 293
355 546 441
471 957 561
751 709 445
553 345 957
405 709 277
545 941 370
229 161 497
831 288 596
76 181 851
767 663 674
920 401 373
441 595 206
314 219 532
176 179 361
131 139 608
521 719 382
336 33 800
659 263 305
979 231 518
373 533 671
49 121 26
501 221 875
961 419 319
238 586 361
691 317 869
757 341 516
809 596 305
169 492 52
701 609 231
142 117 666
126 54 693
585 901 345
761 51 828
649 536 717
376 304 281
452 181 7
874 817 35
355 514 757
233 721 575
161 541 217
161 216 636
618 641 771
976 541 396
569 318 46
729 961 108
162 171 653
495 113 422
654 781 486
501 859 595
785 921 830
493 79 377
679 626 611
431 979 380
712 241 381
733 165 331
709 591 560
281 226 188
221 57 709
675 218 353
48 201 297
905 195 880
220 353 35
803 441 271
923 105 513
449 473 760
191 178 845
861 129 609
981 81 511
381 753 401
201 629 31
949 83 865
980 457 376
606 1 339
89 252 822
747 809 251
97 664 445
102 189 101
791 481 561
659 241 889
651 185 297
189 906 328
959 441 526
223 763 629
951 191 648
841 305 457
129 457 671
573 477 641
489 817 445
668 97 5
321 746 417
904 179 685
791 709 426
1 593 687
349 781 640
406 711 936
373 16 523
239 121 915
332 751 687
277 151 559
407 165 85
460 197 501
989 612 965
329 789 636
201 541 137
988 409 745
995 746 214
226 571 943
775 433 4
503 915 271
461 696 551
313 773 241
680 557 133
329 521 471
434 707 867
116 701 871
941 763 969
505 721 493
359 368 91
441 637 849
707 374 587
637 585 981
529 531 953
290 947 690
320 898 804
830 695 707
613 281 123
451 873 245
316 300 972
737 965 103
16 972 414
721 9 241
221 113 93
542 246 38
617 565 504
992 3 124
51 649 64
161 786 523
363 97 929
876 241 28
809 429 745
646 120 701
401 251 539
807 531 378
113 538 125
81 641 313
146 63 240
605 563 618
149 124 872
121 675 237
721 206 141
141 880 160
716 379 861
999 151 577
695 7 961
967 97 501
141 801 141
81 79 723
885 75 131
124 371 626
669 971 355
161 251 889
985 915 463
165 859 625
859 251 247
476 539 780
860 537 809
945 653 635
168 693 644
532 139 761
465 971 389
649 322 17
591 681 51
491 255 335
101 86 129
763 333 879
989 497 501
101 276 683
441 616 970
394 911 369
265 689 512
161 26 896
755 149 49
246 177 413
168 59 301
299 421 1
111 849 136
661 523 208
614 121 233
661 671 576
777 741 148
673 761 109
951 666 585
235 884 663
133 881 111
231 771 601
467 103 581
329 28 889
395 641 755
307 745 345
364 86 583
569 205 840
734 549 843
852 762 201
841 121 831
883 529 569
950 775 419
49 123 281
761 881 428
218 865 301
291 353 452
946 537 841
157 65 501
241 201 696
701 456 596
497 41 338
977 747 779
26 228 941
433 411 861
17 856 365
389 281 800
100 661 502
337 129 161
169 301 109
713 492 427
201 779 506
393 689 163
313 585 446
253 219 361
322 604 377
95 81 3
631 420 810
1 3 950
656 893 153
617 311 437
233 650 167
12 23 841
595 202 622
209 587 3
849 335 713
219 776 117
813 622 404
611 465 161
858 585 301
406 421 751
133 473 460
385 361 491
601 405 185
694 725 63
776 337 126
965 776 115
975 887 981
759 105 771
951 393 317
41 282 545
384 756 134
251 97 767
323 445 615
431 977 73
352 526 905
668 721 601
467 885 919
521 621 501
411 349 371
301 779 500
637 371 67
65 981 361
624 216 213
217 670 417
26 1 925
355 801 323
497 65 983
912 543 951
556 968 266
25 947 694
259 621 201
781 506 145
911 611 426
476 905 865
509 593 801
689 817 260
777 783 397
517 577 541
501 706 77
842 609 637
514 453 449
155 597 988
769 877 245
927 639 921
916 999 13
546 971 26
983 921 989
421 943 629
99 681 621
37 994 734
297 761 897
933 819 553
76 486 601
171 108 248
469 166 9
702 232 271
187 681 925
41 761 716
595 293 977
801 225 876
101 585 141
485 491 113
264 458 276
547 433 193
96 376 876
161 368 965
506 164 36
119 122 681
711 85 872
111 701 276
682 445 665
345 376 949
11 89 184
565 801 436
391 740 5
281 611 791
409 291 605
21 994 837
869 361 7
625 65 343
529 530 33
169 971 911
337 621 406
716 503 669
501 801 469
717 33 396
1 287 754
601 221 140
639 295 425
721 43 879
493 979 537
361 927 927
873 497 841
899 266 473
574 941 651
640 651 441
501 301 517
777 463 753
111 457 349
26 609 22
69 932 949
181 629 856
55 34 181
809 428 923
966 801 577
433 975 609
661 692 661
599 911 337
711 225 169
414 231 385
491 561 809
663 703 659
505 376 633
21 96 629
627 121 161
351 841 325
981 775 135
187 311 321
45 438 65
81 191 705
821 188 89
1 654 953
913 717 241
197 434 953
541 217 870
896 266 11
401 261 338
93 513 958
182 657 551
643 641 367
337 303 169
507 975 271
735 375 105
791 61 793
424 801 618
793 316 775
213 538 877
828 251 817
877 611 426
507 853 357
876 129 263
238 184 251
639 99 657
244 457 329
645 793 219
513 61 689
90 641 274
933 469 995
266 1 449
711 833 349
731 793 66
353 57 399
126 689 831
593 351 239
545 349 364
492 669 781
529 866 439
801 40 201
801 353 945
9 897 137
342 354 1000
4 293 758
415 653 916
997 401 837
559 673 177
351 515 74
652 140 483
993 85 77
125 415 440
949 655 831
601 117 961
633 265 726
101 701 737
287 943 605
732 411 977
589 681 169
446 601 761
743 461 512
694 217 498
797 631 703
993 301 706
800 756 921
198 907 605
1 101 763
97 405 873
801 489 91
167 9 433
260 241 138
405 421 233
911 921 437
225 631 591
201 764 601
303 23 635
145 91 593
793 792 876
681 640 794
690 357 969
965 721 136
108 147 884
41 503 161
419 724 759
826 681 453
95 741 307
611 353 177
883 21 221
96 469 390
778 837 124
401 447 261
569 929 421
277 725 815
279 482 319
916 915 239
901 857 25
273 53 506
511 577 712
465 841 505
639 521 945
387 912 145
119 465 469
507 705 601
706 383 375
8 277 816
250 626 33
997 979 861
147 477 865
721 1 584
217 591 106
985 252 191
460 289 957
901 209 457
351 343 93
881 87 846
889 57 430
401 169 696
515 703 871
957 751 704
649 139 129
149 81 851
729 110 901
161 465 1000
1000 783 325
439 601 933
325 634 265
235 537 969
498 976 46
488 992 101
356 121 219
24 769 279
381 413 997
311 900 451
889 717 983
145 529 199
683 1 941
854 484 249
410 33 241
859 45 335
665 431 713
713 146 287
265 321 401
225 591 53
379 476 62
770 526 929
429 585 833
675 751 617
911 501 401
809 749 329
