3504
826 396 281
329 871 453
433 937 928
401 835 951
543 681 66
401 357 280
249 722 853
109 825 317
557 543 364
524 593 435
325 503 905
793 751 206
725 393 357
885 997 457
175 681 589
497 833 826
409 236 129
143 635 130
592 991 989
997 54 11
821 477 114
73 601 899
854 781 769
656 535 521
490 267 81
663 921 909
411 824 9
556 369 354
99 717 697
741 989 936
473 798 431
918 711 319
935 315 521
345 393 781
1 361 430
401 491 745
733 883 521
311 243 817
88 577 351
308 357 129
379 604 173
397 76 797
89 452 525
621 921 885
542 522 773
93 81 393
197 639 51
899 676 79
559 681 355
191 391 657
33 127 316
669 641 135
654 221 967
865 186 18
339 131 681
513 803 99
711 720 477
406 231 471
265 841 861
173 907 561
225 224 540
793 633 761
570 445 309
409 561 269
41 870 307
170 640 993
174 89 353
501 126 801
293 217 551
815 205 41
406 841 395
113 376 38
593 493 431
245 451 757
476 535 181
753 339 417
57 23 897
329 906 883
933 909 481
940 505 776
101 369 761
747 211 805
871 165 984
546 657 865
969 46 925
433 637 898
341 137 157
761 131 631
421 577 54
166 469 22
177 817 664
390 977 168
593 921 10
26 130 373
621 351 929
81 943 863
45 821 271
411 641 481
97 829 321
171 803 408
38 131 694
351 101 609
961 501 751
961 529 433
333 511 518
897 177 703
577 369 353
450 561 598
49 396 193
831 1 451
311 31 399
232 904 261
966 429 789
961 921 801
585 912 481
425 795 317
557 379 483
238 856 327
415 911 601
113 869 673
231 71 97
206 422 16
711 201 861
621 157 251
992 115 601
123 497 401
721 31 9
937 689 381
6 17 257
839 475 634
452 599 522
361 761 426
741 745 865
691 1 185
871 177 679
957 661 735
605 131 423
156 513 389
813 239 460
281 678 201
546 513 703
331 695 501
295 457 802
453 149 693
491 372 333
546 465 485
329 650 946
401 202 702
349 933 253
823 949 285
343 577 487
41 975 27
228 333 445
573 607 249
278 564 821
489 795 865
601 709 323
909 229 281
581 455 969
501 323 138
205 554 616
942 369 957
281 433 279
633 386 737
234 429 185
501 796 481
897 153 356
809 501 615
281 225 333
759 854 853
4 775 232
801 191 169
1 335 165
981 977 105
697 886 563
257 321 126
63 895 593
651 70 344
711 193 791
173 479 881
563 491 321
459 21 963
401 580 857
477 125 253
321 582 705
756 486 370
767 869 957
663 688 119
489 658 749
453 209 291
462 641 948
865 253 705
57 488 713
41 524 589
917 133 273
396 461 855
361 657 361
593 343 762
751 532 553
701 965 633
241 836 141
401 629 523
841 751 66
457 961 201
61 41 1
921 283 704
585 819 326
465 931 529
416 649 185
589 901 733
917 991 489
576 681 996
256 370 564
105 143 953
754 761 989
491 263 601
351 401 20
933 768 67
121 921 623
481 57 225
553 50 517
601 451 781
373 985 726
476 571 560
141 815 901
841 807 13
533 819 401
765 814 503
162 278 379
276 361 391
57 211 206
813 925 333
221 868 434
131 31 943
804 350 273
259 765 401
577 455 247
85 699 820
499 149 278
981 201 785
648 477 869
899 381 79
114 718 675
479 531 613
625 641 641
779 129 167
785 455 800
349 281 553
193 649 781
475 218 693
120 969 581
529 386 503
201 192 396
851 97 831
209 657 647
223 436 325
290 63 937
321 209 885
609 131 247
97 918 521
241 128 3
327 701 524
72 642 316
81 192 779
177 476 489
545 247 261
1 841 777
798 841 561
100 401 77
677 457 230
520 357 142
249 745 741
39 505 326
790 931 135
257 905 721
897 937 521
601 901 856
928 117 549
401 669 787
55 365 51
147 409 461
996 517 535
667 601 551
736 951 963
726 766 987
828 353 441
759 923 584
942 998 361
137 1 811
71 75 45
849 41 433
76 555 185
542 401 153
641 989 761
1 641 265
269 511 829
120 438 893
917 569 627
676 546 691
321 405 5
601 21 235
203 789 921
329 681 60
898 398 5
249 835 747
349 250 621
961 861 541
154 843 781
781 135 984
26 2 953
945 589 353
721 131 331
611 561 177
249 346 729
818 261 126
161 633 321
916 981 585
594 573 929
231 21 171
929 140 19
269 301 576
649 21 749
686 903 825
959 256 868
486 100 467
839 131 341
559 905 740
51 321 321
777 951 873
131 267 615
413 29 641
443 345 185
614 896 801
1 677 161
225 1 26
633 319 466
601 149 496
879 421 217
681 945 907
719 141 801
611 134 705
93 233 731
876 90 581
339 441 809
953 969 661
7 361 213
732 421 347
478 435 837
421 493 233
67 715 165
291 577 53
721 257 721
899 501 986
191 991 629
481 837 561
701 777 306
942 431 571
202 266 617
231 813 81
705 733 804
574 842 465
546 96 787
352 426 921
331 559 841
477 321 171
49 73 201
47 985 1
969 331 236
561 867 149
315 401 109
656 617 642
471 768 771
297 973 934
897 228 486
516 227 306
720 913 457
353 803 77
624 6 981
881 285 522
1 245 156
61 453 226
629 467 333
73 905 164
57 155 928
239 232 591
830 702 621
576 893 276
465 120 283
272 19 75
141 348 801
784 371 805
585 221 867
911 601 329
903 918 763
36 161 219
401 13 351
805 641 903
715 971 947
525 37 306
201 961 291
611 363 545
546 581 342
797 481 857
683 999 759
866 725 71
417 537 201
5 401 36
587 41 17
518 279 697
643 126 377
476 885 626
251 471 724
506 161 25
798 348 825
337 268 39
593 17 161
787 481 313
909 641 984
41 681 689
521 903 201
26 941 741
564 297 281
567 397 601
359 54 921
225 96 32
52 561 168
937 198 905
440 845 1
261 815 575
325 673 333
441 853 121
777 703 85
425 233 149
433 753 893
455 1 231
847 130 641
861 177 827
61 121 73
89 621 281
337 381 581
225 111 257
674 926 637
785 917 941
193 956 844
681 759 733
551 47 343
537 823 73
785 357 9
325 153 742
781 999 155
569 137 141
441 34 81
101 151 298
190 151 521
73 829 483
279 233 976
783 146 164
614 636 537
985 566 347
439 217 306
599 16 505
689 241 29
526 477 286
669 60 220
385 446 489
787 684 268
789 567 827
406 684 981
209 402 547
821 781 431
479 351 281
71 337 678
511 477 55
709 700 312
331 33 987
815 533 86
209 796 640
355 40 381
317 601 129
112 867 417
807 506 811
24 213 41
701 731 511
305 587 512
727 321 43
745 320 855
596 843 361
377 160 994
301 373 383
561 489 411
229 289 809
302 685 156
785 761 325
224 401 901
836 907 286
58 25 371
621 118 251
254 67 343
301 981 71
52 121 527
925 911 951
595 1 801
559 5 731
373 45 281
493 471 705
154 506 353
981 409 961
299 945 496
571 918 681
171 448 809
632 51 521
663 694 621
425 722 339
865 849 797
265 513 486
689 753 133
505 17 45
334 667 321
496 149 965
886 409 28
346 331 522
46 967 127
401 433 950
301 815 689
38 697 725
533 569 361
245 401 361
491 206 457
336 1 1
854 362 657
556 439 601
449 649 312
548 997 941
949 105 234
169 312 441
917 555 865
308 513 321
381 393 845
341 529 864
767 570 337
395 337 455
721 751 485
424 185 129
126 491 581
605 379 241
26 789 595
497 113 701
967 633 401
870 212 739
315 241 97
118 409 938
721 555 467
801 377 436
1 351 120
938 97 787
459 361 456
353 729 265
126 169 241
721 791 408
545 385 101
445 272 531
696 809 121
285 901 471
315 545 472
351 201 141
996 259 703
406 333 501
181 761 651
248 383 211
716 351 384
176 797 21
601 634 531
523 931 883
421 498 745
60 503 114
793 871 737
721 311 317
823 449 540
246 612 833
61 801 651
566 785 951
451 745 176
701 521 705
42 620 846
881 569 881
274 977 57
649 305 116
602 536 25
732 437 217
89 313 45
299 671 186
672 81 897
201 26 251
275 571 997
21 591 489
236 376 831
779 726 574
321 241 161
734 527 266
14 311 749
694 929 715
671 241 478
226 501 881
51 811 653
241 355 154
457 765 774
866 715 563
81 787 643
996 779 705
89 32 2
233 973 56
659 691 149
721 437 709
548 701 697
1 129 793
130 331 737
649 780 636
351 865 359
947 228 175
572 279 387
396 977 749
73 289 465
306 81 869
964 217 71
113 737 371
73 753 357
273 132 473
477 996 185
104 711 47
573 229 141
405 579 840
371 437 889
776 46 990
823 358 651
491 185 569
671 152 772
793 879 461
897 329 651
644 812 466
129 306 137
191 401 450
281 627 317
956 654 607
721 154 419
812 475 916
433 273 930
369 501 426
813 181 481
294 569 21
383 55 385
859 671 41
391 937 813
856 214 351
955 176 921
881 783 911
751 147 111
601 301 775
671 621 404
43 282 251
645 645 999
37 349 611
409 309 301
401 491 421
232 851 784
541 461 659
833 126 651
235 809 845
121 366 424
13 609 465
137 609 901
921 545 255
957 981 729
694 139 265
665 501 162
97 813 63
669 411 821
346 589 136
18 601 761
113 894 59
275 465 853
121 741 952
501 487 56
441 977 369
741 419 861
493 230 385
665 85 121
249 1 681
795 57 801
784 793 921
1 335 1
457 616 73
169 505 744
881 95 889
673 799 678
713 519 737
938 417 541
112 612 746
397 81 946
557 146 351
187 681 485
621 389 199
965 477 25
931 777 656
881 399 786
344 193 276
94 783 785
181 641 927
433 471 401
161 22 16
800 6 849
501 803 837
273 191 129
579 167 951
401 825 671
577 553 105
593 111 631
210 838 761
941 483 766
879 705 166
551 485 691
549 486 845
631 543 761
455 81 720
495 404 149
697 66 961
884 301 901
663 369 43
409 843 974
81 981 221
361 296 665
566 562 721
781 65 574
676 265 897
575 969 215
649 65 921
340 501 769
241 593 601
181 807 14
461 731 697
857 420 302
39 685 939
217 301 712
376 813 821
263 97 449
921 790 677
148 322 807
673 652 591
497 628 474
560 901 515
420 783 51
477 351 646
545 126 35
485 814 775
891 938 829
426 561 153
693 795 429
943 541 786
451 361 71
449 731 387
18 921 225
51 161 597
196 914 183
921 545 832
551 745 736
292 409 520
597 539 485
327 41 29
951 201 606
441 177 313
819 921 901
25 333 656
957 884 805
753 191 993
591 939 437
31 51 46
848 68 153
569 694 201
89 810 761
536 987 358
341 834 532
193 753 5
797 191 776
705 465 537
679 869 913
177 381 403
741 601 593
521 251 518
125 339 847
35 677 297
331 921 857
233 953 17
39 993 201
466 369 809
85 605 953
1 501 327
809 533 537
288 141 301
528 114 916
921 729 876
46 789 326
161 726 356
537 977 134
801 857 790
390 891 265
958 65 365
352 572 981
78 821 496
177 921 488
891 989 275
810 546 944
769 47 211
444 233 161
471 163 159
646 841 441
234 218 772
442 129 464
507 933 145
499 111 146
862 295 433
279 524 117
453 971 233
407 681 417
351 441 241
373 721 531
65 793 1
953 295 47
433 87 321
853 682 763
675 723 23
154 577 145
637 526 721
433 881 443
196 601 463
377 811 663
470 832 921
67 777 79
550 608 241
329 480 629
1 515 105
351 513 699
376 919 118
273 729 195
378 761 376
701 749 486
345 594 537
29 506 29
265 989 647
801 231 511
891 50 370
721 805 476
755 655 137
386 691 444
501 886 509
848 961 660
785 265 195
951 173 761
796 161 657
62 73 89
393 15 81
4 19 441
547 305 733
956 233 491
241 669 141
409 300 796
56 289 121
264 166 69
145 877 171
236 233 432
681 293 513
317 649 912
6 937 162
701 939 563
419 359 611
531 309 684
873 849 115
607 141 857
501 701 175
905 123 377
708 789 321
563 487 969
351 208 433
168 886 326
548 841 425
177 485 598
665 1 729
381 915 931
421 519 145
417 257 197
286 918 433
190 695 323
796 821 587
965 201 33
241 763 226
121 538 241
359 43 653
561 759 177
169 97 533
241 463 113
248 926 426
44 589 826
440 485 661
833 629 975
513 569 441
219 559 601
716 57 864
201 379 407
241 581 309
298 299 393
186 41 911
83 57 691
104 401 23
909 594 85
350 675 1
353 889 745
411 741 433
337 841 961
370 595 451
25 601 646
153 555 537
225 853 940
756 907 831
595 939 759
993 216 699
61 389 529
491 804 931
911 437 927
646 433 117
361 453 607
710 41 363
645 33 257
985 681 73
173 530 1
931 146 782
267 790 167
760 553 913
281 414 411
416 201 679
195 351 424
925 829 146
522 305 898
706 707 67
453 201 784
401 783 561
335 757 267
937 702 977
226 189 281
21 945 322
79 161 447
530 277 709
733 769 973
277 461 501
96 777 461
939 757 3
383 761 801
57 744 242
947 51 61
109 521 699
213 781 331
85 15 529
601 706 301
936 386 57
267 464 647
569 257 777
361 57 541
191 169 141
509 657 251
809 570 617
77 231 564
856 976 393
132 433 301
603 521 57
175 25 747
164 585 361
521 181 763
921 839 515
971 689 241
586 119 525
921 901 511
771 28 529
992 235 825
258 962 39
831 187 69
987 86 441
337 765 198
66 740 51
927 151 172
291 561 116
601 516 7
351 681 268
597 313 905
476 61 539
888 751 57
685 79 814
155 380 660
885 587 65
82 825 991
807 171 507
121 497 480
33 285 741
974 324 221
186 996 1
275 861 584
430 391 451
689 587 365
651 815 513
200 584 931
334 360 537
361 516 251
594 897 881
849 975 337
617 845 61
1 342 938
251 451 759
371 675 506
256 461 495
825 925 909
685 360 933
999 431 87
45 831 615
733 591 101
113 41 969
217 41 211
731 78 640
487 273 281
135 641 590
338 251 325
481 833 683
1000 766 43
603 843 602
203 121 457
171 688 745
529 369 416
731 141 919
997 657 712
887 825 14
515 657 465
499 400 261
861 481 45
39 125 393
740 701 682
11 45 116
31 233 893
16 641 23
209 893 946
775 299 266
602 885 496
721 485 85
989 231 993
51 785 88
560 409 396
305 516 151
642 233 765
849 351 373
465 841 535
547 193 151
135 817 579
51 761 294
653 107 11
1 884 99
777 801 317
671 272 96
782 465 151
681 969 237
376 425 593
641 721 202
19 513 704
45 199 486
905 58 941
721 151 893
118 745 204
843 681 429
101 168 66
639 781 239
97 216 52
897 430 438
626 111 330
141 177 709
101 871 63
825 368 905
188 465 299
617 442 403
481 703 913
657 918 28
590 95 546
895 599 901
893 303 969
537 833 674
709 295 496
444 695 863
856 945 673
198 628 161
721 57 832
151 145 361
785 837 87
217 921 185
255 872 261
351 101 167
467 35 666
41 986 516
415 29 493
14 125 705
384 927 36
466 257 947
69 763 239
681 563 426
729 776 478
195 521 406
43 710 176
241 966 601
46 101 851
997 911 519
127 195 573
917 304 701
841 461 691
413 801 583
232 156 43
406 166 738
257 361 121
485 964 194
47 626 233
431 86 441
481 683 992
73 181 751
489 513 474
537 535 222
297 900 391
206 213 375
83 805 639
1 426 317
553 511 36
919 369 538
357 248 996
609 536 977
873 173 251
767 363 675
19 76 239
96 52 21
404 261 737
713 600 285
569 17 302
655 441 965
958 505 937
603 90 633
915 573 948
511 233 409
776 435 821
1 332 155
813 483 865
127 889 233
640 624 901
179 317 234
585 365 401
193 241 216
236 358 466
676 70 15
767 301 821
971 217 729
15 193 721
561 337 689
311 211 893
221 77 977
787 871 145
171 917 341
505 129 484
81 685 71
747 913 306
751 293 183
910 195 325
403 625 201
237 182 957
701 535 405
136 121 551
172 743 667
30 541 5
976 168 80
329 751 376
790 345 857
325 341 333
819 701 713
481 411 911
479 474 79
207 281 323
985 833 309
687 601 991
225 219 361
369 105 877
401 664 997
557 245 953
321 685 585
929 51 651
859 837 771
15 69 266
867 701 239
297 196 24
560 804 922
415 747 940
341 889 517
225 225 303
894 753 303
556 851 241
333 614 981
930 516 831
603 676 951
325 427 651
101 210 371
360 289 93
226 629 377
301 761 460
991 263 736
9 404 786
453 261 777
851 881 974
981 978 201
775 286 301
261 755 529
906 531 181
464 695 731
441 53 980
173 601 333
843 243 867
733 110 385
369 521 201
189 247 902
620 1 181
253 141 559
421 193 765
403 627 261
326 223 755
759 619 721
124 189 479
611 501 41
601 521 101
581 443 392
185 377 65
641 737 835
670 383 225
797 986 512
26 227 376
213 423 387
554 295 166
648 747 89
1 137 121
773 221 481
9 932 253
859 705 81
630 929 946
451 108 97
617 153 111
826 432 239
287 34 357
485 332 621
691 961 328
196 755 109
97 725 401
859 471 55
667 761 931
559 693 13
78 465 536
96 529 203
497 58 185
491 369 639
100 430 745
268 949 75
207 981 188
981 201 838
193 828 841
506 475 292
656 763 111
689 880 851
97 209 561
242 236 237
505 433 8
397 655 857
250 353 81
876 333 141
309 913 665
817 185 676
877 105 601
51 841 825
455 376 21
543 752 197
321 321 141
697 517 319
667 401 161
553 441 273
121 224 497
731 21 761
97 528 409
789 525 73
689 986 540
161 254 531
401 485 499
515 989 493
132 751 413
777 505 988
193 375 164
265 41 585
807 51 585
665 873 751
663 375 617
933 535 492
127 881 669
751 750 60
888 557 921
700 930 937
15 943 953
977 715 630
81 987 807
741 401 455
697 971 341
93 883 821
5 246 687
732 335 313
895 927 749
417 36 323
781 287 801
601 881 251
625 183 11
301 184 107
906 563 44
450 737 731
616 211 576
608 229 766
571 731 501
893 51 851
246 273 703
788 381 751
738 646 137
665 489 171
515 21 773
966 905 627
841 893 689
701 943 716
691 376 674
355 1 601
811 609 772
301 261 649
17 556 781
810 227 671
665 656 970
801 25 941
1 1 9
501 137 144
342 256 321
819 190 977
26 233 827
230 656 585
350 377 757
761 956 289
450 141 286
801 756 426
93 841 425
782 209 652
341 348 658
361 301 703
769 247 811
76 385 401
176 431 681
911 499 681
805 193 201
228 213 41
547 135 297
181 277 867
580 727 853
384 486 19
65 260 34
57 53 801
21 561 889
798 663 911
973 715 199
16 833 695
461 149 865
1 560 633
296 626 223
861 861 393
633 153 945
585 933 261
725 496 7
137 396 516
563 428 389
580 883 313
207 473 551
799 992 7
115 265 381
929 468 295
651 539 900
972 27 251
674 219 117
471 435 451
545 528 994
745 81 753
69 205 997
263 585 66
801 37 517
384 754 564
707 473 435
131 531 22
701 658 251
169 401 621
629 353 612
527 315 270
715 841 406
175 30 776
711 86 13
488 723 106
81 657 151
617 913 837
793 301 41
697 471 417
731 937 461
296 294 5
35 617 785
453 391 337
506 807 676
281 494 849
42 905 686
755 261 318
511 251 105
304 387 871
647 654 953
799 375 247
348 452 495
63 191 436
721 141 526
825 161 618
981 63 201
9 593 674
31 765 191
537 331 609
212 481 139
289 417 293
281 121 156
613 326 616
305 847 141
896 961 241
292 783 198
689 271 21
297 653 676
264 626 801
337 341 386
609 818 83
566 198 564
201 952 912
403 17 217
729 201 577
21 225 834
125 796 693
160 94 977
601 801 353
387 65 216
643 269 10
857 606 161
189 723 751
589 737 206
403 471 605
713 429 293
813 41 5
21 37 511
587 825 684
653 633 273
26 729 449
151 177 272
201 376 585
203 73 996
236 161 401
909 316 79
467 81 203
211 97 126
146 608 297
675 491 25
351 626 51
130 601 303
811 404 637
729 1 741
881 737 847
770 37 425
747 757 346
529 551 565
177 1 879
70 581 717
721 81 745
987 11 137
967 367 775
501 486 693
122 220 569
644 801 281
969 465 961
217 752 960
841 977 524
119 905 377
337 288 521
627 601 619
577 642 885
875 12 217
335 193 638
519 625 310
941 674 47
695 947 135
397 701 121
554 351 504
705 871 40
61 518 856
406 971 307
751 245 448
378 191 655
565 651 923
301 300 668
520 695 878
972 261 397
377 166 217
305 321 54
885 208 491
771 766 701
881 476 552
961 806 823
761 469 557
764 463 165
784 871 446
809 621 741
601 193 681
851 687 851
101 1 740
781 283 581
779 468 980
32 101 561
941 405 755
929 741 281
220 781 160
1 242 59
684 697 16
39 408 102
151 421 261
101 167 753
455 726 751
281 400 996
71 574 496
919 329 391
335 21 751
929 993 191
291 673 387
351 86 89
281 65 673
145 861 640
197 411 364
399 638 669
160 967 232
247 804 473
982 17 535
601 601 781
964 345 825
231 193 516
785 286 27
514 709 615
941 699 259
428 971 457
304 79 5
646 571 961
820 449 937
532 421 931
791 755 289
853 290 506
363 381 592
421 523 81
825 933 105
449 645 443
626 741 161
1 390 997
371 953 425
40 857 200
68 373 876
881 676 557
629 494 625
721 428 97
201 954 590
693 32 73
489 439 881
685 969 761
49 191 96
202 698 833
315 980 830
785 471 361
638 73 787
690 826 305
857 561 873
236 167 987
237 210 97
381 854 825
881 166 157
837 937 263
937 257 337
945 754 39
881 481 532
11 276 161
289 108 459
956 925 895
204 217 401
911 798 543
815 632 505
137 421 713
158 529 665
871 561 683
561 29 437
102 204 793
571 129 341
643 657 613
336 42 846
571 736 497
451 580 503
953 729 312
767 81 706
431 525 757
519 993 301
617 940 993
576 738 546
379 461 73
775 463 551
21 649 311
862 537 269
881 335 219
626 193 657
953 279 126
615 847 845
485 842 225
501 983 237
884 807 185
166 81 413
626 270 537
473 581 561
751 973 186
791 541 737
1 590 517
283 305 573
533 701 810
501 6 745
673 932 801
625 487 936
244 802 273
451 489 315
324 907 985
235 141 681
974 583 405
348 849 964
285 361 39
949 821 305
981 41 549
207 706 513
817 539 223
561 593 929
7 171 687
183 771 583
225 961 387
993 961 345
681 349 477
729 765 918
971 461 937
613 133 468
726 449 349
982 789 613
441 297 401
547 1 25
81 188 109
180 739 833
633 561 343
633 842 876
113 36 265
259 369 577
676 33 625
127 593 482
234 351 168
91 419 376
833 454 196
260 481 705
1 55 326
336 825 217
965 337 617
128 436 257
103 425 375
916 867 880
348 41 876
390 589 132
224 79 171
609 971 349
631 541 355
854 79 326
640 79 181
997 769 401
946 273 689
603 555 297
611 779 991
713 324 101
157 31 781
848 701 287
234 893 533
445 101 777
75 701 196
403 39 409
281 501 90
771 829 951
889 816 226
386 653 793
165 303 796
281 737 890
506 676 981
949 233 281
641 889 209
193 801 867
785 169 451
356 81 981
386 966 921
777 441 521
720 945 989
24 15 292
38 872 96
563 397 398
229 901 961
721 555 687
21 839 71
841 165 833
981 801 676
115 201 356
485 761 585
191 476 731
287 193 440
868 14 247
809 85 211
958 651 827
205 477 406
626 561 681
157 883 881
592 236 881
21 777 713
697 13 139
481 286 580
931 287 636
671 801 416
425 67 650
381 396 743
121 51 301
455 879 457
507 733 426
620 637 897
852 127 581
299 363 977
179 538 926
221 253 251
571 276 593
523 225 994
784 595 152
833 781 489
341 305 581
545 971 115
613 547 399
306 809 26
89 458 719
123 879 805
301 375 571
917 403 225
742 849 791
961 107 135
189 711 961
954 626 131
812 220 590
781 76 51
601 657 15
4 537 105
766 81 265
561 945 857
321 545 501
393 980 591
141 793 776
457 799 899
726 929 212
249 704 419
783 992 491
831 92 568
596 790 953
25 481 111
607 149 34
426 901 950
403 481 321
873 467 197
210 761 289
36 337 351
983 225 1000
703 793 17
467 1 305
433 867 445
613 476 465
423 345 656
21 67 42
663 901 566
461 825 379
941 411 273
200 925 294
401 51 885
449 665 245
513 581 667
121 209 342
759 737 203
755 77 701
781 499 556
296 335 972
476 725 96
613 901 273
29 466 261
196 777 937
965 213 844
81 323 666
85 917 717
245 714 386
833 445 956
537 501 933
461 647 465
493 833 450
417 983 595
761 217 3
161 689 776
76 321 713
651 856 361
721 213 448
710 628 41
197 224 121
930 185 671
625 665 381
751 47 825
867 818 510
729 811 803
649 537 628
477 49 99
509 505 49
401 779 251
603 453 552
692 537 223
539 605 301
921 601 201
129 610 16
403 417 351
949 389 41
239 467 626
386 709 627
521 457 824
281 681 501
238 773 797
226 73 177
631 691 65
884 949 87
91 3 429
398 569 596
241 773 336
961 76 547
157 121 617
740 101 153
155 201 851
311 426 169
479 832 51
798 465 414
173 701 471
871 936 44
806 725 881
688 281 452
780 833 811
903 269 289
246 477 133
57 113 759
215 259 645
613 488 674
906 713 46
162 943 851
361 914 481
67 249 545
226 337 677
843 221 124
281 313 85
727 729 319
271 19 401
423 523 41
837 991 123
315 815 121
46 965 601
678 621 45
25 681 476
819 541 437
945 945 256
171 521 146
461 369 581
423 520 495
896 641 163
37 544 439
25 976 244
710 767 906
665 796 329
494 407 106
996 961 91
857 931 251
37 987 736
341 46 838
327 490 358
33 366 252
521 776 916
73 745 731
521 675 687
717 661 560
825 805 489
367 901 533
14 914 57
522 241 849
556 330 251
35 706 529
949 511 381
421 793 521
701 951 1
166 769 663
505 4 361
256 153 307
409 843 84
509 381 809
803 946 506
823 737 311
3 515 203
673 717 434
369 241 377
329 207 643
232 803 907
433 481 871
434 352 6
751 801 409
473 79 791
817 635 526
406 249 913
33 337 881
73 931 665
407 815 397
961 479 503
68 303 425
765 101 257
381 90 225
801 463 16
753 589 707
551 91 591
184 898 681
431 675 377
291 569 947
864 954 951
219 901 827
231 757 494
71 104 858
921 356 837
761 835 1
387 381 551
288 43 973
857 208 961
37 546 985
487 711 501
91 751 498
865 463 13
393 973 114
417 23 558
369 976 693
361 511 327
761 678 227
93 385 751
856 710 307
131 353 371
991 585 885
483 879 627
303 851 361
891 53 641
769 759 894
395 388 232
192 497 936
89 531 473
355 764 871
329 109 39
647 982 518
457 881 731
991 377 316
557 270 595
345 279 161
663 305 593
965 571 617
741 589 759
57 641 501
958 937 193
66 378 426
447 461 112
806 69 921
817 319 685
143 364 141
433 725 921
665 807 296
66 761 201
905 611 841
1 579 146
430 341 401
829 563 477
321 456 717
133 406 249
107 65 736
620 221 669
648 537 611
356 401 462
271 283 741
111 391 349
182 711 201
51 801 221
296 665 745
243 693 711
41 549 921
376 275 21
429 127 433
601 685 474
487 279 393
96 98 132
713 463 362
961 945 630
315 429 577
223 657 913
929 450 379
341 356 511
181 87 392
929 732 801
864 25 161
458 906 333
838 92 577
512 153 226
717 757 264
214 617 824
613 581 321
501 501 881
473 486 701
861 367 67
1 136 961
529 5 501
281 215 111
833 721 905
252 595 441
969 153 117
987 604 731
73 486 661
289 333 499
129 937 2
610 461 564
403 545 111
745 461 305
812 996 97
381 580 237
51 521 65
101 517 262
557 891 149
191 906 665
945 945 265
887 801 781
131 638 186
171 417 326
327 803 334
531 273 617
403 503 301
211 881 136
929 383 28
645 581 928
719 147 901
492 501 331
641 801 767
459 241 43
730 101 449
547 413 324
456 726 231
138 702 532
446 227 394
969 421 227
911 521 928
519 127 873
441 711 825
945 307 812
986 505 375
871 851 204
916 246 633
266 561 741
951 447 703
95 867 310
413 670 623
261 856 961
777 135 17
989 25 509
649 357 476
631 951 445
924 679 841
719 797 545
219 465 965
513 297 101
721 161 737
232 861 345
73 769 477
471 101 567
443 635 221
39 381 401
501 617 45
633 729 691
265 275 721
285 135 236
93 661 779
37 9 336
884 73 864
864 801 788
11 445 371
761 121 493
65 731 430
23 13 535
534 713 777
692 191 865
938 309 933
246 614 881
599 879 61
161 487 915
422 879 617
157 406 751
961 931 851
569 571 41
646 603 691
244 88 36
679 121 433
122 51 882
887 578 326
209 937 701
321 121 289
751 69 671
737 855 633
321 493 330
142 881 261
27 126 941
111 105 49
516 423 614
910 89 909
145 471 600
871 9 315
381 675 427
918 723 542
547 669 615
913 381 977
329 553 242
932 561 906
361 813 477
767 777 619
887 666 523
131 705 917
171 217 20
641 532 461
21 456 613
223 690 990
298 842 321
773 526 850
989 913 789
471 481 526
986 949 236
813 701 508
401 761 263
841 681 41
899 144 821
209 289 509
647 976 652
617 705 701
83 542 197
505 701 775
690 857 9
243 201 369
931 281 391
977 889 693
105 37 379
797 175 91
871 741 929
811 11 482
273 571 617
325 569 657
69 395 246
283 976 136
33 81 329
153 151 1
11 561 935
292 613 461
395 1 959
507 1 73
625 604 379
333 941 33
857 407 375
135 327 573
498 206 273
257 936 105
538 134 587
981 624 271
884 232 851
625 815 1
870 921 89
13 611 76
741 1 478
737 201 545
751 410 689
23 855 529
726 605 214
329 971 661
453 783 389
577 961 261
201 383 177
121 653 282
86 33 601
756 123 643
657 958 488
303 419 927
463 767 671
705 553 420
97 126 547
721 771 657
421 993 808
197 785 25
616 777 951
193 661 473
537 365 871
835 881 603
619 893 963
687 441 481
853 305 466
351 407 469
245 958 319
461 493 743
675 901 969
565 353 187
45 121 433
311 811 823
309 953 716
777 459 549
417 238 685
621 393 897
468 937 492
384 959 793
733 751 705
379 743 751
765 437 249
173 1 829
166 564 329
383 621 185
394 561 892
147 322 647
469 425 943
501 821 951
781 75 145
799 1 201
686 31 147
821 715 609
303 661 202
892 219 339
711 193 781
717 713 649
691 321 501
771 545 761
823 975 489
423 633 1
785 821 424
953 301 81
916 441 104
501 243 732
311 103 251
793 81 412
837 710 851
338 822 726
597 567 259
473 519 40
949 169 234
853 213 431
320 449 925
509 532 121
241 317 257
59 247 793
273 751 237
165 623 51
45 601 744
829 668 352
145 853 190
905 969 863
411 492 761
431 154 21
403 1 817
511 911 61
785 875 544
341 721 360
735 961 141
616 481 751
355 415 81
961 419 421
752 641 291
461 136 561
36 253 133
426 856 537
801 445 193
701 695 649
27 96 266
453 299 641
691 129 295
575 11 191
532 801 89
984 77 897
946 282 825
301 763 412
831 961 952
279 569 742
861 708 907
299 865 294
235 133 233
81 471 931
973 38 201
801 721 95
126 390 951
239 945 481
382 567 151
36 342 107
223 515 348
201 865 557
288 204 535
361 665 629
876 712 412
196 977 221
119 433 669
500 909 310
651 901 741
825 801 259
944 895 437
456 903 328
234 98 35
999 119 249
748 261 247
45 221 951
681 601 291
591 801 863
137 849 421
221 177 147
73 857 911
701 901 281
621 910 325
635 485 889
698 885 113
385 3 251
982 398 734
57 785 301
589 559 51
491 79 748
753 343 419
681 957 515
210 804 821
548 628 619
961 531 449
571 810 571
49 891 941
361 586 895
817 246 261
49 706 685
126 201 287
982 352 766
361 881 311
918 991 624
265 997 15
911 396 386
201 401 844
981 161 715
953 745 921
778 43 773
343 193 807
665 801 617
731 331 321
717 230 969
166 12 115
275 925 436
520 479 89
566 929 849
17 596 35
899 751 751
539 337 421
637 358 521
74 921 305
908 859 281
511 933 66
45 85 603
307 777 225
585 259 321
915 227 521
295 805 825
562 627 649
815 837 500
944 16 51
889 961 189
66 332 75
633 393 653
126 58 109
472 644 721
181 345 529
276 39 205
598 316 819
556 369 565
129 353 77
830 551 921
365 923 333
362 129 31
737 769 29
541 542 418
321 813 609
321 891 451
56 25 952
677 101 160
584 265 361
425 134 135
274 382 86
889 1 263
361 25 301
864 25 116
1 876 932
419 328 931
537 50 651
165 881 346
905 919 581
81 305 249
41 91 188
968 186 869
501 476 819
152 483 478
414 921 585
536 26 201
97 241 551
598 774 809
142 633 817
205 33 637
126 425 549
267 517 546
501 549 933
808 156 385
329 751 883
537 631 197
172 877 834
408 135 977
515 229 682
681 636 989
305 201 25
420 336 171
801 989 369
157 557 477
641 381 657
860 889 354
601 121 399
387 337 983
685 769 545
251 217 737
25 345 909
501 288 981
956 694 751
717 951 488
150 421 693
729 41 276
91 438 353
31 181 801
617 809 751
461 589 161
831 857 250
156 641 141
110 249 489
297 229 1
396 969 247
161 333 671
809 577 559
205 335 471
987 544 741
265 351 186
301 548 637
473 461 271
178 173 243
93 671 711
924 382 861
356 681 788
241 901 51
861 992 401
137 777 913
921 133 791
771 472 763
871 835 104
687 539 841
16 821 111
669 928 65
191 661 442
14 538 49
381 441 913
536 569 701
133 527 124
989 673 947
231 412 931
391 325 651
709 666 341
457 840 145
645 537 693
645 43 915
391 197 52
321 493 497
191 33 710
473 251 119
849 715 841
91 602 305
690 548 42
816 526 805
201 617 7
401 457 285
975 336 328
656 657 745
5 892 560
478 149 841
255 465 801
211 294 702
94 847 857
948 380 985
32 121 585
636 945 434
829 129 197
575 24 385
376 569 343
449 150 476
745 485 89
997 601 709
602 471 450
555 457 981
7 962 213
676 363 741
498 33 392
396 833 161
257 235 766
551 879 36
732 432 717
433 293 589
277 285 893
273 997 951
801 271 599
443 163 409
201 883 529
269 8 909
266 955 637
521 891 717
245 697 561
461 311 961
789 501 69
141 88 813
576 792 61
513 969 699
421 116 417
288 800 237
837 929 425
201 1 130
427 421 147
21 969 13
301 299 726
877 381 683
161 865 155
327 321 816
201 431 828
946 226 301
567 49 521
532 801 794
676 845 535
77 118 501
75 644 829
857 181 355
241 781 205
892 251 665
804 934 565
147 151 505
836 305 391
264 223 431
321 817 746
865 165 616
821 19 517
1 661 781
757 961 701
451 975 680
467 437 189
261 981 161
801 424 726
361 213 535
516 638 531
177 848 578
881 401 901
269 581 591
273 446 573
465 691 133
353 75 93
800 746 723
697 901 791
480 90 475
607 161 543
623 289 569
516 651 716
584 295 13
458 283 517
261 970 272
561 807 133
659 645 708
553 943 777
708 312 839
958 51 775
871 299 511
579 185 408
821 729 613
82 531 427
345 169 23
766 887 793
515 874 328
925 101 345
757 41 24
738 243 381
782 116 75
797 345 309
39 293 2
881 816 993
375 809 634
438 751 761
761 665 269
641 97 636
241 97 86
800 57 481
607 922 197
113 366 19
461 449 665
544 777 701
857 125 391
585 630 459
525 892 907
982 243 556
253 65 361
25 645 979
241 969 181
651 251 762
143 436 456
286 329 401
561 913 275
921 549 785
649 276 726
793 576 281
687 173 863
485 745 321
983 861 473
581 643 21
376 131 1
229 985 131
853 820 476
435 345 646
601 466 647
559 289 861
633 895 527
253 220 217
501 800 212
82 11 389
206 697 371
241 799 330
251 881 833
362 96 311
661 931 849
417 789 765
520 817 413
385 75 161
71 241 578
39 330 285
841 306 559
657 201 319
312 981 369
807 185 353
707 440 361
303 650 361
482 701 689
263 459 965
911 517 547
19 103 730
606 569 777
455 591 741
817 888 542
873 249 792
404 131 398
953 646 940
893 309 791
251 421 963
336 941 299
267 593 83
656 465 515
31 511 541
531 260 242
992 117 909
191 716 700
96 213 492
601 242 728
776 445 26
63 25 815
884 9 351
760 266 201
769 185 476
137 481 17
756 811 357
688 101 312
1 125 401
705 39 161
71 711 626
663 531 681
401 41 591
901 1 146
921 493 885
741 815 329
750 152 721
991 775 45
819 415 67
952 523 541
746 393 271
160 81 1
725 353 777
1 491 281
7 497 509
825 173 911
135 941 418
689 134 211
417 716 737
929 331 511
663 79 401
769 417 487
105 546 901
222 103 728
785 835 751
300 801 682
761 793 136
413 334 261
397 681 761
387 561 656
825 117 341
209 465 51
927 542 177
1 641 521
25 845 1
481 231 428
601 681 356
137 821 671
401 573 881
753 611 741
345 665 53
851 279 22
51 961 853
91 951 656
539 687 614
105 761 779
491 841 378
169 495 889
622 852 130
625 877 177
810 791 87
950 126 949
729 721 361
101 923 649
665 573 413
41 345 509
21 841 151
145 700 739
186 865 392
549 401 874
723 976 253
519 311 821
586 481 161
137 296 443
293 542 276
713 365 409
469 680 913
975 487 705
265 205 769
793 394 265
858 979 379
805 714 769
551 673 361
911 361 11
50 1 801
541 118 385
181 289 49
665 971 39
800 568 89
761 505 322
889 113 820
421 63 113
281 537 657
721 46 994
540 816 647
774 217 159
168 511 447
367 529 353
253 221 69
290 816 464
605 743 311
871 699 753
268 659 861
881 97 171
31 129 11
670 801 313
931 389 141
703 96 821
833 247 51
671 382 211
371 33 1
596 326 363
98 123 185
441 77 955
626 516 728
199 750 701
955 101 543
917 191 135
25 891 71
1 361 351
725 216 199
66 457 339
225 797 9
375 521 101
745 221 376
457 501 977
985 923 201
213 721 100
864 51 36
866 314 611
225 827 569
396 96 781
936 123 813
719 825 56
689 826 731
753 945 817
781 225 105
563 65 455
203 668 353
366 530 113
912 921 501
651 131 757
467 339 975
341 977 346
269 608 617
441 187 23
209 47 705
66 641 539
540 529 961
629 841 373
715 101 92
361 753 211
417 429 497
723 354 461
973 220 671
820 258 466
609 119 541
35 417 575
717 721 121
356 813 921
706 665 808
205 248 111
321 787 701
609 361 1
873 871 545
622 241 645
526 185 241
156 257 501
69 561 965
860 333 261
521 143 837
181 807 262
395 989 647
876 996 409
623 393 921
243 441 610
331 685 937
455 602 860
238 844 348
593 640 439
993 236 217
685 155 193
569 577 56
381 361 449
137 591 433
353 701 861
113 542 120
161 474 445
71 841 623
953 75 441
451 531 786
941 961 753
9 53 913
681 61 248
54 362 158
707 859 1
421 597 789
601 597 409
879 697 815
541 185 953
441 921 238
289 571 809
178 21 201
35 931 51
169 241 257
651 701 63
325 811 169
231 691 693
901 119 823
161 133 297
899 892 436
415 661 81
291 929 457
129 93 215
397 618 45
206 901 689
137 713 1
841 340 745
137 29 742
806 585 456
841 291 77
298 42 339
281 991 145
609 420 461
871 637 937
899 401 738
273 285 275
281 871 429
327 177 881
905 408 583
561 417 561
217 526 233
783 689 401
481 993 169
1 759 741
751 606 153
710 369 215
617 888 189
904 801 690
581 947 223
319 845 315
373 281 441
124 67 805
591 865 521
676 166 985
249 631 526
941 751 986
727 297 599
955 77 820
571 937 351
163 728 441
63 464 501
57 15 162
731 741 462
657 209 458
177 739 641
383 936 391
143 707 793
48 280 261
285 767 927
849 515 278
523 141 857
59 729 56
211 239 369
949 665 660
273 93 131
601 425 794
880 141 516
371 438 535
513 257 201
139 126 717
243 914 759
985 21 929
546 331 385
219 761 626
951 141 500
709 505 225
633 29 11
721 676 963
388 581 442
601 918 201
281 961 71
937 973 561
209 571 337
906 122 611
976 197 636
862 581 861
287 282 127
559 753 201
129 911 690
465 71 319
1 834 216
865 356 489
451 497 605
76 681 920
29 54 145
351 633 577
981 279 691
73 465 161
376 291 569
257 702 323
977 958 741
551 899 968
206 516 685
201 371 209
555 446 196
165 981 461
967 209 201
621 617 968
593 253 81
589 121 469
378 41 21
316 935 341
85 351 516
101 711 461
801 445 497
137 138 123
741 295 677
241 722 623
369 475 546
713 101 681
920 81 89
521 197 444
426 889 663
786 648 821
585 126 161
773 140 252
892 639 981
145 61 647
205 81 157
951 111 384
15 185 290
617 278 57
50 191 163
305 873 829
640 169 185
41 263 977
345 99 135
451 541 523
277 693 301
801 761 819
945 931 627
457 496 831
59 581 916
473 993 689
931 361 929
199 581 457
637 503 577
713 85 436
304 339 511
751 277 923
823 931 557
349 426 606
776 609 622
597 969 812
11 367 38
845 521 143
941 845 781
189 601 441
5 996 651
769 423 781
639 522 281
126 76 17
518 681 556
971 951 41
434 815 126
638 481 429
953 372 436
221 294 563
175 207 885
993 11 231
385 251 608
409 961 243
850 661 665
76 267 45
690 869 190
285 315 81
996 965 177
337 351 545
577 309 833
899 16 441
56 811 192
846 676 853
229 449 169
469 129 822
984 331 191
681 617 407
481 942 542
436 985 498
13 248 685
169 586 897
601 101 858
281 261 901
819 66 173
683 529 731
909 83 315
701 1 677
925 916 45
856 636 151
810 775 456
359 835 464
718 842 391
744 755 51
736 809 407
311 657 346
231 925 890
451 735 421
989 311 193
773 954 543
751 378 809
458 67 646
693 383 26
726 505 477
601 684 893
901 982 712
73 133 686
409 588 431
241 41 526
329 258 817
953 883 526
473 401 912
585 92 907
41 201 991
26 57 46
228 505 666
93 626 669
429 863 197
439 426 649
311 521 21
776 983 298
237 186 133
955 503 861
593 972 645
949 761 961
801 601 221
31 817 729
195 936 505
549 145 871
481 689 778
965 801 25
228 213 517
25 269 542
153 561 613
169 989 779
147 431 397
47 735 985
293 385 825
321 766 62
881 891 713
823 297 929
102 730 857
678 861 837
993 973 837
266 837 380
45 401 661
461 104 573
141 192 741
713 759 359
189 275 717
66 767 856
609 314 305
726 545 106
306 173 409
953 495 521
128 266 266
41 825 985
901 121 489
289 941 207
156 177 665
56 613 361
619 589 226
913 91 233
309 430 225
406 491 664
405 133 931
989 968 437
721 976 970
89 563 161
3 686 825
651 869 984
110 264 971
49 281 885
81 557 309
545 641 752
223 837 590
101 961 391
526 283 847
561 153 451
62 553 825
752 441 65
923 809 301
23 396 198
600 259 913
229 946 218
565 751 175
646 725 381
791 821 191
847 401 377
51 231 74
583 467 663
267 446 105
591 153 573
905 365 308
481 941 130
901 949 687
134 941 493
229 126 751
701 21 264
319 961 529
481 321 113
685 281 741
657 645 826
423 745 391
673 361 759
676 588 281
401 892 513
687 115 361
162 979 986
939 381 29
791 771 548
238 116 467
596 653 509
751 511 21
991 343 283
756 881 615
1 703 804
742 605 509
123 943 462
905 133 961
938 337 606
861 269 489
838 831 175
578 985 727
209 476 721
292 242 571
238 975 554
989 278 899
469 763 876
311 881 633
355 375 924
209 153 831
966 148 493
871 618 519
713 877 481
976 91 921
621 691 577
313 558 274
354 103 129
773 633 353
843 51 123
768 79 885
291 127 900
181 401 673
411 697 118
681 531 633
913 409 699
379 125 893
249 40 661
726 461 105
877 471 301
73 425 347
969 321 315
123 114 175
270 321 21
738 305 431
363 520 662
682 443 479
488 217 373
681 401 676
991 543 907
841 979 274
889 995 193
989 540 417
573 185 596
913 671 301
589 415 241
535 761 741
571 541 397
413 913 402
911 661 116
589 809 321
937 231 177
127 305 501
38 201 727
251 3 609
113 243 551
607 979 807
521 336 965
687 881 97
146 734 17
549 67 1
289 689 244
563 438 141
801 143 331
257 627 197
227 169 708
554 123 672
679 625 667
961 657 801
151 743 528
745 501 537
501 305 450
831 81 997
747 936 294
12 648 785
201 680 155
69 789 616
181 661 673
821 193 201
865 281 724
845 721 791
872 287 991
501 981 545
17 886 636
69 601 893
665 689 61
927 173 951
271 219 145
851 405 541
561 563 729
401 401 471
18 685 49
384 28 605
921 949 809
330 166 70
526 433 596
370 9 59
183 1 589
97 397 535
921 678 448
567 622 782
945 321 726
98 826 655
347 513 849
708 804 846
221 701 244
52 633 309
273 116 298
141 545 504
683 664 801
309 821 657
417 751 511
305 153 501
561 359 715
191 905 237
151 721 225
501 933 926
129 651 757
386 309 911
676 165 579
1 49 693
925 721 284
839 704 525
253 321 233
137 650 303
853 883 277
395 495 53
206 117 473
433 825 427
633 785 529
691 417 284
105 920 501
609 41 993
243 53 95
49 671 95
452 11 71
776 211 873
671 425 305
415 495 204
641 995 457
993 951 517
943 934 545
985 102 411
801 169 487
201 578 31
13 897 92
856 302 215
757 298 687
691 291 421
961 651 239
239 961 597
809 369 26
576 437 701
628 525 601
302 757 387
75 346 681
24 423 347
525 646 321
836 816 53
952 171 897
326 1000 927
101 814 3
881 476 300
139 161 848
757 131 977
412 1 937
895 492 415
1 17 481
866 185 713
891 788 272
670 459 557
591 666 351
791 292 649
565 576 40
999 241 713
687 176 283
494 497 412
225 953 11
383 146 437
792 906 896
283 709 541
387 433 742
721 158 88
321 749 997
201 402 191
325 589 835
321 513 241
686 991 682
852 537 884
141 909 337
393 2 961
441 417 1
14 504 207
141 209 601
673 377 480
863 929 700
153 485 405
913 1 187
41 81 245
247 421 441
656 238 733
743 464 557
176 873 777
986 781 491
201 129 530
797 33 991
270 953 817
81 945 40
641 733 361
741 311 906
993 583 228
369 835 596
789 197 903
981 462 119
321 745 321
111 51 321
276 37 497
571 257 695
917 332 715
529 225 207
794 121 49
549 1 937
471 397 386
833 390 935
27 325 281
160 841 541
409 734 78
251 829 11
201 216 443
535 857 66
291 137 974
456 504 76
651 955 721
217 766 224
601 480 10
837 841 60
553 786 106
596 913 441
39 45 131
486 547 962
191 521 611
201 323 253
869 529 385
543 103 193
481 69 193
559 289 151
289 777 294
163 365 719
336 656 139
826 678 13
186 181 79
329 137 979
361 76 497
16 421 704
332 445 674
773 500 716
1 786 545
976 79 614
684 921 600
806 276 246
751 427 898
249 49 255
807 729 540
611 633 569
304 55 161
169 93 376
696 45 981
13 245 809
484 583 931
555 301 856
780 105 661
955 557 121
233 702 569
103 473 98
76 520 381
217 423 608
583 155 281
87 471 801
139 754 153
365 548 542
631 916 481
107 302 834
345 781 976
853 99 937
5 973 731
246 881 180
