3958
228 1 985
720 137 511
566 793 985
577 802 881
957 385 617
921 883 169
717 191 633
977 586 913
485 299 736
881 306 200
481 26 523
498 233 519
521 381 369
1 842 793
214 96 315
706 134 577
255 515 915
871 449 195
681 769 239
737 51 946
585 850 161
841 641 801
539 831 136
681 186 991
161 907 610
805 141 961
711 917 376
863 969 557
992 587 671
991 281 137
933 49 60
841 476 995
171 728 864
525 149 527
65 961 676
666 545 855
654 911 276
91 712 157
251 581 528
651 805 976
697 591 521
449 969 736
373 281 173
945 529 403
889 747 319
289 339 157
934 796 245
553 733 577
568 569 35
241 397 191
126 429 481
990 43 760
93 388 285
102 501 65
309 497 821
200 411 57
1 389 663
570 611 769
325 646 403
496 721 241
928 598 8
921 966 415
537 894 793
261 201 876
593 423 667
855 69 295
409 703 701
69 597 477
624 330 369
212 502 249
921 914 233
317 713 670
873 289 697
22 573 61
297 213 637
191 146 149
213 548 741
69 49 249
641 741 156
511 297 181
549 219 783
325 567 201
110 125 401
941 521 545
543 209 661
670 485 609
888 553 501
181 755 552
45 376 477
358 80 9
881 329 637
451 346 653
745 665 61
377 141 689
253 681 295
184 181 511
13 429 5
701 975 41
777 159 624
217 455 793
917 257 854
16 609 197
501 391 261
121 69 91
991 318 693
626 185 186
461 931 801
129 149 789
121 617 257
354 121 276
489 973 1
380 911 921
577 839 113
584 659 997
912 186 873
980 881 365
223 123 737
691 657 811
671 260 485
225 985 908
82 817 741
61 241 841
848 66 873
11 545 138
158 511 451
693 576 407
721 513 539
452 736 243
57 586 559
119 873 411
196 827 567
963 81 473
429 799 721
510 238 529
374 631 375
411 133 907
714 878 377
116 511 1
943 459 206
759 73 625
856 766 961
225 259 513
409 313 940
723 225 27
785 101 887
747 337 969
971 571 300
146 361 62
191 401 561
225 625 501
990 855 671
643 913 376
679 501 676
649 206 129
681 466 397
115 73 221
788 267 640
75 740 257
903 846 767
925 554 688
500 265 191
207 126 81
705 229 100
17 711 67
137 31 609
315 361 854
537 935 233
38 900 501
351 246 281
961 187 933
686 177 569
401 189 193
961 867 881
349 152 521
299 11 913
726 545 56
881 573 770
825 9 736
671 241 591
381 829 913
757 901 282
483 429 332
945 529 433
194 961 574
217 981 899
676 166 42
806 810 533
501 814 951
625 421 197
809 708 126
919 570 689
753 659 461
801 697 939
641 925 785
541 741 439
911 160 511
97 95 575
485 180 121
745 526 217
105 901 585
381 656 766
449 894 171
288 312 217
309 565 794
945 793 157
326 91 298
764 110 36
812 100 569
12 801 401
101 151 517
113 406 431
826 417 929
101 545 905
681 517 176
311 713 728
341 973 444
389 891 589
272 695 879
601 243 269
841 926 564
841 696 613
667 440 70
211 368 697
901 171 201
462 470 818
241 551 745
971 641 433
200 2 954
951 991 965
416 401 513
465 868 606
109 819 836
341 178 657
318 711 47
157 194 97
56 521 413
727 913 208
814 906 738
27 983 621
842 553 781
926 331 469
311 559 545
831 249 463
201 113 78
409 701 765
264 656 452
289 945 891
929 741 161
766 609 545
91 319 561
937 541 251
187 357 809
549 907 805
857 930 990
489 81 189
411 713 440
101 156 721
126 756 694
369 423 1
601 213 153
887 797 745
995 423 41
159 266 281
559 957 33
591 601 756
233 36 937
685 685 305
141 301 746
751 81 175
752 841 99
481 697 201
727 62 809
867 118 77
189 591 626
176 659 653
539 187 346
421 83 680
189 57 271
261 454 985
905 521 561
981 851 413
51 769 471
1 533 625
325 821 201
864 278 661
871 608 637
831 973 286
966 957 541
673 665 849
585 411 678
641 321 721
667 801 921
417 641 376
569 993 829
743 989 716
97 843 675
553 882 961
497 933 651
455 817 961
711 764 467
651 69 98
565 169 236
17 305 800
896 921 313
814 705 593
45 539 714
259 645 657
225 549 140
985 633 1
709 406 283
431 725 357
645 900 733
881 729 1
21 418 117
1 189 107
331 255 377
799 781 91
185 791 835
17 726 311
277 3 978
425 493 663
75 121 311
646 621 476
997 735 111
589 704 895
681 721 465
313 971 469
906 17 959
137 423 133
749 176 706
95 315 500
151 476 261
547 449 577
913 593 358
543 285 895
453 681 809
351 460 375
49 757 663
343 563 257
734 49 937
559 145 65
437 985 503
295 276 779
119 53 592
633 371 551
489 609 734
401 626 791
779 297 616
211 587 353
262 395 727
983 25 373
197 626 161
605 201 670
597 201 108
249 337 541
341 851 904
791 311 859
397 726 676
735 745 81
633 886 834
633 191 325
330 741 445
761 336 593
470 689 33
374 329 1
369 287 993
63 473 802
1 225 54
749 651 633
401 687 615
201 891 403
991 751 517
497 350 33
741 345 81
254 613 431
836 125 152
741 343 890
430 337 648
651 181 656
793 234 791
541 866 40
315 167 1
685 561 603
309 71 114
261 199 441
860 975 58
544 326 521
57 416 812
837 761 277
539 961 769
697 729 418
41 269 370
71 107 737
283 582 765
305 849 126
116 651 993
195 193 29
809 459 741
372 418 641
841 783 645
559 293 508
561 275 455
121 207 518
111 897 406
751 851 282
441 961 458
532 501 906
491 423 339
321 377 777
769 385 641
479 529 86
853 361 865
364 140 951
93 317 909
821 675 708
970 316 671
880 294 3
847 801 285
593 667 261
565 741 25
801 127 682
909 309 286
113 719 801
761 49 399
85 481 57
73 11 647
771 633 93
347 827 797
154 873 179
777 133 431
401 555 853
33 165 33
681 933 949
161 1 337
586 781 259
207 67 211
681 826 281
609 89 249
477 961 604
106 396 590
540 541 199
751 321 737
793 985 497
951 177 301
951 131 201
599 557 616
479 562 972
572 220 492
11 557 461
553 89 505
433 745 11
622 265 266
501 518 489
693 637 913
89 84 838
301 897 269
97 45 582
7 215 118
911 797 603
347 116 928
218 695 774
459 701 113
377 301 841
37 393 661
857 935 434
906 865 527
449 849 501
521 281 593
216 10 105
391 913 761
909 593 342
711 845 788
752 201 587
617 181 681
545 337 406
833 635 941
689 197 110
215 346 583
873 153 119
901 376 549
295 81 193
894 201 761
291 567 270
989 197 569
689 342 180
783 213 521
928 953 270
6 216 761
279 228 417
646 692 657
25 977 137
689 51 681
811 861 541
903 467 237
603 309 1
996 959 457
701 191 729
963 931 377
359 836 456
695 587 641
901 642 265
191 521 649
741 557 613
889 927 729
496 190 52
399 648 691
98 356 589
661 125 421
409 305 235
986 392 673
21 929 941
321 871 311
265 137 888
363 489 22
651 411 831
16 842 79
920 411 521
737 928 145
997 321 46
157 39 501
313 821 440
893 231 893
751 785 403
194 23 795
67 799 391
431 51 500
118 657 377
411 129 637
318 683 49
460 616 1
37 1000 392
512 811 746
12 336 785
155 163 815
666 656 817
420 916 121
46 101 82
805 741 461
929 541 623
845 446 326
72 561 332
128 27 751
209 705 993
1 151 601
61 996 849
771 929 510
397 331 185
451 243 86
571 831 677
362 801 217
915 492 27
619 647 581
649 651 521
633 509 778
145 485 61
251 310 113
801 673 977
281 230 550
518 560 533
706 749 30
461 673 571
376 683 681
592 292 231
985 751 279
701 329 961
801 989 551
119 636 651
361 141 845
216 54 941
2 305 821
88 889 365
329 743 771
841 977 450
441 745 332
385 230 281
161 705 123
257 769 455
879 996 187
177 701 898
187 379 851
526 769 806
938 406 401
666 4 402
649 236 580
749 285 481
95 491 119
352 561 567
121 153 207
256 595 426
488 582 541
727 879 418
281 530 789
551 417 197
575 626 646
876 657 461
89 161 833
609 861 376
345 45 894
609 447 619
675 374 491
547 305 875
637 751 143
365 141 361
691 1 66
643 308 121
404 561 395
457 527 601
81 575 631
661 151 633
191 165 157
809 241 809
937 161 381
638 653 65
386 117 72
453 911 791
861 997 317
189 472 525
351 315 204
1 662 51
621 9 894
124 719 986
761 587 309
719 266 129
286 826 777
187 415 62
945 577 601
815 253 777
33 757 923
797 81 705
961 991 786
151 489 621
231 371 81
392 10 649
193 176 259
265 447 947
63 701 873
649 441 785
45 862 931
881 737 906
890 274 444
825 391 331
537 475 842
279 719 121
599 585 201
359 237 713
492 142 505
181 975 626
580 721 633
971 365 649
661 736 501
871 843 579
401 906 585
361 56 797
186 621 173
193 397 241
171 516 668
41 423 153
571 697 61
579 6 961
673 201 401
497 601 531
241 849 189
705 42 81
940 849 939
927 26 536
779 77 513
478 191 681
997 114 221
989 511 462
105 841 952
339 445 178
479 1 411
277 581 71
336 261 196
341 186 807
1 957 929
25 584 5
222 11 678
219 339 139
23 753 981
169 617 473
241 542 801
71 41 145
823 141 715
591 417 696
89 651 876
1 421 63
76 217 621
36 453 753
220 145 969
561 861 126
186 121 769
753 801 377
963 935 671
748 875 907
589 743 971
939 221 389
283 676 769
229 251 878
273 691 121
770 834 815
119 521 385
15 47 715
784 961 158
963 371 393
849 445 81
143 993 65
312 636 153
293 461 434
953 121 977
989 501 261
62 71 338
776 393 902
253 49 41
606 261 577
921 987 115
821 953 222
985 583 273
272 630 201
585 579 761
599 17 156
723 269 817
919 757 701
315 705 961
386 383 965
605 901 236
901 704 581
853 937 247
791 361 531
633 16 146
441 169 129
846 285 61
601 386 217
473 737 625
39 75 877
121 126 406
201 286 361
505 656 542
889 904 361
53 2 826
50 449 769
683 365 625
731 51 177
589 491 631
777 321 649
161 973 15
663 224 22
615 510 507
945 725 721
809 323 481
701 917 249
875 326 109
673 243 901
721 1 586
961 46 597
876 333 331
337 663 491
91 35 872
616 273 814
641 621 749
617 865 161
432 125 417
271 61 385
871 95 998
408 931 667
171 261 529
769 337 315
851 781 606
886 424 635
413 285 185
457 767 176
239 969 759
921 209 441
51 577 677
813 869 542
37 753 395
951 946 956
59 826 521
981 650 585
361 665 735
297 281 819
393 403 161
909 971 865
591 51 132
489 569 953
795 116 401
854 105 626
785 459 511
643 665 531
169 722 761
889 581 127
468 997 402
661 537 577
826 506 801
66 878 985
445 945 243
177 1 611
281 451 657
235 15 588
281 901 1
611 141 742
636 201 529
367 81 313
665 559 613
781 221 353
923 245 765
959 834 993
858 456 622
377 645 257
265 651 633
178 881 898
953 913 93
956 169 717
393 956 337
269 683 85
805 401 891
62 713 500
835 976 593
771 613 21
155 897 57
161 329 537
198 911 141
405 766 475
659 973 495
358 568 667
713 907 529
27 885 903
319 869 991
501 703 65
580 437 713
65 297 289
302 769 276
710 802 659
381 737 683
216 755 461
386 585 825
881 863 382
721 196 145
433 225 813
848 829 201
460 609 813
65 625 44
97 435 129
869 841 385
419 162 211
220 381 529
449 793 593
892 329 65
737 335 21
179 226 149
469 441 81
665 249 81
911 720 69
303 678 937
279 781 792
421 361 381
233 701 657
179 681 304
61 692 888
666 692 593
579 761 234
889 869 991
323 837 371
881 644 393
424 311 417
901 723 953
945 177 549
106 393 173
151 861 561
329 102 540
951 8 9
619 25 97
947 449 501
727 401 957
326 243 458
46 7 460
721 403 701
295 286 25
705 501 797
284 754 311
443 379 116
566 57 639
821 593 881
267 139 81
791 908 751
153 70 685
633 669 576
601 797 919
637 811 658
374 839 91
119 821 661
725 521 671
9 843 201
51 456 365
501 177 205
681 529 719
858 969 656
721 17 997
130 371 565
872 716 527
845 51 117
929 571 931
500 245 410
867 701 873
493 873 561
351 451 457
590 5 977
400 943 931
777 420 96
162 228 161
792 791 105
644 245 453
491 1 913
277 361 318
525 637 820
909 801 553
889 366 96
721 526 117
841 601 155
629 534 302
775 371 873
281 605 1
821 401 833
941 776 336
161 837 5
601 991 243
57 71 543
637 569 116
277 195 951
137 507 704
243 831 150
54 135 676
893 893 851
751 256 726
246 49 189
961 39 787
127 137 633
561 541 52
711 733 726
261 741 61
273 481 197
441 697 1
859 1 960
710 801 585
241 527 660
26 455 873
281 585 949
401 311 255
801 769 865
737 556 186
326 465 565
951 407 233
346 557 149
801 61 938
935 141 901
451 704 658
2 561 461
969 33 5
247 407 311
401 37 37
658 361 418
561 526 697
449 701 76
941 633 114
913 953 947
961 351 441
652 79 681
61 888 381
965 465 366
91 877 707
456 60 702
708 111 627
623 461 699
601 92 63
337 153 397
51 229 751
151 483 933
997 157 879
241 385 446
872 377 809
993 177 637
601 866 921
203 882 581
201 800 955
385 41 621
605 831 435
729 357 543
550 741 281
417 23 900
594 561 359
637 637 165
581 949 3
921 845 588
301 271 934
447 769 161
145 41 191
623 257 303
905 833 849
585 749 31
673 674 267
891 705 289
657 781 385
97 58 638
547 831 770
426 741 923
129 337 81
617 508 150
386 837 690
936 175 976
402 401 687
51 233 609
157 927 589
985 701 883
197 585 241
751 44 889
455 781 159
845 861 976
665 114 387
128 543 641
961 342 917
596 326 852
911 802 376
509 57 697
263 853 616
622 329 201
785 546 221
29 76 1
113 826 729
647 125 285
301 948 853
711 160 203
424 675 862
350 681 704
665 340 101
80 695 912
735 911 985
796 805 816
127 161 81
345 663 339
241 273 851
126 751 556
841 687 61
381 787 473
593 995 127
479 711 121
781 818 381
177 719 783
999 905 818
373 694 617
953 377 119
227 739 842
701 619 721
89 889 713
945 836 455
189 453 806
43 161 535
646 957 860
801 666 959
267 212 674
465 61 766
380 361 913
84 339 993
661 269 399
365 117 841
761 688 977
889 321 621
659 353 666
393 917 620
781 753 931
697 973 99
438 525 897
248 456 284
661 528 77
862 29 392
85 421 765
3 243 317
681 33 709
309 561 861
371 585 473
713 729 937
689 689 419
201 75 67
202 517 153
981 791 833
745 741 793
1 913 785
793 185 437
835 61 498
246 261 61
465 305 673
876 948 469
699 681 571
43 811 757
211 337 617
781 137 209
405 222 953
739 951 1
609 109 817
946 813 37
331 826 422
91 361 645
721 863 91
981 560 923
826 212 182
68 669 581
86 151 259
161 226 515
136 673 753
89 105 766
909 766 801
364 356 137
702 969 47
76 44 441
739 551 126
796 133 841
586 943 745
101 731 763
707 85 563
221 430 891
625 731 701
836 744 143
461 847 451
217 318 201
372 256 151
320 297 525
917 661 1000
751 93 59
266 199 320
249 905 253
847 291 725
823 576 619
281 951 301
216 643 452
151 421 205
672 66 561
1 899 881
825 991 309
869 297 966
657 132 661
893 481 616
281 157 124
407 430 250
81 231 993
326 191 502
55 723 869
901 355 812
817 147 201
595 19 847
313 105 747
901 279 417
217 241 161
11 537 874
354 373 761
577 793 183
977 496 767
926 217 791
968 929 632
711 821 811
70 121 333
82 759 101
713 193 873
921 494 525
965 901 961
441 869 486
671 665 152
737 385 238
801 732 746
239 114 582
627 579 221
869 742 301
395 249 470
713 601 297
525 301 929
41 277 191
510 361 88
421 901 438
506 613 940
971 765 353
101 104 244
245 661 853
161 266 377
624 101 153
959 441 812
17 641 833
121 1 257
753 784 11
538 729 207
301 347 641
915 641 984
981 985 838
855 409 725
919 401 906
709 127 641
281 401 331
601 729 774
500 831 351
661 485 246
981 634 953
943 119 197
393 620 513
155 152 234
321 231 839
977 736 397
865 845 638
641 901 681
531 592 777
233 141 985
848 671 744
433 481 645
953 939 895
537 632 411
341 521 316
151 531 822
913 769 969
961 175 480
651 935 756
891 584 584
761 577 545
498 279 279
351 583 941
986 941 860
659 26 249
779 429 445
171 361 771
217 612 286
316 321 341
81 791 22
401 915 151
573 840 585
733 481 866
948 366 449
641 697 882
509 621 857
301 748 658
224 197 692
745 833 741
101 121 543
411 258 24
741 281 765
850 391 631
343 137 641
627 45 596
416 195 999
950 486 977
433 401 206
491 778 542
739 29 166
377 143 643
129 70 634
665 77 303
831 173 709
351 986 873
137 758 194
847 671 161
191 199 76
495 13 557
440 770 889
801 864 135
295 801 829
913 69 76
381 533 81
41 389 282
871 77 361
412 12 707
721 11 359
116 179 876
315 639 356
321 801 753
69 217 274
705 509 956
161 211 21
337 335 961
281 497 49
844 209 161
892 1 528
547 411 349
25 681 201
503 280 959
777 917 976
150 646 259
126 799 407
105 825 67
696 796 281
771 805 781
553 783 444
60 490 341
210 773 211
905 378 745
991 869 436
246 891 41
746 71 404
303 692 689
33 826 189
385 226 625
329 501 598
993 325 139
443 269 191
963 41 731
961 253 192
950 931 519
256 281 713
891 179 83
311 315 905
733 75 923
881 916 327
618 743 157
609 163 757
917 831 989
961 721 177
815 569 832
335 16 433
501 271 177
238 959 775
725 701 781
158 176 625
529 533 697
357 105 665
665 731 349
601 261 158
215 941 141
905 266 801
9 379 437
863 33 466
781 800 426
217 93 249
438 423 383
745 721 45
569 384 401
51 208 225
921 533 249
647 525 377
766 117 569
681 53 81
941 281 863
653 761 368
601 185 401
27 249 541
56 481 457
189 968 717
51 701 249
915 742 637
611 977 106
673 929 712
676 546 501
269 458 273
74 491 519
849 369 781
117 667 721
809 1 191
41 976 729
611 74 136
1 612 606
931 521 717
641 371 313
403 65 25
862 816 608
806 609 697
7 549 937
171 41 991
547 203 861
681 563 221
553 977 81
923 139 658
566 937 785
415 702 971
553 606 891
441 159 673
86 801 795
371 541 107
113 728 883
876 601 137
450 1 604
581 445 299
877 231 993
751 158 621
945 861 181
344 537 590
58 401 17
581 878 836
549 401 43
689 67 93
701 69 876
697 297 377
1 693 33
651 246 237
143 141 65
548 726 331
193 783 501
841 848 112
893 257 891
857 201 693
310 713 676
914 787 225
948 251 81
860 634 192
1 295 948
659 567 553
707 214 833
886 831 353
222 467 191
794 617 626
965 425 641
679 977 611
281 82 679
805 795 401
183 647 170
357 693 647
673 337 892
322 3 625
733 472 75
401 696 716
393 376 281
959 349 91
369 769 875
865 822 521
733 69 39
689 761 753
437 24 817
356 745 521
875 421 403
511 149 811
551 326 688
396 105 773
878 321 801
626 669 176
327 222 801
306 972 469
349 385 681
963 344 117
281 613 603
601 657 441
225 471 193
321 941 297
71 302 729
679 195 519
981 857 351
565 557 813
393 257 355
837 841 50
365 457 185
861 913 309
81 891 13
305 761 408
673 689 696
346 676 577
497 612 566
173 758 801
750 76 73
897 774 281
661 878 222
695 137 486
41 961 24
564 977 414
753 312 481
741 456 655
441 519 658
458 864 809
627 391 268
937 301 363
807 291 726
825 853 666
938 924 786
17 776 127
929 681 991
851 266 886
707 477 883
460 41 985
447 465 451
541 77 251
673 841 457
169 439 173
793 473 953
667 643 953
451 409 81
274 751 359
887 387 986
929 801 881
326 969 501
257 367 892
961 747 417
815 891 198
544 241 295
597 251 446
376 941 525
864 689 481
871 477 987
609 431 552
531 750 301
413 351 962
245 288 633
625 782 485
442 697 617
850 885 745
925 939 41
547 571 623
394 2 329
505 612 959
859 217 106
391 700 41
430 497 456
777 436 945
361 951 363
377 401 156
293 201 230
753 441 793
195 557 740
903 317 671
449 61 372
961 551 713
469 141 273
84 236 152
989 985 856
726 1 905
681 183 36
877 320 821
129 501 21
501 656 366
233 842 177
535 111 479
387 207 7
593 580 225
801 983 387
953 377 741
1 979 489
911 581 956
1 281 111
539 273 931
920 589 896
222 174 852
945 301 977
701 126 409
285 929 609
527 255 881
363 457 369
125 505 126
430 149 886
387 935 308
593 351 901
205 205 357
223 290 41
746 745 851
487 701 85
251 937 697
709 985 489
851 373 808
710 706 332
65 354 56
121 257 161
281 611 581
945 105 855
387 501 436
317 168 377
575 707 937
985 757 162
215 341 266
637 67 911
621 783 456
761 11 189
290 701 622
607 657 65
93 233 575
965 661 865
49 665 810
191 671 241
941 326 921
191 69 669
289 220 556
167 275 991
951 739 921
792 719 637
1 661 943
780 535 339
601 51 102
189 121 401
761 611 326
441 311 169
857 361 49
949 717 393
82 409 135
466 518 271
126 851 648
781 969 805
246 479 776
769 267 479
843 616 337
229 626 842
937 114 370
831 207 613
793 416 517
19 477 419
561 263 521
966 417 810
221 533 417
201 330 971
569 163 306
441 681 545
765 541 221
437 89 408
201 313 71
161 919 315
221 1 485
352 682 967
359 913 969
17 879 505
641 151 765
499 149 341
986 473 288
738 513 919
104 467 377
121 393 293
17 905 211
761 389 521
161 663 481
674 697 93
27 300 176
184 601 996
365 89 551
561 81 331
113 855 268
17 889 237
489 751 889
667 143 671
721 921 762
43 677 745
985 27 871
748 653 648
175 641 26
346 411 211
751 185 511
702 561 285
889 590 266
668 815 427
171 244 295
689 804 529
412 707 51
185 452 673
485 41 68
241 231 496
435 461 761
891 366 895
596 916 501
15 993 322
341 203 787
71 887 101
389 792 65
21 981 54
60 249 946
908 145 423
701 192 78
11 831 277
911 901 295
963 333 256
720 527 886
176 917 165
716 911 226
537 533 49
963 217 81
497 509 277
566 586 799
287 435 151
207 946 416
857 699 441
601 561 449
776 997 331
27 691 729
571 579 301
467 249 241
965 289 205
69 783 831
294 616 427
281 473 475
1 742 154
951 993 897
689 415 720
166 311 951
631 594 607
49 621 167
624 121 661
833 216 759
57 171 113
521 736 691
433 382 799
141 341 831
40 145 25
841 13 987
913 901 388
501 426 551
721 956 347
625 641 336
245 467 645
645 890 219
111 338 938
201 848 41
421 497 361
339 825 183
137 376 376
957 556 909
524 947 898
501 9 201
155 913 161
945 67 687
645 355 483
341 759 863
157 358 185
511 847 489
876 711 321
885 449 315
176 56 766
753 571 241
493 193 376
973 481 129
281 994 271
273 336 741
971 478 225
202 873 697
187 713 510
437 52 263
861 761 797
160 186 851
365 251 249
480 116 641
886 126 706
923 834 41
521 41 25
715 315 945
848 457 916
801 751 49
434 199 913
643 853 1
22 252 270
211 546 291
811 601 361
43 1 857
401 626 393
611 536 68
251 515 392
53 733 646
492 853 721
65 400 339
601 741 681
969 91 561
401 57 939
584 81 211
201 203 895
207 722 85
154 900 979
761 221 694
841 569 288
723 324 322
937 647 841
215 91 985
615 66 49
320 646 599
181 166 663
990 536 441
286 425 198
1 135 121
107 211 419
631 741 825
136 789 701
713 255 293
901 515 200
492 599 886
46 682 65
929 825 273
308 866 419
154 197 43
526 925 121
871 400 729
305 115 153
393 426 389
907 606 369
924 987 694
809 531 751
641 987 385
10 957 465
91 348 155
621 914 357
576 124 553
824 77 401
169 199 803
23 279 399
660 747 736
988 801 380
905 37 953
576 481 69
501 646 611
41 641 558
5 617 159
506 905 711
81 436 683
345 701 856
263 857 109
756 31 661
143 681 347
601 801 992
416 21 543
841 330 741
989 709 517
841 800 20
678 162 140
126 251 323
649 657 415
661 241 363
453 405 541
793 701 651
519 965 405
629 141 567
187 441 631
1 513 1
729 836 609
517 195 63
645 554 51
901 987 606
639 705 79
361 201 657
710 833 65
51 825 192
393 443 156
83 255 150
97 405 400
912 320 937
651 496 966
461 581 353
537 345 647
733 181 361
351 659 635
690 275 387
505 703 29
913 737 739
501 475 281
487 433 61
417 433 529
528 149 233
761 793 225
273 193 421
983 431 87
121 911 171
909 106 271
401 211 497
292 80 568
876 546 563
335 380 441
929 9 129
57 675 126
801 779 524
519 149 97
326 681 466
36 603 791
796 435 673
191 471 501
346 471 472
641 953 162
97 841 357
841 484 531
587 864 625
524 626 305
177 241 55
961 310 921
18 237 851
150 413 757
735 693 586
551 597 96
435 263 389
41 668 141
57 789 271
223 559 761
694 561 869
981 885 433
875 966 916
477 841 241
713 771 893
69 437 87
855 289 166
627 399 307
335 305 196
501 827 575
501 393 941
873 501 893
623 864 17
49 837 749
433 623 14
91 989 837
986 856 938
71 24 485
299 919 322
243 294 960
599 185 281
181 785 565
805 857 153
156 841 79
373 865 886
489 762 951
948 373 29
293 187 226
320 883 779
426 717 21
900 41 751
985 768 252
359 1 137
653 501 511
35 251 591
689 199 251
937 913 542
921 56 216
153 543 865
370 573 903
625 851 36
686 461 684
993 503 555
741 764 973
145 198 137
156 337 690
767 796 704
951 867 693
328 351 177
185 693 266
452 421 777
373 72 501
251 325 426
401 873 204
201 773 997
385 437 785
781 788 925
601 881 55
893 353 27
776 681 91
616 189 121
653 901 977
341 219 135
881 1 157
801 421 685
168 697 55
737 273 441
480 361 725
233 477 929
290 868 169
950 591 141
489 247 351
565 657 468
387 145 561
481 404 577
291 316 997
865 209 491
855 617 961
621 491 691
3 457 1
339 444 499
913 673 867
110 972 960
25 417 516
666 21 11
723 937 69
599 566 209
255 251 569
41 19 305
71 845 121
991 537 49
846 795 820
851 445 35
747 181 865
340 727 561
643 313 401
929 711 625
795 895 361
568 431 466
951 164 226
305 511 536
599 864 984
857 470 583
911 181 733
991 639 806
657 803 636
25 379 338
46 261 225
381 151 335
393 969 894
697 495 341
657 1 217
731 924 823
768 914 631
701 629 687
537 476 585
281 29 165
804 657 578
727 851 357
744 466 361
285 377 981
665 461 473
981 24 670
304 161 943
310 41 34
441 151 854
648 249 46
553 97 541
124 845 698
105 126 357
196 802 33
601 861 486
81 652 373
796 114 449
841 627 961
83 567 76
801 865 256
251 181 731
519 593 977
149 177 860
201 521 351
99 369 729
241 39 52
203 493 592
86 967 129
804 66 345
241 21 225
405 737 86
611 619 497
679 915 880
821 891 485
841 737 593
976 345 328
546 515 461
201 601 133
825 401 401
941 501 153
864 987 233
316 796 367
68 273 196
119 45 235
561 187 523
856 467 31
221 281 301
44 643 207
815 964 276
231 527 890
727 625 195
103 743 641
600 842 413
505 413 625
449 465 547
269 90 749
909 937 464
210 876 655
313 39 831
431 726 241
698 71 41
745 401 477
493 540 371
223 934 687
225 582 195
126 352 451
894 545 32
863 282 377
789 947 193
145 601 389
929 241 733
227 261 551
741 393 216
230 101 71
937 549 921
467 5 626
139 708 257
310 41 266
877 190 7
969 94 923
495 929 320
791 851 747
86 81 635
43 947 508
356 131 619
3 236 601
589 774 761
137 802 601
403 469 613
29 106 915
145 331 369
87 781 812
641 135 301
641 269 37
813 372 441
558 872 577
155 601 232
41 501 180
563 270 177
451 209 413
265 876 608
986 553 901
773 266 1
394 255 438
38 924 185
336 984 591
585 301 9
901 257 345
61 706 161
716 553 976
542 981 21
361 329 959
473 896 151
1 26 353
958 601 481
567 171 29
173 566 599
771 121 841
1 653 305
837 977 801
825 371 711
729 348 861
185 369 698
261 741 59
601 256 149
328 105 831
33 820 140
353 821 709
876 651 103
813 935 631
529 70 562
176 357 71
871 553 227
586 751 346
729 587 39
404 477 353
85 825 825
929 627 810
933 745 151
917 786 397
979 597 581
25 139 766
897 501 289
461 49 103
351 905 411
83 787 937
126 621 394
964 969 804
5 1 129
809 49 189
904 352 285
789 844 811
181 781 229
344 345 831
801 831 413
490 569 503
164 97 843
769 598 475
237 902 801
18 939 963
679 291 801
801 221 346
51 976 329
187 584 901
30 896 982
127 271 251
937 80 162
723 427 1
807 807 461
84 580 192
451 86 436
273 145 865
798 701 317
165 126 37
728 735 879
566 633 953
812 384 673
966 131 317
465 937 124
531 105 208
411 166 721
817 1 497
473 981 655
915 615 721
881 900 381
655 801 135
180 516 840
833 749 185
181 631 437
969 57 76
921 712 789
26 831 660
129 816 707
944 718 131
645 585 505
571 161 467
294 251 633
736 524 539
702 896 755
341 59 891
773 883 489
161 251 231
837 519 867
686 145 41
217 121 569
989 576 241
655 572 427
926 397 656
787 400 707
12 301 862
461 971 473
617 761 188
749 465 491
761 508 157
502 607 522
657 491 909
151 895 164
735 881 112
171 913 830
551 161 692
833 977 356
521 583 331
743 241 401
426 482 151
569 664 213
303 721 929
901 825 201
405 23 426
245 933 785
190 601 231
629 901 568
601 432 532
697 180 521
212 9 741
926 193 501
12 33 401
954 894 541
416 65 941
123 281 129
525 337 41
219 208 154
826 949 175
356 766 21
707 325 830
217 119 74
338 725 801
137 329 396
883 343 641
586 185 13
894 633 597
446 617 857
645 459 53
389 689 369
450 843 145
353 684 631
348 49 977
492 719 908
501 91 836
97 269 643
542 251 787
416 817 921
29 241 366
133 1 459
201 607 461
745 873 750
652 641 711
573 641 551
245 201 592
282 94 551
864 365 663
156 251 105
701 952 363
897 770 179
133 41 459
441 857 421
76 281 392
898 946 751
653 453 251
867 867 961
413 875 286
109 821 117
323 751 338
641 605 1
291 734 107
891 729 841
426 497 441
571 669 884
163 733 438
757 393 186
406 569 473
281 17 107
721 26 891
617 769 617
798 281 831
41 641 493
145 402 137
638 601 473
276 961 9
827 576 948
162 849 599
61 359 932
23 673 391
701 65 198
51 153 388
593 876 505
901 379 801
681 585 889
229 505 811
146 213 17
935 763 501
257 141 539
55 91 91
407 915 489
913 311 793
345 381 369
681 121 141
401 142 39
265 913 185
401 436 166
1 989 846
145 365 317
141 305 751
281 101 641
708 861 876
519 797 593
317 643 225
346 196 321
996 321 791
181 317 188
421 497 291
201 794 898
763 576 543
359 1000 89
6 532 268
205 569 777
747 126 544
533 305 201
401 301 296
844 285 419
313 411 228
671 536 316
721 500 198
9 932 896
539 199 825
591 121 627
905 39 702
851 14 680
339 225 701
225 941 946
285 329 319
959 413 207
911 171 317
908 829 961
923 801 888
21 11 626
253 649 409
313 85 871
897 772 895
115 321 49
153 786 15
721 99 153
176 226 82
633 373 649
963 484 553
321 666 154
740 81 481
977 893 521
969 273 693
913 135 781
465 303 644
317 905 170
166 109 717
841 425 704
981 629 480
875 100 926
296 352 15
441 534 761
361 785 909
215 323 793
483 747 697
497 293 185
609 276 575
145 804 265
9 601 323
228 479 923
957 656 204
694 747 821
425 415 286
31 831 881
529 742 930
613 249 725
95 897 416
156 569 757
525 945 245
265 935 673
606 356 743
67 804 435
345 176 213
967 650 457
996 307 401
751 741 811
579 845 951
201 186 316
881 801 292
299 269 847
887 989 679
298 526 97
201 71 919
620 825 215
681 346 624
311 360 93
529 233 149
413 337 165
391 927 317
575 123 978
297 426 245
458 211 55
723 785 233
691 991 285
279 889 414
421 267 25
727 531 473
851 293 930
106 23 876
676 998 685
876 815 829
841 819 396
785 549 702
1 909 729
365 581 161
161 681 721
684 491 185
681 800 861
123 983 358
401 852 405
904 951 411
104 143 731
876 744 196
790 561 917
529 643 587
481 426 402
905 862 415
913 393 337
791 89 858
69 633 716
193 771 531
221 288 795
61 157 879
701 601 721
159 561 825
116 265 531
557 240 609
471 826 651
405 534 469
761 255 533
759 361 120
513 582 161
855 69 81
441 433 561
677 239 497
981 950 139
793 855 231
633 361 417
159 492 264
851 436 892
601 872 781
293 941 821
658 161 532
249 997 561
561 132 325
591 554 701
217 585 293
234 570 521
117 620 5
665 797 757
51 289 705
561 730 37
403 863 121
157 159 337
605 656 36
753 73 119
176 197 461
29 424 478
460 309 341
720 361 26
213 947 845
921 105 35
691 97 735
650 86 281
895 255 541
381 52 481
593 351 393
361 341 1
303 127 783
985 776 492
65 635 63
401 457 385
793 437 389
946 96 631
985 979 513
161 409 371
919 34 90
741 807 321
393 560 969
481 921 598
501 841 626
601 561 451
175 33 196
941 211 311
47 89 406
433 836 729
853 120 601
196 791 397
881 257 716
101 301 615
941 471 323
306 33 731
1000 111 54
273 534 861
281 411 595
216 956 526
81 701 896
997 412 988
501 591 851
253 721 366
273 501 785
601 291 795
511 29 1
784 658 506
165 710 458
267 959 997
970 9 431
357 721 26
841 497 759
113 556 817
705 977 483
233 891 571
407 37 171
191 609 189
83 871 431
563 489 742
21 833 526
177 177 69
129 948 159
629 201 969
601 56 975
877 258 461
417 117 827
896 35 480
505 983 401
680 715 309
896 860 238
475 770 225
516 785 526
347 506 652
65 503 501
231 791 977
967 424 621
686 14 211
802 774 877
902 76 121
464 316 341
401 311 961
311 67 281
545 776 425
81 225 331
881 569 134
466 141 482
1 381 932
218 175 71
994 777 497
403 861 45
921 365 201
139 1 678
421 323 893
268 301 176
149 719 21
247 724 561
97 881 927
82 690 947
409 651 79
367 567 729
585 354 705
193 741 97
707 343 112
215 327 937
933 171 394
848 446 91
877 433 901
627 651 81
535 182 526
129 409 213
201 697 913
767 793 883
419 481 185
523 595 76
827 1 873
221 797 477
490 41 845
195 208 281
561 919 555
247 443 584
578 701 547
567 937 303
789 807 496
962 859 511
505 639 11
657 942 971
384 450 609
836 905 285
415 449 335
209 979 864
799 313 521
984 161 201
914 433 715
291 313 327
483 730 793
691 321 673
461 242 525
203 102 625
160 49 217
651 555 17
38 871 313
141 867 192
166 71 527
573 175 451
261 637 895
571 615 923
87 529 111
533 369 961
171 390 847
356 376 56
181 168 77
687 21 927
900 795 797
1 43 163
942 158 781
413 439 403
977 452 489
286 119 641
195 605 651
801 81 409
935 205 661
793 51 793
169 37 726
837 289 234
866 954 107
701 856 86
341 917 889
867 613 379
476 449 373
1 409 841
763 576 842
637 713 681
711 385 1
711 962 662
297 81 209
823 5 537
656 961 757
886 433 815
857 840 156
885 473 864
697 927 212
953 358 491
591 801 75
323 121 318
179 861 951
201 809 240
557 429 191
441 987 141
745 981 360
447 337 837
419 561 989
601 226 131
851 833 456
226 852 649
379 450 301
289 878 479
577 401 195
217 17 769
514 751 917
652 867 621
91 784 341
620 877 432
249 441 850
842 17 870
636 917 376
417 458 189
793 400 534
665 200 53
25 41 641
305 949 189
78 249 981
731 535 209
312 333 613
405 769 321
555 411 849
761 321 84
823 221 501
205 121 767
44 783 449
358 869 217
129 87 921
69 50 130
817 220 15
129 571 181
201 129 636
676 897 681
876 945 831
45 601 565
429 6 5
551 501 11
954 349 937
885 113 651
361 269 151
934 66 727
997 398 139
751 566 271
877 109 991
947 433 175
661 344 501
979 124 137
505 840 771
887 969 692
217 495 405
809 891 103
401 487 410
753 201 247
529 676 464
926 523 450
126 516 534
447 106 801
345 743 211
321 256 371
67 365 521
491 641 269
303 180 250
689 459 227
711 484 100
990 573 386
877 313 611
755 651 611
519 150 857
742 971 725
664 929 441
899 401 73
717 697 549
457 196 883
451 753 892
707 485 739
513 981 951
153 141 145
737 737 777
129 601 776
901 521 33
317 761 251
329 923 127
679 401 411
161 701 137
41 865 425
453 695 793
879 217 389
387 964 525
457 511 821
889 536 676
681 416 1000
841 668 31
945 919 549
813 233 425
343 118 891
49 851 750
873 725 644
395 861 658
809 33 894
438 229 619
91 841 633
19 559 726
267 513 673
886 443 21
727 71 289
631 137 358
575 31 732
32 900 947
921 861 770
183 506 139
122 838 701
77 809 445
305 889 387
345 651 273
115 517 333
345 786 566
505 757 567
830 121 211
797 649 604
267 118 606
9 381 901
619 544 595
401 775 185
471 551 390
423 158 199
337 651 353
341 361 533
457 106 492
901 458 821
261 369 587
741 455 771
898 351 231
989 169 943
189 340 89
556 313 689
832 657 659
106 894 570
306 825 685
326 674 905
897 277 347
309 822 546
605 420 961
773 20 909
361 891 901
501 61 735
448 629 157
209 321 147
208 876 265
313 481 31
598 765 505
869 779 530
829 325 847
245 161 583
745 475 325
45 377 153
881 351 961
819 71 891
401 733 695
695 146 421
831 25 881
897 257 841
111 542 311
288 248 169
929 665 169
51 241 903
601 331 340
105 941 487
929 451 31
401 577 861
252 247 841
377 577 633
211 531 91
251 465 946
102 353 5
392 465 626
454 15 773
80 875 276
664 711 457
267 221 262
909 521 1
263 796 761
5 766 765
337 49 803
754 661 411
339 805 726
921 262 641
751 401 961
691 633 137
513 825 993
115 361 525
529 530 470
873 1 76
31 935 137
606 776 107
719 195 99
635 91 261
1 36 481
206 583 329
351 949 825
413 48 209
501 553 792
313 171 641
829 529 713
101 499 919
281 583 799
181 503 323
977 661 425
253 506 419
331 553 105
470 787 429
201 659 383
585 557 321
401 359 481
841 33 115
703 963 761
853 852 517
647 57 429
526 365 165
701 861 548
457 884 320
811 553 69
483 533 831
851 939 329
425 205 625
213 377 454
876 569 859
661 33 674
301 116 951
882 875 565
985 971 661
457 851 533
911 785 811
913 937 718
131 71 809
959 965 651
881 730 740
767 911 443
197 269 705
913 461 239
201 977 295
477 513 251
819 517 851
849 181 993
861 472 505
209 177 36
149 640 249
807 892 971
379 927 161
73 156 249
486 583 170
974 198 785
547 423 453
403 120 353
629 162 769
1 27 936
25 125 641
948 753 321
101 669 711
787 281 253
611 721 673
931 247 1
441 176 213
932 696 29
185 606 801
765 499 583
476 481 211
906 541 815
705 301 723
307 537 757
335 720 337
645 744 395
409 941 40
121 419 415
291 369 737
103 273 216
177 727 617
248 97 220
41 229 602
784 989 569
993 569 473
731 781 327
176 42 493
295 609 535
805 843 139
167 291 964
617 297 520
317 961 274
490 941 1
855 876 499
921 520 27
913 126 261
556 71 927
193 702 31
849 49 825
971 199 877
606 317 325
225 771 590
350 75 91
481 65 46
107 315 820
950 751 419
895 676 953
341 17 736
348 691 521
1 777 676
760 620 916
737 741 283
405 621 788
569 886 559
985 885 217
297 351 224
371 881 712
291 56 170
194 567 371
843 877 500
585 179 681
77 315 261
301 431 459
601 51 25
621 153 109
413 647 193
477 179 569
717 5 33
78 545 735
417 141 26
185 245 601
15 799 782
390 598 409
941 801 1
291 183 791
795 772 601
235 991 561
969 287 66
948 561 28
892 551 641
551 661 279
866 239 821
383 69 945
434 475 501
582 101 949
986 161 886
701 979 478
392 198 793
921 547 326
691 376 689
981 131 971
796 954 161
1 660 305
921 623 761
841 873 978
15 565 843
689 571 105
977 805 831
167 953 337
230 693 214
620 687 31
929 972 848
483 993 822
549 881 217
108 751 111
67 619 303
861 881 737
574 41 570
617 737 596
751 417 795
241 818 269
1 375 591
789 761 137
823 577 39
743 537 171
485 81 610
263 121 355
57 628 952
376 815 21
549 1 410
956 335 769
393 273 454
626 761 632
508 437 349
901 101 428
251 809 910
308 359 764
701 521 1
109 921 686
691 209 329
671 477 570
281 483 197
529 609 913
126 714 105
473 689 569
807 991 856
521 104 709
141 776 976
641 585 141
926 291 442
246 566 489
153 651 89
337 65 544
673 484 481
276 700 767
584 615 565
930 967 1
733 674 201
755 461 661
417 513 729
167 612 608
826 301 585
476 431 544
999 726 14
497 513 600
322 133 249
197 99 126
454 185 758
705 821 457
201 877 6
489 441 535
545 18 569
161 737 920
76 865 449
619 647 821
739 73 44
533 602 632
467 401 607
849 186 881
852 733 249
569 781 908
608 503 613
177 993 105
873 301 353
661 825 476
301 490 89
153 915 631
1 851 601
273 1 671
57 177 925
417 705 973
536 261 796
70 755 337
211 144 342
33 669 701
369 804 751
78 313 451
849 449 625
541 851 93
305 681 787
81 978 236
461 149 214
685 581 689
825 973 140
641 595 1
261 259 781
121 811 645
251 531 103
664 661 449
963 546 661
108 921 121
401 971 794
133 159 169
915 659 76
646 401 636
233 628 765
697 351 225
328 21 853
441 85 45
561 251 983
368 831 507
695 416 419
7 401 496
709 467 477
608 233 419
241 962 326
698 541 425
509 577 552
581 529 641
59 628 601
833 991 203
636 623 131
213 375 377
786 537 877
808 825 801
297 113 533
631 407 91
801 588 637
181 73 835
501 430 181
575 203 353
671 885 687
730 805 626
988 922 312
606 593 421
937 795 733
685 437 899
296 456 384
313 745 625
756 200 926
397 625 315
505 505 863
334 310 254
355 393 884
156 941 48
701 265 252
721 282 361
893 661 523
992 801 672
193 291 713
814 76 169
453 525 793
509 401 586
3 106 935
369 933 291
402 801 924
255 377 82
841 456 764
1 101 793
159 550 491
315 444 932
1000 561 417
17 185 637
929 49 641
785 995 201
291 771 151
183 509 517
191 309 577
448 169 794
735 41 781
759 953 381
825 13 697
659 469 949
89 289 201
24 889 904
576 797 1
457 343 345
292 649 1000
448 545 677
281 653 521
217 666 991
521 887 897
901 241 281
847 950 21
401 799 637
825 951 355
193 176 661
987 132 610
946 561 3
521 289 308
873 634 860
345 731 701
286 861 151
788 761 969
881 135 409
281 341 52
567 621 756
726 317 223
755 973 932
841 571 752
867 483 641
901 746 721
985 800 641
231 877 861
673 849 661
253 1 951
419 208 871
49 861 777
121 81 329
872 966 949
701 451 596
270 135 821
560 986 889
561 301 121
777 947 961
286 481 541
767 689 25
567 669 264
26 951 81
521 371 640
18 527 579
569 251 579
385 753 668
679 52 480
875 741 98
151 169 897
426 280 505
251 841 551
269 476 689
859 73 452
888 611 166
919 83 243
559 611 983
217 480 865
241 41 618
303 639 221
625 291 694
171 357 431
994 600 997
553 441 569
885 672 578
295 745 134
804 567 509
969 9 931
885 842 661
512 853 187
61 346 638
371 5 85
49 441 225
37 516 81
809 990 760
173 417 451
66 429 753
486 975 1
601 73 200
913 909 869
581 323 929
206 671 857
820 383 182
591 996 201
709 661 121
593 959 653
469 397 143
935 426 291
836 952 926
621 201 845
853 391 573
401 353 233
692 390 977
456 785 883
385 323 1
241 241 51
729 385 313
559 777 152
823 853 913
401 639 133
476 612 855
945 166 201
330 107 835
621 861 141
723 587 721
172 997 321
776 476 26
711 609 158
365 407 545
731 938 367
381 989 906
760 243 429
911 537 481
605 781 232
201 881 945
167 57 379
289 778 763
458 685 1
626 923 41
325 291 560
77 641 315
429 301 791
64 421 299
146 109 498
393 801 411
543 153 723
513 679 719
67 138 838
73 673 595
451 889 121
456 358 481
477 272 676
631 678 329
390 684 753
265 211 295
293 335 96
905 607 863
129 47 160
1 463 691
867 1 487
820 546 816
401 349 363
692 476 736
637 4 513
770 984 440
729 778 531
365 507 412
781 891 816
674 697 897
729 492 673
413 481 500
351 221 176
233 176 169
701 125 485
251 429 715
451 554 451
631 81 669
825 547 489
833 106 441
501 817 689
867 9 846
752 757 51
435 757 663
555 895 176
223 857 266
401 651 824
981 669 693
321 77 77
719 453 91
697 753 261
381 435 723
745 394 769
806 935 181
76 701 505
911 851 35
811 909 457
565 531 161
98 269 870
691 632 401
47 411 100
685 162 657
617 472 849
766 789 821
449 853 7
81 592 249
585 449 145
941 423 51
510 53 609
781 833 681
721 541 645
251 332 313
657 268 313
601 867 473
1 25 905
175 393 533
949 945 823
971 142 503
777 465 487
867 808 71
171 166 753
745 551 351
201 170 129
635 401 870
892 738 797
157 505 706
403 611 486
182 965 653
717 321 489
87 501 73
257 873 493
125 569 165
341 819 65
124 431 922
641 760 225
393 442 855
216 161 331
251 361 362
613 441 489
832 583 609
662 692 469
145 533 557
736 201 43
731 913 181
61 441 113
322 601 882
207 31 761
682 705 571
21 337 75
973 919 970
177 529 769
726 857 809
913 501 525
839 251 512
24 529 217
9 770 373
185 324 181
659 841 1
681 753 921
6 586 164
984 731 222
501 651 384
819 75 651
901 601 901
817 753 282
200 696 873
587 139 827
487 21 740
551 609 941
329 615 195
593 511 46
913 569 855
265 121 243
392 705 905
315 839 171
654 927 495
669 305 492
22 199 162
791 829 181
877 695 578
572 64 171
758 121 807
925 371 217
811 699 689
79 891 509
141 347 861
616 979 506
625 607 513
113 833 91
81 761 709
501 840 857
841 381 557
671 293 413
857 676 232
495 956 210
226 767 785
351 41 492
376 241 424
967 553 227
533 536 557
850 983 681
557 537 1
541 817 551
301 475 911
100 57 782
578 121 536
937 81 311
583 93 639
111 851 841
933 522 681
368 581 421
159 603 601
467 713 698
109 71 308
33 257 205
325 781 335
849 596 625
541 71 209
913 929 863
674 401 65
900 627 532
170 66 937
843 617 687
101 835 141
409 633 468
813 117 794
849 536 33
952 827 401
39 245 801
29 909 625
755 789 118
561 669 966
857 905 596
973 241 193
385 921 876
213 233 265
211 805 945
523 246 631
789 91 188
588 381 491
621 473 951
721 178 471
777 49 587
906 884 758
436 356 633
464 811 501
500 281 937
711 369 969
333 176 801
561 569 157
803 409 157
601 77 601
366 816 601
90 181 115
541 619 141
575 21 903
511 538 97
1 241 817
621 45 201
889 416 350
978 926 255
751 801 941
577 633 689
321 801 899
1 379 237
753 489 137
1 30 921
551 173 962
925 729 711
599 327 93
61 833 47
837 227 701
687 985 171
535 521 273
523 259 541
929 469 191
796 980 75
793 241 167
417 805 577
41 11 29
578 513 206
641 281 437
741 921 925
612 1 801
161 326 750
621 880 701
159 501 506
506 367 897
867 485 181
76 841 851
617 657 559
385 418 873
893 399 229
467 833 491
369 953 153
504 379 289
593 113 41
606 189 315
177 657 409
801 985 361
579 257 107
662 793 102
841 507 721
216 745 376
769 914 853
111 507 251
273 351 833
201 881 60
255 529 563
689 845 292
478 441 865
891 494 45
491 434 579
373 731 679
921 428 535
81 859 391
120 237 91
344 681 157
51 434 639
781 550 269
245 466 209
391 933 147
872 435 691
647 393 528
648 861 169
251 451 297
791 390 399
193 113 343
681 472 671
451 361 105
621 796 353
945 687 161
853 402 928
201 668 367
326 451 321
261 661 983
926 833 111
978 691 961
681 481 122
399 121 951
837 10 435
293 52 325
929 801 321
41 31 305
916 503 628
481 946 233
334 545 777
369 651 81
461 877 881
359 881 522
682 407 168
629 876 326
721 441 483
738 491 195
445 53 105
227 82 881
75 99 517
946 456 417
900 541 511
101 941 212
657 888 329
726 825 811
241 261 561
939 807 21
897 297 144
431 309 185
54 991 897
990 1 571
743 248 526
4 25 373
991 169 471
294 788 721
229 485 971
105 385 533
761 264 737
185 37 73
321 505 506
809 277 572
427 801 581
587 700 881
811 565 401
561 53 633
682 895 137
971 785 225
986 235 45
447 938 681
721 257 360
305 233 921
621 396 458
73 91 786
656 101 601
614 169 349
724 76 812
195 345 449
849 11 1
385 929 131
763 648 427
641 226 753
398 817 434
219 999 277
489 33 848
961 625 609
203 25 693
503 379 879
541 815 349
953 201 801
833 151 857
743 927 1
280 491 463
601 588 681
213 797 519
825 65 731
661 505 641
19 313 277
73 780 416
567 595 779
481 191 771
207 921 921
386 6 176
113 158 317
985 956 111
947 678 929
221 667 221
913 1 285
341 501 489
388 591 409
715 877 547
738 561 126
924 481 686
869 220 519
379 477 426
915 422 934
221 189 861
628 116 797
14 903 971
691 305 865
927 395 241
463 752 901
481 663 762
865 649 476
839 1 386
361 678 497
231 585 852
897 317 525
451 489 921
201 453 111
136 537 896
255 992 206
356 425 525
181 501 841
909 86 720
319 795 201
849 67 797
126 390 276
901 338 393
120 941 197
426 541 665
601 378 41
201 121 871
834 145 471
233 831 461
775 223 177
101 577 261
796 233 480
636 579 522
619 256 235
511 720 838
266 251 752
343 215 568
33 339 363
41 906 211
721 178 903
379 829 521
771 337 369
234 235 955
466 477 890
791 686 465
851 762 942
773 617 597
316 121 361
486 904 333
89 126 681
404 635 373
385 886 953
498 709 661
775 438 629
673 352 649
916 983 729
353 651 546
893 190 460
621 730 277
426 857 477
851 45 491
202 593 123
285 489 456
147 50 249
162 753 319
171 121 613
932 545 953
801 481 521
761 557 955
13 521 823
296 685 473
481 515 689
333 306 161
993 545 820
33 913 217
337 982 849
285 217 913
161 207 831
955 137 835
179 757 213
81 465 757
14 734 761
23 65 251
661 477 606
442 181 830
429 681 621
349 977 786
721 524 157
49 65 665
696 165 321
608 321 245
867 355 401
191 177 226
51 256 329
26 529 342
253 754 866
661 101 333
91 585 616
354 26 377
1 769 365
497 97 385
505 947 916
593 185 600
937 137 671
613 410 509
231 737 161
334 513 606
991 456 501
273 7 201
696 713 321
136 234 297
679 49 143
862 561 535
65 288 382
376 823 533
205 537 217
261 825 217
121 728 51
377 966 209
793 651 926
199 443 621
41 671 998
81 1 144
821 881 343
441 625 475
676 406 424
127 165 477
410 226 121
771 619 318
753 977 875
429 211 931
57 785 95
331 666 523
319 91 135
102 873 195
209 801 477
617 492 113
1 786 969
77 291 326
945 201 433
326 483 729
585 256 827
397 417 749
541 805 449
865 421 93
957 538 435
697 283 529
897 91 340
460 793 397
596 877 323
839 841 346
639 26 255
541 993 539
199 676 14
988 927 436
945 705 283
995 161 139
883 311 388
437 763 801
515 180 438
265 505 871
651 446 201
105 153 466
273 790 961
641 969 134
603 11 482
681 667 273
732 45 436
722 991 766
339 138 269
662 911 961
447 476 291
129 349 407
755 828 581
793 75 382
436 289 83
898 651 653
393 865 376
831 1 761
823 9 161
374 202 626
739 61 393
465 905 791
391 695 56
11 61 455
131 700 881
1 341 191
625 926 953
503 361 957
821 351 407
737 401 41
112 1 702
97 261 981
347 125 197
25 271 281
401 607 679
426 59 78
277 521 754
33 515 183
616 742 426
895 755 696
737 637 281
441 564 651
387 711 273
231 906 553
423 957 933
732 661 57
9 100 101
611 577 113
475 877 691
577 329 951
889 809 309
201 642 459
873 132 305
577 329 525
955 657 403
733 461 326
553 867 927
503 61 461
15 803 899
839 939 137
352 629 83
233 809 786
126 305 433
807 61 33
601 852 751
302 157 861
243 951 237
215 529 343
421 820 530
519 624 3
729 439 137
117 801 515
227 344 985
697 217 1
461 402 659
661 769 663
856 246 916
16 369 1
808 975 473
729 376 921
777 193 677
97 13 9
321 684 773
137 267 256
947 531 945
873 45 17
390 348 849
621 913 873
345 233 851
653 595 923
287 169 207
741 753 841
335 41 501
189 163 546
569 461 760
212 593 501
