3174
662 17 35
911 511 201
652 935 481
395 357 129
683 329 687
639 447 385
253 905 617
681 497 169
933 281 723
463 881 177
825 41 241
41 549 784
181 891 629
972 160 181
353 240 434
36 887 931
701 476 169
161 897 281
88 711 793
131 781 33
159 601 803
201 821 781
437 880 921
255 125 255
801 785 942
777 42 265
949 893 233
325 25 453
281 201 246
931 19 323
625 219 512
449 426 891
675 977 281
197 686 590
463 751 801
729 377 497
941 977 518
285 879 239
47 870 351
851 281 249
41 1 156
396 56 40
65 81 234
579 441 277
886 525 361
363 192 50
535 656 21
876 101 29
751 689 17
403 311 485
338 689 61
353 60 136
249 361 736
301 691 903
831 857 700
43 85 876
344 316 225
25 541 356
169 353 221
933 385 988
51 357 139
201 598 651
206 513 538
783 631 469
391 985 56
610 241 797
769 63 658
539 687 861
425 821 466
601 277 17
281 637 615
873 971 379
950 521 783
262 535 861
369 417 710
701 424 965
255 673 921
551 609 228
301 781 1
449 71 465
517 518 161
721 331 315
233 317 308
681 251 691
417 265 581
198 223 673
281 79 185
415 549 980
489 696 31
686 488 597
450 396 665
119 916 474
403 489 419
776 137 926
169 881 375
224 233 369
953 251 801
921 687 359
267 476 808
861 684 489
809 197 7
93 897 55
625 33 269
665 525 531
791 861 471
769 201 139
327 1 377
697 315 283
657 791 36
126 981 141
657 409 196
487 121 369
22 466 922
281 973 933
128 283 407
722 901 689
471 729 498
575 385 423
491 936 173
936 843 59
811 277 886
651 265 449
197 178 262
753 313 126
11 1 601
176 603 321
357 751 549
401 801 35
29 649 949
881 985 316
737 601 876
591 936 921
965 405 493
597 53 545
521 678 776
121 139 667
384 802 699
308 874 610
708 433 191
533 286 201
665 706 590
852 696 923
699 121 830
483 476 721
927 401 791
153 436 877
611 700 143
33 19 301
201 649 587
401 275 81
395 596 69
857 327 233
546 841 996
470 845 71
201 479 537
124 371 417
590 15 361
569 261 766
68 663 626
783 189 876
433 671 481
749 882 271
601 283 431
501 901 398
597 241 361
429 19 677
357 11 159
685 765 530
273 717 40
751 390 273
885 609 29
611 121 841
976 25 701
808 721 574
156 724 426
331 793 697
716 411 271
661 601 558
73 41 882
781 457 911
6 555 289
721 174 701
660 885 211
800 90 796
384 297 491
725 843 485
281 801 193
119 489 1
236 142 849
849 569 592
298 978 348
526 330 876
149 505 471
29 476 438
970 806 241
437 683 660
357 493 751
570 500 441
197 873 121
401 841 13
621 1 577
603 671 302
658 371 544
921 115 385
137 123 631
855 871 147
677 153 705
41 531 305
136 671 738
45 433 748
91 361 909
226 159 666
159 383 721
980 153 57
417 581 975
466 448 121
368 708 353
546 841 111
224 522 537
176 947 487
796 181 901
207 297 488
206 873 571
989 976 451
261 461 1
24 25 35
993 316 856
585 721 328
751 387 265
961 565 256
55 911 620
149 461 361
443 689 201
846 751 469
542 683 435
457 601 489
261 351 585
261 698 119
273 21 881
697 690 221
595 801 21
180 198 549
305 953 913
145 846 181
257 660 865
166 897 92
121 49 257
416 696 391
427 629 825
605 561 163
901 307 706
845 126 601
273 51 256
281 808 915
301 750 91
171 573 53
417 531 801
61 626 961
698 196 553
839 161 853
365 921 10
337 730 198
901 752 667
977 696 276
5 244 313
225 101 593
337 264 191
230 837 583
697 326 407
924 377 953
198 239 890
685 717 779
864 553 321
109 27 831
279 521 517
31 441 991
951 481 498
602 569 41
561 937 595
560 369 46
445 747 461
906 338 107
767 804 611
625 67 208
427 840 961
241 837 959
969 961 41
437 466 185
938 545 260
526 341 285
616 459 643
594 56 245
57 639 561
233 107 151
898 301 821
731 181 740
306 983 996
149 841 501
265 441 941
1 301 313
671 659 813
65 444 506
973 88 601
721 185 509
139 353 953
480 527 376
65 469 444
565 936 583
441 721 76
961 881 457
681 827 909
68 607 36
85 643 429
331 821 11
784 376 587
681 629 341
917 161 421
240 9 133
467 137 385
1 86 931
548 357 97
785 970 673
29 473 810
628 369 548
751 404 495
911 641 741
961 851 675
293 821 259
405 621 833
93 351 233
925 609 67
112 855 891
509 689 687
947 599 827
466 701 297
415 795 711
731 429 462
625 413 365
566 386 521
943 223 1
356 33 293
751 451 787
243 951 353
393 945 336
941 849 721
91 876 741
949 565 91
201 550 120
526 996 198
425 985 797
557 491 599
681 601 451
213 797 394
753 704 771
141 412 441
296 1 705
385 526 326
897 626 345
353 181 211
739 299 547
786 49 577
676 6 254
930 809 975
237 251 185
351 757 81
646 533 762
399 751 664
721 241 1
35 283 920
451 916 819
637 775 263
221 785 578
435 171 617
861 729 571
841 615 25
551 793 287
791 885 957
197 473 686
737 8 911
1 11 21
34 545 368
745 481 111
417 841 383
773 257 289
866 801 174
149 948 984
1 177 647
731 81 177
667 858 756
81 33 331
29 697 17
325 251 701
441 399 233
769 441 604
559 435 90
219 948 933
315 626 47
452 77 133
516 611 174
194 961 603
416 591 451
73 957 154
338 497 721
171 813 140
168 661 774
59 737 169
255 761 556
281 462 301
327 21 85
822 17 816
365 163 26
470 33 223
991 666 344
199 993 289
107 461 461
136 837 149
851 13 51
521 55 169
875 279 75
473 387 614
561 610 613
319 269 615
99 202 358
472 871 253
169 942 520
571 137 880
667 526 174
421 541 81
867 371 437
356 79 118
801 541 586
89 25 1000
565 222 278
213 587 199
875 176 861
583 751 136
701 158 351
745 285 881
709 896 731
605 19 692
401 315 773
343 187 638
291 851 321
659 16 356
394 449 781
335 357 153
889 172 753
563 466 693
639 426 875
441 689 903
960 606 967
852 477 236
687 953 421
329 251 348
929 470 505
734 431 543
106 512 186
322 535 845
911 58 259
618 441 137
62 805 113
723 203 601
389 4 73
691 291 58
711 34 343
249 826 961
979 216 575
329 747 651
258 357 933
530 829 777
815 454 710
825 534 617
93 557 661
407 801 501
305 751 176
379 713 393
439 251 497
511 616 153
441 583 721
753 541 571
916 588 383
569 439 727
537 716 61
137 673 809
199 802 428
641 281 981
928 569 166
165 632 844
427 207 681
399 795 155
6 607 745
561 228 697
401 562 585
897 861 6
807 661 169
381 908 566
132 839 447
346 361 705
109 277 532
11 389 801
51 754 647
361 374 345
568 986 201
101 615 963
285 211 304
197 361 575
234 581 17
57 480 919
119 39 597
786 821 73
753 351 831
881 627 871
683 613 487
376 7 727
7 872 633
339 721 1
863 859 773
787 585 396
409 943 273
257 21 321
603 513 796
521 323 549
865 151 81
97 545 301
625 238 314
476 81 975
685 821 634
718 633 563
459 497 688
799 211 651
710 45 194
357 121 121
945 721 946
584 305 653
349 29 806
625 327 598
369 67 526
819 226 451
685 106 745
553 869 182
951 307 91
177 961 205
31 191 556
657 861 121
268 426 799
3 763 225
1 71 133
226 505 101
941 751 391
193 21 743
980 531 91
697 937 817
791 631 780
781 251 211
301 232 511
953 951 687
361 865 613
577 971 802
129 653 725
353 96 962
638 914 48
881 57 201
476 854 91
586 159 673
145 597 227
861 77 536
747 353 321
281 542 948
165 289 850
217 949 786
215 871 945
837 909 251
401 245 817
821 536 621
251 415 786
226 806 829
337 773 401
784 141 483
861 741 891
476 434 725
581 645 561
771 521 287
401 437 285
413 793 709
721 902 517
65 880 769
593 614 193
957 81 327
643 561 551
255 501 269
580 797 393
595 441 69
186 651 741
381 99 881
781 137 251
797 211 461
193 161 715
633 269 607
141 306 808
451 161 884
771 517 253
231 648 688
763 321 803
137 473 151
856 158 749
732 523 126
981 782 481
814 787 340
957 657 804
889 89 351
551 748 121
676 377 9
369 951 465
397 119 544
191 702 857
87 341 53
633 959 793
741 29 641
791 306 183
513 325 950
660 965 669
230 387 154
575 21 188
694 630 128
385 171 529
945 690 781
971 301 466
474 151 240
89 681 699
173 549 383
959 713 867
895 612 147
965 32 982
786 569 3
189 301 181
361 641 563
583 316 677
844 721 922
733 463 64
621 573 813
261 441 871
768 491 661
401 417 33
535 793 769
289 161 1
219 299 121
79 145 297
418 482 921
771 591 641
503 74 985
425 79 361
811 153 605
956 26 645
916 621 511
97 445 558
777 965 28
121 171 773
841 777 821
521 143 451
385 21 183
405 441 583
581 369 673
819 645 501
91 576 729
801 245 773
201 93 697
936 761 501
969 871 953
265 873 643
679 71 577
977 819 917
482 123 401
601 453 337
35 685 873
196 99 365
237 917 175
69 791 258
701 71 134
25 825 624
937 537 82
523 501 240
156 414 919
787 561 63
647 451 177
961 604 690
520 101 273
344 645 170
964 867 43
65 11 499
113 948 707
431 201 981
288 834 793
398 16 261
905 736 549
333 991 503
65 809 540
961 190 889
596 715 399
115 71 297
761 351 87
145 831 297
31 394 436
809 785 656
965 497 881
560 496 257
980 705 357
735 254 80
156 496 951
377 70 41
181 318 266
611 515 538
604 320 691
165 905 626
321 361 248
625 335 226
177 116 526
531 539 515
15 813 871
431 171 221
360 76 644
270 77 273
486 180 615
252 801 28
263 807 376
801 137 5
873 413 233
655 745 915
347 655 825
237 233 316
348 705 801
235 997 157
34 362 281
293 20 841
206 734 348
767 852 737
679 839 641
706 525 105
46 195 801
857 252 371
873 931 775
23 657 93
813 20 411
194 176 505
929 77 331
311 961 239
225 881 602
161 593 703
436 271 682
434 242 773
541 253 251
115 769 641
117 473 101
9 996 196
267 123 380
676 267 761
195 689 854
273 111 229
913 564 955
667 319 898
821 29 295
237 433 161
201 529 132
853 749 809
905 265 765
605 741 221
277 437 489
649 725 581
839 379 838
81 612 497
621 241 705
512 436 411
1 275 934
161 176 213
988 348 383
97 298 741
288 409 448
649 865 296
377 659 689
966 17 397
851 33 753
420 725 493
876 505 69
11 267 634
129 991 592
375 1 614
97 655 363
337 723 259
597 801 121
21 989 721
961 361 736
685 361 911
291 601 166
677 51 457
993 554 903
510 961 996
361 81 261
99 197 217
851 914 157
561 13 121
497 721 186
257 771 281
611 171 665
179 219 541
546 540 87
601 648 1
26 252 356
485 30 501
485 866 144
977 151 275
33 371 896
293 514 954
339 902 981
76 673 455
481 121 201
239 311 797
797 381 241
165 904 146
246 826 721
501 661 777
961 721 621
376 517 753
405 309 551
988 963 413
289 429 276
339 461 777
113 293 695
319 697 751
188 413 676
353 521 213
633 501 487
939 379 925
683 713 725
731 796 409
759 812 524
57 921 499
604 501 349
632 781 411
358 931 673
96 581 768
354 121 121
637 413 321
925 561 603
476 947 491
201 863 1
765 517 681
851 611 119
409 502 989
588 378 671
426 798 697
253 273 136
476 626 753
837 901 102
112 889 91
557 479 133
439 73 690
521 481 664
421 737 62
24 375 61
609 533 226
93 941 251
285 801 777
497 236 509
503 365 925
36 582 126
185 41 181
791 9 801
579 828 89
656 86 381
977 97 297
229 68 207
145 951 351
761 686 441
811 633 193
898 702 101
337 620 401
552 761 727
77 201 96
278 263 941
1 229 319
17 429 826
467 329 347
813 641 582
577 13 941
916 476 445
681 485 539
735 949 656
777 503 654
839 639 895
351 108 85
787 9 456
525 681 41
741 985 451
377 953 747
561 264 401
633 434 1
873 597 108
239 275 133
171 761 429
507 849 903
257 947 626
246 747 625
306 111 809
571 565 161
169 597 574
686 377 201
739 301 626
439 287 116
666 55 100
741 221 30
676 251 297
504 916 46
551 251 341
1 617 681
473 41 674
715 121 713
776 165 551
829 93 705
711 257 187
328 521 57
841 101 285
281 757 551
439 397 315
545 209 761
384 319 287
949 153 501
705 91 716
399 576 289
801 871 878
125 545 304
207 141 729
506 79 968
721 178 71
473 876 509
279 269 403
129 559 249
35 375 569
646 606 879
558 789 401
531 53 237
501 253 145
491 456 947
140 295 741
73 739 401
991 52 449
239 545 761
659 233 849
654 956 745
401 890 53
345 765 823
128 598 453
609 149 931
337 826 956
929 902 841
213 491 849
840 537 58
46 41 777
285 571 368
785 853 497
369 181 713
46 265 423
33 111 31
133 454 121
226 806 353
636 129 226
689 731 310
276 819 531
562 940 781
433 614 425
945 991 402
897 765 174
225 809 12
844 467 870
961 92 491
915 796 917
243 481 537
989 855 497
229 35 369
92 601 609
109 276 673
519 989 251
634 663 961
865 697 851
1 465 73
133 276 49
917 545 529
860 467 593
94 833 185
271 17 556
591 49 466
273 639 745
437 409 451
881 85 45
941 131 11
945 273 521
169 780 883
353 311 801
111 911 945
896 436 328
225 55 777
916 66 763
46 501 351
71 360 465
201 831 322
775 87 779
965 626 623
721 823 891
49 848 61
793 321 245
962 262 113
752 3 683
233 427 14
821 393 251
369 816 841
207 143 227
113 880 1
618 112 947
192 313 711
771 801 41
961 195 881
9 663 531
577 357 337
802 847 27
641 481 621
611 905 251
393 893 985
562 256 735
450 112 177
457 761 798
229 393 361
201 677 566
101 260 675
526 841 153
208 22 100
112 981 71
961 653 761
525 92 201
447 105 279
924 801 721
933 473 594
201 241 125
921 497 791
331 883 383
187 595 41
403 801 832
491 441 953
569 277 211
563 625 653
270 57 238
563 603 351
849 999 860
97 201 555
276 607 197
429 289 916
415 776 210
475 226 224
853 663 849
469 821 331
201 901 381
712 223 76
579 209 219
869 665 27
16 833 154
851 809 401
247 909 185
767 479 607
913 13 429
961 881 13
98 453 564
926 541 49
569 339 661
311 163 251
685 781 905
96 791 861
820 792 690
781 126 197
65 13 73
283 489 67
599 161 489
609 733 280
329 31 260
531 681 786
405 201 869
289 111 803
547 109 641
856 109 939
455 541 251
811 176 211
501 801 351
756 325 821
269 531 113
231 197 845
237 186 574
492 353 651
343 716 309
107 177 622
389 227 999
81 870 605
161 396 1
251 333 561
550 121 975
761 692 811
951 632 350
856 230 361
265 15 211
705 345 390
66 901 457
885 805 381
109 675 105
545 849 201
638 11 246
938 667 401
601 723 524
331 849 659
929 181 526
168 920 269
231 227 877
737 773 381
904 413 653
785 436 83
421 355 321
776 564 685
76 945 277
85 876 561
11 373 225
681 1 516
748 201 401
415 968 312
302 751 943
329 716 401
451 657 43
497 755 116
685 89 328
945 475 151
166 125 441
86 856 465
736 535 841
321 161 877
801 937 169
859 407 841
945 136 151
571 849 533
410 641 401
476 551 59
126 501 651
316 613 545
353 881 401
73 146 625
873 34 781
233 627 201
392 235 882
385 737 708
373 505 970
171 810 121
446 959 13
481 281 121
897 999 953
926 385 766
635 726 881
271 845 12
909 13 885
245 496 849
501 61 696
41 999 114
609 465 823
225 833 631
404 609 76
769 472 455
645 194 465
721 15 257
641 656 601
621 957 982
1 189 457
154 97 529
725 505 375
629 138 306
421 286 961
621 121 515
167 951 337
87 686 881
343 409 842
710 792 545
109 686 633
461 651 431
833 261 173
668 990 530
466 666 915
583 147 16
303 305 253
741 29 311
761 426 461
966 877 1
801 928 922
821 985 691
705 881 104
593 371 854
454 807 68
641 959 31
896 676 865
815 393 91
553 729 726
847 1 502
49 243 348
169 81 29
580 274 715
862 926 981
326 395 872
793 571 885
921 635 68
817 821 152
563 473 737
113 199 577
116 605 737
712 289 343
981 84 745
801 213 396
55 31 656
67 287 308
235 191 355
788 126 918
171 941 426
393 451 812
986 961 696
716 62 943
511 713 737
771 419 234
205 534 71
451 941 161
941 721 197
437 100 801
751 644 989
358 683 493
361 201 681
251 651 81
901 243 121
81 753 201
73 651 801
5 147 425
856 906 18
326 945 993
508 726 249
993 129 160
521 653 719
501 15 79
537 481 459
167 928 535
814 279 789
803 973 490
837 591 233
745 801 716
905 335 778
1 500 17
395 285 201
501 269 803
523 501 409
241 809 311
225 257 957
89 939 126
521 481 965
439 881 901
731 963 708
585 621 243
381 489 105
756 699 67
573 917 407
525 193 897
147 951 281
610 461 549
137 401 625
643 834 551
677 678 487
251 201 235
850 883 359
552 295 551
563 273 353
401 993 801
29 721 411
91 187 765
681 33 765
913 833 343
305 25 401
81 191 801
255 426 201
85 676 96
437 396 25
569 921 700
761 161 744
534 793 774
613 318 500
162 245 64
494 481 81
335 556 529
481 29 91
305 996 674
236 25 505
905 211 293
345 16 433
881 849 60
255 405 201
229 53 771
483 645 7
123 309 851
617 25 595
431 686 381
486 321 926
190 29 871
841 413 41
113 448 246
650 560 9
396 694 155
293 881 621
157 873 1
856 297 85
877 605 129
421 555 741
878 648 189
201 507 138
881 501 966
821 310 619
869 481 866
881 376 100
657 489 171
201 441 315
777 149 551
873 501 281
577 591 304
161 809 185
473 361 697
572 751 335
293 994 31
449 601 55
521 913 673
647 225 533
543 587 365
251 313 807
463 156 123
389 534 236
977 127 875
495 113 571
637 908 896
957 436 973
503 818 418
583 457 144
392 401 801
66 507 838
189 135 828
595 241 947
497 577 533
461 609 841
728 194 426
1 529 101
529 865 473
58 580 191
270 736 657
221 345 501
801 269 633
889 168 937
343 564 963
36 557 126
521 577 933
765 757 865
591 701 413
647 846 44
195 842 388
710 847 504
140 881 777
261 767 815
427 381 351
969 449 920
188 929 769
401 219 321
17 709 916
19 583 1
955 383 253
889 261 71
969 841 475
801 761 937
62 155 901
261 333 302
751 36 1
441 406 848
577 849 247
123 245 3
844 145 130
51 365 351
899 945 170
241 526 841
703 777 279
137 1 304
86 808 481
278 334 633
933 293 853
173 104 883
692 857 145
937 293 113
497 875 401
976 371 173
927 825 525
947 431 19
174 406 869
75 444 296
601 191 68
613 209 361
901 63 552
917 776 807
98 373 362
561 307 837
569 199 633
381 711 633
709 481 315
841 584 227
861 961 601
781 186 501
334 376 11
575 673 983
36 1 519
121 941 846
908 641 517
904 333 227
361 661 431
21 363 961
641 176 877
548 313 536
585 77 263
771 793 393
401 211 796
148 454 551
951 763 763
921 927 233
5 105 151
421 557 841
121 642 488
409 908 101
497 81 41
941 969 282
485 985 155
305 190 321
301 673 905
450 849 551
142 686 431
851 366 293
967 235 689
121 63 339
668 204 865
736 511 269
953 121 969
401 946 702
283 297 486
930 721 389
833 467 495
751 605 367
65 99 791
801 229 147
421 737 993
836 120 277
881 47 489
665 355 524
650 481 843
137 257 233
677 976 842
41 135 41
549 724 736
1 93 749
668 977 101
541 129 548
623 47 209
153 57 96
401 336 528
701 201 313
21 111 806
475 685 515
296 179 409
601 851 201
712 281 209
409 437 761
381 358 270
875 187 241
601 145 281
65 451 521
879 789 315
879 957 523
539 977 325
733 333 516
593 890 378
609 31 93
702 964 815
117 685 393
865 629 697
529 174 282
741 979 923
766 581 507
721 943 405
977 327 667
666 841 802
306 75 487
827 737 70
944 685 889
281 65 873
725 463 876
265 317 803
537 893 406
465 946 72
973 841 346
76 487 993
626 721 489
961 893 937
869 36 450
57 660 706
658 120 33
741 416 351
353 335 41
431 912 283
15 753 969
991 311 446
286 932 191
259 345 176
9 663 105
91 313 70
1 989 201
313 715 886
325 74 782
505 376 969
201 501 921
41 521 823
358 151 195
983 585 838
991 9 156
281 789 99
881 969 1
493 141 898
901 337 81
436 419 847
809 21 829
885 265 729
178 64 975
161 950 923
751 30 401
657 777 730
561 241 379
756 184 276
174 505 52
805 601 865
142 91 257
853 106 376
535 515 825
477 839 401
323 103 569
356 934 833
70 629 529
491 612 357
876 798 905
791 69 29
999 13 401
754 289 1
261 769 822
252 601 257
501 901 770
221 153 31
196 957 225
241 137 417
422 573 14
965 583 993
241 707 495
76 527 483
27 89 913
850 101 510
773 31 978
965 663 7
543 365 19
801 401 764
365 961 201
535 281 9
521 551 634
741 1 25
719 603 765
693 601 401
416 501 991
381 762 231
586 647 344
650 876 570
711 107 961
291 458 958
41 731 968
601 946 596
385 9 633
353 644 11
579 593 983
954 566 136
951 271 754
157 537 945
67 226 401
739 952 449
401 77 196
818 789 255
696 665 333
576 601 48
764 794 363
153 553 417
833 253 201
205 229 889
319 335 435
861 639 243
921 411 290
57 293 105
861 859 385
796 151 569
101 962 277
192 505 617
196 105 418
396 489 855
276 376 753
86 135 117
200 178 501
282 91 217
925 401 382
571 616 705
585 639 211
797 811 885
81 36 37
601 849 615
185 203 181
441 929 830
547 86 97
557 415 356
159 229 196
201 13 321
937 257 655
329 441 285
422 861 937
276 592 697
172 987 272
57 981 577
275 928 704
887 598 753
706 395 142
491 796 326
629 801 523
353 431 131
681 153 23
926 991 801
249 601 153
930 616 466
579 645 997
939 355 301
639 176 993
368 53 115
982 971 49
246 490 49
501 367 676
3 31 681
584 746 108
524 273 297
905 793 931
428 601 913
433 81 191
1 945 887
385 291 301
725 777 321
421 873 521
894 41 459
602 151 776
336 97 911
713 697 217
921 921 336
931 890 41
543 487 982
667 421 305
341 201 133
250 217 336
110 395 779
421 896 819
266 328 361
452 737 825
57 356 99
195 895 994
417 993 696
171 588 17
41 351 806
212 122 756
970 415 711
621 913 541
933 313 71
666 185 81
29 75 925
415 655 52
130 217 859
686 721 811
509 901 841
447 987 561
827 309 674
492 99 97
346 765 556
773 76 596
751 531 587
373 137 935
646 313 1
513 550 555
166 501 343
637 873 741
554 569 461
476 688 921
221 997 623
471 473 687
547 221 31
607 641 146
489 871 651
545 889 105
294 719 709
929 451 298
858 923 281
304 751 300
813 734 17
237 386 865
601 445 841
376 341 465
773 801 331
881 493 436
766 335 660
771 337 665
965 395 49
721 402 660
70 281 967
433 701 911
491 658 183
395 725 593
213 293 537
939 309 951
807 212 913
926 957 817
425 354 749
145 645 909
226 142 177
651 3 51
425 51 607
581 89 953
737 831 79
358 133 159
474 193 481
650 1 118
725 373 88
482 313 973
961 501 63
201 198 597
46 681 349
401 991 641
541 445 211
231 391 601
801 21 543
297 600 675
617 855 10
249 777 629
97 296 833
125 824 801
607 241 881
9 913 557
601 885 342
69 493 816
570 513 841
198 123 417
776 697 666
795 169 275
49 116 583
351 5 698
313 404 834
890 641 79
789 813 60
955 449 121
369 839 551
738 889 575
89 181 886
804 201 415
773 91 971
822 648 13
121 943 296
101 757 817
841 54 366
692 701 291
505 366 421
19 752 802
571 714 616
461 497 701
661 748 878
123 521 953
48 885 473
921 840 285
914 299 761
262 345 481
881 311 738
231 487 322
813 628 708
461 621 435
493 247 886
356 406 477
585 433 657
421 925 444
986 180 781
366 936 396
313 325 941
696 891 825
711 687 901
741 180 800
253 973 253
71 911 517
352 473 299
17 626 472
72 319 287
28 454 633
56 995 917
598 325 836
275 800 385
716 677 613
865 831 938
985 501 845
777 881 997
631 297 807
59 68 701
641 185 590
607 167 91
636 633 769
145 897 17
88 131 931
689 761 921
351 205 236
137 397 1
311 401 826
303 714 46
389 753 601
880 997 462
443 141 211
385 622 83
626 777 218
601 809 965
601 119 603
16 101 346
39 639 181
842 178 201
389 941 430
192 163 271
617 1 104
780 131 88
834 556 951
979 921 521
761 393 129
219 861 621
761 657 99
221 761 993
1000 739 776
907 325 971
433 255 460
282 625 477
196 331 466
449 441 641
283 393 289
599 799 611
981 856 476
21 141 867
561 677 749
851 47 801
522 872 538
113 817 871
781 351 561
712 912 221
678 117 481
421 978 81
265 451 753
437 620 608
589 793 169
830 721 37
701 809 874
803 867 671
985 130 501
403 439 301
690 213 669
539 771 697
954 293 765
62 978 715
486 132 637
883 1 574
591 949 81
81 640 177
721 701 560
467 305 731
249 399 873
866 494 609
432 232 301
481 985 662
65 881 793
233 677 656
737 668 11
276 1 484
73 867 675
445 756 86
581 969 145
713 494 65
789 697 561
861 51 169
335 877 429
841 447 738
81 926 671
301 992 996
339 215 617
293 471 657
166 805 353
901 586 253
561 397 717
286 947 241
726 457 125
763 89 554
483 967 516
905 951 157
89 666 187
995 631 478
961 617 921
126 98 600
449 785 565
441 205 558
585 301 151
133 519 36
899 537 461
313 261 857
866 970 496
739 547 521
861 214 881
201 393 26
146 87 173
902 321 713
633 101 546
463 173 951
114 81 534
833 450 46
793 555 116
515 677 346
155 169 673
232 581 551
708 703 343
45 901 351
986 904 783
36 631 3
791 743 751
402 317 391
71 351 131
585 77 301
44 741 779
361 208 643
876 214 853
364 176 533
972 133 477
301 931 625
501 761 530
455 559 884
850 473 681
726 465 437
725 893 561
376 377 305
917 421 975
451 173 170
651 65 331
641 769 755
717 301 473
902 241 71
271 265 617
211 71 526
115 636 984
646 489 935
177 338 761
569 769 921
916 601 551
502 611 129
95 401 793
444 319 209
179 851 318
777 716 436
446 299 671
641 486 425
180 337 29
445 841 689
193 579 796
149 496 310
901 77 830
702 937 707
764 253 9
457 814 899
613 169 1
727 721 351
931 829 957
311 255 721
326 462 409
608 398 581
506 97 27
881 251 435
256 860 945
935 577 675
81 176 101
777 66 721
743 201 401
321 173 239
997 964 377
95 173 745
957 926 325
15 866 593
417 953 165
316 695 290
9 935 336
945 181 276
333 776 232
738 771 517
101 34 211
445 575 173
61 126 65
797 69 675
977 379 817
840 267 237
717 433 725
24 705 159
329 766 57
692 443 413
111 53 961
259 693 662
208 473 35
921 556 527
505 508 713
885 410 169
935 915 633
941 161 836
169 884 55
851 765 542
49 648 533
997 198 801
736 617 569
979 861 201
601 781 311
331 393 326
301 473 369
651 737 251
217 998 200
641 677 415
486 195 630
533 858 715
681 781 127
554 681 575
441 199 417
226 1 754
467 209 5
949 925 442
838 14 92
355 657 631
98 486 801
761 204 633
93 211 841
961 912 587
801 76 576
923 624 535
798 55 101
381 328 807
773 226 661
158 705 1
797 593 817
353 741 681
17 361 461
231 221 1
451 865 411
217 541 194
44 589 639
321 636 317
621 919 154
876 587 649
691 180 537
590 991 111
240 709 641
751 913 965
385 881 332
620 367 576
545 443 358
691 56 733
179 727 206
907 151 587
690 784 545
201 224 901
987 355 529
37 361 381
620 411 620
929 279 801
318 263 709
654 585 373
889 633 303
557 965 3
875 961 953
818 329 251
133 625 1
561 538 919
545 305 171
917 281 41
768 782 449
353 941 956
1 199 307
873 295 764
761 513 296
191 899 45
137 628 728
123 102 941
904 27 620
55 201 295
417 616 271
156 47 987
961 502 412
903 361 941
227 451 943
967 701 589
585 759 279
964 471 653
155 729 139
981 177 63
154 341 153
689 960 551
35 705 834
853 517 847
446 857 729
276 449 480
21 937 632
705 183 214
685 937 674
751 357 172
526 916 25
201 321 399
129 443 219
381 746 887
701 65 707
629 537 89
33 290 961
73 141 711
765 265 203
827 645 457
951 772 489
879 857 627
271 479 695
236 673 866
550 281 460
445 301 121
441 381 692
831 500 223
333 14 439
481 271 847
416 32 252
529 207 441
569 989 129
6 601 333
361 439 695
983 388 765
419 311 391
537 461 677
8 498 531
989 545 996
237 911 35
31 915 346
721 341 71
879 549 155
444 651 425
73 993 49
766 273 741
995 1 57
710 801 697
331 747 356
947 251 827
97 131 455
583 61 911
264 233 901
418 144 840
497 983 711
871 228 485
849 490 123
691 163 84
759 834 1
831 163 694
809 515 265
895 176 851
541 50 364
252 29 66
685 365 741
597 725 269
1 441 601
426 511 629
150 465 132
441 265 636
61 22 559
165 130 749
645 949 174
801 361 741
761 820 337
442 999 887
771 13 541
460 351 517
266 857 39
199 227 191
436 992 864
796 665 274
1 617 777
193 183 486
290 961 779
265 946 216
276 829 738
357 728 425
425 760 386
161 463 733
961 422 538
401 59 301
419 994 849
945 529 481
78 833 347
161 351 595
821 337 56
209 939 456
244 921 961
101 516 411
906 656 833
351 369 101
443 241 993
148 481 218
931 251 703
886 681 871
19 741 693
319 567 175
213 881 27
128 603 475
123 696 713
880 57 374
301 70 185
394 65 659
733 881 505
701 377 249
863 608 11
185 87 397
810 891 980
535 161 252
973 4 769
511 253 705
701 929 521
881 840 849
671 141 709
273 81 141
197 257 421
821 307 268
383 117 829
875 621 591
19 390 135
98 134 21
1 358 750
283 459 351
207 581 244
790 1 349
65 229 977
145 107 544
423 225 263
324 534 795
511 294 419
865 161 383
65 650 416
156 985 91
253 807 996
999 306 789
528 543 557
891 776 162
371 217 677
631 91 125
535 374 456
845 971 81
763 929 719
378 613 801
201 337 608
767 480 305
265 511 585
350 957 855
376 218 130
666 515 911
521 34 827
117 221 71
225 236 767
891 674 491
517 989 681
701 791 841
664 293 609
751 311 33
550 300 781
123 601 731
476 696 736
805 601 985
896 293 894
325 91 551
626 281 518
141 676 556
772 133 246
917 561 961
688 442 126
856 189 385
426 579 253
571 149 791
777 162 833
213 997 61
321 341 21
25 831 976
610 870 41
837 384 851
646 201 831
473 791 470
293 683 278
422 51 647
993 375 989
348 733 215
504 716 105
302 391 655
161 985 469
985 653 77
561 991 331
577 927 860
60 511 461
227 726 745
57 288 508
765 652 817
929 357 261
620 76 406
676 888 645
127 431 433
701 277 867
973 591 273
1 961 784
961 185 881
848 389 16
71 1000 665
501 341 221
207 601 150
157 568 537
51 501 49
149 188 481
441 501 95
913 131 925
945 788 920
145 421 195
470 169 433
681 395 447
787 278 88
315 181 25
671 702 685
846 204 684
625 281 193
401 557 74
739 354 313
471 861 795
897 821 176
789 41 9
506 681 189
761 116 358
801 309 813
976 916 192
31 933 897
414 649 867
761 295 353
641 33 503
321 21 697
291 261 618
601 666 657
41 513 365
207 253 60
260 601 473
102 179 757
585 641 121
819 921 650
326 719 559
11 925 691
705 776 621
795 828 550
679 801 387
839 41 969
89 721 618
721 735 521
352 91 577
701 553 686
267 576 1
685 547 997
277 219 351
501 905 135
801 639 120
534 329 535
407 202 425
697 745 65
57 583 308
472 469 19
474 576 721
81 950 675
264 282 501
405 332 161
525 729 579
139 158 334
906 90 821
1 825 496
89 281 900
214 587 579
475 697 607
451 135 556
457 974 259
973 503 822
471 592 69
257 661 327
941 308 741
893 875 256
675 724 116
449 823 497
441 79 76
90 149 991
547 711 671
214 54 513
553 105 131
944 649 509
936 817 745
617 401 393
38 46 365
46 805 501
51 485 285
163 854 193
113 640 911
956 535 365
873 679 185
389 66 746
401 565 560
32 407 137
161 553 313
967 71 433
401 658 233
679 911 587
541 141 487
586 825 381
327 688 357
181 459 653
897 433 561
51 13 389
991 346 935
804 621 471
223 401 324
759 241 671
70 525 846
324 751 965
953 36 73
859 399 126
963 674 457
897 569 778
279 231 495
17 718 217
201 711 694
132 548 765
981 681 591
373 451 695
981 993 841
337 685 313
833 279 38
641 969 741
125 664 708
681 251 941
719 595 955
823 377 301
522 576 501
654 825 49
817 993 77
1 393 477
131 201 827
858 638 950
961 125 755
921 851 191
894 646 674
451 789 984
898 101 201
959 241 310
706 143 746
157 917 993
969 305 207
785 85 853
80 129 251
829 696 961
51 777 75
774 761 927
44 721 633
948 801 21
593 536 1
109 331 168
93 120 465
596 976 823
590 657 677
151 236 985
7 465 533
213 625 296
961 28 679
742 626 932
876 728 534
581 469 551
297 436 153
729 494 552
801 1 204
528 769 459
997 165 742
206 896 211
945 701 696
160 176 81
970 406 193
331 965 584
617 620 89
939 550 33
881 13 658
484 862 391
509 674 883
771 103 518
47 866 753
701 121 379
41 201 723
269 601 956
440 29 344
415 421 738
606 671 569
29 611 577
263 851 225
186 720 41
401 519 560
834 841 162
86 646 406
947 556 481
400 921 69
26 959 941
653 715 429
146 546 671
89 100 810
335 436 439
351 737 481
156 617 848
661 537 636
971 416 708
497 308 596
141 293 504
853 521 751
909 912 154
946 233 681
79 226 233
645 681 69
697 316 235
220 917 543
369 665 826
77 881 20
761 106 183
313 851 158
801 675 926
521 901 712
681 281 711
327 33 633
537 165 863
349 368 401
501 121 206
471 754 233
453 664 57
493 201 809
241 251 3
549 633 163
963 453 370
51 269 73
906 545 981
993 785 581
636 936 83
305 965 273
879 745 241
274 808 545
931 9 51
141 582 376
110 172 321
349 713 868
328 33 199
922 256 301
431 917 435
363 31 486
865 285 89
457 407 287
500 788 278
273 351 445
429 96 859
793 160 511
156 33 421
761 961 343
551 431 731
425 737 360
536 825 953
121 71 105
941 25 94
173 544 895
266 211 984
526 257 676
721 785 86
658 477 488
913 751 13
539 320 995
673 985 809
401 761 801
404 351 488
701 241 333
101 901 437
806 213 471
161 816 273
237 1 180
751 67 931
81 659 719
81 371 213
632 93 601
207 521 57
377 680 149
169 228 341
233 553 700
713 222 601
929 485 426
95 473 1
179 927 57
948 57 541
177 601 331
97 89 479
807 671 193
370 471 20
796 81 324
619 851 9
986 51 85
55 945 605
841 135 957
74 365 621
521 501 557
421 796 764
631 581 792
116 298 705
451 573 426
641 149 456
100 641 207
336 547 843
955 634 3
362 789 298
491 251 237
127 264 931
391 309 741
381 261 225
386 467 755
45 305 441
306 865 836
717 889 622
146 366 161
711 776 612
321 49 916
485 812 301
685 105 176
712 37 861
213 345 757
755 239 596
585 665 953
181 737 253
921 929 962
337 389 981
805 281 801
415 257 993
981 905 451
669 737 821
680 259 26
91 344 952
157 564 948
129 329 321
769 197 809
569 376 169
81 83 555
397 341 812
599 993 171
451 95 19
88 401 572
737 551 462
173 638 541
414 961 373
281 21 761
147 751 223
675 786 285
151 555 974
405 141 51
241 26 741
916 421 667
773 282 887
934 975 569
325 541 757
881 147 481
793 611 391
291 309 581
845 529 163
513 209 801
61 914 211
613 268 893
349 576 821
812 785 73
885 768 938
937 929 24
131 545 113
246 947 481
231 355 815
25 983 731
341 879 345
496 561 615
404 1 5
453 401 601
389 771 180
991 539 911
276 741 549
461 595 751
753 17 699
251 967 57
655 221 623
977 597 887
731 701 553
778 282 492
126 164 921
1 521 461
841 102 593
186 304 759
822 747 453
85 729 473
64 801 745
328 577 337
925 531 533
313 54 784
241 477 909
951 919 681
679 671 281
17 665 517
638 9 381
437 839 343
321 835 841
401 504 841
349 556 426
393 705 279
55 201 384
560 685 831
593 409 901
682 73 173
16 129 501
41 809 33
425 828 645
571 169 356
401 189 777
235 97 627
253 632 769
921 662 327
281 277 997
4 481 737
118 219 596
845 55 101
480 741 933
180 755 66
845 515 22
251 369 561
161 186 113
717 945 337
215 344 821
995 561 811
385 943 849
900 326 205
131 998 192
297 993 649
947 387 915
354 353 681
185 1 635
537 76 13
413 357 777
757 916 561
469 115 150
118 241 473
881 133 509
945 473 720
891 430 247
161 665 231
3 681 519
491 889 701
937 501 283
876 707 464
31 922 93
695 353 401
425 590 81
665 345 873
481 769 916
19 312 653
636 777 921
594 105 241
661 921 321
321 176 642
57 31 661
714 565 825
37 731 141
1 692 561
876 786 793
917 373 335
353 672 636
169 397 301
351 193 154
307 672 245
877 651 733
345 913 969
577 909 597
409 627 351
381 669 789
346 293 78
338 509 209
74 561 887
813 237 971
18 330 721
556 193 145
305 258 395
501 967 284
545 317 243
201 291 349
217 711 516
461 983 651
967 625 501
191 71 313
601 231 499
517 56 45
841 651 254
429 384 481
510 287 578
415 113 131
945 492 893
311 701 649
121 289 401
277 621 222
663 441 425
14 406 581
627 601 463
525 134 477
693 391 369
326 573 169
701 547 106
76 621 649
249 909 341
979 881 616
481 899 163
785 573 517
241 456 49
101 519 906
12 660 1
569 291 201
937 801 726
637 141 190
977 529 486
953 577 365
344 917 595
615 809 849
317 273 33
707 490 367
740 849 853
616 95 10
319 401 781
129 101 907
57 701 49
869 21 841
645 191 641
570 535 853
714 542 209
760 492 775
381 523 905
290 629 531
408 138 97
485 537 61
221 21 632
281 151 125
33 849 976
944 327 933
904 265 731
587 663 754
395 299 604
442 713 475
601 159 169
124 668 697
86 569 49
970 606 316
433 543 97
153 51 341
839 715 553
601 569 872
521 537 978
873 209 649
465 606 983
474 941 465
985 129 389
377 691 379
177 425 867
961 645 231
192 554 589
686 596 375
441 865 459
453 960 361
776 749 771
983 269 971
689 383 574
848 146 847
771 1 35
305 661 391
413 657 596
73 289 851
977 667 518
821 77 633
173 834 623
825 41 134
279 985 368
441 495 839
111 481 331
68 737 208
391 271 640
321 983 169
552 398 857
797 117 850
171 169 139
11 357 830
306 949 171
201 851 877
1 478 481
532 677 333
447 604 325
353 276 1
201 771 603
941 301 15
613 17 695
102 843 81
338 503 451
471 919 11
157 657 393
249 884 381
481 541 9
366 907 777
63 545 933
217 1 167
57 61 876
9 191 128
731 949 429
986 890 937
185 537 289
801 668 611
281 439 19
909 276 153
881 721 859
714 551 961
86 687 549
613 954 502
989 893 874
151 481 611
361 449 817
316 763 587
499 981 622
526 126 571
589 201 133
559 876 761
134 196 901
1 702 693
233 686 832
665 929 859
829 961 733
97 928 197
347 859 781
387 692 963
620 313 685
508 121 451
551 229 911
124 289 649
105 301 9
983 373 671
676 626 740
241 525 145
241 985 305
24 981 765
307 481 997
66 924 61
641 483 811
633 941 810
26 404 361
926 113 57
726 816 635
466 809 961
313 919 713
455 581 751
737 815 971
626 351 945
109 949 97
294 229 611
257 705 165
662 826 81
821 477 689
607 963 385
273 901 801
1 436 39
901 372 645
397 915 496
985 489 781
852 281 613
931 469 527
573 265 201
611 86 726
645 529 380
423 195 89
53 884 769
869 564 105
931 761 81
669 751 51
353 241 476
709 789 255
340 549 356
731 857 415
469 755 235
432 680 278
276 309 676
477 836 342
993 537 171
907 874 351
337 681 371
449 518 501
457 745 121
727 575 596
645 633 904
736 161 321
807 943 265
826 361 423
594 749 47
554 201 433
266 1 725
309 209 983
733 681 703
261 295 536
337 973 157
797 74 241
651 169 371
129 721 751
146 849 841
385 57 453
817 843 289
669 151 501
353 1 681
483 463 791
96 77 301
469 253 411
785 845 711
420 437 924
685 985 888
221 505 69
458 448 809
429 12 561
641 431 361
857 204 969
976 529 631
13 119 901
53 441 551
164 93 728
455 7 373
809 449 901
636 463 831
717 870 141
398 132 280
98 189 886
753 295 53
485 541 361
671 393 773
261 473 861
233 606 785
737 133 509
241 741 937
501 397 809
390 65 401
801 969 506
625 289 329
961 921 529
993 947 1
857 793 816
311 65 433
9 841 615
762 325 181
1 647 57
555 361 751
331 781 795
626 24 505
996 800 979
291 655 326
855 99 333
577 1 568
51 472 281
701 221 589
199 276 577
436 713 493
737 307 16
225 506 415
11 441 557
956 629 531
118 291 253
401 341 233
137 369 996
25 808 669
872 97 626
901 327 348
641 166 981
575 992 441
593 46 732
441 557 78
479 433 217
929 36 221
257 821 150
241 501 304
959 798 222
727 185 963
888 922 137
286 306 571
226 162 126
685 563 139
441 841 721
25 736 857
153 185 126
697 270 793
229 875 97
721 673 85
376 725 129
639 506 216
181 945 889
161 843 136
523 461 526
17 969 685
947 637 289
471 511 892
93 706 321
952 255 779
226 825 854
661 641 501
667 649 532
163 970 792
387 275 17
945 69 332
645 690 559
947 339 871
523 451 548
531 100 635
51 66 279
146 265 423
921 975 979
631 929 961
715 81 577
201 101 73
441 157 961
713 591 151
991 273 826
649 337 381
262 863 591
923 943 786
139 545 905
63 245 936
29 171 956
965 801 793
841 601 129
885 729 949
650 398 828
191 796 589
289 549 476
99 127 249
865 421 251
641 157 731
731 385 217
481 357 501
917 377 978
824 533 516
702 651 975
420 66 81
343 335 444
569 881 480
953 491 231
777 753 51
762 219 253
615 481 601
573 433 492
376 737 41
443 31 147
785 969 239
497 881 649
732 815 276
