3133
293 817 825
489 804 962
714 566 523
31 8 206
745 553 933
676 109 219
101 951 125
937 293 5
757 737 620
569 398 297
841 805 401
642 635 497
91 671 281
312 505 793
802 63 96
465 521 651
641 41 905
249 189 1
741 899 399
745 39 265
359 149 777
694 287 409
481 221 707
95 521 553
152 469 319
989 409 981
145 776 317
977 471 795
993 111 431
601 169 445
119 130 75
217 325 617
201 457 666
993 47 790
849 841 323
685 386 805
241 396 501
921 261 761
515 115 959
115 627 179
705 445 229
391 61 937
159 721 845
841 521 361
901 367 33
827 417 714
411 467 272
604 143 288
71 701 689
152 881 973
556 806 755
526 489 526
240 802 801
252 438 659
909 85 472
145 111 881
21 833 960
186 800 769
281 443 33
851 661 884
297 9 441
376 969 119
309 897 631
449 477 99
293 441 443
329 515 49
905 761 790
787 806 183
590 566 993
421 213 979
77 873 996
406 506 84
353 448 726
73 355 307
881 23 587
969 956 199
201 177 635
629 641 661
151 422 676
515 39 401
178 891 743
566 321 702
697 391 97
738 481 788
1000 587 559
161 431 831
661 121 185
181 211 1
231 937 9
412 929 537
631 891 641
75 816 69
297 321 50
501 425 525
541 641 541
57 385 349
23 313 365
727 161 197
969 233 504
841 739 846
456 169 113
657 805 665
813 935 912
116 627 896
193 577 186
874 397 995
4 580 281
675 130 97
854 427 829
704 561 161
537 701 493
609 383 567
401 292 426
314 981 947
727 411 601
305 282 928
1 438 556
885 451 553
257 91 251
161 139 4
193 469 728
733 552 243
910 689 455
819 599 675
731 997 17
815 181 86
176 561 842
64 606 401
916 936 587
835 647 461
161 961 521
529 137 121
740 8 685
395 517 133
393 161 809
424 797 377
97 729 805
371 881 177
777 737 73
469 911 231
437 846 881
311 819 631
518 569 120
1 3 974
460 421 587
989 45 623
681 512 827
810 401 439
341 461 857
106 225 126
201 957 169
213 873 399
588 22 196
905 526 566
505 305 703
169 73 596
81 176 741
677 351 799
185 891 277
799 52 841
993 377 545
1 925 1
393 366 198
337 521 296
932 575 569
400 875 497
659 705 909
652 87 228
737 626 943
18 449 761
921 25 581
825 651 57
913 817 801
141 481 444
825 833 801
889 543 850
851 54 788
277 721 567
613 200 161
481 809 401
558 904 441
831 300 167
681 721 195
521 727 769
607 275 588
247 344 801
956 301 303
597 149 55
143 999 437
320 584 246
801 21 85
801 251 773
1 521 421
333 683 507
425 881 842
76 197 808
297 189 733
909 561 795
834 769 303
481 1 166
831 395 11
331 378 63
457 942 998
601 881 22
963 429 733
441 627 793
29 376 272
991 876 125
753 723 81
353 851 586
846 461 765
782 530 159
41 65 465
957 109 499
61 627 221
737 921 921
409 443 317
747 512 556
251 667 117
649 825 741
576 146 815
341 919 951
713 743 396
386 393 737
545 193 736
876 673 171
51 520 161
811 851 243
560 701 861
961 451 201
212 155 844
548 647 975
961 671 701
750 501 555
761 236 541
121 759 201
455 556 201
747 329 201
115 151 510
542 325 965
801 129 621
289 41 601
651 765 235
317 441 271
249 173 531
671 355 721
696 765 490
186 1 861
287 294 96
765 551 51
21 717 591
519 337 558
666 681 1
45 86 811
21 521 965
977 201 401
177 266 913
810 18 501
737 465 989
326 436 83
481 841 301
505 663 941
376 559 451
285 297 907
718 499 90
60 297 273
490 840 461
485 194 161
323 201 601
365 527 248
98 693 720
738 874 76
361 641 76
1 457 289
737 189 316
101 209 403
591 737 761
486 270 672
445 465 861
228 705 237
125 617 361
662 693 185
25 883 981
110 683 626
886 897 28
891 437 513
701 785 805
369 782 753
757 209 27
366 569 591
408 277 73
801 921 279
259 75 371
826 463 441
489 824 337
857 71 225
121 347 257
251 698 492
317 25 558
201 201 142
87 827 795
834 921 353
429 680 156
696 894 145
560 321 879
511 382 581
77 111 466
420 201 149
201 787 53
943 421 453
641 256 726
869 22 791
347 405 576
371 768 278
313 77 811
315 881 731
527 482 191
695 115 817
950 864 367
901 891 539
378 287 963
693 864 671
425 497 363
417 342 809
326 95 221
819 13 721
121 544 369
253 849 951
725 506 89
134 911 661
898 145 245
641 885 777
225 633 241
952 795 827
693 373 523
271 81 401
706 631 25
549 521 833
239 281 671
983 596 89
801 571 106
717 778 113
540 170 712
762 489 549
423 589 442
158 145 349
44 873 626
736 651 91
903 21 104
1 81 169
801 410 854
44 101 317
986 331 141
297 917 474
629 381 172
545 303 211
472 338 151
305 748 865
951 180 731
580 256 674
597 801 431
867 971 147
977 263 991
583 321 877
221 81 177
333 521 477
890 977 17
95 871 317
161 616 357
709 855 266
831 356 277
973 856 991
258 792 897
381 936 532
767 422 641
743 692 754
595 986 321
961 935 191
526 417 724
295 977 121
641 673 661
633 691 176
487 961 109
985 901 693
15 615 911
326 57 966
163 603 381
392 537 561
376 887 447
111 131 731
989 221 601
465 6 793
231 712 996
999 784 869
972 921 71
857 957 628
388 577 606
255 450 441
766 201 72
758 209 941
301 877 273
981 297 641
681 886 461
249 971 301
91 74 796
250 205 913
785 745 181
511 529 484
189 748 435
369 254 357
321 86 906
941 431 909
176 861 369
217 444 874
904 640 471
917 529 543
841 416 669
341 381 135
901 201 3
765 409 269
503 371 419
937 785 33
113 606 645
501 626 925
196 652 623
673 719 27
711 561 91
556 881 122
925 397 929
6 149 139
177 183 457
391 922 871
20 270 949
377 599 636
245 586 820
801 776 7
821 81 784
189 689 821
162 281 401
260 541 264
305 467 137
14 784 26
200 146 25
725 935 721
539 43 931
725 962 401
303 707 241
231 301 261
400 282 663
505 710 353
901 243 487
285 701 5
61 761 611
2 856 461
47 826 601
304 961 456
736 457 985
301 945 521
717 862 101
623 209 326
369 318 1
949 359 429
473 250 507
891 160 588
283 311 875
821 761 49
965 601 911
269 201 735
154 287 89
25 257 201
523 974 145
851 709 701
906 906 721
561 276 693
504 27 414
729 291 498
901 135 73
509 140 87
141 169 89
761 109 351
536 422 717
536 885 801
849 345 893
265 95 634
824 566 279
217 289 167
225 985 938
721 401 891
543 683 591
633 441 857
313 873 136
151 406 977
561 441 346
95 865 851
289 754 998
571 293 537
25 561 877
497 563 151
761 1 585
829 742 201
505 162 797
1 290 95
654 481 951
636 538 645
873 803 611
281 251 726
473 406 675
771 359 809
991 73 353
801 525 381
201 835 55
237 215 316
445 317 81
290 641 463
633 53 740
41 427 68
345 649 963
711 907 591
303 633 967
142 859 263
996 986 101
765 142 721
365 380 201
914 765 385
929 133 592
353 761 843
530 987 96
106 970 481
997 145 903
496 457 257
375 1 737
229 242 461
41 17 595
190 376 569
281 849 177
929 950 932
691 521 721
52 681 651
553 879 566
70 616 441
153 463 886
123 5 324
666 989 226
908 57 299
185 659 144
366 521 41
917 660 651
391 457 908
839 882 753
285 990 449
703 211 41
506 737 101
690 809 600
48 913 599
597 63 265
302 336 310
951 253 317
631 111 161
56 506 296
179 126 412
944 277 289
81 188 21
401 261 601
201 355 392
476 55 503
873 901 89
983 476 201
25 441 242
540 372 313
241 200 934
985 868 169
787 966 359
760 225 876
745 984 235
153 271 681
858 921 3
195 63 245
41 837 751
89 897 176
631 779 313
558 145 341
657 768 263
89 135 33
561 988 989
605 721 961
921 101 449
528 61 511
103 625 133
66 81 642
662 483 781
709 748 735
302 953 171
345 451 638
321 818 431
130 681 61
9 443 845
713 668 401
714 641 429
27 682 26
45 569 823
798 356 429
733 649 891
732 288 33
76 282 224
837 21 741
169 621 983
433 309 441
631 731 647
37 575 281
977 700 661
172 113 459
821 1 441
952 178 809
747 936 677
66 97 699
189 229 593
57 413 481
181 291 876
120 111 633
381 559 65
345 401 897
553 954 708
706 319 821
469 743 421
487 476 716
411 326 167
975 593 938
667 473 673
389 215 800
100 571 217
921 414 619
585 329 137
746 101 1
733 531 546
651 109 229
467 466 603
91 669 841
121 754 209
171 774 26
185 822 96
289 901 601
974 13 999
909 101 572
607 251 815
60 961 3
429 177 545
869 410 854
645 788 628
185 147 193
382 441 543
377 537 251
68 237 224
873 680 25
72 247 697
477 761 456
86 615 907
739 453 774
77 1 785
265 607 173
485 205 339
43 653 101
458 263 750
213 177 988
416 173 465
255 841 901
565 286 231
521 251 218
497 449 551
927 142 69
315 238 111
335 521 251
66 701 493
920 865 341
241 351 626
357 633 761
710 585 679
331 278 90
92 965 241
491 795 783
766 727 195
441 1 737
248 365 633
135 627 897
601 26 10
196 501 641
113 601 814
881 241 521
746 498 809
801 966 315
17 529 281
362 1 303
741 586 247
886 941 666
126 101 885
512 401 151
106 609 261
801 676 409
925 376 601
281 209 711
613 466 892
401 672 197
757 469 349
833 90 679
581 745 37
601 501 191
41 768 791
477 159 628
689 808 782
521 400 76
993 776 783
363 599 589
931 607 911
866 121 561
176 26 767
619 910 441
207 753 659
163 76 39
445 1 331
681 673 151
522 221 481
821 3 591
5 91 163
461 934 383
353 973 857
693 45 557
678 393 1000
580 446 319
377 343 626
809 803 567
597 496 791
37 486 489
113 661 107
225 464 929
751 85 845
422 399 472
608 270 605
941 205 86
131 104 93
511 847 501
91 601 745
224 567 580
206 195 895
966 422 865
693 80 543
667 807 662
813 943 819
623 281 831
881 101 505
615 81 793
873 526 830
973 676 286
719 626 301
673 897 581
441 876 408
517 97 847
841 925 748
267 261 426
545 1 379
491 347 1
549 527 632
351 697 219
929 15 422
279 729 586
823 359 463
633 960 537
194 211 1
940 499 787
536 127 180
820 698 489
499 401 466
17 535 461
793 553 86
153 351 71
805 641 57
73 156 301
339 97 187
783 876 507
261 285 726
831 496 813
201 869 323
1 481 987
374 516 633
101 551 440
449 711 816
511 369 98
881 461 825
275 529 557
696 53 888
245 981 311
334 673 756
1 361 982
827 548 997
551 885 271
411 757 171
381 525 991
294 889 377
621 553 929
593 585 230
564 29 881
521 166 277
302 751 986
625 799 327
773 346 247
33 49 353
171 642 949
50 801 553
187 777 471
42 638 966
24 493 139
909 914 918
613 155 112
221 899 161
291 183 188
649 429 168
380 433 412
501 886 809
577 441 212
621 201 642
91 214 217
841 335 165
289 641 827
277 153 591
329 321 751
417 781 535
377 615 617
74 912 999
781 665 728
251 707 365
906 592 741
501 365 576
843 582 765
549 924 771
897 681 711
209 321 641
88 40 693
900 241 801
406 37 676
775 957 205
166 525 501
177 42 980
737 701 428
263 133 421
817 601 21
911 936 941
920 469 361
153 158 501
671 46 315
715 751 261
837 671 643
837 929 141
977 306 859
693 267 721
931 369 410
709 799 251
685 595 161
311 972 806
161 751 535
288 769 553
145 801 645
512 361 361
628 273 381
457 377 680
884 357 774
601 812 257
160 237 387
821 551 556
293 896 749
629 441 662
592 529 729
327 525 421
405 697 371
775 761 529
917 712 901
289 317 751
241 991 913
821 482 329
137 849 476
501 653 77
322 425 281
821 102 329
861 920 237
620 355 809
764 73 101
502 211 209
714 397 603
576 638 368
509 735 751
81 721 993
85 201 570
1 727 889
609 11 69
599 567 834
701 155 457
105 705 321
77 381 345
589 753 296
623 125 811
865 777 693
765 232 991
666 494 353
488 307 591
281 441 47
304 105 856
73 631 246
501 993 981
177 116 724
560 329 777
391 185 279
521 542 325
889 297 201
345 49 352
791 293 669
217 949 275
391 868 378
25 495 241
992 575 469
477 881 461
562 11 207
457 445 851
49 240 565
257 521 431
505 358 691
651 61 561
101 326 581
993 301 473
320 673 901
201 791 641
445 781 187
269 772 353
767 194 756
180 397 65
545 121 808
311 281 34
933 685 561
488 701 666
863 689 685
678 99 57
429 77 276
857 567 2
424 376 939
354 993 515
337 577 711
335 197 401
371 146 581
425 390 737
776 847 931
400 251 686
561 721 106
33 767 953
918 303 679
427 31 872
557 258 433
1 73 657
871 704 9
191 754 73
637 397 441
81 544 300
100 856 467
906 121 215
989 567 53
622 226 165
785 261 154
868 136 345
770 843 716
621 471 884
210 683 121
257 753 38
66 865 885
9 521 42
967 301 563
261 70 451
905 711 957
541 387 81
740 165 769
340 64 211
265 151 832
477 826 116
109 589 421
775 597 29
843 448 99
82 881 21
877 206 841
541 305 91
65 861 429
569 505 497
357 540 33
545 769 484
561 76 511
726 593 878
571 362 959
921 51 441
865 729 755
835 901 876
701 311 197
929 274 341
184 885 755
456 919 784
21 229 711
993 107 645
161 533 396
953 961 193
977 71 767
199 169 211
337 251 649
552 805 971
363 501 903
709 325 694
105 114 238
457 601 902
486 781 533
545 909 889
568 566 207
615 737 369
337 409 521
180 353 857
473 896 46
817 861 974
217 283 417
977 41 322
284 88 913
437 679 173
640 197 370
271 396 281
375 497 428
490 209 441
619 821 133
411 41 622
428 51 713
905 381 59
101 226 715
751 343 649
356 921 572
591 901 869
529 910 771
945 324 906
322 626 73
929 777 306
313 11 391
817 901 608
193 57 546
33 849 939
691 615 61
553 276 135
875 737 637
851 14 640
775 965 361
577 488 908
276 283 585
369 244 985
526 321 441
525 146 601
446 999 536
200 488 233
974 705 1
761 468 394
270 572 815
259 682 629
851 125 121
613 881 330
3 807 355
295 265 969
849 503 61
308 122 830
321 451 556
901 478 231
141 757 265
750 863 421
982 382 169
261 691 717
73 496 699
149 12 192
711 846 277
649 205 371
383 401 371
473 953 925
105 401 293
952 760 649
665 741 150
841 467 132
656 631 840
799 817 321
715 872 672
270 608 380
3 909 121
465 871 699
937 419 89
807 273 195
236 321 593
323 276 255
860 545 196
463 271 305
217 41 445
94 199 412
807 293 267
271 137 216
279 601 883
1 795 485
761 167 816
684 13 387
505 198 171
853 497 149
549 861 606
956 425 215
105 141 614
675 606 952
656 437 885
437 579 51
786 5 426
295 853 191
985 393 19
860 139 501
963 338 887
511 137 872
926 217 231
377 460 600
220 933 279
683 38 911
505 711 57
881 861 181
369 777 731
257 45 489
914 753 778
89 261 369
787 501 355
80 912 217
57 166 341
147 359 871
529 57 943
226 718 561
717 177 721
277 101 236
183 85 904
830 945 445
969 361 337
131 65 261
530 355 925
501 76 533
831 153 679
150 597 212
767 607 653
73 593 637
869 809 761
557 569 685
428 6 325
425 309 650
737 411 369
369 147 169
856 364 73
869 938 612
373 433 542
441 492 426
99 379 816
921 519 855
937 333 854
86 90 562
263 899 357
956 441 681
600 94 205
477 193 581
321 181 881
96 855 406
501 815 73
94 625 884
815 499 801
1 263 40
943 327 669
756 769 1000
456 451 873
705 941 437
288 674 883
577 257 501
601 358 190
849 241 231
901 92 191
841 180 921
451 61 641
19 446 550
651 542 401
147 113 787
41 937 46
327 633 12
925 568 201
761 113 409
953 727 50
538 361 593
380 836 917
493 555 605
141 305 241
267 865 130
71 409 861
141 495 491
101 586 125
795 245 564
275 623 301
855 531 427
769 313 451
351 213 986
521 104 937
25 553 561
80 101 619
521 910 939
462 800 497
951 319 80
451 165 969
494 129 690
651 169 987
274 901 501
61 673 350
571 233 701
686 416 296
545 27 15
629 683 997
525 617 91
407 531 615
405 195 161
678 99 401
275 785 444
376 993 821
51 529 601
869 613 627
617 194 388
867 990 427
107 579 241
671 711 619
903 337 861
201 962 86
846 611 827
245 729 641
893 958 214
930 401 711
180 266 471
889 17 929
174 634 657
410 217 239
807 901 179
485 73 751
681 588 303
801 135 980
331 889 905
777 142 775
321 352 273
401 344 41
273 755 164
361 855 205
76 143 580
29 848 908
337 286 207
529 181 456
591 217 591
671 751 417
676 775 216
829 126 834
368 432 188
278 875 687
501 425 576
993 681 326
76 233 475
704 412 835
193 905 625
838 838 36
97 401 67
876 244 996
935 250 918
189 293 505
236 513 696
829 953 206
433 25 479
26 376 998
685 691 282
245 165 793
742 785 506
165 65 129
585 63 927
117 47 601
696 796 163
52 281 603
202 902 389
413 401 809
79 485 993
191 898 628
69 211 425
188 490 87
762 838 678
766 769 840
201 268 393
191 338 637
441 721 137
601 42 546
825 873 736
714 841 768
21 29 771
117 304 775
916 361 697
296 81 180
808 843 856
136 803 585
260 353 205
61 231 972
426 666 977
769 261 250
757 467 881
879 981 736
365 560 273
13 359 879
506 875 813
696 141 426
589 421 985
486 761 401
14 915 967
556 987 501
149 941 525
397 721 177
85 209 372
479 223 281
598 909 546
229 191 364
331 751 501
161 359 633
517 231 31
857 685 899
650 121 481
801 418 569
57 395 877
601 776 620
721 327 647
371 661 81
293 562 876
625 881 355
181 481 982
100 566 992
489 161 301
488 268 545
273 682 980
403 909 241
501 525 981
926 351 569
481 147 157
481 976 256
878 769 321
115 297 564
785 755 796
517 824 521
511 891 529
901 257 357
1 729 275
996 868 31
23 987 573
577 623 321
158 441 340
105 458 625
12 126 131
408 61 241
262 114 179
868 971 985
475 489 636
221 691 739
97 235 935
29 1000 465
172 27 59
719 483 1
801 166 681
873 555 396
675 51 859
664 173 509
165 691 129
285 301 821
139 596 203
13 737 853
181 403 484
515 585 160
401 851 91
168 629 918
193 535 289
530 161 1
37 25 861
353 808 857
849 23 201
521 11 795
25 921 545
863 306 633
472 984 841
680 685 309
341 346 501
27 161 113
971 201 413
51 378 599
131 245 387
771 443 480
592 253 363
964 16 226
201 617 57
58 123 415
276 984 361
337 372 121
385 873 42
117 226 991
426 909 689
611 901 844
937 301 207
307 231 407
685 554 401
1 751 579
305 90 771
96 481 247
190 346 910
463 133 340
624 589 901
96 591 448
531 587 857
836 996 615
183 827 89
241 645 201
96 961 801
297 475 371
687 785 841
50 663 251
775 199 981
389 781 909
757 31 247
361 321 771
651 716 985
978 933 140
660 481 216
56 601 591
561 973 457
681 881 940
787 553 549
401 9 423
336 545 451
829 721 361
561 228 891
376 697 925
310 895 678
745 822 293
451 129 179
573 473 769
449 913 642
519 821 553
438 647 659
689 181 906
71 560 371
661 889 746
709 62 741
855 241 107
951 291 833
971 643 713
665 601 801
865 251 409
541 63 49
897 787 466
193 71 576
23 591 596
393 24 529
283 315 884
866 169 1
412 793 441
137 166 393
621 361 869
801 67 465
249 259 577
715 236 149
705 512 801
679 483 121
385 631 769
480 801 9
381 912 463
151 719 577
573 269 461
993 261 701
769 701 723
353 781 985
173 561 971
873 266 746
512 310 496
481 673 401
977 791 678
781 538 868
105 126 261
479 731 109
241 572 293
385 844 993
761 865 641
513 705 550
692 765 907
11 781 169
297 421 585
271 881 675
791 662 591
475 983 801
601 779 861
805 321 972
845 683 200
306 521 843
685 597 249
356 524 591
921 561 653
385 306 641
713 324 665
105 383 605
761 689 256
473 549 403
16 641 705
857 277 131
125 455 764
161 431 310
961 827 529
83 64 319
537 262 1
504 657 641
337 684 207
385 976 733
906 875 773
638 425 623
71 217 306
481 641 113
397 641 348
247 901 1
213 957 141
711 288 246
721 181 926
996 121 629
423 201 501
713 618 129
201 753 849
645 651 624
783 753 771
441 351 16
481 187 953
326 750 585
201 971 295
711 137 703
516 565 382
69 921 131
253 749 421
377 961 83
801 933 931
241 528 353
276 361 666
655 413 697
809 641 206
457 311 561
871 415 551
760 417 980
391 200 891
281 738 825
315 43 169
641 349 596
618 919 861
147 306 801
645 539 241
703 351 256
733 440 458
91 265 367
921 327 796
776 435 539
275 665 569
634 341 124
887 351 253
793 707 521
925 481 699
175 841 953
705 425 271
433 146 537
446 186 815
153 226 601
397 51 911
821 18 562
289 888 781
35 15 850
801 395 313
144 181 407
513 437 285
959 251 1
712 809 13
941 717 757
9 929 741
903 749 541
605 521 676
891 237 489
822 51 252
249 926 609
170 389 851
889 839 528
831 333 587
769 901 369
753 371 273
126 861 249
587 278 750
931 801 273
309 471 646
159 783 409
235 702 999
321 639 273
618 176 241
311 605 895
731 845 849
892 97 421
581 9 585
483 5 732
613 611 749
18 56 136
251 391 181
641 49 81
54 337 923
214 535 651
846 641 551
697 164 651
613 601 571
535 115 533
751 305 850
321 304 95
971 356 481
490 421 929
535 195 401
545 339 703
755 489 683
755 71 353
117 282 833
91 538 510
213 796 200
157 211 981
81 138 241
205 956 66
271 487 379
491 953 563
644 337 845
489 767 125
284 116 505
243 140 921
989 393 157
402 361 541
696 138 881
801 451 801
551 256 840
501 454 899
27 994 710
104 373 357
569 489 429
31 613 413
743 1 171
116 421 765
34 253 983
611 757 510
449 658 351
381 401 651
151 765 517
877 845 901
533 521 891
945 732 578
921 46 608
557 15 391
141 417 908
501 420 751
185 777 363
669 575 185
614 76 362
381 333 473
781 339 503
389 161 651
80 881 147
657 801 801
926 505 39
809 739 826
129 671 111
62 217 179
572 111 293
809 173 611
641 728 721
476 721 729
188 871 441
369 156 422
527 137 411
234 309 587
689 541 671
446 786 761
693 457 749
699 731 342
983 928 395
119 217 312
361 793 824
335 133 101
981 947 953
949 497 777
5 726 533
49 234 517
341 809 301
141 775 951
281 379 496
823 741 663
529 590 249
621 501 517
777 701 505
801 895 691
680 341 813
756 541 295
881 762 10
425 329 601
107 601 576
665 401 933
505 657 296
931 661 31
105 378 885
641 406 761
745 457 250
118 751 267
818 817 915
669 125 811
439 816 673
953 337 551
230 454 966
61 121 953
491 141 856
721 54 16
155 625 846
547 661 886
780 507 709
201 311 431
599 503 100
921 945 101
385 205 976
401 24 801
359 88 101
93 821 451
429 896 651
291 881 931
597 369 739
189 96 106
216 353 811
563 141 67
731 100 211
351 161 321
51 762 728
633 291 445
705 481 167
354 586 816
895 726 369
509 526 836
901 450 961
49 921 441
881 253 233
257 25 161
73 450 869
375 387 647
445 806 599
345 91 705
195 798 850
275 799 119
395 353 233
901 351 89
201 979 976
661 299 672
193 169 557
164 161 35
479 176 667
801 861 927
245 363 713
547 61 38
718 131 105
96 673 937
231 603 488
995 191 784
329 129 783
689 521 245
853 635 171
904 305 847
665 416 191
376 841 201
749 367 117
361 436 788
326 296 417
768 17 928
446 815 275
141 201 986
241 431 465
921 243 270
739 809 111
739 901 9
336 967 977
956 540 941
981 701 937
711 34 265
1 50 567
793 562 589
899 106 429
871 31 473
981 759 877
601 91 261
916 449 681
3 651 434
899 121 923
273 809 831
957 506 727
777 721 89
617 813 501
181 41 601
359 305 23
585 561 857
169 436 81
31 407 991
77 787 1
813 376 777
64 927 175
860 81 321
641 106 940
489 383 680
169 801 701
845 661 592
741 700 109
609 161 401
907 219 813
313 312 927
196 181 241
1 521 967
647 552 965
725 911 790
123 334 504
236 114 707
726 77 241
81 865 825
399 357 301
665 191 357
351 531 454
815 481 681
915 391 497
261 391 887
365 206 901
565 131 467
882 899 567
923 693 275
857 197 1
273 681 961
556 637 875
65 521 347
321 426 511
703 611 497
381 413 677
609 813 985
817 698 196
191 8 412
525 137 161
862 553 393
263 93 531
204 909 756
913 657 159
551 9 640
183 648 933
819 577 301
92 233 322
657 57 465
19 528 345
177 38 309
763 99 567
451 177 833
72 301 220
817 732 785
722 735 245
816 801 462
167 681 492
11 591 534
936 765 377
46 845 427
725 169 96
495 321 787
54 233 619
212 809 782
6 305 757
633 676 250
475 326 314
741 978 506
542 137 969
361 553 507
317 885 780
801 915 929
478 671 726
685 439 481
489 241 701
831 276 659
881 57 690
348 921 891
139 381 317
932 401 481
190 249 143
441 949 431
651 41 125
592 321 122
215 876 633
897 626 591
334 801 817
935 81 325
944 1 74
876 641 701
451 779 811
96 355 706
57 249 501
945 413 865
976 841 656
533 861 642
601 34 651
333 797 261
281 385 995
489 829 571
313 975 961
763 937 801
257 89 809
473 281 839
402 913 347
367 942 945
157 861 381
706 861 21
839 157 879
436 745 753
696 57 241
559 949 585
209 503 933
435 378 326
928 541 656
441 487 151
984 685 497
935 937 1
1 531 651
181 553 535
661 881 871
329 361 493
890 348 761
16 670 437
993 976 26
959 5 461
336 809 801
228 919 945
181 607 969
749 882 929
339 257 753
27 529 705
672 76 121
861 129 741
609 201 129
357 485 811
279 88 505
520 984 165
523 7 81
844 319 225
261 149 539
465 523 437
151 343 211
896 789 529
621 574 429
669 395 816
775 981 721
914 304 443
705 481 656
321 764 61
818 57 426
251 436 853
882 154 971
90 869 831
319 201 565
7 621 497
561 925 937
873 421 611
272 621 377
45 405 525
463 81 465
901 587 241
449 641 937
194 634 475
411 705 537
287 123 673
873 368 425
626 701 723
21 733 739
57 431 147
501 809 813
65 801 401
861 801 225
159 876 156
231 41 781
334 759 833
102 931 907
787 677 608
749 305 836
859 766 461
681 793 461
579 125 69
401 388 691
797 3 341
415 441 457
815 893 586
705 98 73
541 227 661
665 219 89
368 617 510
593 617 151
101 961 843
775 765 593
812 681 551
168 353 581
493 641 931
811 259 355
431 435 971
229 14 929
393 471 1
353 948 842
918 301 770
726 521 697
330 681 326
809 33 473
209 149 934
833 745 386
91 967 246
305 812 413
857 441 467
999 633 785
574 210 443
363 129 806
913 645 857
660 681 396
374 297 681
889 745 865
471 201 929
580 39 586
501 353 609
463 695 178
910 25 821
216 657 731
932 883 211
913 729 703
401 281 723
945 182 511
197 833 731
369 539 221
707 890 606
919 505 193
66 19 265
151 175 577
162 515 174
935 441 501
120 705 420
155 728 301
35 66 569
321 251 451
383 749 379
497 659 407
491 359 981
324 789 651
559 93 833
745 625 594
163 73 653
304 661 11
729 556 689
737 663 713
627 837 401
792 801 172
993 775 706
37 172 277
226 992 841
649 274 501
717 217 522
361 901 798
249 925 111
579 180 976
735 568 851
854 739 645
301 259 195
43 360 471
531 477 106
105 1 299
559 281 1
262 461 201
986 721 399
424 165 146
881 598 296
537 280 181
100 56 436
204 41 297
621 19 192
237 972 970
44 201 620
397 386 643
157 335 242
751 865 381
751 185 728
713 291 289
1 706 993
971 944 444
167 551 272
740 921 485
306 501 14
671 961 985
787 622 353
52 127 198
269 735 616
381 112 773
76 991 616
179 401 829
633 874 328
871 812 425
750 391 917
58 777 33
399 709 1
879 621 636
661 193 726
817 505 774
86 737 791
582 261 791
991 113 711
865 141 41
571 665 201
372 110 445
209 754 685
526 831 170
318 809 656
465 405 570
121 548 103
162 671 555
236 868 605
381 737 385
966 865 155
998 957 996
401 479 161
253 313 801
398 333 897
465 569 171
307 981 993
950 997 458
105 624 781
345 947 430
422 455 639
4 817 505
617 951 830
841 301 609
444 473 679
431 520 823
659 41 621
705 204 733
421 449 881
229 536 110
345 46 331
705 937 621
909 417 161
281 543 713
397 891 843
226 203 803
949 959 563
851 418 711
916 482 297
332 689 193
469 696 836
4 767 417
291 939 194
906 443 926
922 376 109
512 385 986
611 977 757
3 537 622
349 971 953
217 199 526
542 609 80
51 297 555
73 179 621
831 841 186
6 891 323
351 357 2
1 856 575
981 16 831
857 215 622
966 662 373
498 669 382
881 975 877
3 399 617
157 355 488
417 619 126
480 369 595
825 221 182
749 809 247
381 358 515
251 905 727
63 571 857
925 5 205
447 639 349
809 533 251
948 81 686
885 1 754
209 101 825
633 29 373
865 372 556
958 35 384
909 521 617
571 621 97
791 691 885
505 237 995
493 265 341
545 233 932
23 931 670
678 745 81
11 983 374
371 13 421
841 221 792
832 721 91
973 618 531
7 108 551
145 201 677
781 254 707
991 363 976
249 141 361
237 501 329
81 841 250
855 191 292
272 217 475
21 113 233
474 215 571
412 747 254
445 872 663
307 860 721
222 91 925
977 681 121
467 529 709
121 571 414
92 771 515
226 7 923
93 199 673
861 67 253
957 609 141
624 57 113
931 952 692
369 367 553
892 916 276
185 314 473
681 456 845
787 921 829
328 13 129
797 336 946
633 826 993
913 217 23
613 171 203
417 705 780
596 162 81
465 881 65
121 601 825
853 794 762
933 537 422
861 361 442
630 1 496
936 363 625
779 135 126
457 605 229
761 803 889
225 461 657
120 576 460
497 677 601
116 258 857
945 301 897
617 665 769
143 581 97
351 921 562
818 89 223
536 766 741
453 363 949
27 829 961
263 313 581
899 511 361
585 801 885
217 766 916
845 493 9
161 591 719
746 236 3
941 912 651
429 576 1
257 884 866
191 275 761
297 345 336
45 941 427
241 924 559
501 397 126
235 837 771
41 58 393
655 251 449
253 201 627
351 717 546
57 549 324
461 206 561
151 777 17
883 412 699
411 161 226
606 261 194
915 424 441
241 649 200
206 388 574
933 681 69
585 722 726
877 114 111
35 209 813
802 326 744
393 561 535
49 801 45
601 395 458
889 736 878
577 921 91
65 47 956
418 189 105
116 741 363
217 325 887
801 86 796
353 889 37
431 91 615
586 729 625
817 946 881
549 791 344
677 257 558
1 529 98
820 361 281
385 297 991
30 356 749
711 49 463
459 837 801
472 597 59
663 937 433
552 466 258
97 49 989
31 7 131
217 141 725
633 741 291
780 721 497
512 601 880
257 602 476
661 158 985
905 801 293
201 262 229
271 97 121
369 393 177
431 237 651
613 751 911
899 957 196
742 303 934
169 837 289
530 97 349
558 613 33
256 581 658
235 697 904
225 857 11
985 16 913
891 40 813
899 289 369
281 882 672
882 605 81
869 48 76
319 721 921
577 723 734
185 707 775
286 398 151
267 589 130
401 541 284
116 588 211
913 396 912
301 798 249
438 532 706
31 471 841
133 993 925
681 381 281
944 533 663
921 71 216
68 777 870
346 677 681
676 550 921
188 489 225
119 239 621
521 985 503
103 46 769
892 981 506
791 73 561
946 443 793
189 689 161
629 539 197
9 910 674
849 753 800
206 643 453
625 164 42
745 821 585
337 920 132
61 699 941
761 736 329
839 531 249
721 331 125
461 831 251
236 631 56
498 123 204
143 501 721
594 89 102
81 233 441
401 141 395
209 985 386
833 961 461
23 178 441
526 697 329
8 491 401
369 951 1
743 689 472
505 721 607
721 142 745
537 191 673
427 423 661
137 661 183
271 529 331
601 501 823
1 572 670
171 273 323
165 261 342
339 593 480
897 919 961
476 41 515
925 666 121
439 947 313
948 186 286
300 995 513
671 995 122
653 753 429
161 95 13
41 289 49
81 120 719
797 499 233
412 473 273
578 381 801
478 671 53
751 621 493
270 46 216
434 21 153
625 55 632
421 201 379
80 32 801
830 864 473
703 121 901
901 651 883
193 966 731
225 351 635
727 440 115
750 314 472
85 21 785
913 80 766
619 841 490
116 667 895
831 95 875
169 81 193
603 601 131
223 863 696
709 81 999
405 201 728
1 931 984
311 601 813
25 969 369
340 123 969
241 713 185
133 411 167
791 651 959
352 809 625
219 516 501
721 922 481
241 521 35
285 77 435
257 535 566
896 125 945
531 862 318
517 862 1
845 25 273
447 365 465
885 608 801
330 880 41
839 709 793
381 303 113
361 48 256
343 84 663
453 351 273
844 325 631
126 961 498
79 145 79
417 303 965
641 523 521
307 400 353
157 201 98
231 387 536
780 829 517
401 575 35
432 473 171
33 197 57
193 327 611
18 130 930
439 807 961
572 777 451
981 485 417
741 1 910
633 871 882
335 411 985
361 428 207
396 729 21
391 412 75
313 201 665
323 321 241
622 432 350
588 385 719
563 853 551
41 979 280
80 417 988
783 613 254
571 373 513
991 720 9
635 135 645
701 635 97
117 609 374
136 743 241
812 115 751
406 489 726
106 197 375
255 695 147
165 241 826
193 751 136
482 41 773
673 78 131
681 961 193
47 84 701
333 895 893
625 343 913
97 718 969
258 409 581
305 719 708
81 113 958
331 655 251
3 552 33
825 825 819
806 630 239
69 553 137
996 913 508
321 161 518
396 951 971
207 736 339
221 353 497
809 987 906
699 531 831
823 220 533
713 501 486
541 961 511
881 601 793
973 891 31
658 137 161
576 366 653
102 905 701
286 965 741
777 426 727
801 919 360
800 787 784
71 933 533
916 725 589
893 387 576
533 269 873
93 649 913
557 126 91
401 107 281
218 21 731
980 460 276
739 988 151
90 620 969
968 376 167
343 507 394
639 264 321
273 551 825
594 593 887
38 26 301
895 289 18
905 965 189
81 11 32
903 865 489
40 837 239
641 551 140
994 431 333
45 962 747
482 77 961
16 175 627
43 125 371
377 363 821
465 637 937
269 481 478
833 505 663
193 185 639
922 287 785
649 733 698
81 793 73
479 341 253
373 9 291
558 609 521
904 629 255
417 621 297
585 137 801
953 364 913
556 536 130
537 686 380
911 283 745
665 733 57
750 201 169
993 333 779
415 41 919
389 435 781
136 445 785
242 465 838
703 101 537
791 461 121
761 988 21
609 365 615
129 413 429
321 361 33
233 564 349
616 511 991
852 920 889
597 201 354
696 294 776
149 360 451
311 386 302
697 859 694
317 91 351
648 863 793
741 445 158
251 741 41
808 583 941
33 947 303
32 556 241
923 723 979
141 189 516
121 171 314
513 529 638
129 921 500
653 501 596
838 152 205
619 462 418
139 601 292
873 294 898
881 498 528
251 209 428
61 945 375
426 385 697
11 406 123
581 842 91
420 254 939
41 801 15
861 561 649
927 935 11
401 311 505
871 961 877
69 333 826
393 333 963
201 45 201
667 401 962
916 511 825
345 757 375
238 601 705
725 47 474
181 151 221
146 845 754
765 240 427
252 345 657
849 775 286
351 434 201
289 908 473
993 425 49
825 829 611
451 773 741
618 28 742
721 751 63
961 553 629
185 625 973
623 621 203
481 891 751
41 237 89
601 500 281
313 514 883
557 161 259
221 327 450
317 885 635
92 566 857
581 577 551
574 683 671
21 571 401
230 249 311
752 780 845
508 443 187
541 867 441
889 587 517
297 876 739
40 855 306
117 521 301
441 138 977
131 920 965
1000 685 302
613 622 183
847 974 887
829 469 537
68 729 293
955 276 758
501 393 226
451 665 401
309 43 847
679 193 425
351 305 785
531 965 846
601 191 950
237 37 297
586 433 877
195 905 469
966 411 825
829 267 931
553 401 450
751 460 120
568 33 806
361 105 796
571 189 601
121 697 121
499 569 347
697 320 817
535 577 294
720 246 106
597 704 93
3 913 625
393 983 149
201 673 392
339 137 985
789 115 233
345 5 801
553 22 225
291 831 241
507 441 333
249 849 221
343 229 507
401 665 981
85 97 291
181 501 426
74 600 827
531 881 681
75 538 505
241 629 41
795 333 587
689 43 175
736 601 585
537 665 783
677 837 985
64 561 835
965 488 300
112 325 351
353 29 101
585 463 873
981 148 234
846 107 626
801 121 153
815 241 539
268 932 655
540 521 1000
650 561 306
641 981 78
79 51 289
369 720 197
585 713 285
17 481 711
517 409 86
423 932 769
737 161 724
266 201 863
746 6 170
671 626 660
363 217 465
857 465 139
215 139 141
41 789 125
929 591 359
657 113 685
55 451 547
745 750 385
270 252 177
401 308 541
151 33 573
769 292 231
625 271 676
982 481 53
121 577 104
681 361 769
357 87 590
381 750 919
925 977 937
1 171 1
885 565 821
231 561 341
985 132 843
323 131 933
811 728 769
379 861 778
829 878 207
660 401 298
221 808 161
497 185 676
433 632 181
508 832 570
449 201 569
398 591 401
339 91 169
103 207 817
315 978 927
507 237 129
95 866 564
406 9 493
561 733 382
1 185 446
433 457 261
801 285 401
41 397 297
915 207 317
481 323 965
61 167 885
874 134 543
492 269 183
793 701 879
40 9 585
333 751 699
229 91 567
801 465 297
961 113 537
637 991 671
261 69 816
909 701 531
48 873 481
781 414 177
91 401 272
621 969 225
514 171 9
153 249 576
45 176 9
17 740 297
341 736 335
383 371 379
786 921 103
893 61 593
113 961 227
33 91 489
367 795 690
673 137 195
1 657 289
701 145 375
449 849 401
105 706 402
416 383 683
936 660 838
615 1 585
263 96 136
121 901 313
201 339 849
673 701 656
78 611 244
941 486 414
136 776 433
50 405 540
451 925 465
401 702 593
421 721 405
121 141 707
975 551 369
841 371 685
921 324 97
36 208 545
741 767 311
722 589 861
275 426 31
711 741 436
895 76 926
65 553 207
569 925 651
911 57 9
891 751 557
793 889 973
798 213 547
885 622 593
171 292 721
353 21 670
132 271 985
265 501 569
453 161 245
277 751 61
901 329 153
501 323 450
829 751 803
105 986 265
225 125 341
53 421 353
501 801 451
683 732 648
969 889 769
695 67 241
953 571 997
528 956 714
921 535 377
351 383 707
131 868 233
691 429 451
753 963 171
862 416 545
781 851 455
963 565 441
777 517 1
931 155 867
515 35 49
661 701 434
815 193 881
643 637 505
189 360 321
951 415 351
809 665 923
251 117 301
276 550 276
51 417 901
949 519 811
399 921 686
191 337 897
311 674 101
109 110 961
929 953 601
931 714 223
601 536 630
625 297 737
801 612 531
389 519 83
757 290 337
128 507 214
624 37 481
89 397 693
1 187 48
191 213 937
605 511 377
741 561 183
875 993 31
53 367 513
681 391 641
522 912 204
78 599 675
666 199 531
201 644 530
52 101 853
681 615 386
661 41 849
160 863 671
869 146 759
309 499 646
179 121 289
609 894 895
678 81 793
377 713 701
135 71 266
2 719 485
581 861 575
697 553 154
381 192 435
989 46 903
201 710 86
969 187 689
209 251 971
7 81 79
929 733 30
671 11 425
657 1 525
286 678 758
491 763 629
508 820 433
491 629 601
693 566 333
452 26 201
651 626 551
153 801 759
435 141 668
585 983 125
441 691 631
336 845 618
351 701 775
26 969 751
475 307 275
889 25 1
125 167 385
27 19 616
241 751 861
373 65 781
574 223 763
791 254 699
296 941 769
731 153 837
615 826 989
67 874 320
161 253 491
499 464 290
501 975 577
219 331 341
359 76 401
249 65 313
649 941 709
421 433 72
814 602 405
635 186 153
889 281 155
856 553 9
652 426 701
115 237 976
217 269 736
111 793 961
861 411 466
921 135 329
431 153 586
653 997 785
210 412 326
881 793 291
424 777 321
231 431 90
665 399 701
865 663 327
873 23 726
587 7 1
365 124 489
562 775 151
633 141 540
371 215 501
441 365 281
61 851 644
296 213 385
601 241 589
581 665 661
673 241 771
570 889 578
801 871 995
271 991 980
491 989 297
334 561 428
41 727 15
501 846 299
869 185 878
203 437 859
391 637 940
361 483 59
241 873 611
191 25 849
971 403 501
601 415 231
381 368 741
373 446 201
621 321 1
601 11 576
601 417 288
927 449 921
501 622 149
977 83 826
791 169 251
827 143 558
617 426 941
681 161 553
47 73 413
261 41 17
405 944 834
419 112 774
417 696 689
909 909 895
125 922 545
391 321 78
481 641 999
529 848 1
520 746 978
901 463 364
801 599 243
730 266 76
129 1 635
953 99 286
394 453 754
868 631 209
121 214 941
31 366 130
1 451 361
17 635 435
87 964 905
121 945 761
281 773 726
221 647 790
163 259 839
89 961 133
140 85 393
73 437 706
390 651 952
965 617 601
986 211 171
751 163 475
129 634 792
161 157 17
1 119 531
306 933 876
247 693 401
453 80 248
765 571 56
395 51 641
883 587 951
521 368 930
521 307 476
451 222 327
818 843 66
893 421 393
592 781 265
693 626 437
200 643 166
800 853 825
733 10 906
733 446 212
41 661 411
51 465 436
941 983 898
1 213 981
279 74 462
615 621 305
657 921 542
771 355 731
533 969 647
411 243 471
851 356 521
337 411 497
256 38 997
995 876 420
286 819 681
337 301 409
573 584 625
124 627 543
1 725 218
85 388 718
585 460 213
777 380 501
956 875 529
301 953 466
353 459 621
466 301 429
501 377 168
281 151 88
873 309 744
