3965
786 81 108
830 427 193
912 345 501
381 749 816
473 84 9
696 728 241
569 177 85
125 214 991
493 241 17
783 749 257
648 963 681
41 443 4
560 213 68
337 591 702
245 581 657
252 9 740
499 851 731
405 477 175
472 871 665
251 692 63
757 901 569
127 237 221
423 78 681
385 961 241
201 633 891
329 841 586
81 301 225
846 813 511
701 509 353
921 202 921
565 515 901
494 825 642
918 141 865
343 779 881
31 567 833
209 51 674
419 940 711
171 238 681
908 489 908
395 597 165
993 326 501
689 964 695
173 357 438
51 941 106
781 385 132
398 921 863
569 921 37
609 263 5
301 675 810
637 875 175
1 997 241
443 965 876
679 829 775
841 9 341
290 106 257
167 177 169
537 217 43
881 273 68
401 891 713
945 537 641
474 947 189
289 953 161
441 125 305
648 681 571
37 507 82
773 365 377
743 502 191
633 89 14
309 312 725
413 498 401
401 681 925
441 121 713
479 781 137
829 501 501
750 814 631
829 376 385
851 365 777
709 761 407
409 454 281
103 105 783
372 301 116
461 1 945
681 621 521
701 406 909
351 803 521
83 451 399
51 585 485
876 313 633
241 681 97
876 791 849
179 531 593
261 967 723
845 277 611
102 196 41
97 505 396
165 201 629
465 241 633
653 401 265
501 505 628
345 401 433
333 15 561
913 219 846
21 524 9
677 785 669
261 161 96
121 970 79
794 1000 93
415 278 996
440 721 921
597 426 945
955 477 690
1 767 976
611 701 313
251 41 201
186 392 547
701 785 871
733 924 201
442 201 243
601 595 619
196 791 236
721 26 410
826 906 18
721 973 229
917 631 133
576 341 567
586 656 911
177 468 383
661 271 789
269 681 31
605 441 843
753 997 649
773 84 881
300 482 765
41 177 825
309 295 259
319 353 85
379 421 829
41 893 873
759 89 623
11 597 281
722 573 247
491 900 744
123 241 81
161 1 943
44 31 698
867 970 685
552 857 37
345 207 341
326 725 552
337 131 561
377 751 450
271 997 801
665 65 949
126 733 157
759 661 279
27 251 897
441 697 533
61 233 601
545 273 512
546 545 281
833 623 231
249 161 289
301 127 935
941 964 150
334 118 191
629 570 148
997 881 401
455 557 101
430 701 49
186 46 146
481 510 779
905 489 941
361 905 137
403 788 389
142 216 861
771 726 538
717 405 494
2 565 101
780 113 351
401 609 201
243 228 157
595 437 21
51 817 180
679 681 689
308 939 537
161 981 79
777 893 102
528 995 706
413 827 663
179 545 611
251 373 781
163 235 940
684 1 903
511 561 961
708 641 434
32 829 177
149 889 137
167 81 259
417 999 389
721 232 109
767 385 813
77 465 901
121 37 488
863 201 753
277 495 761
121 111 701
281 762 527
809 821 318
556 598 537
152 580 687
985 201 481
751 576 241
849 801 524
297 764 196
681 629 495
855 101 761
101 851 167
161 901 288
581 704 33
676 931 1
931 823 75
804 961 169
645 912 648
477 228 701
797 196 357
793 693 694
584 669 287
955 841 593
280 625 185
569 411 521
941 41 26
439 171 401
211 668 546
877 896 65
41 473 776
126 801 497
73 182 700
347 295 260
378 519 959
702 636 277
491 541 757
640 789 881
621 135 526
261 61 343
702 696 719
213 357 867
793 388 289
601 134 520
333 993 675
702 252 375
903 27 421
425 709 962
49 941 747
601 956 625
441 601 767
31 766 333
44 665 502
753 679 440
321 431 587
83 237 375
803 411 86
97 699 363
541 161 213
957 861 361
43 401 221
30 281 338
429 716 789
44 255 469
81 391 121
265 993 905
971 921 7
633 765 361
776 57 713
81 457 641
80 209 137
241 105 507
93 683 855
407 625 605
701 737 204
168 843 306
81 611 324
63 585 736
761 725 886
245 677 736
273 153 421
689 987 401
97 501 723
166 541 321
189 601 476
219 297 173
87 683 701
132 61 722
505 131 341
393 321 361
935 965 1000
841 813 385
114 174 620
736 923 921
521 511 427
328 795 583
591 397 801
305 543 253
985 751 921
457 441 541
302 967 139
567 219 380
131 501 388
411 943 129
179 700 1
76 689 748
661 793 746
865 877 511
423 394 914
481 102 609
577 16 834
338 505 153
994 249 989
435 961 971
194 817 97
259 541 153
461 846 257
586 682 881
937 957 465
879 225 613
870 249 389
236 751 626
401 119 641
113 123 937
951 177 25
813 161 121
27 148 178
721 881 131
547 515 8
825 157 913
787 801 685
253 511 289
951 589 872
901 17 633
969 101 173
249 977 895
933 931 301
497 65 581
943 294 151
301 566 548
686 310 721
405 115 543
493 617 801
780 453 957
877 876 561
533 577 801
797 171 811
579 471 868
988 499 151
193 536 921
907 793 389
268 613 937
779 119 801
391 391 897
291 197 551
637 25 326
426 337 693
155 263 640
273 857 918
37 820 807
97 673 26
895 501 734
465 201 291
831 59 165
187 531 501
601 557 393
549 265 161
401 449 215
551 573 117
536 777 721
591 516 151
941 263 716
299 933 216
563 693 155
425 109 361
711 641 801
173 972 131
845 1000 825
616 617 680
343 709 452
429 141 220
45 841 381
101 815 477
778 389 177
226 535 960
446 519 601
409 453 643
596 295 170
901 661 511
796 609 414
301 939 209
325 17 986
753 766 91
771 303 193
141 17 753
281 526 751
901 701 722
398 757 66
287 498 60
598 322 496
761 529 646
643 746 433
716 636 901
758 6 101
705 171 941
147 739 309
821 993 721
517 115 315
621 641 278
332 931 777
801 954 881
505 900 519
483 713 837
189 71 356
141 571 132
703 421 729
689 67 853
817 169 122
566 140 409
201 573 1
70 977 961
791 985 117
231 283 65
782 136 533
33 85 961
501 561 169
536 43 585
188 161 24
811 865 639
395 685 28
793 429 673
233 952 193
624 916 309
221 31 827
403 367 673
904 972 721
161 19 791
25 731 176
26 571 889
931 157 120
529 161 97
219 203 1
985 273 914
609 776 751
414 872 265
157 96 815
785 288 661
177 592 11
210 890 226
841 351 125
921 657 681
1 395 766
403 413 417
123 563 425
274 85 719
562 261 386
791 103 858
613 320 81
57 475 10
601 913 905
965 401 921
774 387 96
35 597 801
264 751 36
426 806 409
221 131 69
849 197 189
319 720 497
48 839 682
443 416 506
628 813 772
753 797 337
731 156 576
905 841 321
120 903 979
465 391 691
475 421 545
436 818 181
377 701 1
369 21 217
427 39 205
389 889 873
120 25 59
274 701 329
134 456 485
137 606 721
937 9 551
5 178 29
954 477 593
1 910 761
79 585 209
896 953 597
151 485 527
687 801 245
325 861 670
921 665 273
964 157 935
709 593 142
672 995 981
729 801 651
641 601 582
849 502 669
501 961 461
137 139 259
331 561 631
984 549 871
81 673 561
25 912 773
521 893 521
721 501 170
468 386 865
380 305 33
667 753 697
667 529 983
857 337 101
300 143 180
805 841 851
881 893 613
257 926 222
826 33 30
252 349 321
281 909 814
51 201 197
65 145 841
537 486 941
891 91 341
997 91 500
573 743 926
603 937 465
425 9 275
326 585 425
61 527 306
793 681 582
373 891 591
626 888 486
1 365 801
661 597 305
851 17 377
545 57 671
377 29 797
969 922 217
945 849 211
601 141 757
969 332 971
181 394 441
613 847 101
833 617 561
524 245 964
839 166 481
321 481 679
786 58 985
333 293 776
427 361 149
967 783 661
341 109 561
615 352 985
901 507 671
86 291 36
901 335 576
371 321 21
516 341 715
778 121 438
834 59 213
63 979 991
478 21 209
232 748 811
169 909 477
20 575 429
921 818 921
111 649 781
655 436 484
941 629 216
393 631 201
945 977 606
673 993 311
63 411 471
121 373 741
841 96 849
541 871 805
129 937 373
749 485 329
930 822 705
533 101 861
651 323 591
341 216 13
537 166 176
503 257 488
955 131 211
658 891 724
841 21 81
423 559 361
385 831 133
621 513 177
941 361 635
721 883 203
405 533 976
819 501 561
431 161 281
431 770 13
403 413 607
621 12 257
151 714 201
947 459 929
841 116 705
391 267 139
875 41 937
507 1 690
221 217 76
161 617 725
663 521 889
801 674 861
937 257 125
426 193 781
445 65 733
513 385 965
857 505 942
76 501 429
729 307 995
621 679 351
457 855 865
73 645 120
636 385 905
683 844 539
901 409 956
877 206 835
307 81 151
353 169 405
66 665 987
722 298 865
307 205 793
845 846 240
342 163 409
271 328 39
979 317 595
123 653 969
267 109 10
729 431 241
330 467 492
651 33 621
921 130 487
609 296 851
24 201 96
175 83 235
253 469 641
633 493 985
237 653 623
181 371 648
369 669 251
394 517 360
995 839 260
575 656 157
1 13 339
593 569 365
752 279 826
631 165 241
366 665 729
381 856 315
852 149 193
991 277 450
325 152 641
540 143 329
361 126 217
909 977 287
593 98 340
201 997 230
497 227 201
833 605 825
707 454 15
605 599 725
17 119 985
854 469 942
765 635 681
929 161 827
349 281 169
469 690 335
953 357 606
551 949 557
11 57 567
549 337 1
644 646 873
811 986 51
327 505 351
777 977 701
134 725 609
556 701 667
529 901 117
767 278 927
865 779 332
177 521 535
545 201 841
55 69 624
634 81 401
189 133 598
676 258 521
568 991 796
713 974 219
455 789 865
201 797 575
769 606 753
732 674 829
505 330 253
60 481 15
520 900 775
791 102 196
101 72 321
77 79 499
31 603 29
501 381 337
202 209 101
521 209 536
11 615 406
267 791 557
67 713 277
969 983 375
233 227 511
297 452 591
686 61 931
651 861 428
239 631 617
4 466 846
276 977 306
301 278 857
98 297 621
353 761 433
395 501 300
458 754 849
493 413 603
513 877 897
259 905 4
24 923 239
458 983 529
881 641 577
332 161 981
467 753 669
73 741 711
585 497 48
401 983 972
444 506 354
443 921 37
417 85 923
801 428 76
921 249 101
808 605 537
269 421 151
21 9 395
367 165 816
736 501 753
397 651 820
746 418 336
797 797 521
276 666 449
573 965 842
269 490 477
1 313 408
841 11 531
316 171 215
777 585 176
937 433 601
100 167 32
656 145 432
745 929 19
891 405 437
181 299 331
506 381 364
209 120 865
779 61 69
990 106 476
425 491 947
563 667 163
817 351 553
867 465 661
485 633 905
216 889 286
153 660 240
551 433 791
81 366 193
385 517 275
641 928 677
831 236 481
909 176 73
353 980 501
801 481 125
637 253 763
705 993 761
666 899 251
26 177 738
192 861 192
979 421 242
418 948 901
245 1 815
27 753 493
485 958 947
689 689 61
613 365 681
302 937 849
227 131 441
727 260 379
255 955 451
463 671 745
88 179 963
826 89 775
471 439 35
39 121 491
987 799 241
411 694 82
357 82 835
684 921 155
967 257 769
433 600 674
941 753 247
73 51 172
177 210 342
985 963 795
661 451 785
42 315 697
539 386 251
1 851 896
551 985 705
233 29 986
183 591 31
496 258 151
56 49 172
236 429 440
525 689 97
139 607 601
673 481 543
96 851 95
865 361 311
757 981 272
351 882 676
814 505 701
401 745 259
781 517 1
529 649 37
541 785 441
301 551 131
501 57 386
73 451 828
865 173 739
33 713 664
401 753 783
609 181 561
241 300 182
343 673 213
965 906 761
641 851 867
30 801 861
889 961 360
771 683 798
531 785 235
116 636 281
435 699 260
176 102 837
265 521 91
529 64 103
785 239 411
429 781 561
657 797 849
678 536 927
354 377 201
889 519 521
54 476 826
677 121 347
65 245 980
881 924 728
41 278 659
761 96 667
127 229 643
465 529 685
654 209 491
143 513 928
193 899 249
433 945 586
803 201 785
121 423 921
601 984 549
371 867 96
991 661 385
529 893 605
577 553 363
21 6 315
634 380 473
449 377 549
699 770 543
37 769 951
516 587 47
831 487 147
401 840 847
841 401 180
251 111 741
865 662 241
897 321 159
184 290 659
3 615 859
491 973 683
306 728 677
245 498 10
181 484 759
834 591 851
249 251 250
617 421 850
385 776 136
801 367 930
993 1 261
789 440 105
859 369 105
330 672 152
865 407 727
481 641 251
761 681 77
751 322 801
142 829 295
864 731 543
377 724 196
653 431 849
681 209 85
113 21 137
689 523 24
329 829 289
839 931 189
421 497 526
616 749 785
109 493 614
221 697 590
615 113 51
686 489 191
953 363 377
246 716 956
956 326 441
331 105 385
263 431 245
837 15 143
728 977 951
953 547 655
581 833 720
81 493 494
199 371 264
201 941 727
646 311 311
681 581 107
305 60 176
874 589 701
761 893 681
209 822 505
161 801 1
353 395 951
137 699 481
217 600 1
317 313 677
20 475 83
867 697 556
607 142 858
573 657 177
126 933 965
86 471 989
776 989 719
723 841 422
975 676 570
253 328 199
25 721 465
117 983 269
48 710 501
383 275 321
641 407 209
410 149 541
311 583 951
73 410 381
81 409 336
417 181 801
417 161 575
961 468 113
977 511 199
425 660 133
836 391 663
210 875 946
456 673 17
701 59 185
217 920 283
787 729 841
891 476 249
209 325 241
847 313 499
771 601 357
21 587 553
371 441 528
589 904 751
259 601 551
230 468 397
121 785 146
290 335 265
455 183 297
211 793 320
111 261 387
955 179 372
517 141 87
443 51 511
585 136 261
413 897 300
54 433 775
951 18 700
914 439 611
261 1 841
474 87 566
926 339 149
161 189 336
136 593 697
616 681 496
633 801 299
791 497 107
950 530 833
564 161 571
375 991 563
233 291 651
308 445 37
422 289 381
471 921 378
343 335 856
355 91 179
96 76 863
337 494 126
671 639 331
57 583 901
681 722 343
544 941 517
495 537 824
739 937 561
526 353 301
213 235 912
991 601 41
804 671 83
515 401 864
829 771 965
592 546 559
528 927 411
488 540 18
401 173 153
961 257 780
753 503 587
485 825 202
645 390 305
819 753 800
952 71 731
553 160 633
829 249 858
795 417 872
163 751 729
661 945 117
14 873 712
885 985 897
70 117 97
457 733 451
949 922 211
197 593 525
831 391 836
361 499 765
745 269 484
761 35 522
286 613 294
61 297 29
845 931 216
796 390 105
107 408 62
373 221 713
777 561 511
248 582 577
19 667 259
735 633 802
125 353 16
641 188 548
455 995 601
186 281 83
731 763 746
105 321 741
675 297 993
311 712 505
851 357 870
449 497 114
739 617 621
973 501 533
81 877 3
957 553 305
143 32 441
505 301 521
177 585 225
594 285 981
921 757 521
461 449 310
869 55 501
151 921 886
365 381 699
733 59 773
401 377 755
881 146 784
491 505 655
781 387 202
485 65 889
439 9 651
921 16 876
251 348 329
5 870 711
481 345 181
735 561 134
510 348 774
201 476 1
189 123 336
926 141 921
553 697 17
857 497 207
249 601 561
43 45 286
876 577 117
307 107 981
501 851 271
501 825 505
665 201 799
719 681 568
937 275 423
881 953 959
233 965 369
198 609 771
463 423 935
837 555 622
319 875 377
208 861 779
405 201 646
696 378 665
937 477 886
489 131 921
840 994 988
737 33 89
601 661 43
161 561 589
101 161 848
333 729 649
381 967 193
296 316 41
671 217 581
303 945 781
211 153 159
81 125 867
723 583 296
676 651 693
466 981 907
657 292 801
515 239 292
541 787 159
161 175 882
731 827 29
261 316 466
123 1 849
965 821 556
341 701 659
488 653 953
805 296 425
114 45 187
573 905 871
499 205 881
547 919 217
501 400 601
872 389 241
277 633 956
520 897 192
735 575 911
701 139 496
481 285 305
518 547 901
551 525 838
526 501 215
141 173 573
107 122 222
857 785 986
477 620 801
454 737 507
571 217 789
294 316 693
978 537 991
585 681 751
377 590 191
288 45 133
103 399 728
71 945 817
17 29 165
11 847 43
721 933 732
6 819 470
85 785 816
537 232 651
71 323 141
520 789 911
840 701 721
65 401 491
249 611 255
85 572 553
809 831 841
820 33 401
624 896 753
658 823 701
491 141 51
507 78 399
313 201 151
593 129 312
736 39 688
846 261 852
239 415 210
283 489 611
167 861 576
75 731 21
44 406 676
667 861 131
629 536 571
903 481 447
949 229 5
261 797 709
133 673 941
951 139 611
333 851 135
687 354 493
845 161 253
533 1 101
441 154 708
811 958 900
342 491 526
581 684 801
905 224 69
97 136 301
961 183 465
945 988 801
920 621 225
321 767 551
742 201 269
826 594 449
404 769 157
569 863 981
864 369 696
171 786 892
446 306 645
441 439 850
789 589 609
921 229 969
445 71 73
547 341 197
761 20 311
865 341 284
401 557 397
821 480 505
441 291 833
351 319 406
551 49 547
804 584 767
75 823 109
426 201 233
891 388 889
659 972 173
986 796 976
179 174 569
318 52 989
33 659 541
742 797 500
593 817 605
276 175 985
813 225 329
571 901 917
425 817 207
756 376 673
926 193 902
261 467 769
853 951 885
526 23 391
390 791 541
43 880 813
475 537 194
322 973 945
29 841 909
565 513 201
617 161 801
531 73 141
961 637 296
470 779 697
982 263 113
233 429 889
253 541 761
248 479 801
846 89 781
547 908 761
53 225 115
551 715 741
121 951 441
496 881 953
521 497 409
887 371 429
750 907 696
85 983 439
9 611 607
501 229 183
850 55 626
401 833 212
681 860 666
501 907 161
492 373 900
423 418 173
677 128 918
546 323 489
709 273 117
401 841 965
937 856 331
937 729 743
652 413 665
516 17 349
611 959 406
836 501 545
317 311 826
772 220 481
895 962 541
797 508 863
537 555 943
275 551 245
625 422 687
821 209 821
706 931 481
781 116 561
737 255 21
916 554 385
561 516 505
185 407 21
451 881 321
734 83 965
11 832 41
275 993 905
841 527 451
781 81 559
761 973 891
846 645 942
749 866 973
591 281 591
393 121 723
858 921 761
671 905 997
349 80 915
819 865 467
717 1000 243
723 749 351
496 2 555
854 855 816
411 896 741
62 671 665
37 269 665
297 371 961
660 861 498
211 322 183
609 109 426
681 977 753
423 935 433
703 691 641
993 257 545
591 933 321
166 841 157
819 873 285
545 423 931
22 377 833
617 331 933
64 410 777
951 951 910
801 191 331
936 937 33
907 703 279
201 456 869
267 731 864
704 399 207
29 75 129
355 249 1
3 401 53
44 625 991
241 941 813
671 152 981
328 773 891
61 473 287
322 453 217
561 176 599
961 706 343
441 516 841
941 801 155
425 133 267
141 415 247
896 134 391
777 160 641
261 921 443
601 586 689
831 83 160
461 861 91
300 501 360
779 451 826
776 775 206
205 65 572
817 326 626
233 770 19
68 114 311
921 251 681
185 491 267
201 121 758
260 711 981
253 313 545
921 553 633
965 967 572
975 729 769
894 821 969
353 624 309
496 151 589
106 921 816
357 356 501
201 857 439
306 931 75
413 897 67
301 997 937
599 593 201
309 834 488
191 474 981
965 893 251
309 12 737
140 451 689
33 649 73
882 124 149
324 821 63
822 335 955
662 737 90
241 881 809
500 77 305
82 71 941
401 281 684
381 722 345
737 661 814
419 641 866
219 473 852
85 36 749
111 643 611
211 476 877
968 606 97
381 350 276
404 251 729
943 651 985
222 891 661
73 681 261
583 356 779
968 178 241
77 591 653
785 1 926
87 159 295
491 921 498
957 673 443
93 9 44
521 32 6
763 721 575
381 814 619
37 959 385
921 981 523
601 257 380
513 293 101
585 378 503
982 717 666
99 30 281
779 363 554
940 376 814
355 913 41
305 820 111
537 151 73
457 107 435
206 1 473
276 367 802
731 999 689
581 839 505
281 720 417
451 889 626
555 881 610
861 604 1
401 327 862
301 767 321
272 826 833
383 206 99
753 725 589
169 829 581
58 577 567
851 511 611
757 431 5
585 625 101
933 379 318
33 107 169
657 587 783
346 485 229
432 53 219
338 9 361
186 321 189
953 751 761
941 429 46
505 571 96
916 940 981
869 344 361
923 481 297
731 41 107
722 447 823
33 192 174
100 257 533
251 558 671
411 1 614
753 751 572
957 301 15
101 987 665
351 516 401
306 347 411
397 4 914
981 376 521
237 771 779
540 488 117
755 433 151
658 830 1
534 513 601
396 229 357
929 124 865
589 493 769
689 361 572
531 176 929
316 661 603
231 769 215
137 589 86
821 915 681
113 499 654
403 317 96
869 86 993
141 969 681
95 351 324
523 975 953
425 897 383
982 21 873
427 405 501
703 371 721
857 345 997
429 13 249
637 334 17
617 413 542
313 185 237
21 473 909
41 896 429
171 489 197
875 123 511
734 681 367
253 559 520
36 476 29
831 61 361
155 999 441
553 351 411
926 630 481
821 259 558
506 134 761
221 952 481
389 360 765
839 195 941
969 398 489
380 221 105
615 57 319
818 701 241
777 29 905
93 401 455
741 952 148
638 443 51
725 662 145
241 127 289
131 537 471
649 581 29
227 600 621
873 661 201
79 289 411
741 401 81
1 377 641
881 363 141
857 606 673
228 441 831
520 263 457
527 762 330
524 983 403
120 905 444
441 456 431
241 25 37
136 553 609
501 683 545
981 41 113
795 881 713
112 686 552
41 906 171
255 370 607
769 124 326
469 341 531
518 888 91
35 212 343
893 408 913
465 93 397
997 407 669
431 306 856
292 14 763
344 553 197
203 81 101
112 817 531
145 901 857
184 841 641
396 969 695
585 1 261
196 81 401
35 746 919
251 126 617
461 897 297
313 641 713
561 193 998
293 477 440
241 341 548
457 277 507
957 472 683
789 949 156
773 608 140
913 101 546
399 885 406
301 116 84
198 841 671
15 361 117
167 415 449
417 835 16
509 609 855
885 1 787
189 441 662
96 163 849
781 539 681
745 801 497
473 81 46
245 865 401
321 421 889
854 1 266
4 692 435
813 501 564
973 380 141
198 156 831
913 417 787
469 669 409
592 26 796
714 585 776
356 801 944
409 304 703
151 266 561
282 151 582
318 263 211
11 521 672
737 545 834
616 531 251
571 801 770
873 227 125
888 321 145
893 901 146
933 705 719
201 973 815
821 131 969
347 1 177
527 777 585
628 794 411
507 689 125
878 601 57
748 953 701
979 529 371
73 993 661
993 403 276
425 18 496
501 211 420
501 343 579
401 409 761
943 917 233
420 949 121
411 409 551
137 833 67
439 782 99
629 371 793
258 662 731
773 406 169
797 963 851
623 783 81
331 155 929
630 242 385
981 481 169
857 961 365
152 801 242
766 967 560
251 191 21
845 638 956
101 105 451
589 49 921
441 231 481
919 497 783
139 85 931
601 305 991
154 988 49
565 579 156
909 204 759
941 661 605
341 478 361
453 971 801
924 157 719
640 9 431
537 749 401
777 676 7
461 641 873
472 113 441
63 461 878
713 817 213
414 681 740
477 313 912
801 931 513
866 365 921
511 37 520
521 119 70
635 657 241
327 700 641
521 351 512
447 57 218
289 521 41
34 338 951
226 725 497
281 1 178
671 926 851
161 137 567
105 851 655
153 521 995
105 282 560
337 849 89
897 967 689
307 201 554
323 421 346
701 63 735
404 463 726
387 530 736
161 405 751
295 642 617
793 155 401
480 893 281
143 655 461
297 968 314
657 1 269
826 69 91
833 787 771
320 501 409
125 971 472
996 676 384
536 703 479
1 789 897
136 935 664
500 42 894
916 49 587
320 451 261
244 5 179
311 761 601
987 489 41
341 862 471
1 721 697
733 391 61
473 265 473
541 609 63
369 711 545
141 321 254
681 729 311
779 961 858
874 169 493
901 356 853
653 916 986
271 721 61
189 679 866
697 961 1
501 721 438
126 414 839
882 817 209
255 337 533
801 634 2
720 218 203
189 697 751
276 487 281
593 905 345
174 706 307
331 584 335
689 385 907
356 77 187
861 827 941
889 826 981
601 966 434
921 68 153
163 726 941
313 954 441
913 161 255
545 107 491
944 945 282
763 371 961
443 628 951
385 401 521
851 543 708
73 857 901
801 636 998
209 705 551
449 299 601
556 951 760
829 341 271
217 441 616
287 249 975
701 826 329
833 891 865
13 31 406
793 729 486
893 801 935
969 581 91
738 685 492
25 326 285
231 225 480
371 587 985
853 492 932
631 151 837
58 336 73
591 689 656
686 303 864
356 311 431
681 637 331
382 271 474
931 755 171
397 661 445
186 416 301
381 649 65
175 113 341
379 262 620
451 221 811
25 545 111
689 486 416
561 970 491
61 867 951
786 173 737
41 401 699
276 776 465
93 21 416
436 696 689
745 561 649
567 787 945
791 37 157
435 57 376
110 507 757
601 471 263
402 521 565
139 865 374
855 66 226
926 339 601
427 167 73
748 151 781
891 321 357
927 806 495
26 531 33
944 851 521
482 532 986
626 437 247
145 827 421
528 449 847
809 721 509
698 874 825
580 135 546
631 981 346
326 73 153
962 297 23
385 166 821
997 316 838
117 512 629
201 261 201
643 103 46
955 781 221
216 818 41
113 307 48
521 315 196
1 193 291
25 751 372
166 309 641
391 158 485
209 776 761
461 289 9
617 745 694
551 931 789
897 429 701
541 761 46
513 121 609
684 51 917
761 665 461
729 365 301
339 972 93
951 901 282
689 893 962
37 723 679
384 185 501
289 857 691
470 884 257
876 225 505
653 60 140
417 556 451
425 669 525
257 175 905
621 13 61
721 397 371
788 611 897
851 686 926
473 126 915
503 273 445
440 353 685
621 736 151
273 989 317
277 560 910
850 531 111
754 484 456
153 629 621
415 726 795
353 239 177
913 153 329
1 418 281
459 884 641
665 570 761
71 115 571
51 308 272
844 147 939
738 953 811
281 523 275
304 241 745
521 837 451
666 321 57
616 557 36
545 204 929
317 497 841
149 703 266
363 969 933
61 678 11
667 126 652
1 311 561
160 441 1
910 721 61
523 705 61
791 349 121
291 357 83
897 377 627
817 120 53
831 871 372
947 913 385
193 620 435
609 845 751
369 103 491
306 427 771
385 225 651
1 901 238
586 501 521
676 557 913
303 801 401
525 596 46
926 657 231
491 597 325
539 906 171
345 972 685
71 697 201
629 93 541
389 821 306
45 286 753
455 801 99
203 779 977
337 671 974
424 283 177
633 109 721
905 679 393
291 677 830
561 923 851
377 893 343
831 816 891
460 251 905
401 197 769
666 825 979
433 676 719
530 192 359
108 425 955
942 789 640
501 829 611
671 258 552
431 430 1
211 285 776
241 231 31
959 203 405
129 981 57
253 961 571
615 882 957
909 241 313
868 825 414
559 557 911
565 745 201
23 941 159
313 365 605
997 699 258
497 613 291
965 10 821
201 361 648
751 415 201
360 385 832
742 615 727
961 931 261
431 485 185
65 451 745
979 641 505
905 273 793
977 993 542
346 1 866
41 427 17
901 301 141
401 666 809
11 786 755
275 775 751
763 647 709
71 451 596
727 711 479
112 251 281
107 1 355
127 837 571
21 264 872
968 177 997
127 761 367
881 172 769
396 865 407
596 423 105
641 469 401
313 649 935
423 305 901
110 187 749
659 475 958
81 295 252
779 957 474
111 242 967
398 164 465
668 881 394
233 772 582
861 415 539
547 237 16
237 958 535
791 47 653
935 481 893
208 353 101
152 895 999
951 101 769
39 723 706
843 201 440
683 791 859
849 305 494
197 251 323
265 801 137
739 31 749
856 793 531
571 372 651
340 201 733
798 541 289
881 905 717
269 241 874
141 476 193
513 606 206
416 365 217
437 921 471
38 431 954
553 804 575
236 901 94
127 103 723
353 86 447
183 909 701
753 43 95
101 101 265
989 267 219
178 772 17
723 1 46
857 485 929
895 942 923
193 705 105
302 635 451
377 649 987
963 219 562
227 703 624
342 987 72
289 206 635
777 96 521
617 211 721
511 301 521
885 870 310
101 765 93
449 717 981
633 889 287
440 996 809
121 876 291
948 239 724
48 604 1
677 137 456
501 943 929
714 522 373
431 624 589
486 731 138
608 18 551
595 459 875
825 512 17
68 492 628
945 849 165
243 376 829
840 345 729
351 793 695
752 721 210
979 161 589
157 491 425
210 430 41
1 121 85
323 636 670
357 614 809
793 987 440
44 721 961
241 780 861
689 580 817
361 954 941
364 415 658
826 813 427
469 845 499
201 749 501
141 724 801
431 473 149
185 121 693
925 125 316
239 791 645
694 387 457
457 929 9
601 425 171
541 587 597
211 977 383
403 415 517
425 90 961
99 421 821
61 601 35
716 533 629
351 971 315
201 720 649
477 142 951
941 918 267
988 336 577
141 341 981
173 537 601
73 916 569
837 753 570
837 857 720
606 385 961
105 689 596
227 853 121
4 74 881
281 995 501
268 75 905
574 994 624
781 427 145
141 316 907
381 893 955
485 618 461
317 591 945
77 408 481
276 687 759
460 406 262
849 598 729
552 127 681
721 763 417
427 67 551
233 261 221
555 51 995
765 609 857
145 561 923
457 361 253
583 253 65
427 651 161
760 807 549
42 575 562
947 976 129
222 464 484
562 561 941
458 721 713
543 817 581
251 265 978
397 11 853
176 219 795
410 697 913
493 301 858
593 685 910
348 527 565
324 215 153
681 496 601
201 141 893
221 393 121
915 941 357
224 666 541
600 651 941
657 131 529
421 564 176
375 508 619
437 113 110
411 939 257
305 457 327
123 605 57
895 493 430
1 141 713
402 103 204
298 850 257
749 613 207
663 490 299
625 951 501
967 441 669
961 836 623
585 236 649
21 681 151
862 839 291
618 817 697
173 682 971
177 801 36
977 163 997
751 153 281
486 537 693
401 584 175
425 809 278
599 139 481
525 694 449
601 789 931
351 441 181
537 61 70
449 307 761
648 926 497
543 679 879
233 565 20
309 249 12
121 551 107
589 953 414
201 713 505
673 425 614
584 99 167
411 399 181
439 745 740
185 25 256
801 533 309
237 397 993
80 497 946
818 754 421
713 351 201
505 971 369
896 207 785
916 419 350
782 595 269
409 861 110
356 289 757
466 501 761
677 711 211
718 865 227
457 561 2
73 745 451
5 121 189
263 521 628
855 1 221
381 536 885
845 738 805
363 886 85
7 575 845
513 391 884
329 253 793
543 117 764
597 707 721
75 686 820
331 178 745
523 970 129
849 761 118
266 1 944
345 273 586
739 801 951
557 391 35
17 841 497
332 25 681
109 831 841
433 497 921
801 373 801
471 261 561
557 499 712
563 129 849
193 395 556
977 914 385
505 441 937
217 381 109
768 712 936
481 207 346
71 479 361
901 906 250
470 355 721
316 434 285
262 395 315
5 601 461
236 861 25
871 869 547
745 555 592
895 881 601
702 931 601
194 257 240
117 781 433
805 751 506
73 841 939
131 145 445
24 934 801
25 87 903
25 836 126
221 270 151
247 678 952
131 493 585
316 217 813
891 851 406
853 61 806
428 301 611
427 662 981
455 341 993
321 373 156
293 723 921
807 945 204
110 869 716
141 189 846
17 173 1
273 861 461
505 709 918
485 561 921
121 272 456
326 761 391
521 841 275
396 536 177
545 477 83
957 913 70
991 961 27
198 166 349
360 642 215
531 257 207
273 597 525
473 906 249
413 801 596
330 736 681
951 151 761
420 433 538
486 945 281
154 817 471
970 457 649
873 899 141
934 413 707
931 402 584
781 217 997
137 46 496
631 909 291
673 373 29
31 97 712
841 39 545
509 491 605
52 861 353
168 626 291
559 681 1
143 577 961
87 737 583
151 513 301
421 181 541
121 695 751
361 587 215
609 907 353
791 651 729
241 625 321
621 383 745
181 302 708
331 745 561
41 915 703
845 101 101
804 890 793
742 523 62
9 245 139
471 177 810
506 300 161
747 497 263
391 831 331
676 43 501
286 53 740
192 281 853
721 617 273
841 497 541
409 350 116
649 63 101
25 319 277
121 173 103
21 75 833
708 353 297
593 760 701
241 768 759
97 36 997
691 451 829
905 956 276
492 33 561
396 982 51
165 171 165
501 740 826
286 345 903
761 296 341
456 399 305
966 704 659
949 583 841
613 797 185
794 796 693
71 873 358
115 536 7
453 451 131
591 417 718
301 737 173
492 553 179
339 9 241
223 435 919
832 205 551
901 639 199
794 401 149
545 301 441
191 550 6
133 909 455
688 471 905
626 918 434
499 45 706
327 35 398
609 973 991
132 72 31
417 297 695
426 629 431
392 441 811
53 1 225
165 324 481
105 497 969
975 699 289
841 301 377
693 40 773
301 401 360
21 41 59
655 849 409
477 565 765
735 711 851
61 458 716
771 791 353
71 281 397
883 153 105
726 87 995
393 357 559
697 145 370
386 553 631
316 961 196
853 456 917
853 933 189
185 353 273
811 781 533
495 248 595
401 727 719
599 733 167
951 273 573
374 723 545
971 921 96
950 276 231
819 645 373
674 355 487
586 369 323
59 641 461
861 759 399
194 22 423
270 121 841
633 285 651
571 893 201
47 475 686
15 143 581
997 851 849
451 990 433
726 724 680
724 581 932
324 451 525
363 846 886
801 616 111
138 281 518
630 707 53
569 560 66
556 673 593
642 157 731
785 549 751
768 791 536
951 589 1
745 300 559
781 165 321
387 191 971
369 392 353
225 73 83
673 298 815
85 857 146
289 931 599
579 713 208
102 601 346
388 297 503
486 401 497
101 209 607
581 826 633
814 817 853
195 49 533
86 623 806
793 427 798
929 681 765
1 641 27
11 487 388
365 545 769
19 72 956
13 560 849
345 135 97
865 65 777
106 451 271
942 22 447
836 891 619
736 913 551
811 673 814
810 685 914
297 577 903
426 967 689
997 403 727
39 154 261
641 57 727
833 917 943
364 146 177
331 253 183
673 615 630
401 522 747
891 986 721
125 53 721
410 461 905
832 789 549
353 225 705
255 653 901
673 953 587
873 445 963
631 685 195
366 9 1
605 965 909
211 93 786
905 269 192
541 337 264
329 291 407
9 61 969
601 851 393
994 535 785
992 674 9
566 445 166
844 124 461
157 778 681
865 427 131
601 593 180
142 638 121
831 33 131
9 998 758
217 109 572
721 56 594
395 585 137
645 288 786
652 201 225
866 441 616
95 956 365
81 141 521
329 984 627
361 248 501
617 751 369
728 731 343
351 961 733
939 785 659
971 77 719
481 737 300
12 149 891
361 166 499
220 141 1
525 26 821
249 737 541
851 949 449
319 201 771
1 979 273
201 801 648
51 926 381
196 171 981
813 606 314
904 836 597
641 136 597
303 873 256
51 458 801
289 37 749
453 793 800
262 225 831
809 471 403
480 319 501
645 515 981
863 111 181
461 190 665
835 701 466
455 417 241
713 981 547
521 437 131
305 417 481
445 98 693
282 97 41
13 417 519
889 363 601
193 112 165
572 469 329
905 797 711
778 111 133
1000 895 109
729 57 457
647 835 21
736 210 612
840 649 897
556 501 161
267 791 161
351 276 307
62 165 501
838 415 167
433 371 33
769 175 596
251 226 783
513 73 861
930 527 177
861 807 743
553 465 13
301 605 272
269 221 606
51 321 417
161 683 207
751 614 261
341 569 394
679 811 730
433 832 916
19 93 540
331 661 488
358 542 96
687 103 677
961 923 975
81 46 192
595 361 319
35 921 242
386 956 231
307 445 7
108 921 979
655 971 376
745 127 75
821 591 184
884 621 651
60 766 351
377 851 401
239 173 366
419 571 107
391 963 605
901 747 151
161 609 370
521 652 699
154 291 165
326 217 773
151 65 913
373 271 71
574 993 503
744 247 177
121 558 256
341 375 141
871 211 926
986 898 319
385 305 339
162 987 241
722 251 35
347 220 626
140 537 945
469 609 763
912 455 720
949 945 97
709 182 921
281 321 209
752 496 406
556 633 577
186 47 612
555 153 961
179 587 17
541 921 720
417 240 167
945 535 788
45 777 97
543 375 709
117 380 901
381 17 801
265 629 597
393 697 957
517 441 367
666 161 579
85 877 269
471 977 645
694 551 141
237 181 235
61 226 721
317 919 703
487 201 124
869 611 741
841 911 261
795 29 203
97 33 201
503 871 977
173 441 475
959 625 551
782 31 11
97 97 352
81 53 667
619 331 260
423 647 5
941 465 599
357 918 27
57 931 591
721 278 281
967 90 553
137 459 959
754 361 741
893 983 679
124 467 925
689 917 926
741 461 873
671 808 769
227 1 961
556 29 401
241 181 707
329 797 530
651 656 479
669 734 672
221 456 501
73 512 803
743 934 921
627 965 225
426 599 891
338 815 597
945 521 64
467 30 283
88 625 81
411 197 872
377 540 417
375 281 81
749 355 571
569 843 291
181 39 301
25 732 635
996 803 541
859 682 19
209 48 472
621 165 396
591 333 863
51 73 196
953 836 169
152 461 608
867 161 638
587 979 49
249 394 26
911 13 895
41 91 737
585 694 741
401 633 374
601 257 942
967 101 752
889 90 197
843 386 198
381 169 97
574 951 146
361 545 826
833 641 877
39 569 950
777 201 121
470 613 592
376 820 873
577 923 289
331 312 704
877 249 701
327 434 704
883 51 61
705 313 186
339 949 955
101 848 638
905 899 73
851 296 953
99 809 918
759 47 913
278 136 437
856 957 426
825 621 438
625 181 684
496 1 51
601 781 993
229 586 266
711 729 845
586 501 119
318 125 987
881 614 580
361 201 987
252 975 443
75 126 449
809 405 771
193 531 635
181 900 349
793 805 721
3 946 41
255 953 702
748 573 181
279 561 601
743 189 329
377 981 889
481 161 225
675 577 61
901 537 135
691 769 247
693 892 125
193 921 701
376 393 506
591 876 679
453 398 326
98 233 431
990 1 323
776 748 912
951 569 651
191 860 686
505 233 376
501 201 197
976 23 971
429 149 617
443 177 45
721 101 569
571 457 341
769 156 569
341 876 131
942 823 305
128 889 621
771 845 97
609 385 677
761 181 600
781 771 441
866 401 77
284 381 201
881 195 237
861 853 719
98 3 174
41 661 713
545 565 525
801 601 37
334 433 970
457 533 359
77 318 649
841 771 11
846 417 747
376 205 941
269 353 435
393 227 779
81 341 897
913 257 368
931 711 739
828 650 19
657 185 865
267 82 102
657 1 134
651 41 577
377 1 121
501 347 61
417 401 879
506 841 269
445 71 321
766 603 376
481 233 483
613 31 729
289 473 745
696 7 661
705 895 921
657 667 421
631 635 201
303 701 563
933 872 609
456 922 361
211 226 664
109 511 121
289 410 35
241 401 111
301 775 581
84 265 601
539 117 941
912 328 230
341 280 485
895 101 703
586 403 66
17 1 761
289 457 793
624 751 845
249 499 449
177 867 603
332 545 193
137 501 63
503 662 142
950 475 541
281 465 366
297 675 521
259 683 969
441 206 531
569 135 785
741 771 751
631 653 690
706 689 401
501 401 635
348 177 801
221 906 129
423 855 351
269 984 196
174 591 90
401 291 745
101 445 40
291 741 341
21 359 515
267 711 681
417 865 27
769 545 165
795 53 781
191 562 915
833 874 241
45 826 756
152 696 913
7 859 805
907 427 489
617 663 57
688 267 20
217 637 394
371 203 702
693 862 459
404 174 155
731 952 799
952 657 733
737 321 737
900 447 449
489 866 814
901 509 377
229 596 889
762 754 762
81 689 373
326 137 693
489 336 273
711 665 977
973 375 231
543 103 431
445 1 618
589 740 721
961 593 949
807 329 537
231 587 176
149 400 787
285 849 403
104 543 939
641 639 621
909 416 805
307 848 725
609 529 671
591 633 217
201 671 282
361 331 761
191 841 641
825 875 595
396 105 626
647 675 515
959 785 997
145 741 454
686 391 749
401 577 505
926 565 209
121 501 121
430 793 57
669 921 661
961 856 476
130 767 597
154 127 771
705 73 571
141 83 368
819 881 1
216 313 180
686 37 213
697 49 126
501 471 421
841 349 921
697 674 77
113 526 779
409 964 582
359 455 73
741 729 659
601 119 605
293 777 873
434 214 326
605 600 926
345 841 992
331 245 903
73 781 928
677 881 191
143 73 229
649 601 151
883 41 767
958 238 183
875 233 484
781 931 951
703 404 625
530 351 177
326 525 181
917 781 560
981 753 296
488 753 133
413 852 601
196 597 349
921 591 11
84 66 415
565 133 761
761 321 930
801 318 363
606 263 950
919 683 701
898 97 17
286 376 534
122 401 420
729 540 713
833 162 581
449 687 941
953 786 316
509 33 751
623 69 551
29 71 236
47 649 609
807 97 805
965 123 559
119 140 948
503 241 905
936 897 739
291 546 576
649 537 336
348 749 183
385 959 481
979 704 529
636 171 646
893 1 131
567 73 833
83 456 423
681 319 875
676 54 815
961 877 759
651 865 953
761 737 571
649 175 823
746 990 155
601 369 911
818 85 480
131 751 576
406 212 373
771 659 508
793 727 217
949 22 670
681 257 317
831 875 833
937 586 131
341 351 597
844 461 141
619 715 381
421 743 957
611 1 88
209 431 393
836 86 848
726 69 725
565 66 538
364 841 348
991 945 481
81 761 362
961 794 388
148 380 491
988 985 728
723 506 386
689 736 169
647 134 932
500 982 481
827 811 13
917 657 181
485 189 53
576 277 281
161 180 33
753 459 663
648 563 396
17 501 587
795 281 971
499 691 154
301 613 9
33 336 481
253 375 905
61 731 941
575 11 117
121 172 825
211 365 157
13 486 247
841 399 801
777 941 779
101 157 216
386 879 533
571 216 607
606 875 378
81 177 715
49 561 386
936 755 489
825 621 831
747 670 725
153 629 176
61 751 562
561 521 225
529 736 121
400 161 805
904 698 499
336 881 751
181 429 545
914 493 396
488 204 530
312 361 474
501 148 981
281 681 43
381 56 582
295 231 815
677 531 741
591 441 721
213 381 568
129 917 729
937 401 688
871 386 889
751 935 268
209 401 301
803 923 971
5 329 961
697 291 657
917 810 696
845 613 177
634 481 198
389 403 933
561 310 159
81 991 61
606 421 166
505 346 726
329 849 469
346 509 389
146 449 386
655 995 904
861 205 249
323 857 362
583 321 378
953 821 945
281 976 291
853 29 501
961 894 227
945 215 895
505 882 271
357 1 89
63 863 982
187 89 681
374 586 401
49 201 881
321 929 1
579 54 873
889 96 105
8 113 55
255 67 488
171 264 187
149 889 952
669 549 26
337 111 347
672 216 806
848 112 743
361 885 73
181 698 501
790 121 813
545 393 33
500 721 441
206 964 345
271 322 950
41 66 89
939 794 307
7 425 726
977 526 172
17 265 938
599 501 569
696 793 71
690 527 897
509 555 931
691 766 423
709 329 73
120 109 73
881 251 341
969 989 113
505 551 741
817 73 233
193 569 423
106 321 101
889 406 6
397 101 157
403 981 85
165 853 741
532 664 306
51 473 258
301 669 901
505 481 516
461 773 401
195 351 697
13 721 747
376 109 199
839 431 475
149 161 402
993 295 59
673 215 891
159 826 993
971 762 101
877 557 265
741 710 69
498 717 843
660 921 111
731 66 485
251 275 237
775 266 171
629 234 298
977 89 301
576 570 413
90 203 973
984 641 758
585 25 909
966 905 477
245 401 850
754 136 761
482 875 329
597 561 151
637 675 377
724 126 13
801 179 128
473 964 171
321 153 414
48 429 926
438 563 63
579 288 101
409 417 963
121 510 491
212 448 657
226 193 187
111 61 201
267 397 997
594 733 105
935 201 137
713 324 809
261 821 793
577 892 526
522 573 209
878 96 937
47 201 551
865 626 321
239 949 369
89 765 515
906 912 700
970 566 831
325 743 751
992 563 317
461 791 98
283 297 728
945 433 564
973 331 956
931 514 489
606 984 537
939 741 957
281 465 833
701 993 181
586 681 257
813 327 579
645 599 254
115 601 526
81 621 881
771 101 991
537 285 521
666 879 161
766 141 69
157 314 609
780 554 978
595 345 597
23 216 397
424 81 467
299 231 842
733 496 761
941 201 530
746 963 541
649 425 548
313 856 636
967 101 535
217 473 906
541 981 81
665 76 121
867 853 161
49 600 166
171 60 12
592 767 641
173 883 361
545 347 277
751 494 967
492 641 621
501 869 964
908 944 856
909 129 593
339 998 175
801 453 530
475 197 59
452 431 891
193 321 347
381 297 689
251 680 217
479 190 427
771 659 595
963 125 297
344 186 293
729 365 917
507 465 125
601 357 641
881 799 862
162 652 481
749 347 489
14 773 619
406 539 126
716 971 658
397 957 802
941 107 785
68 721 242
417 517 585
215 859 441
793 6 913
484 373 881
989 49 525
257 980 600
254 101 795
842 821 681
415 953 861
401 51 537
703 29 544
182 271 1
757 225 686
393 781 801
19 677 631
875 101 897
533 29 336
751 256 301
214 231 415
97 421 51
661 308 834
393 777 141
169 536 601
721 265 599
657 601 155
322 323 885
341 705 316
337 63 251
203 566 601
782 496 256
830 805 146
75 621 181
57 679 327
559 101 17
409 922 669
967 49 499
285 705 131
651 361 906
616 277 819
651 139 25
108 461 799
393 731 592
664 705 551
484 61 848
768 909 785
477 738 459
889 145 541
503 189 951
618 781 467
719 866 293
576 873 874
247 211 69
281 539 387
501 304 1
749 510 492
209 499 846
793 161 411
897 125 511
983 65 603
997 997 129
828 449 789
561 969 393
511 281 816
213 76 617
837 585 479
284 753 1
953 211 861
18 39 396
361 611 631
876 141 251
595 174 961
33 721 403
103 551 850
357 357 229
413 377 673
841 985 497
598 505 611
678 289 998
736 161 351
713 761 37
774 566 361
481 989 941
9 605 961
573 855 733
621 381 830
77 409 689
944 81 302
428 81 971
566 390 906
671 743 801
552 337 9
407 544 801
473 176 987
991 176 829
253 73 4
846 305 306
575 897 392
851 851 545
981 482 646
501 77 610
657 490 184
995 501 917
533 529 376
725 4 526
214 581 655
453 515 181
651 410 215
697 1 457
525 578 241
589 897 59
531 361 861
309 922 424
54 531 385
225 496 61
742 353 587
777 278 509
464 836 957
79 889 101
130 741 361
7 971 293
548 804 366
976 781 1
389 720 856
161 181 143
651 661 825
901 626 801
221 671 281
609 817 681
913 721 247
94 297 637
681 415 585
257 360 271
211 366 961
193 97 775
137 357 490
853 223 441
347 781 491
501 691 249
347 703 13
48 641 713
953 369 780
439 575 178
237 376 276
941 192 882
915 845 750
169 483 331
738 891 703
438 69 631
791 729 902
723 567 356
30 577 681
171 721 965
600 364 459
291 368 494
201 327 29
665 287 409
537 421 651
761 589 75
826 757 741
785 198 461
993 226 179
271 359 591
801 469 327
1 993 559
6 742 321
457 461 207
437 485 45
754 837 900
665 724 121
647 455 741
751 604 431
221 62 51
113 587 569
308 196 465
753 71 745
525 892 455
831 829 461
22 829 833
321 571 54
843 61 353
702 206 431
591 711 607
813 7 271
291 985 721
715 11 985
993 439 641
531 849 821
261 785 366
727 249 321
880 959 656
1 252 872
221 316 496
957 127 866
361 887 733
781 194 720
497 901 826
41 409 291
351 929 837
489 997 588
315 791 885
297 313 582
637 199 665
271 561 941
661 495 321
973 674 166
721 503 289
309 313 713
636 345 49
39 721 505
125 131 451
933 206 785
30 763 689
61 629 571
731 691 424
131 3 595
711 222 529
824 469 409
61 713 768
177 338 642
993 179 201
195 46 671
936 869 921
741 311 193
304 196 846
901 705 669
297 240 969
760 697 503
132 89 551
175 126 201
57 909 509
281 145 31
503 941 445
345 921 11
145 9 909
401 161 529
225 607 757
406 205 777
349 353 385
481 587 103
29 751 370
977 887 527
953 507 26
321 273 753
703 914 165
977 42 651
583 701 581
371 695 221
774 587 641
897 927 484
39 857 435
121 582 501
959 91 903
326 613 921
977 845 747
507 541 393
393 649 826
861 883 145
153 262 209
594 72 973
521 674 544
830 813 111
254 731 795
481 832 96
539 219 149
459 529 977
965 977 121
565 853 15
603 705 145
533 421 865
665 135 126
255 17 905
259 605 932
14 303 21
888 459 376
815 729 97
195 75 375
285 71 978
131 587 430
232 101 756
540 305 546
238 421 697
957 722 961
425 991 230
543 634 962
381 153 83
283 111 761
510 917 45
287 545 349
401 351 145
886 650 26
733 296 801
481 414 172
1 434 633
51 251 465
610 13 810
406 547 401
831 185 433
799 79 49
805 953 826
977 763 551
739 689 51
641 501 408
628 718 674
745 197 51
248 971 435
273 545 176
980 21 306
126 421 639
951 695 625
661 685 3
608 961 71
521 391 65
994 583 23
315 541 711
201 427 11
467 161 176
477 281 601
226 245 173
393 785 496
215 484 41
116 840 849
160 661 49
713 305 386
537 297 925
782 256 785
777 676 197
461 76 742
293 331 90
881 71 170
5 862 731
877 841 801
394 959 673
817 821 125
836 456 611
703 958 533
456 161 751
916 783 49
673 206 533
825 229 328
97 813 519
949 21 331
919 429 107
501 260 284
534 97 331
283 543 637
185 339 289
497 357 857
361 718 941
420 865 449
160 301 911
409 181 825
501 281 706
198 521 981
93 401 435
323 225 785
911 751 135
560 314 831
27 353 424
548 209 139
417 917 445
831 314 77
169 859 709
21 746 153
905 51 772
137 584 864
709 329 57
493 961 393
827 101 705
51 641 437
561 849 331
747 165 693
836 486 487
739 545 626
515 566 648
745 76 705
921 16 303
579 233 113
633 514 471
249 17 601
505 420 698
530 65 569
968 409 241
7 741 313
85 81 621
402 851 571
861 589 981
192 789 711
26 465 809
236 798 81
801 633 229
317 677 937
225 521 755
399 761 803
719 640 914
325 423 186
351 991 391
211 772 874
491 185 359
671 449 121
205 1 457
781 580 711
51 543 296
811 301 834
856 71 527
757 58 801
673 136 313
801 373 611
185 116 76
433 873 931
761 401 766
22 967 201
251 845 755
886 991 967
979 821 844
106 360 701
128 943 901
994 105 327
138 249 65
321 971 483
689 757 97
451 478 896
580 873 191
523 766 870
897 626 466
511 354 663
401 195 601
989 376 601
813 836 882
625 647 80
969 809 101
250 636 528
3 129 415
841 991 908
1 264 146
125 337 841
889 649 5
623 357 540
663 334 441
556 436 52
476 741 49
409 941 241
911 275 561
449 102 467
336 207 865
567 743 81
39 49 979
71 11 393
502 851 220
333 286 713
531 416 41
951 153 751
876 446 100
665 225 709
179 651 696
61 773 405
798 601 571
825 51 846
708 857 985
523 425 677
481 82 849
191 861 603
501 585 776
62 544 239
884 167 601
321 81 977
911 465 5
116 201 785
883 373 403
189 989 191
17 361 453
393 631 641
221 752 602
879 101 896
583 545 12
200 681 612
874 641 740
9 181 185
191 921 177
699 775 21
977 951 198
858 837 749
401 521 820
81 107 945
951 769 689
473 278 713
523 913 916
726 121 155
9 751 401
795 921 613
981 881 989
41 589 293
631 94 601
333 911 947
251 649 952
647 967 559
391 366 707
957 777 581
462 959 633
315 455 901
725 626 776
561 481 449
947 585 602
325 984 361
172 402 805
781 447 93
927 751 47
511 465 640
7 151 301
623 641 51
585 851 224
753 835 619
861 409 250
263 313 678
391 91 881
911 711 390
639 441 273
81 41 761
885 638 857
297 206 761
744 676 465
921 713 233
837 169 376
587 973 990
601 855 962
361 572 476
345 606 441
813 465 21
691 555 553
871 824 793
193 555 483
464 110 389
433 201 685
673 71 633
77 230 741
95 539 394
301 819 391
365 21 401
761 481 757
297 263 197
604 835 340
901 913 603
349 231 11
830 916 843
654 287 511
961 691 277
157 479 248
361 405 756
251 541 513
663 321 523
970 751 233
161 593 297
907 422 757
841 625 667
241 363 828
547 337 833
705 429 689
210 816 201
249 555 209
401 851 273
811 75 521
235 729 265
661 47 757
699 117 33
93 291 615
733 485 657
269 751 61
123 620 481
619 305 141
821 205 149
350 751 71
230 599 501
756 751 287
697 101 770
404 883 841
235 603 251
896 809 513
773 781 685
779 124 89
674 481 801
499 941 382
331 340 431
115 546 249
445 279 625
263 666 663
321 1 466
320 734 923
487 809 261
621 45 41
429 115 58
247 851 712
591 643 166
392 126 419
201 391 933
369 487 746
436 331 700
441 771 597
733 56 112
337 808 716
1 179 271
821 693 449
991 484 890
248 313 881
175 899 301
251 801 713
467 577 231
209 881 851
121 705 319
201 851 618
453 484 329
751 639 381
95 69 563
30 187 128
489 362 626
949 932 184
683 773 161
617 315 977
657 256 99
439 329 841
773 586 694
574 68 904
769 193 726
1 924 921
886 776 956
289 451 356
276 457 826
589 339 31
201 615 731
391 654 836
85 839 466
223 925 321
749 897 328
501 811 543
291 165 558
547 265 515
186 135 351
576 730 165
593 605 705
646 523 271
121 271 611
