3185
721 761 41
64 301 754
371 321 501
657 316 333
193 913 471
601 296 275
251 484 607
641 393 961
122 651 236
219 267 958
748 845 849
801 38 341
501 931 306
84 671 691
841 181 223
649 891 691
193 449 151
236 153 255
163 521 401
536 514 339
521 274 305
177 141 606
896 197 527
637 937 501
627 163 605
429 322 233
425 29 581
786 947 91
251 576 955
729 169 17
791 369 365
713 379 851
593 499 559
1 879 665
897 371 199
770 281 489
790 385 849
313 939 775
251 318 79
333 619 877
875 673 556
684 577 158
359 657 201
324 22 825
101 421 405
46 513 389
921 760 981
375 732 40
185 885 371
421 401 141
75 913 136
89 175 374
351 233 55
901 537 969
913 698 915
884 931 647
61 193 524
5 697 531
41 193 241
761 14 275
733 473 17
651 698 751
555 387 554
574 869 201
3 521 769
761 53 353
373 526 721
615 301 857
237 397 561
511 217 888
537 761 634
241 735 25
305 276 141
641 305 809
653 111 25
801 876 691
569 426 645
481 601 809
841 136 575
663 881 901
701 425 904
513 819 587
291 58 901
359 669 9
193 674 352
625 381 681
757 361 81
561 44 631
25 109 521
871 689 25
477 15 713
437 961 825
993 185 568
841 733 711
301 82 546
761 1 427
566 231 569
198 527 871
345 521 324
804 247 353
125 420 171
761 345 263
689 366 290
371 37 671
841 337 361
145 85 937
517 465 325
805 89 452
543 47 127
266 797 260
168 827 201
375 113 598
17 325 835
721 891 322
607 939 673
523 542 721
576 851 291
881 776 683
57 457 889
548 720 11
150 984 543
839 873 39
788 162 857
935 137 701
703 5 457
287 504 841
41 321 12
966 589 801
429 383 5
486 801 740
611 121 81
641 369 201
153 101 251
681 925 62
497 351 722
121 872 321
399 561 631
911 601 815
41 903 741
423 513 202
841 549 286
259 825 551
835 998 483
706 790 758
181 274 318
556 89 313
319 992 36
305 431 501
876 621 761
321 352 659
581 241 637
707 153 49
293 313 336
401 933 301
453 963 437
9 241 86
41 356 48
798 437 21
825 389 491
795 41 425
857 801 969
263 423 281
910 631 709
45 157 998
251 997 569
661 246 356
476 259 125
251 641 267
649 144 571
237 151 231
391 435 241
501 152 213
501 216 113
708 832 945
913 836 137
104 246 231
845 553 361
671 140 865
344 821 641
261 523 689
75 451 25
625 6 275
875 319 241
878 849 873
805 878 508
331 985 901
577 833 41
139 717 501
181 900 273
869 469 749
619 953 612
613 689 761
944 711 257
569 711 169
612 997 127
653 451 271
513 199 366
905 712 651
963 971 157
201 132 108
681 363 441
632 381 241
226 559 283
659 434 465
211 811 381
501 729 359
682 281 1
118 419 909
664 809 977
705 529 425
486 81 105
710 113 306
267 81 332
91 959 401
534 449 901
651 807 591
20 533 646
594 673 33
914 476 64
281 9 588
397 371 45
546 813 425
217 575 193
757 991 81
61 739 482
431 519 397
329 759 601
81 261 523
523 909 521
101 953 91
678 613 617
183 208 377
17 456 102
276 897 561
551 401 288
425 267 373
181 798 757
545 961 527
746 385 3
333 353 697
797 253 681
11 401 731
904 321 81
367 133 860
817 854 175
899 99 721
752 616 909
845 32 764
581 961 699
263 625 936
765 431 727
561 376 797
369 10 445
181 1 937
912 369 150
721 237 975
159 891 961
821 817 181
921 713 528
905 25 913
904 295 551
81 501 52
865 1 97
57 691 851
401 1000 886
800 231 751
144 743 247
615 111 75
283 465 865
406 325 433
369 689 126
639 99 531
936 721 841
901 666 577
897 365 621
305 741 253
91 336 313
257 915 497
541 991 495
986 611 569
761 801 361
965 339 695
801 926 845
620 393 185
681 975 340
965 801 41
31 195 937
19 5 669
801 941 341
792 941 598
315 601 913
58 125 719
881 681 366
450 51 917
673 311 861
47 918 401
797 351 865
695 821 681
211 903 251
291 801 983
993 591 64
903 839 793
484 819 99
657 801 893
441 486 289
301 426 189
501 508 419
455 970 9
398 581 337
787 39 439
829 201 109
241 509 485
435 61 115
583 29 65
152 550 766
915 382 285
501 721 740
505 626 999
1 295 401
76 237 145
61 167 496
933 328 169
938 584 918
123 397 1
526 606 880
409 325 507
203 340 24
369 741 717
93 201 289
251 768 755
41 637 761
665 89 688
11 677 801
1 841 507
62 229 949
801 903 176
400 416 996
191 375 501
129 977 93
521 581 631
361 785 376
659 762 641
287 617 409
871 278 793
643 401 61
351 911 205
25 301 535
401 17 9
16 273 35
742 905 653
291 885 405
281 83 77
756 717 661
113 181 325
693 771 369
313 273 66
908 779 555
207 725 273
533 89 913
473 471 761
415 933 189
926 481 744
445 489 803
763 813 882
1000 961 391
175 298 549
509 971 977
799 604 621
285 833 545
634 951 431
929 273 1
426 268 791
141 625 961
563 386 29
379 567 871
137 565 201
959 171 715
426 102 841
801 41 561
199 983 349
219 673 801
38 747 652
811 371 343
755 969 299
150 558 281
44 881 73
601 419 482
641 711 601
249 556 127
353 47 11
217 969 721
953 2 517
103 486 127
849 563 987
785 61 521
589 634 701
339 106 451
969 528 904
791 647 418
200 869 833
571 581 221
483 227 631
935 537 637
183 805 17
162 276 137
505 401 1
577 273 976
419 569 791
470 401 828
689 376 801
71 651 125
14 91 735
937 447 969
603 793 759
660 954 282
213 615 703
261 905 901
105 865 300
21 577 626
1000 713 729
476 649 676
473 193 653
817 620 945
361 647 106
910 493 873
791 445 789
371 871 746
221 871 641
753 697 183
130 374 842
617 479 361
221 17 59
472 87 411
404 465 393
606 119 257
197 969 523
241 885 807
451 328 175
473 809 271
61 346 605
929 351 761
400 505 678
322 37 946
726 85 909
442 561 309
581 801 568
386 157 731
616 217 73
583 116 483
401 168 881
577 666 91
245 445 177
655 921 109
126 345 24
761 767 95
41 41 185
728 475 649
718 623 528
562 1 381
429 364 311
913 949 909
148 401 473
435 817 601
151 53 26
785 35 730
478 59 904
747 845 993
157 92 345
741 131 652
511 814 926
411 697 145
739 217 711
457 531 950
983 447 985
749 375 977
377 907 491
829 731 226
521 685 753
201 9 29
618 749 703
586 251 545
473 57 467
592 817 129
386 881 449
241 65 105
935 81 919
689 233 147
696 73 12
41 39 555
473 921 621
751 209 149
961 196 764
72 589 473
921 225 503
711 306 993
361 623 736
202 897 403
289 876 535
85 470 683
632 274 353
825 1 241
753 56 297
771 697 543
269 573 597
15 781 533
177 546 866
381 556 687
927 461 659
416 991 401
177 51 851
826 926 852
93 481 683
521 377 521
874 537 811
889 880 201
837 946 121
955 681 353
555 593 882
79 547 476
185 166 181
33 597 529
651 146 49
508 161 381
795 536 281
65 497 685
465 165 841
41 355 257
321 117 941
109 205 848
550 701 917
271 631 246
449 913 192
496 261 473
33 735 424
81 473 120
249 806 851
988 649 502
475 27 866
451 721 637
379 593 216
881 469 953
400 389 341
501 417 791
868 479 591
657 967 377
611 11 621
444 646 95
865 731 188
851 976 349
581 561 577
786 621 221
414 71 933
693 321 609
781 373 653
511 131 29
30 719 829
953 523 927
448 801 886
159 751 496
139 112 95
821 777 159
889 83 245
74 11 219
39 221 833
697 506 755
985 754 311
851 933 183
552 873 421
341 49 363
225 409 711
505 316 315
961 673 536
701 689 743
947 527 969
15 761 343
21 341 401
17 73 841
467 816 463
161 135 996
371 993 351
131 253 281
451 885 366
386 183 281
321 425 215
948 241 609
929 283 329
621 339 92
297 995 945
381 319 295
363 43 70
91 211 137
13 567 873
211 547 241
450 953 425
933 497 476
400 351 89
854 729 456
351 973 717
17 773 161
684 529 181
471 691 156
891 897 367
39 413 901
841 819 926
81 217 385
781 857 865
921 89 661
549 85 383
81 55 529
413 163 382
187 798 75
573 545 106
801 385 289
951 905 911
404 799 757
529 389 791
612 653 421
383 241 53
261 961 193
620 697 611
736 644 427
61 465 41
921 742 586
245 395 350
301 559 478
991 393 795
437 298 951
449 361 755
897 525 351
597 353 175
112 929 941
704 505 33
743 397 125
42 323 951
424 946 140
288 618 627
97 55 1
891 393 321
913 77 346
941 901 39
891 222 576
361 113 632
931 465 123
25 489 329
626 202 685
217 488 336
195 628 83
881 121 176
993 711 771
166 806 343
1 691 851
736 651 33
741 697 61
133 569 836
800 549 297
311 958 257
645 573 353
426 793 662
841 233 745
376 478 626
291 987 233
593 849 811
169 961 752
501 71 383
221 473 661
485 214 567
491 87 265
743 122 7
888 757 225
77 781 501
451 727 12
679 69 909
539 121 113
153 83 913
141 691 801
908 131 473
97 943 561
480 985 801
413 601 356
773 586 819
878 957 323
921 409 953
914 227 407
561 922 91
443 229 296
921 141 898
377 589 633
441 718 449
333 186 239
645 192 841
889 406 545
548 662 194
621 921 533
181 931 76
501 583 309
297 9 729
588 233 837
573 456 500
731 395 291
477 56 344
901 119 256
199 963 969
701 501 1
311 1 969
811 901 339
849 88 707
857 672 969
768 960 977
823 625 267
309 86 221
422 897 30
265 897 929
376 361 993
109 211 151
850 131 995
271 993 57
191 601 309
757 206 781
215 363 385
605 281 913
778 129 191
877 471 39
429 230 913
227 846 1
517 301 268
691 591 327
255 921 31
685 41 585
501 527 121
275 337 101
402 21 63
457 351 581
845 659 513
461 181 897
586 334 321
273 283 973
216 824 109
927 866 835
598 419 241
226 285 941
546 546 67
512 598 882
351 381 231
988 681 651
553 983 441
297 801 671
839 481 37
682 457 646
576 846 202
449 407 799
881 426 83
19 279 485
969 281 826
731 793 803
153 109 151
767 895 149
597 181 443
719 70 681
702 777 196
151 741 361
845 787 869
51 565 989
727 161 28
773 513 265
361 413 266
249 989 601
785 87 217
492 301 927
821 816 813
536 423 333
895 714 516
857 586 529
389 980 453
7 7 391
701 921 478
441 419 997
895 95 237
391 481 343
496 651 873
276 726 291
421 16 24
769 49 915
176 133 755
193 801 641
311 461 311
673 431 729
332 196 46
149 837 129
942 347 241
63 395 317
908 581 888
466 967 826
865 551 806
403 769 100
424 318 397
565 742 863
589 437 537
621 641 794
584 44 85
225 361 161
313 129 375
95 929 30
617 992 601
679 906 845
511 118 542
26 663 516
881 441 543
854 209 11
853 668 119
250 201 956
326 399 701
409 477 966
123 209 281
733 520 942
393 847 441
415 361 515
663 564 901
522 585 533
949 313 134
46 904 621
233 524 989
199 348 280
977 946 858
67 929 666
669 441 507
574 940 617
76 321 976
925 901 497
831 411 921
688 21 911
737 460 215
19 717 553
929 650 251
505 416 943
81 199 921
600 945 95
15 321 548
965 561 792
722 566 836
129 565 841
356 497 576
248 89 995
201 849 206
553 445 489
232 17 528
907 205 313
729 846 442
656 697 796
97 371 551
789 416 715
621 951 800
817 121 705
221 884 832
491 373 908
874 825 651
945 325 716
396 525 321
152 368 421
919 503 592
801 511 921
469 121 411
425 37 383
427 884 18
51 287 633
222 604 801
502 121 213
453 371 541
805 395 701
1 43 850
953 682 60
601 133 611
465 705 41
5 168 106
521 884 665
765 471 475
73 449 580
968 215 573
761 641 761
193 478 141
545 541 761
101 853 878
593 982 351
434 884 610
805 411 476
540 891 869
935 576 673
477 911 33
561 874 93
817 890 615
129 664 281
689 743 943
237 531 93
437 1 251
985 871 1
811 591 348
532 625 331
443 721 261
726 151 801
796 28 589
395 188 293
716 795 461
611 17 470
771 579 407
609 429 281
361 801 693
100 99 811
361 833 301
369 28 474
986 722 413
736 191 269
368 8 85
689 913 284
791 730 699
905 841 871
907 613 453
183 467 403
244 161 641
961 169 746
590 761 160
889 815 973
6 905 137
956 861 486
849 295 362
537 33 569
689 429 838
541 641 172
986 169 1
161 955 107
801 583 131
573 796 681
825 505 889
91 886 801
913 601 432
977 201 899
877 213 441
601 319 955
967 631 442
79 695 127
618 519 271
896 401 719
791 461 861
841 129 711
61 151 75
161 597 536
101 21 419
603 718 913
981 801 690
979 99 541
181 649 971
343 454 65
286 689 341
321 889 827
533 376 397
253 687 61
869 451 913
981 323 571
873 205 3
945 517 921
249 91 901
905 521 71
708 551 768
417 648 653
614 561 426
768 461 281
146 397 489
902 593 866
715 87 761
401 930 730
928 7 679
69 286 749
18 645 780
833 877 431
561 615 707
409 749 892
617 361 814
849 943 15
441 571 869
876 341 269
649 921 513
73 173 553
322 981 84
327 143 651
591 157 643
646 627 75
826 589 271
4 271 288
209 501 789
681 583 153
543 131 609
428 411 133
651 709 939
837 521 531
857 741 481
361 490 277
321 817 480
237 321 925
225 976 951
353 569 337
641 433 366
160 769 921
193 193 255
165 837 753
951 785 772
915 829 181
536 169 576
833 902 159
612 643 7
759 729 427
661 261 201
947 369 351
289 996 830
501 121 514
951 700 797
221 195 927
696 948 864
178 705 701
834 265 331
376 221 705
963 976 401
993 35 546
636 555 360
909 949 216
299 903 774
671 761 851
333 563 669
681 419 321
745 673 886
751 817 661
865 123 651
689 269 876
751 862 201
851 501 14
647 245 465
921 665 902
940 293 451
229 539 589
377 233 394
7 241 806
599 649 5
198 396 839
481 607 626
1 449 651
498 645 761
317 213 409
631 874 641
751 76 901
329 359 33
571 261 844
681 74 913
233 696 781
745 109 105
813 691 746
126 589 961
559 93 111
923 702 297
873 923 627
993 986 263
196 969 241
721 421 977
549 674 851
441 175 233
41 864 34
36 485 231
470 205 286
904 741 793
929 401 205
78 819 689
857 693 408
879 305 675
289 841 535
766 379 159
201 412 713
744 358 35
579 241 679
513 775 158
805 441 883
6 485 951
189 995 961
520 459 579
69 400 881
101 409 705
670 451 813
961 784 721
277 13 562
349 221 751
361 876 424
126 723 297
670 861 617
711 117 1
429 371 593
551 555 743
53 298 341
681 249 457
201 765 675
825 857 417
721 565 311
167 563 321
401 63 616
645 191 917
142 209 100
355 665 633
683 151 481
261 542 567
826 301 1
611 604 129
727 801 93
417 391 637
409 951 662
855 279 816
991 137 389
232 761 575
976 696 241
809 677 131
256 131 715
401 596 549
1 180 360
398 62 620
296 853 928
214 829 131
390 657 531
521 329 489
995 223 990
111 351 169
747 659 739
773 261 141
181 1 891
218 68 435
865 175 56
373 801 900
520 467 26
909 407 301
307 77 842
817 629 945
906 960 393
905 257 773
442 521 262
798 425 875
721 501 19
301 841 751
921 805 441
227 841 211
1 738 738
706 793 299
996 300 436
735 250 611
737 105 616
652 293 906
777 288 958
811 59 563
427 730 351
838 181 557
174 69 887
454 991 798
596 395 380
570 307 377
191 448 978
727 749 879
47 151 517
352 701 584
237 796 501
433 243 263
1 839 497
345 207 369
717 15 375
1 613 886
386 781 145
481 99 560
123 374 793
1 3 353
271 758 165
901 587 417
415 163 777
426 694 753
161 223 751
615 497 451
791 351 246
96 373 407
631 385 123
569 801 497
811 81 767
955 821 756
841 321 125
661 585 541
4 961 129
637 910 572
251 521 475
910 881 507
461 545 123
929 541 441
524 232 921
441 33 311
981 35 961
209 345 893
30 429 906
234 211 450
655 385 554
539 423 593
801 745 971
236 891 612
532 774 897
753 328 996
425 813 281
796 941 970
681 303 81
890 801 41
41 336 406
401 365 353
307 675 453
511 191 881
569 406 161
225 129 601
846 226 639
767 451 257
611 889 901
733 251 895
346 457 287
577 1 401
945 921 602
641 633 997
603 181 257
249 657 513
325 85 616
427 611 766
617 480 633
919 434 268
165 880 71
442 766 474
706 209 329
109 711 847
295 119 933
217 75 517
567 263 595
425 753 316
357 553 707
678 629 801
196 744 189
176 326 700
363 174 89
833 425 447
901 917 176
845 941 953
181 933 202
986 599 751
885 136 457
361 506 996
871 316 398
508 9 9
87 119 465
601 746 673
717 991 121
797 571 413
172 921 967
813 517 981
396 132 249
229 124 201
260 196 63
874 951 9
611 256 335
143 450 631
544 759 700
155 286 433
947 361 641
565 11 118
761 301 339
253 801 768
686 551 811
940 365 131
451 699 97
31 831 751
541 240 6
257 707 319
225 111 101
953 788 13
401 191 759
497 385 133
761 345 691
749 561 313
613 121 941
185 143 289
906 965 559
826 354 87
146 463 263
799 231 993
298 201 653
334 753 179
352 96 779
828 233 606
691 53 105
679 161 441
154 163 739
856 372 109
693 723 597
419 580 433
493 276 925
743 346 660
340 761 626
666 1 514
297 97 741
249 425 39
376 969 377
824 167 65
182 265 201
631 265 721
511 573 701
891 175 792
113 899 539
396 211 529
881 768 673
72 421 360
538 633 527
861 201 545
901 621 678
241 386 154
605 367 181
161 553 286
341 837 2
158 213 822
387 453 979
456 649 345
622 206 981
236 1 551
969 733 615
398 575 111
333 726 411
627 769 135
601 425 965
57 401 33
959 465 233
853 757 680
184 180 216
959 141 814
305 393 542
577 837 89
561 466 821
826 251 397
946 407 389
361 954 263
591 671 346
296 577 17
159 681 601
350 431 144
807 184 335
628 693 349
483 765 274
143 260 433
83 93 25
938 501 801
189 565 869
581 206 344
527 266 798
975 761 701
673 351 120
931 680 594
201 301 201
257 233 188
973 251 867
13 592 481
396 917 963
305 281 12
701 307 177
229 201 721
61 85 911
157 162 467
235 202 951
854 145 880
461 647 402
639 601 907
609 726 675
576 851 882
105 777 96
669 761 669
593 804 101
33 270 5
326 796 905
921 669 863
261 603 296
217 225 441
891 581 545
719 285 461
969 836 160
649 949 18
773 371 806
95 745 671
433 501 717
953 897 457
607 401 875
397 526 1
81 658 611
433 285 493
496 363 961
30 785 561
552 71 27
65 255 149
669 1 687
901 965 235
849 153 121
985 669 937
286 9 531
535 681 521
201 849 851
57 1 281
925 725 574
201 997 681
412 449 535
155 893 447
102 882 649
361 739 651
641 345 525
67 777 491
21 125 203
441 553 284
222 17 381
5 861 171
961 937 367
829 347 641
901 735 241
321 603 201
187 806 949
841 137 423
561 301 191
131 669 473
501 33 107
441 601 457
349 5 472
951 71 851
85 733 723
81 87 307
921 191 124
57 960 217
162 697 336
236 889 101
287 255 661
953 133 817
231 181 117
411 381 787
277 879 551
373 29 989
614 905 297
457 828 864
887 991 501
491 981 501
233 635 991
168 170 981
126 701 545
946 376 500
499 719 235
654 887 623
281 801 645
625 792 444
505 665 41
722 333 521
266 481 532
429 971 885
87 139 797
896 737 841
803 393 972
837 938 429
523 750 288
470 236 131
505 577 333
645 649 815
236 111 421
844 629 812
159 626 213
451 849 981
611 529 295
279 538 49
931 937 937
981 521 427
12 751 333
421 393 337
932 345 278
705 849 421
153 881 609
501 713 969
251 51 801
641 587 587
53 261 453
461 522 884
985 581 445
659 877 545
928 1 21
202 446 651
299 897 601
466 937 683
365 577 991
801 52 293
221 561 377
789 441 373
999 393 73
1 609 691
17 1 442
413 161 956
669 401 165
503 441 469
347 304 782
195 399 885
41 468 105
549 191 136
97 433 771
456 58 242
810 521 411
442 32 147
795 21 489
245 513 634
61 985 684
932 258 459
16 596 33
881 193 205
889 645 353
976 711 46
952 611 997
586 528 911
639 690 848
823 906 883
281 193 934
29 805 209
494 918 11
753 881 585
174 499 853
257 177 911
357 727 871
855 241 751
625 711 868
546 513 257
321 353 661
433 55 289
898 191 241
889 184 854
263 801 377
425 261 797
339 94 876
699 679 911
581 931 561
491 607 889
395 201 757
445 549 145
736 173 471
851 791 551
114 831 601
443 477 501
177 471 797
905 344 819
771 126 245
773 332 46
344 297 955
700 880 241
937 321 321
280 963 585
301 385 647
971 986 257
461 8 113
479 215 241
73 901 479
617 281 837
449 860 7
373 108 505
486 441 681
29 133 337
773 46 7
978 732 277
918 763 259
281 297 950
413 245 965
337 717 451
819 401 545
329 891 955
411 991 670
545 659 700
685 410 463
528 1 773
409 647 226
191 961 341
551 698 376
761 798 468
670 333 281
808 627 1
621 601 873
78 837 521
581 909 742
477 296 961
52 962 713
111 897 231
188 496 627
415 724 989
1 321 24
410 637 353
781 417 601
181 826 51
769 676 489
589 26 249
965 241 393
336 714 167
581 391 936
113 76 211
641 148 153
737 329 889
817 613 647
811 281 11
792 933 402
651 933 376
1 37 356
351 57 989
901 492 859
910 125 401
831 313 736
549 469 859
249 611 529
565 459 80
507 473 449
525 581 742
204 653 83
893 937 741
1 826 393
93 881 281
553 195 494
788 869 526
227 193 241
31 479 481
641 17 999
712 187 928
445 49 889
786 665 773
988 297 364
366 751 441
985 579 761
731 416 769
221 605 121
343 326 727
449 855 219
1 541 458
65 597 476
793 185 33
334 868 862
797 975 649
129 756 173
760 989 657
666 901 901
913 862 143
553 211 801
845 197 778
301 812 921
77 662 929
334 599 876
121 287 937
233 367 961
621 163 321
761 735 951
155 311 745
716 616 483
711 831 679
986 728 398
75 564 871
598 301 4
785 269 946
979 185 171
433 721 122
671 531 335
368 511 963
371 133 837
609 167 687
503 281 436
704 689 71
81 349 957
817 316 425
14 277 621
361 565 841
46 6 881
169 881 673
105 50 471
1 273 988
133 129 441
177 430 515
81 265 18
465 841 301
41 651 471
49 57 961
737 897 441
889 245 386
361 742 585
856 610 952
560 135 1
739 213 689
671 129 671
93 193 233
770 839 809
349 361 813
278 201 593
37 892 922
922 637 681
351 891 649
361 461 102
426 837 225
644 425 621
981 874 391
121 701 401
729 863 486
19 801 541
593 960 71
585 483 423
176 122 217
625 491 369
211 138 113
269 821 266
673 961 457
721 878 725
330 485 973
497 381 299
237 593 284
501 225 465
179 679 291
869 126 721
632 353 601
225 261 672
521 13 699
235 469 623
381 157 397
939 438 801
174 795 560
549 959 542
413 151 205
837 795 16
711 589 746
911 541 251
35 119 764
665 62 312
417 552 501
313 289 798
241 302 987
201 401 986
219 413 876
543 241 385
141 946 415
479 141 610
809 621 633
321 761 899
251 433 446
121 445 880
90 671 956
201 800 592
962 526 947
833 231 394
181 481 259
112 333 377
988 261 389
321 184 831
337 717 97
561 621 77
674 753 972
477 237 984
789 569 781
1 107 833
651 681 904
73 101 943
730 913 829
665 906 496
417 938 849
681 33 41
853 461 126
690 395 27
689 641 275
755 609 729
854 751 51
729 71 142
404 7 519
376 347 485
241 247 543
428 937 196
325 727 804
217 881 681
543 746 336
701 79 37
551 331 330
544 940 483
747 745 617
353 531 489
850 236 749
997 585 699
577 70 320
660 909 225
764 251 243
155 649 911
457 648 885
605 379 895
403 477 934
950 458 123
571 942 369
311 949 457
371 733 186
884 808 975
181 710 577
181 701 701
513 701 330
109 717 801
793 657 411
281 849 252
127 128 905
476 93 903
14 131 61
683 49 960
981 511 183
945 397 249
328 865 406
101 853 297
876 801 908
436 915 316
129 797 713
41 601 810
713 301 811
240 281 409
192 776 616
849 1 172
433 701 241
158 696 243
673 295 745
77 429 51
289 876 761
126 379 667
176 713 593
353 913 973
604 115 417
268 217 91
113 705 447
651 721 765
593 209 527
240 466 417
323 627 751
976 267 681
128 327 870
109 73 913
291 141 521
6 357 639
859 89 701
621 731 49
366 301 671
649 381 936
797 193 991
278 847 681
469 331 600
450 905 211
241 414 921
403 131 96
107 178 641
865 401 697
697 513 557
109 591 677
365 53 361
946 589 91
841 203 179
424 781 501
571 611 734
730 731 865
105 715 625
871 221 417
302 751 281
501 157 202
648 125 374
101 967 789
973 926 693
741 720 296
683 811 876
250 927 995
421 384 386
53 985 281
363 981 817
827 953 185
649 341 733
671 273 53
841 628 652
897 49 797
631 741 261
607 549 157
445 616 903
993 547 115
154 545 950
776 404 871
175 413 152
717 847 91
905 369 341
9 825 925
461 653 377
345 421 817
763 321 614
233 605 673
375 534 977
751 55 61
785 137 881
991 175 15
837 561 382
901 896 45
739 665 364
790 765 325
183 164 66
401 145 597
409 369 681
969 955 99
237 677 405
741 454 241
253 406 943
533 576 442
81 123 559
93 973 401
184 851 746
797 209 349
777 1 613
265 513 452
482 621 796
667 559 971
441 749 141
515 479 913
11 899 346
573 994 539
734 619 75
505 497 621
649 323 527
245 849 25
492 369 573
419 961 821
571 144 621
568 601 117
787 715 191
892 541 673
376 15 861
209 417 984
313 249 129
111 216 701
741 122 906
685 835 908
257 745 218
742 745 843
489 967 177
649 673 201
841 223 479
495 921 641
809 21 641
361 961 237
681 121 53
941 701 159
825 145 561
152 847 289
161 561 561
266 385 835
609 56 383
33 929 201
291 803 585
341 753 766
593 301 405
659 475 310
581 607 206
389 393 551
737 965 257
223 3 679
501 429 988
925 685 141
945 895 493
121 453 144
741 725 600
982 209 121
521 261 661
457 829 411
747 201 701
751 311 112
322 829 834
737 101 346
861 770 583
688 620 705
658 283 841
971 525 256
495 472 985
240 851 576
473 201 833
944 646 682
282 625 83
909 688 421
961 153 364
181 941 849
273 237 821
241 351 785
601 570 77
303 687 365
803 581 365
611 646 137
948 835 40
837 225 635
231 999 601
273 977 533
862 991 389
625 454 583
743 20 781
515 846 80
301 529 808
69 810 201
895 217 855
213 180 551
154 393 362
257 321 791
74 501 921
653 873 946
323 263 337
222 251 19
266 959 647
606 441 577
667 817 301
431 205 779
272 576 372
717 246 53
499 993 157
177 481 457
624 245 929
37 201 563
761 333 735
393 665 521
761 170 45
373 817 159
59 297 531
635 65 745
257 845 940
649 601 376
969 235 53
853 911 950
858 444 539
17 165 541
871 801 235
675 151 491
419 31 691
403 48 889
255 297 521
953 941 12
807 949 284
861 49 751
41 633 803
225 741 866
575 237 259
501 402 464
438 115 136
1 604 711
805 461 381
313 865 189
241 405 265
975 727 772
284 879 635
342 603 376
103 801 984
140 584 453
705 508 351
994 836 57
725 801 161
408 881 797
970 751 475
538 141 808
879 151 41
669 24 196
729 201 959
641 961 177
773 321 241
587 905 691
619 965 240
491 797 993
276 211 804
457 743 661
416 126 682
326 583 176
863 611 21
443 764 429
25 661 281
463 266 672
2 895 820
749 682 761
681 73 761
675 747 588
524 161 225
416 401 61
577 561 975
43 521 621
857 211 543
265 309 857
3 847 271
993 941 490
604 244 382
945 683 911
593 105 121
759 946 136
945 65 481
20 565 1
601 797 721
305 621 893
441 364 376
431 591 475
681 484 64
26 418 615
78 469 246
606 118 607
421 964 881
465 425 33
173 458 757
873 276 405
354 513 745
761 130 128
357 865 923
478 245 12
931 149 7
339 66 721
137 649 345
121 260 537
151 456 608
219 920 1
303 527 524
224 990 485
875 241 501
896 145 47
41 856 563
257 525 881
841 89 787
699 375 531
601 644 94
521 513 405
615 127 737
969 321 678
51 637 161
406 971 918
503 55 583
264 811 579
229 323 980
117 56 321
885 289 771
17 297 944
971 519 746
401 97 470
889 743 476
970 951 674
55 351 977
85 331 877
982 401 920
141 561 889
425 757 811
799 516 505
861 553 743
53 976 689
717 321 80
273 313 646
401 782 889
875 826 741
17 388 1
775 289 897
121 389 739
281 668 141
285 816 261
27 801 33
390 997 829
386 762 654
421 109 881
567 841 821
575 880 185
35 861 129
677 611 155
320 885 475
593 361 523
437 578 673
948 717 895
961 197 477
881 572 869
562 245 932
771 120 804
675 22 409
921 881 35
461 921 441
733 1 874
393 512 465
701 689 583
767 524 9
196 536 160
53 209 53
225 361 5
905 833 697
965 949 65
303 501 309
261 86 497
329 767 831
106 457 2
951 145 151
583 16 963
191 37 107
881 909 501
741 384 466
417 129 321
819 142 189
841 413 578
425 997 591
401 671 1
885 328 178
657 399 829
224 886 799
61 33 142
330 85 481
131 41 891
615 193 489
905 862 193
345 473 721
531 38 551
142 101 894
99 219 451
125 374 675
434 890 226
957 699 489
10 971 751
791 230 672
351 177 451
288 297 109
216 379 489
249 809 351
462 561 666
441 231 740
827 241 81
85 959 933
944 543 615
71 241 309
397 371 633
440 933 993
706 325 161
677 967 772
671 423 465
266 134 281
362 467 831
783 86 939
685 978 977
571 465 744
576 313 681
445 309 345
19 886 433
15 707 737
569 579 127
336 381 653
497 249 416
962 452 473
501 369 840
321 897 620
786 842 441
501 870 257
97 686 781
346 721 675
697 212 235
801 921 570
727 106 845
585 30 87
762 669 605
513 291 253
249 621 609
898 476 938
179 189 57
885 239 33
482 11 731
1 242 523
951 806 105
212 53 289
34 314 462
825 955 681
113 425 505
995 499 501
70 941 821
361 721 145
377 671 620
621 83 326
974 721 267
91 451 301
761 302 62
697 187 381
146 363 601
71 337 251
602 746 560
600 526 895
281 301 351
633 71 391
729 405 746
851 699 361
401 501 37
445 615 591
513 357 745
481 110 511
798 211 265
713 640 441
57 313 238
803 410 422
303 1 577
137 769 622
807 681 141
401 427 119
210 521 127
89 665 973
875 222 481
761 117 336
384 41 856
185 459 106
649 684 295
855 945 427
153 565 91
329 937 309
327 918 385
641 84 338
173 758 547
574 220 457
65 655 893
325 287 24
300 913 585
738 181 213
471 201 599
344 779 289
821 124 249
167 411 131
825 319 591
455 406 493
905 177 376
507 447 46
291 521 527
145 839 214
744 781 501
504 913 478
333 149 601
637 993 741
191 168 409
376 825 483
553 201 181
227 501 116
217 793 89
61 501 371
25 26 353
331 319 192
931 664 577
825 911 5
336 889 201
1 427 994
236 225 625
365 131 461
503 547 340
865 866 169
821 341 896
857 45 929
917 97 361
851 661 497
319 606 340
721 671 193
873 656 646
412 121 948
401 533 925
717 830 134
866 977 607
661 452 462
526 829 223
399 291 726
199 953 33
387 941 677
768 379 19
65 529 881
665 724 73
275 129 336
377 337 555
639 98 319
401 231 297
721 892 636
313 586 933
226 390 841
671 324 144
657 401 707
509 189 621
503 325 916
799 143 140
921 731 256
361 1 636
750 621 321
401 561 268
177 751 107
906 585 397
993 255 485
937 151 976
706 889 792
149 646 993
614 88 877
329 725 285
481 491 627
553 57 982
179 743 585
901 912 137
51 35 484
662 241 21
515 151 961
177 351 709
443 501 98
81 31 89
89 93 358
771 666 296
157 941 867
65 361 791
459 751 465
941 994 249
305 165 396
265 213 991
266 609 251
545 726 127
129 890 244
609 185 851
611 51 67
65 504 192
334 515 981
505 462 759
181 641 883
929 801 714
528 251 475
749 473 642
625 419 493
945 385 591
540 300 793
621 131 151
951 401 940
689 761 923
873 941 512
337 431 959
593 275 973
774 911 491
865 463 324
641 661 501
665 301 241
749 785 489
287 741 545
261 811 355
247 253 521
791 109 649
916 261 503
817 161 241
625 21 687
937 379 509
785 271 115
849 641 487
894 417 445
741 41 303
934 316 278
585 579 689
251 605 51
75 666 439
401 735 297
469 404 626
901 9 41
801 41 301
809 441 701
177 198 96
668 186 217
767 249 271
243 877 138
197 897 885
69 53 59
313 786 929
81 973 369
195 556 866
335 123 595
193 949 249
929 845 306
441 739 791
293 741 813
97 627 144
707 809 181
13 489 747
521 101 239
540 71 321
837 973 367
480 429 377
501 215 144
422 761 599
601 311 666
788 891 897
751 307 451
113 183 252
166 396 351
53 13 739
241 539 509
621 457 1
431 222 403
914 37 317
500 821 71
320 751 995
1 481 573
153 279 604
305 137 453
657 613 113
385 316 616
726 457 593
231 156 681
287 933 727
793 254 504
841 957 905
161 130 501
868 161 931
482 222 293
371 441 5
479 128 485
321 833 801
983 461 557
506 913 391
669 401 691
319 481 977
961 17 609
297 399 247
995 227 430
625 81 63
611 987 66
115 789 161
618 489 180
401 322 771
13 737 335
706 257 292
729 792 972
585 721 866
509 182 657
402 426 547
381 117 536
759 311 498
319 655 929
815 285 512
260 352 431
921 457 796
141 883 121
757 901 964
135 844 681
601 630 134
81 913 251
405 243 226
601 289 145
677 266 346
221 334 478
541 38 126
371 741 246
161 676 951
461 489 481
471 463 473
875 641 581
983 541 185
3 815 793
585 327 139
983 141 859
756 911 829
98 921 969
783 721 693
2 136 421
233 191 705
439 181 592
106 241 726
54 239 458
961 380 517
481 993 760
345 677 801
57 601 921
344 366 161
324 89 217
161 436 697
345 553 481
651 865 725
665 505 217
861 133 398
249 1 794
227 349 617
61 677 593
751 463 9
105 1 237
351 568 994
689 648 444
909 402 336
51 509 957
781 181 761
455 255 155
885 365 401
715 350 931
592 783 181
146 925 977
260 701 294
808 556 675
959 646 389
961 565 121
327 989 376
357 816 380
474 299 732
921 522 304
735 377 621
8 209 599
33 376 337
251 916 197
387 586 961
371 326 666
641 941 105
525 435 41
561 67 708
465 518 698
405 999 293
74 581 301
878 649 549
873 159 481
776 787 105
524 935 980
100 552 161
66 189 363
686 438 981
993 412 111
826 911 39
851 564 775
218 457 29
339 835 737
166 615 855
1 681 240
84 56 451
251 252 31
401 391 257
737 672 967
357 70 13
21 407 481
978 540 155
41 895 934
51 187 691
30 141 923
761 135 507
853 353 386
41 461 189
365 170 804
237 581 311
530 41 523
771 737 547
977 101 207
1 959 226
636 957 601
556 7 961
629 1 733
253 121 993
701 961 194
396 253 249
677 106 417
826 289 56
774 949 292
945 596 985
545 474 845
317 40 541
801 222 895
347 411 315
475 268 887
337 747 280
912 271 734
441 596 109
540 936 90
713 223 425
807 69 949
413 937 544
11 949 987
981 881 656
585 225 136
223 251 896
885 233 254
311 827 581
475 433 620
776 395 173
686 618 171
243 737 513
595 621 337
417 59 91
87 325 711
351 295 603
768 97 637
443 823 201
361 204 999
832 248 661
531 313 903
681 185 713
201 311 64
541 75 780
913 799 106
489 946 453
65 601 560
579 127 393
727 251 501
719 234 654
891 659 268
753 921 17
495 49 320
135 367 431
49 447 251
796 341 493
63 521 157
497 492 401
8 191 677
952 956 801
401 906 326
577 501 989
398 857 209
281 186 749
671 477 243
905 577 549
844 260 161
357 416 71
837 469 299
153 937 909
76 337 981
809 269 561
553 689 291
927 709 481
535 741 401
609 190 493
943 101 773
709 429 367
760 323 793
165 518 551
305 614 721
246 471 343
557 501 585
949 211 410
601 238 888
757 964 89
401 107 321
867 976 1
550 771 559
494 723 137
339 701 681
26 202 215
771 186 545
601 619 201
263 529 317
345 292 625
71 61 324
591 169 373
879 301 657
901 209 241
169 853 230
266 258 585
1 121 201
93 707 705
619 495 981
201 96 660
557 180 361
978 767 497
85 690 26
336 921 856
333 206 451
71 896 861
555 758 569
6 336 145
911 41 559
225 160 345
669 694 664
370 65 173
677 511 303
497 181 963
388 5 678
817 510 911
661 57 837
131 376 795
13 871 934
738 687 895
172 763 501
567 721 464
592 297 51
81 711 669
377 921 241
501 21 738
859 676 222
641 551 651
545 337 255
414 377 731
290 121 321
689 839 611
952 71 588
106 561 226
258 281 569
603 237 305
425 557 585
101 201 781
441 609 697
757 170 917
901 981 501
37 544 796
813 243 653
121 111 468
311 982 583
317 921 684
893 445 805
306 771 201
777 964 396
666 121 201
150 217 947
581 441 265
161 651 301
922 56 841
962 155 782
737 467 315
173 247 541
622 153 536
465 451 8
789 461 635
703 949 967
101 544 169
813 161 584
219 88 665
861 19 981
551 881 563
835 391 916
401 841 202
615 201 616
751 276 65
768 271 545
656 333 978
526 876 824
201 81 81
507 21 959
291 121 595
976 329 838
78 303 583
272 761 581
866 337 33
849 305 833
775 273 457
56 395 249
228 875 18
851 139 105
11 393 9
993 413 827
386 639 489
90 152 561
51 291 859
101 42 99
575 381 661
457 316 417
201 971 892
365 167 325
325 968 851
407 141 365
432 121 388
699 958 755
1 121 920
875 441 823
876 77 567
101 921 297
561 845 393
791 813 196
676 809 601
297 103 497
81 749 409
675 37 325
120 49 49
855 936 880
659 961 198
541 498 241
256 775 142
81 30 939
150 219 953
769 401 49
676 979 961
392 993 601
882 218 137
345 961 473
653 701 197
626 457 185
165 601 158
64 327 783
695 905 979
217 169 977
491 703 781
953 346 661
662 843 926
69 559 211
877 825 501
841 817 747
947 60 130
107 473 736
271 949 333
972 939 929
169 899 381
851 439 809
385 314 317
710 201 106
409 519 521
417 89 201
881 841 933
165 281 497
679 975 681
945 459 51
551 163 169
565 967 135
877 375 407
29 461 569
147 333 393
499 1 385
257 297 244
129 665 111
126 509 156
506 551 889
738 115 897
438 721 971
801 925 812
2 28 857
305 588 924
70 125 161
369 791 408
475 87 369
141 440 693
170 937 419
569 889 977
81 249 746
930 919 49
241 329 681
873 577 320
391 146 178
861 425 761
81 959 279
961 847 364
641 599 425
383 243 161
132 21 841
377 305 127
121 333 393
561 541 37
217 247 853
689 734 309
239 791 923
521 691 221
580 257 817
356 760 338
948 705 822
187 960 71
981 952 769
491 229 266
567 769 869
917 771 101
913 513 891
545 117 985
994 628 495
145 869 569
938 333 215
191 724 489
281 817 516
538 402 705
154 445 686
451 559 933
161 601 898
123 721 244
289 346 676
516 96 833
539 561 801
385 993 185
811 513 245
653 999 967
359 405 4
768 175 81
45 977 551
911 757 667
389 193 817
84 417 751
957 777 695
641 437 685
961 919 975
241 569 931
129 569 171
319 70 193
1 401 121
521 966 442
579 336 389
477 76 297
90 995 691
324 838 26
839 673 281
517 1 937
849 383 145
359 929 539
607 373 461
121 771 65
481 427 364
81 958 665
41 379 94
675 761 915
61 429 197
705 541 713
701 287 60
848 975 286
920 717 491
586 999 5
157 291 912
896 350 73
729 345 466
121 409 875
196 366 734
839 411 496
951 726 47
111 601 480
989 35 226
804 285 634
830 829 185
642 995 287
546 51 420
53 149 153
279 47 39
465 736 783
648 501 471
455 658 249
201 801 343
341 854 841
281 897 915
793 751 971
345 901 863
126 761 366
537 401 817
411 305 631
995 261 169
621 177 377
45 773 537
347 157 751
69 468 856
761 260 910
895 489 131
881 41 676
881 697 659
761 985 201
491 361 389
485 439 673
201 572 801
345 491 46
690 986 133
499 335 681
225 13 577
994 17 409
441 927 361
584 71 765
759 151 701
471 25 685
462 103 996
624 985 76
761 449 217
501 926 245
577 719 129
97 197 100
987 937 441
198 385 261
380 305 972
901 561 741
186 963 605
553 668 508
627 941 661
93 593 1
869 667 905
797 969 201
819 401 86
757 471 521
65 921 189
743 956 481
954 235 355
56 909 151
281 913 901
269 377 993
19 661 473
801 151 569
833 187 591
191 441 313
376 663 374
177 600 896
5 661 409
248 411 837
71 793 777
495 326 775
375 281 8
214 286 193
848 969 913
73 955 461
84 937 491
380 787 761
881 301 151
113 127 237
211 586 487
531 885 467
651 441 136
497 745 21
851 70 683
537 502 801
444 953 444
793 690 635
765 465 856
117 537 365
831 553 871
708 305 427
757 693 725
776 116 398
693 317 228
173 401 945
777 898 501
500 501 913
523 29 582
854 374 66
913 924 841
121 921 551
761 532 672
136 430 194
87 113 8
33 936 23
705 761 757
29 339 321
131 849 841
233 616 217
61 205 601
337 801 671
249 945 225
145 797 91
909 761 551
725 519 509
733 520 649
673 223 964
835 347 745
869 561 401
633 468 360
817 121 446
857 90 947
556 141 801
401 911 656
576 694 873
311 833 791
969 609 513
735 596 764
926 976 9
821 161 758
73 759 199
821 291 574
590 145 416
717 412 521
529 209 948
87 105 657
929 10 837
547 459 759
627 856 655
414 739 595
901 394 821
501 856 517
97 559 249
207 749 433
11 782 542
169 1 521
206 341 787
579 401 721
766 505 252
779 77 193
247 884 47
137 937 79
227 273 999
169 346 71
731 502 209
593 155 41
839 785 451
470 721 729
979 41 871
187 25 857
397 792 399
131 201 679
105 277 605
476 907 302
443 676 423
945 677 277
616 385 761
957 340 546
341 833 801
768 753 17
651 916 576
116 181 466
748 641 733
437 976 197
740 361 149
953 361 375
601 345 441
226 168 431
877 417 571
905 649 361
118 426 813
953 433 225
81 65 991
126 366 473
371 809 905
1 209 666
117 465 381
601 381 689
506 3 809
847 299 510
310 894 943
315 461 25
501 787 717
585 79 356
473 682 774
172 857 159
937 661 538
743 993 931
257 247 641
