478
6662 8844 18
9359 9457 50
1191 9590 13
609 5942 2
9328 7802 78
448 1279 37
1518 1547 53
5394 3161 45
5806 3751 64
6644 6897 82
2520 3417 31
4422 235 27
993 3723 28
3899 3460 25
2781 6839 88
7349 1137 45
6823 5248 2
6818 3766 36
196 5855 72
1441 3350 46
5842 6431 21
4267 6976 76
5587 1697 82
5024 2118 11
5496 6231 49
4812 5486 26
7638 1383 46
2570 1145 99
2204 4302 88
2235 7456 84
5727 9776 10
2006 1613 26
2395 8700 15
183 6838 36
1805 6886 26
241 5383 61
2986 6069 71
8185 1912 99
48 3954 6
4303 5132 17
6141 6919 13
572 4372 82
8188 1138 86
4695 411 63
2059 7829 68
5898 5948 12
4347 1592 99
7098 4365 48
3985 9970 34
7337 7359 69
5432 4150 11
2451 7312 5
8580 9457 12
1189 9543 29
3658 6440 56
8757 5936 69
4332 5867 28
2735 1156 16
8526 6547 29
6320 9848 2
1565 882 1
5493 6919 89
2793 1468 6
3013 232 77
7832 9541 1
3747 1889 97
5005 1563 8
5900 2967 85
6866 5620 2
6538 2204 57
361 8960 79
9475 7723 15
7475 5143 12
7455 5866 87
1862 5382 11
873 9703 79
1633 777 46
118 1342 41
4735 9398 54
2923 1077 53
638 6057 2
288 1833 40
5489 5630 64
7997 3412 17
6097 3235 91
5122 3174 3
7957 3588 18
2012 3507 92
5233 7724 21
8823 264 54
6778 8837 24
900 9023 21
5143 2316 68
6265 5698 69
965 8034 45
9533 1850 31
6548 2448 74
9995 3815 40
8173 7116 9
8651 77 71
5520 3536 73
1145 3652 1
5699 1423 77
9301 2032 57
1590 413 1
83 4811 77
9744 9356 57
356 1559 42
1148 7311 72
1799 5730 94
1906 9883 95
1840 3103 9
3047 4382 63
3118 8347 73
2728 2256 18
855 3433 67
2976 9214 84
8250 357 83
1275 3803 58
9470 6439 64
7360 7199 40
9757 9043 57
2720 9078 34
5197 4438 31
785 6869 44
1021 4492 53
9676 218 70
181 6891 16
1336 3620 7
9414 2963 77
1415 2275 23
4676 4433 59
1869 5632 75
6271 4200 7
1173 3973 3
909 177 24
9486 1540 92
7329 7470 34
9056 3198 86
129 1299 2
7636 3680 83
8644 8879 75
9530 445 94
4065 6069 92
7764 9239 39
2125 3662 100
7763 8450 78
615 2105 87
473 3113 80
5220 1723 4
6582 2759 61
1778 132 60
3552 4814 66
1065 1021 40
4937 9486 16
7059 965 53
1940 8772 77
7626 4906 84
2996 9308 54
7846 2339 19
4203 9914 49
3037 5275 93
1394 7158 98
5282 9466 1
1665 9228 92
8644 8238 69
2070 3627 94
8467 5304 92
8612 5217 5
305 172 80
5280 2274 42
2294 6115 85
960 9331 4
4215 2541 70
7617 9029 28
4086 8317 2
9484 1742 99
5843 137 22
5003 8332 99
7527 491 49
8837 1084 92
4841 8193 86
1485 4974 82
2785 8242 89
8634 6208 89
515 861 95
1341 7509 37
1150 3652 19
4888 5457 71
9175 6071 26
7943 5440 4
5846 8970 93
8070 2232 54
744 1223 3
7493 8815 63
9658 7714 61
3492 381 96
1920 2145 73
1088 2409 22
9343 4347 96
5632 6030 68
4507 7613 38
7687 7809 91
6845 8911 60
1049 5216 85
2838 9382 89
6349 6890 68
7896 7521 7
424 891 20
4425 1893 42
9880 4648 82
6958 8135 73
9452 1856 18
81 4366 41
8232 2745 71
6146 2681 52
1109 6605 6
259 523 78
2564 1986 86
4487 7723 5
1508 4164 22
158 8025 100
7868 990 25
4544 5816 50
6145 7672 84
7423 5184 63
8426 6755 94
1046 1888 47
8764 3881 83
3914 1511 18
26 119 50
2410 2500 38
3657 914 82
438 4552 69
6573 9027 70
6126 8927 42
8966 9328 100
234 2351 92
6088 1366 88
1919 4071 98
943 804 49
5798 2489 64
8851 2604 14
3861 8149 90
9301 9052 20
9140 8523 30
3711 4447 44
1485 4690 42
1466 1886 58
4688 7569 18
5799 8687 95
7509 1971 99
3744 2566 82
7525 24 41
1834 2717 56
265 165 62
9779 7378 73
4041 3294 65
1160 4653 82
1645 6572 46
4500 8795 77
4907 2841 61
860 941 79
2508 5978 40
552 6389 21
1916 4117 100
490 3776 78
368 8348 61
3072 90 47
3515 5315 25
6297 335 21
2385 4921 64
1690 3491 9
1204 7246 1
9394 9873 60
1075 9357 77
5433 6104 80
8842 6463 100
4986 3466 86
4394 995 86
6640 7514 87
7043 5156 46
6492 8610 83
7472 6434 100
9141 8142 95
9621 3309 9
2475 9622 66
8075 8634 33
2308 5916 67
4880 5592 70
919 340 71
472 3759 23
7778 152 54
3803 158 9
5742 8530 44
4283 9252 27
7860 9632 2
6067 3965 99
4550 2367 52
9387 1228 19
94 7430 16
5024 8583 26
3848 6686 73
1496 8046 53
1457 7775 30
7961 9852 96
7247 7216 71
9328 9687 18
4959 2413 40
5707 4899 56
3761 4800 45
1970 3813 35
5553 2377 82
5572 6511 30
8349 8612 14
6753 4721 85
5307 8805 61
1718 5568 12
3670 6785 90
77 5021 58
9054 4672 49
9226 9415 9
9487 1343 19
8893 5615 86
1278 8954 50
4738 3935 90
3160 5391 6
2817 6124 47
6342 2938 82
564 2888 34
6585 9274 19
8119 1801 70
1289 5549 50
1266 9990 46
3021 2155 44
187 9678 77
3787 3137 51
5630 4058 33
1936 8926 12
6164 7244 49
6128 1650 63
8718 2527 17
3612 8458 68
8348 7457 68
802 9412 68
139 456 75
4400 8012 5
1151 3385 11
985 3969 4
7088 3704 15
2867 9830 65
8807 760 30
1782 8453 75
7984 466 15
1368 4888 63
8935 3413 91
3282 3240 93
8776 8323 20
7314 7340 65
7461 345 12
437 955 56
6390 2509 78
3755 1431 81
2157 633 36
1817 4614 88
8442 2742 94
5503 4558 69
899 7073 8
1440 4176 80
2619 1984 65
4015 2390 31
9784 2002 10
1715 7919 69
5484 7258 23
1059 7760 100
2560 8957 62
9741 2210 12
5616 1415 52
7631 8596 52
7746 848 43
2216 7324 41
2090 3838 69
458 461 23
1074 1697 33
3175 1652 44
9834 8978 59
394 2357 62
2203 8601 69
2131 7018 32
5605 9459 68
8741 737 80
3536 7763 25
4874 3452 95
611 4517 6
5940 1631 30
9444 9542 61
1365 6297 56
6910 3103 29
4856 3950 81
2039 1279 77
5321 2308 4
3416 3047 47
2290 222 23
3507 6882 56
8401 5133 73
8845 685 38
1726 4874 20
8983 1907 53
634 9483 57
186 8341 73
3121 8002 2
9811 2944 96
5103 1294 10
5550 5769 79
5939 5389 95
5189 8546 83
8967 8244 62
4000 1855 81
5886 2062 50
8195 7268 66
9004 5801 41
2912 2695 85
3687 9718 15
7865 4178 24
2525 5316 13
2529 3431 31
2348 6202 35
4740 1142 27
758 8238 5
1190 5483 31
4816 2005 12
9055 4368 50
9390 5142 17
7517 7799 35
2131 1968 69
237 1141 89
7394 402 9
3033 9151 7
8646 4207 41
2424 5385 5
960 2296 49
8115 1322 87
5901 1872 16
201 5680 57
9655 1502 73
1522 1282 64
1750 2943 14
2664 4737 56
270 8397 76
3017 4992 25
8186 9245 47
1526 2908 68
674 1068 85
7010 7062 79
7505 4498 63
8776 4718 67
5477 3787 93
3066 2140 99
4907 1791 84
8998 3763 64
883 2350 43
1036 3503 100
3757 2633 93
5059 1132 13
5750 7100 18
7729 4088 94
1625 1330 60
767 9745 51
8269 2345 40
1975 2681 65
5025 9017 70
6427 2265 9
5720 4064 47
8673 6045 72
3101 4468 38
4124 4167 61
7640 7844 84
7151 4145 36
