3840
673 933 536
305 283 525
737 353 266
635 533 688
844 773 409
55 511 689
979 206 395
813 697 797
122 377 792
670 589 715
637 641 747
374 697 879
544 787 431
605 333 621
49 794 925
741 177 643
81 185 551
991 476 511
529 769 626
833 52 598
647 382 155
471 625 875
657 957 953
293 665 397
857 971 113
783 119 305
273 841 589
301 967 391
281 331 349
209 788 69
179 488 7
78 613 779
537 509 318
965 503 506
778 626 168
329 858 233
331 430 440
553 462 581
253 50 171
95 497 635
301 397 97
797 801 823
519 885 621
841 761 696
997 131 51
905 81 651
147 656 865
438 325 45
441 675 699
296 649 711
183 587 541
229 11 993
111 355 833
175 86 442
233 852 932
313 129 603
55 233 836
941 701 361
157 205 704
281 257 255
661 769 561
728 321 691
886 209 881
729 965 505
11 761 871
618 256 971
21 901 141
916 681 191
349 919 786
105 849 283
755 845 361
706 17 434
349 227 159
761 921 928
237 717 151
231 359 611
533 291 364
393 217 121
277 476 309
11 58 393
353 889 292
318 240 651
545 261 809
259 239 140
586 476 469
971 76 867
281 925 922
702 559 857
553 985 925
632 530 60
25 489 621
204 713 295
628 461 371
741 427 473
321 701 43
510 375 181
115 998 776
956 480 615
795 561 866
520 1 514
153 955 249
744 57 364
737 23 545
777 441 873
849 802 737
25 838 751
345 385 96
541 573 452
801 250 585
557 17 861
477 979 751
778 776 805
409 898 937
871 447 566
77 102 881
259 855 409
491 101 211
300 444 533
780 191 927
717 683 113
151 603 314
825 283 201
587 771 102
521 319 953
606 206 541
118 441 470
492 98 655
785 161 215
582 707 809
605 757 363
120 928 53
209 571 920
921 409 163
169 649 705
243 715 351
269 177 667
81 569 151
879 521 401
661 846 257
226 955 483
213 992 576
111 921 779
264 881 1
517 971 115
164 981 210
721 893 476
429 931 669
267 377 355
666 61 1
611 525 511
771 561 228
577 577 641
297 927 573
411 449 797
485 273 529
967 39 361
125 42 222
186 11 852
449 465 778
314 144 785
169 439 749
826 845 654
486 556 289
819 177 784
36 769 76
38 675 24
418 57 201
521 910 149
682 201 805
409 591 143
481 345 153
769 329 701
306 720 725
75 489 953
485 835 611
501 575 391
461 711 766
797 929 745
756 326 451
258 276 813
609 817 433
221 365 237
575 205 581
241 970 884
275 270 801
226 599 101
16 977 65
41 839 983
481 937 993
615 551 324
280 199 249
364 686 51
50 863 102
63 793 61
98 633 41
841 353 951
86 61 629
177 321 561
285 213 907
433 833 510
851 501 989
724 137 204
212 457 201
853 565 137
447 453 636
923 787 632
354 409 183
737 590 301
191 911 201
205 1 54
570 3 102
649 641 833
360 609 41
285 733 101
176 521 49
513 601 971
393 873 811
841 457 367
177 209 313
353 301 281
123 855 359
82 190 255
749 479 696
794 497 745
219 361 386
283 713 865
383 801 341
1 660 485
801 379 261
961 881 230
801 255 231
456 257 625
217 321 918
479 337 81
653 525 953
957 649 597
359 861 27
566 11 233
153 551 895
451 941 585
501 285 331
803 813 605
487 871 856
66 645 546
141 241 945
26 461 367
741 25 114
721 281 126
601 318 301
972 698 983
779 751 604
879 697 889
531 837 247
791 121 701
845 456 516
902 840 513
865 727 409
196 473 61
9 536 453
591 949 141
720 2 927
285 493 989
764 181 481
156 1 457
49 725 81
671 667 971
281 876 626
25 801 969
89 656 276
425 323 353
25 145 811
898 550 657
794 48 872
724 422 125
369 377 771
841 745 383
455 686 550
147 873 905
181 726 510
911 909 161
161 953 141
211 360 628
726 713 701
514 526 929
777 717 651
31 781 860
45 913 323
779 241 495
171 37 401
647 478 793
17 361 180
145 730 21
720 651 104
317 841 103
71 941 526
35 421 516
901 233 816
71 945 725
733 475 326
71 27 86
796 882 385
381 929 855
115 193 851
753 835 341
985 251 951
885 33 884
833 369 85
726 669 962
338 51 677
961 975 73
297 319 737
383 246 249
345 389 616
749 293 862
464 971 661
153 781 301
924 421 405
314 944 793
421 813 337
777 821 364
409 235 221
228 193 550
445 579 271
75 101 235
529 545 279
901 913 780
905 711 978
656 429 987
289 929 611
851 197 760
533 451 395
311 975 341
842 725 737
441 659 687
97 191 659
71 105 468
944 63 909
670 371 233
279 857 552
376 559 561
217 344 891
345 901 477
676 941 201
381 816 281
49 526 765
285 506 515
276 361 43
661 569 665
467 876 298
913 411 619
840 51 321
942 486 69
101 505 311
637 621 337
631 157 866
929 601 735
9 495 131
636 210 425
665 149 931
46 188 525
821 257 828
681 5 1
211 448 242
652 861 531
526 393 837
442 778 281
593 343 461
5 627 993
545 501 637
498 639 740
55 755 791
295 719 615
591 769 934
345 229 621
486 189 566
721 181 912
798 393 626
31 326 263
1 977 721
217 876 386
788 857 824
536 951 367
25 431 981
733 327 921
504 70 961
905 496 304
195 185 849
713 507 601
465 164 385
257 921 324
849 379 49
900 291 41
1 736 647
425 729 625
589 181 679
417 317 107
733 307 229
292 451 786
116 767 501
489 850 409
529 366 955
705 577 365
615 962 971
382 214 514
972 273 705
409 600 113
389 625 405
833 606 131
777 351 209
183 201 246
201 393 953
621 557 609
21 211 37
636 455 465
91 669 781
367 466 72
193 503 965
411 2 987
769 475 761
556 309 461
452 576 409
958 356 926
552 185 562
73 968 25
605 66 187
12 369 897
634 91 755
53 243 529
393 949 63
227 977 69
701 421 833
161 341 991
16 879 321
85 551 407
221 785 874
171 489 529
812 265 655
346 26 873
996 864 785
605 77 781
175 556 633
341 391 95
816 275 538
271 769 697
139 813 355
485 2 265
985 480 828
512 219 621
351 976 128
9 990 557
143 125 732
144 253 541
871 633 551
861 81 906
501 384 877
263 730 16
596 337 387
303 510 676
11 71 409
13 976 380
101 898 995
114 649 226
546 89 619
460 145 713
425 437 145
861 457 937
267 227 371
149 244 609
729 441 105
326 705 423
631 992 804
99 17 65
861 43 3
721 491 87
961 585 200
201 269 869
100 729 928
399 509 501
723 274 875
71 973 992
739 993 944
616 777 505
761 315 761
561 64 729
65 451 741
25 147 133
546 925 119
493 283 945
550 892 489
501 627 791
587 102 537
317 857 649
181 287 507
691 78 201
829 781 826
481 226 5
41 461 125
646 531 469
29 905 433
909 861 153
321 917 65
401 268 655
307 625 151
173 505 385
383 293 465
235 226 913
529 545 653
377 242 781
393 503 201
405 191 837
825 497 865
702 335 898
957 61 345
530 419 686
391 923 521
293 597 165
277 525 329
925 501 187
334 36 137
943 793 441
955 243 676
116 611 793
176 537 81
865 233 331
501 485 753
610 833 275
769 467 75
117 83 94
819 221 829
749 693 555
882 460 321
523 448 461
561 285 921
281 171 989
766 252 705
322 401 623
271 575 641
341 529 1
311 81 361
901 103 789
846 61 10
37 293 749
433 217 795
367 657 22
807 753 929
318 245 291
969 25 977
271 626 27
136 721 129
753 819 420
1 525 595
627 477 145
993 45 409
309 926 268
180 419 148
457 564 51
303 243 643
916 545 685
283 441 596
254 476 941
831 752 231
331 961 126
140 791 261
753 945 453
5 701 696
365 745 297
818 213 481
500 741 471
309 445 652
91 674 661
969 161 513
934 775 364
146 817 526
913 91 275
262 42 226
975 562 149
549 171 763
253 627 809
855 77 444
241 729 341
851 800 35
921 185 751
985 25 171
37 297 689
127 607 729
265 249 592
521 339 449
601 511 706
887 478 902
780 752 217
253 905 807
466 765 216
671 534 977
697 970 370
129 266 377
17 257 233
281 875 937
921 778 339
919 801 49
664 517 621
909 811 549
501 931 797
235 131 373
361 168 966
381 738 321
25 811 141
793 585 801
169 616 935
903 41 897
847 801 259
865 996 223
445 25 889
805 321 901
576 557 157
516 671 876
636 922 351
517 627 801
9 206 709
645 705 433
423 681 606
747 289 362
781 482 105
741 221 773
101 417 717
561 1 998
597 45 147
135 441 71
752 353 941
545 773 421
551 755 361
833 451 857
639 40 319
871 781 858
750 134 953
729 287 209
481 661 186
983 721 831
527 478 396
448 508 221
41 731 160
497 443 741
97 321 681
721 777 101
241 897 133
681 401 959
801 695 473
597 444 147
333 599 805
681 871 489
831 304 433
331 470 278
513 993 913
801 791 529
801 510 660
496 904 556
183 305 253
455 61 17
87 9 729
761 643 829
497 117 569
601 271 37
849 326 201
127 85 785
981 511 374
633 753 477
845 459 621
511 761 105
155 251 913
864 115 795
305 312 401
351 536 234
227 33 561
457 665 665
473 869 709
851 806 741
198 657 771
281 473 913
222 953 437
657 78 832
74 649 545
51 351 211
246 960 401
151 71 65
545 256 93
631 353 249
621 125 45
481 479 201
532 393 919
381 385 885
885 904 841
349 97 929
301 936 185
505 601 897
57 497 825
397 571 681
396 9 921
473 55 161
149 126 821
319 541 711
311 459 79
873 504 57
501 529 43
708 495 313
697 981 569
840 401 153
1 116 635
971 123 276
807 321 781
861 794 551
17 633 751
491 713 646
967 880 501
177 750 235
803 851 828
705 876 929
353 126 513
287 495 954
331 921 449
986 635 71
369 196 873
605 632 376
585 557 571
73 409 415
766 657 961
308 81 905
569 323 421
641 502 926
26 637 947
862 226 305
181 737 857
583 781 135
636 847 661
909 961 209
691 357 51
371 561 455
239 751 923
557 337 729
117 705 241
939 254 579
245 36 909
283 397 593
873 633 451
641 73 29
31 217 981
172 867 982
11 807 626
532 701 645
127 987 324
897 238 473
449 615 325
497 381 266
865 578 1
981 953 146
113 83 39
523 261 621
256 431 801
151 233 449
970 331 537
163 961 141
807 80 697
541 776 917
225 26 89
306 451 506
286 140 805
577 475 577
316 188 301
631 597 229
731 681 781
777 455 93
175 625 421
681 729 232
699 113 719
443 669 987
589 226 418
433 299 273
1 553 81
363 754 393
707 941 129
753 896 543
593 704 91
961 561 89
757 381 889
777 155 956
975 337 926
936 731 561
23 481 205
911 502 396
500 9 119
577 783 549
713 329 451
580 771 456
449 247 457
191 631 501
191 291 961
901 233 906
319 601 521
233 305 985
841 871 947
5 901 151
291 21 473
257 113 681
29 7 669
477 576 157
341 418 77
873 961 505
885 121 361
371 109 9
88 1 569
208 741 196
536 221 136
539 93 133
431 821 349
54 632 316
471 677 763
729 165 992
253 80 373
254 305 495
153 78 401
321 968 793
933 471 37
201 757 807
355 21 501
476 961 873
561 332 532
523 625 176
711 842 190
697 551 129
228 546 559
191 258 43
701 365 889
437 983 693
713 751 153
601 349 327
770 697 421
47 13 884
636 789 284
741 769 681
349 886 537
387 509 993
49 862 745
571 943 401
636 903 456
588 117 671
585 892 921
517 521 126
391 260 45
321 207 27
961 376 740
594 521 266
189 983 491
425 176 281
115 461 481
335 281 48
651 592 853
353 881 31
405 587 101
42 713 761
127 957 450
246 987 586
763 886 423
996 131 424
56 827 24
828 981 12
193 401 419
15 981 651
284 645 759
594 845 361
324 441 561
701 522 845
316 596 201
707 212 438
13 595 742
626 633 520
73 376 393
406 284 481
437 686 173
131 851 746
705 465 433
889 640 857
300 99 441
793 593 401
287 259 301
821 209 716
849 386 686
326 897 199
851 900 1
421 767 989
818 521 929
281 221 802
351 526 109
926 277 115
548 49 361
534 581 58
201 785 921
897 209 695
251 569 337
806 345 608
465 755 97
95 81 36
401 161 965
950 509 41
881 574 775
345 9 319
181 569 768
709 670 957
659 225 51
281 665 261
481 586 351
701 561 837
121 102 1
316 537 348
839 799 905
591 121 120
325 44 243
229 265 326
637 635 977
624 28 513
688 103 187
501 473 482
627 964 697
697 451 529
284 521 350
147 417 673
262 541 321
530 50 93
577 649 881
977 737 929
889 451 788
777 297 761
146 201 927
405 807 666
361 653 709
845 809 721
30 855 331
25 470 359
725 349 365
269 64 997
353 929 625
476 901 545
507 421 522
916 574 551
265 297 241
633 439 289
457 401 791
594 381 100
249 417 571
915 991 26
441 337 446
495 801 97
466 313 969
65 377 846
651 536 138
995 918 433
263 598 733
422 471 571
554 789 181
461 615 773
901 521 433
195 526 51
359 779 695
842 935 433
401 129 586
913 226 111
437 421 152
185 741 526
421 45 661
566 938 545
422 589 39
193 321 553
201 113 701
747 417 161
739 191 974
125 833 417
361 321 604
642 361 913
96 676 745
168 41 731
738 591 35
51 35 977
19 808 876
726 746 171
6 921 536
575 991 753
619 883 656
326 241 761
941 319 116
925 941 134
279 571 13
467 897 919
813 5 493
509 99 821
359 770 251
999 781 41
599 641 696
406 735 88
703 656 155
91 871 52
489 638 536
845 449 233
936 343 376
841 1 563
748 717 826
807 423 904
601 321 757
586 881 35
941 913 841
165 276 914
891 817 693
29 989 421
191 261 986
531 331 83
645 724 37
249 521 122
253 997 553
593 961 553
545 335 148
185 734 33
931 981 124
754 853 617
959 941 761
473 949 541
213 729 410
39 843 962
81 781 258
519 737 263
200 792 464
316 823 551
407 481 561
257 23 176
325 783 409
401 51 505
421 449 751
379 265 696
849 237 241
478 425 594
981 251 241
833 813 297
132 45 705
89 429 796
467 861 566
73 269 333
985 979 185
664 9 707
121 785 101
894 137 585
178 437 486
13 982 765
613 211 283
285 561 193
32 301 597
757 897 841
321 945 4
735 967 273
86 979 449
426 715 301
9 574 662
75 430 726
361 205 361
217 971 941
357 282 571
785 971 981
745 756 887
132 121 89
590 316 518
350 641 41
891 823 52
217 798 5
548 449 1
241 601 449
337 401 551
937 17 76
431 911 53
901 593 997
311 536 941
857 389 65
25 263 193
575 333 851
248 681 905
717 81 221
333 285 125
961 319 476
62 893 57
130 981 886
81 481 653
656 100 868
103 161 364
541 361 242
931 481 727
153 701 713
848 658 595
502 974 41
455 393 28
984 916 261
1 249 86
818 142 373
955 979 626
801 156 233
981 130 837
514 577 147
170 313 539
501 921 201
641 431 977
11 481 353
383 731 232
513 421 752
205 657 89
636 21 418
217 363 303
231 653 498
855 335 249
623 489 324
41 69 43
378 326 1
905 919 73
467 891 647
119 721 616
229 799 391
414 425 101
809 782 281
481 101 441
693 753 31
657 237 561
431 97 241
551 77 301
341 37 156
488 341 370
243 581 333
49 373 27
645 912 289
918 785 333
633 593 219
654 176 601
665 527 273
677 641 357
741 616 877
521 741 340
968 148 269
787 123 251
51 318 609
897 189 244
501 169 721
433 109 950
471 669 971
397 313 575
976 281 863
148 281 70
459 275 664
965 501 945
328 501 916
299 993 587
60 383 88
933 223 41
948 416 995
987 593 866
297 741 927
761 745 609
310 326 401
673 105 957
857 825 977
72 940 66
470 641 931
272 307 635
364 301 387
581 16 951
753 371 689
398 931 226
793 534 428
801 511 485
758 421 818
676 946 971
13 349 232
925 601 741
261 760 173
201 348 457
469 699 229
206 869 341
121 355 997
628 295 128
501 663 796
921 761 179
721 151 481
441 761 306
784 527 599
761 353 561
761 666 32
301 477 961
591 905 753
481 233 89
337 163 569
926 361 957
794 989 730
151 91 727
201 665 593
597 460 881
529 821 730
193 1 235
9 237 161
825 749 701
929 345 961
840 51 487
657 616 961
830 47 64
321 211 571
621 660 29
9 681 348
981 81 413
701 657 684
689 381 877
746 496 315
25 451 775
734 161 721
457 1 575
876 773 937
261 888 563
387 569 691
845 101 431
249 726 574
165 735 761
323 263 551
856 1 672
401 482 854
226 320 527
843 323 961
952 186 985
795 140 378
153 689 881
295 576 758
422 785 867
379 821 535
968 927 666
561 592 329
823 941 393
213 217 529
946 795 697
665 481 796
943 841 98
537 586 168
611 881 164
636 372 991
664 572 461
83 387 281
321 29 169
120 701 631
827 291 616
309 704 104
437 408 750
481 625 341
127 140 22
975 705 290
656 112 887
255 876 141
593 477 334
555 417 556
385 373 251
804 589 1
1 6 610
175 353 911
943 761 434
394 907 15
69 239 826
71 97 737
999 489 413
961 481 106
357 301 768
324 358 633
549 876 316
957 629 815
583 657 387
967 557 631
221 388 322
651 369 196
231 758 814
217 787 156
825 345 81
511 47 555
527 401 430
263 756 485
401 987 619
713 681 393
519 425 761
105 145 891
47 771 21
819 460 85
893 961 425
691 995 1
221 101 209
640 331 913
617 399 953
203 987 481
451 479 201
771 124 933
865 901 895
996 977 305
451 583 653
610 725 12
825 841 70
871 666 451
239 1 391
66 813 185
531 239 246
693 401 109
101 369 86
969 632 309
872 826 925
859 339 861
121 590 299
981 619 1000
759 350 483
422 405 301
557 421 94
401 376 869
585 523 565
959 566 137
565 193 458
676 361 683
417 57 148
961 921 329
501 455 506
105 761 201
707 185 568
525 30 112
321 629 152
501 557 719
624 385 273
773 593 895
987 41 189
921 233 21
809 405 741
911 371 337
671 611 851
937 25 485
760 993 293
721 613 393
529 201 953
665 353 120
21 271 553
885 185 697
406 221 87
17 387 511
491 393 905
773 131 486
714 926 731
287 251 756
437 571 687
305 769 483
897 576 183
425 641 641
653 797 493
907 949 741
934 916 671
39 833 369
977 669 128
577 881 308
418 929 561
213 583 841
362 441 762
31 505 197
483 249 409
384 681 561
991 765 660
161 625 33
121 481 477
131 169 891
546 35 320
89 241 277
549 722 873
629 27 586
374 993 111
275 227 873
953 176 186
481 459 741
36 467 249
17 809 673
345 602 642
640 881 416
225 501 881
779 521 561
707 276 649
452 146 631
303 626 113
501 346 573
684 61 709
631 839 272
381 129 769
738 927 181
331 20 465
151 456 33
806 441 433
905 106 189
570 441 313
209 501 885
56 669 364
943 1 623
373 703 81
236 572 285
81 34 753
897 969 301
769 595 478
286 651 521
351 642 329
76 313 81
840 541 707
279 97 409
533 696 237
977 229 273
635 891 281
201 802 49
151 318 599
291 116 249
651 829 659
351 260 53
913 585 139
251 669 841
721 375 957
187 849 251
686 462 125
781 67 331
891 921 554
361 811 694
545 9 545
267 868 526
95 785 88
869 854 235
870 653 17
241 709 977
631 911 381
289 501 929
960 257 833
511 868 984
996 526 997
178 241 460
881 805 871
921 121 97
601 377 385
538 491 815
43 890 791
151 713 277
195 271 601
801 1 807
857 163 512
721 938 583
11 351 159
228 213 803
94 396 793
377 967 801
166 591 996
51 657 236
746 313 341
521 815 895
281 370 825
43 631 912
345 601 424
642 264 75
985 377 541
33 26 265
442 701 767
101 673 25
73 416 506
175 151 133
91 361 465
941 857 227
946 293 921
693 273 459
687 639 833
626 285 930
109 529 626
665 515 1
617 941 676
257 576 29
975 481 821
629 565 357
315 351 433
28 742 972
515 417 473
381 465 503
747 789 649
377 289 799
674 179 901
637 445 797
993 151 839
407 421 837
796 349 101
620 169 296
246 541 617
441 851 791
218 478 591
721 691 1
39 943 169
350 378 239
229 894 381
369 105 209
313 604 711
502 330 949
445 753 984
745 406 417
49 224 921
991 946 313
414 97 696
916 349 861
1 811 309
341 943 561
565 569 591
983 301 331
940 537 257
461 425 916
961 679 411
224 677 775
951 793 413
805 901 263
321 128 849
186 477 563
81 849 329
695 581 141
105 218 834
913 697 367
789 491 376
979 460 301
1 411 9
261 45 891
926 251 512
309 505 1
451 386 365
70 709 85
601 168 99
535 577 56
821 267 666
820 521 266
485 781 433
481 444 120
283 229 80
124 89 849
361 170 102
27 466 591
330 474 563
549 524 281
948 188 322
905 109 355
361 681 985
278 177 605
811 881 970
841 369 863
85 841 392
231 841 551
761 796 375
961 549 540
363 811 670
825 857 787
809 783 626
359 687 498
673 4 45
130 977 421
411 241 262
601 769 183
905 861 236
401 355 105
657 367 744
254 455 518
434 481 807
6 169 526
411 653 121
816 539 57
653 326 579
881 23 301
890 637 266
821 417 505
501 489 747
226 481 109
481 881 214
881 897 773
801 102 483
159 779 177
363 913 137
137 316 518
217 206 61
41 730 421
657 666 71
747 407 425
841 893 261
969 70 801
615 816 207
52 266 913
663 143 139
881 126 643
869 603 461
917 355 85
239 909 417
401 441 926
695 141 570
884 311 473
156 857 961
842 541 77
309 411 398
941 913 797
363 449 471
665 889 636
463 304 209
217 713 897
911 197 905
131 517 129
581 501 561
743 399 185
51 881 806
433 409 262
436 329 705
77 759 577
534 215 689
693 653 481
145 718 37
4 901 537
451 546 149
101 981 882
811 41 1
106 659 753
241 223 689
948 757 521
481 679 920
79 896 343
385 301 981
454 369 131
157 837 1
944 499 505
261 284 79
921 593 121
181 961 251
839 25 441
226 548 591
931 731 665
897 876 209
971 121 901
141 147 9
889 975 933
164 503 987
291 401 847
956 203 705
396 200 825
576 66 491
377 713 901
400 801 865
977 161 811
761 953 89
428 706 851
441 985 671
1 881 981
341 387 733
854 25 941
901 81 181
133 706 991
489 366 996
767 5 373
56 601 329
407 99 383
505 713 695
281 925 941
331 4 81
835 471 870
127 705 961
1 311 969
719 561 241
616 551 435
851 895 789
481 748 41
305 64 142
968 397 788
561 1 911
414 437 123
836 520 128
573 371 837
905 721 814
53 614 15
457 957 951
591 657 684
249 461 833
79 701 429
201 193 882
202 651 881
145 97 532
451 581 101
245 601 647
57 449 995
541 363 493
321 726 101
445 208 226
361 385 89
377 475 306
891 529 481
393 209 9
533 361 989
181 537 961
752 735 533
606 797 596
899 271 755
51 476 822
847 521 521
611 86 432
116 237 441
281 210 869
489 731 481
639 386 581
661 222 40
55 808 143
201 485 258
342 828 521
341 149 265
593 291 639
628 849 789
941 549 791
191 712 51
113 459 626
425 887 576
128 751 401
721 26 179
777 428 551
209 415 957
780 369 713
939 751 971
442 295 129
291 441 179
449 361 801
919 601 951
403 849 587
299 678 354
509 657 401
39 229 642
896 465 877
749 155 521
638 819 920
825 116 457
214 536 529
42 971 669
200 782 440
57 573 266
33 553 26
439 593 391
537 619 562
245 41 737
79 185 831
985 343 66
607 693 281
486 588 611
937 694 646
91 426 197
9 431 264
849 693 989
625 251 817
673 635 116
621 680 179
25 889 521
335 25 939
501 417 237
385 781 731
817 397 732
945 543 149
875 681 265
790 41 323
829 997 987
445 169 295
569 835 557
708 771 733
191 658 851
877 625 918
883 125 77
867 151 815
41 41 734
125 581 751
965 411 466
1 501 201
441 500 71
861 576 821
734 19 141
449 461 447
881 689 396
851 386 971
857 187 62
895 867 793
321 638 49
441 353 256
727 439 826
181 7 130
905 135 881
82 321 900
993 21 135
785 509 851
626 594 781
515 561 23
813 430 980
137 113 465
980 251 624
588 101 81
154 759 616
424 841 553
518 979 599
896 765 301
373 51 811
311 155 30
595 961 381
655 257 114
151 208 721
381 765 987
353 950 465
929 617 780
690 791 707
191 464 958
539 259 234
801 251 677
771 871 385
466 869 521
74 271 69
1 656 566
930 121 966
663 353 813
716 750 514
891 377 35
616 873 199
97 801 689
177 910 621
18 411 954
832 401 501
610 126 170
347 755 263
161 951 281
117 254 221
1 864 432
237 169 86
817 81 73
779 313 811
989 707 461
706 876 81
681 409 627
993 121 454
461 281 877
105 626 455
761 504 9
801 803 644
555 777 677
21 177 1
217 494 121
311 51 159
841 782 191
457 113 57
395 457 709
731 661 517
700 720 747
745 708 453
846 651 141
377 527 888
129 701 796
320 945 49
536 489 240
919 985 465
577 985 601
873 415 761
350 706 925
257 83 799
441 361 305
649 674 608
625 346 829
505 413 41
881 407 753
149 89 917
443 109 270
39 347 451
633 481 145
113 1 337
378 565 601
371 1 88
737 71 729
841 850 576
387 184 115
837 181 272
809 837 395
360 594 874
401 401 756
356 381 858
174 109 241
621 581 881
276 1 781
337 325 297
951 617 317
757 501 609
248 725 243
716 454 697
251 576 883
493 451 860
561 53 577
839 617 329
300 877 241
57 749 17
683 624 983
205 472 817
341 817 457
681 601 501
581 730 499
749 619 382
316 50 300
621 23 129
801 227 33
825 593 971
643 911 984
601 321 377
199 558 297
415 365 969
533 865 545
281 34 736
487 374 524
201 530 287
773 46 118
2 293 971
205 786 373
291 536 469
55 197 153
201 699 129
349 889 426
271 137 905
1 476 73
433 909 513
313 569 801
877 414 773
947 785 465
617 272 246
521 220 537
816 437 180
166 937 701
936 793 311
657 601 961
703 129 489
1 436 551
513 777 409
485 172 751
569 260 937
11 147 202
632 213 783
948 482 15
713 473 737
381 55 298
461 765 547
945 952 961
795 461 380
417 834 16
614 827 381
798 391 301
569 871 698
568 72 384
173 880 565
92 513 391
536 799 761
718 345 753
993 995 761
644 201 553
953 41 897
201 225 677
81 904 143
867 429 251
9 931 429
997 299 969
278 473 196
251 452 293
597 897 937
231 201 705
341 181 393
541 329 37
890 42 870
102 242 206
993 857 258
922 943 161
863 401 449
503 242 181
385 563 90
354 480 191
503 585 416
751 121 341
321 761 189
9 33 565
119 977 877
442 269 400
241 189 353
125 139 785
529 108 290
821 353 154
447 705 235
301 389 631
920 105 962
625 901 447
503 621 246
758 711 324
499 297 1
329 724 967
386 219 591
544 157 681
421 72 145
501 401 813
315 281 681
137 251 126
313 705 81
486 111 126
353 401 965
417 605 115
45 153 656
685 193 386
865 631 486
673 41 81
711 671 621
933 701 342
595 846 846
587 944 41
935 135 599
31 33 793
833 299 934
282 37 44
648 91 97
329 233 181
506 101 537
500 381 193
125 812 923
551 742 113
441 181 708
493 397 517
606 668 561
323 721 871
645 869 742
369 313 99
7 310 154
885 73 950
105 431 903
201 542 20
161 984 295
961 697 313
137 635 422
75 567 106
721 350 699
21 43 617
981 81 921
811 411 984
625 501 608
166 497 901
631 770 876
883 180 681
98 148 617
896 764 715
889 87 459
93 79 688
986 169 576
679 576 1
961 561 67
286 641 461
628 909 205
661 45 51
941 89 255
852 611 506
741 441 401
625 873 309
73 653 835
501 985 99
845 361 257
293 975 811
519 387 196
572 647 326
981 749 155
462 89 614
565 649 25
944 29 336
611 1 496
144 279 447
154 903 349
81 619 799
741 981 251
116 569 255
865 775 616
229 325 641
273 611 553
423 543 829
89 411 256
785 551 881
96 365 841
113 470 553
251 559 425
411 771 139
31 76 417
862 67 461
858 965 377
323 545 582
311 793 606
629 85 409
618 893 369
851 337 77
821 216 729
261 565 361
48 401 998
129 915 819
785 17 601
68 936 465
54 742 501
731 369 613
598 760 745
505 942 981
537 393 37
752 731 981
857 145 436
801 645 316
982 306 351
553 155 889
53 711 251
432 961 588
1 261 251
867 6 485
256 349 789
705 265 891
161 328 767
977 993 757
611 965 457
961 632 897
425 444 521
661 981 131
789 725 66
1 201 249
161 262 825
961 601 681
761 721 690
725 723 125
250 189 429
432 97 34
187 989 897
524 601 50
453 889 497
876 882 234
75 651 27
758 595 121
396 713 82
300 921 383
101 701 311
270 583 656
177 295 576
77 6 891
132 511 809
651 42 459
701 698 551
959 133 540
596 547 817
811 937 785
695 563 447
167 665 353
721 588 877
285 929 441
447 981 887
435 213 425
212 928 601
501 663 229
229 51 593
545 538 521
461 455 89
97 743 255
126 889 965
486 569 465
525 989 733
165 751 420
433 611 449
427 19 251
79 144 1
175 161 625
621 441 25
775 201 900
907 581 209
442 323 739
749 731 597
292 589 1
103 544 176
349 243 236
257 110 493
458 841 801
61 709 625
251 452 696
361 266 3
752 670 626
237 869 881
81 77 592
548 257 793
969 985 917
821 369 766
873 107 1
655 851 395
777 865 41
500 741 208
417 177 48
623 696 511
613 299 127
315 657 871
183 991 698
673 657 166
268 780 605
751 809 676
62 809 236
529 863 851
157 141 719
593 446 810
561 249 177
607 90 75
553 701 801
137 509 29
265 751 15
983 19 578
487 414 861
695 337 77
313 243 763
69 847 343
47 561 11
885 11 153
799 441 851
112 631 209
399 28 731
561 660 12
91 901 181
721 581 935
22 152 163
305 39 445
977 962 166
163 489 601
475 193 297
21 377 33
127 45 894
104 331 172
981 535 484
436 574 963
137 466 901
593 283 551
701 237 64
778 130 379
151 413 667
376 801 458
331 341 998
101 809 265
555 345 808
491 865 14
461 698 323
733 483 650
411 879 397
997 449 216
859 347 921
558 919 151
685 946 617
247 126 301
726 678 441
776 345 238
782 801 506
183 818 129
383 849 657
389 217 949
1 18 873
721 796 596
501 77 791
864 766 738
441 510 805
651 296 760
740 997 601
401 693 269
852 696 925
521 521 126
951 606 443
41 353 441
689 515 503
951 240 751
558 361 47
373 141 201
415 150 287
584 585 129
739 321 287
901 714 217
396 981 110
321 466 726
209 249 587
541 461 329
473 185 213
637 676 313
989 879 558
879 164 67
801 466 676
641 440 311
481 269 389
96 521 369
19 161 275
168 485 48
875 371 770
913 561 315
768 500 801
465 71 985
425 209 476
722 377 579
801 701 29
961 825 403
468 21 256
982 859 653
822 930 333
686 780 671
204 401 37
221 796 431
289 131 740
865 701 477
475 885 733
353 168 140
376 751 651
981 165 962
297 579 773
821 865 718
393 771 315
550 965 601
776 731 761
873 639 285
157 872 864
531 301 983
491 601 836
681 773 121
403 546 321
156 776 639
146 292 57
685 194 845
993 468 342
126 345 959
168 382 979
35 411 453
153 426 905
602 890 662
43 211 701
956 457 825
981 309 476
61 25 609
768 371 297
324 437 95
151 35 151
895 649 973
89 889 593
309 951 829
201 61 570
341 707 891
895 201 61
959 501 665
176 335 513
145 955 91
911 806 111
889 76 471
73 881 535
417 746 111
369 561 801
401 111 340
179 911 996
637 713 448
689 263 499
265 291 616
237 201 797
759 893 37
53 701 137
513 125 87
705 606 619
209 156 301
745 373 376
126 124 203
901 337 598
843 665 883
971 661 193
711 903 578
801 653 895
401 721 895
17 919 909
193 681 705
805 389 317
849 164 71
281 501 972
921 273 29
17 835 980
691 475 91
817 331 973
733 403 441
397 986 588
191 805 337
356 301 473
82 905 997
321 267 566
951 183 405
239 951 69
973 229 916
701 525 321
554 306 911
540 201 841
461 357 851
121 161 421
16 788 434
41 186 21
75 7 275
413 218 786
401 501 601
201 405 709
130 129 594
961 649 657
639 45 796
793 628 113
137 313 977
268 63 841
232 502 178
71 721 974
426 211 117
437 445 36
279 414 751
29 761 656
418 659 163
531 751 715
865 202 763
89 714 450
328 73 945
75 331 761
765 655 161
160 771 259
901 101 801
942 22 648
996 607 57
461 543 577
877 395 711
301 361 745
17 441 251
729 353 204
759 71 361
391 525 251
979 729 33
283 930 980
47 920 662
389 292 76
774 801 93
327 801 589
771 961 937
89 695 81
793 66 224
441 740 922
353 821 351
673 830 301
193 481 486
9 985 771
326 131 41
288 729 482
941 912 801
761 761 108
560 467 691
409 926 521
408 936 428
209 157 795
206 846 751
347 945 721
575 631 565
227 391 244
379 969 157
141 725 541
925 17 994
651 442 185
374 800 921
365 793 161
492 377 325
231 421 455
722 139 151
980 313 389
410 650 201
494 926 361
311 669 313
981 165 151
941 611 191
713 674 701
451 931 300
585 220 353
785 231 501
747 421 621
649 676 706
631 375 142
465 216 517
569 484 136
533 903 640
427 801 691
177 838 869
343 820 994
831 404 966
32 489 982
791 201 813
915 887 26
489 181 705
255 441 545
489 108 601
707 919 904
141 111 521
817 213 169
170 205 117
517 235 667
969 689 556
175 769 703
301 797 355
521 467 376
635 606 418
674 671 325
844 401 385
461 246 247
663 431 408
392 689 521
1 501 377
262 645 200
626 691 997
748 363 1
368 847 857
221 465 217
401 548 297
61 523 921
779 711 366
879 295 521
17 87 205
401 601 617
1 209 171
435 767 395
365 755 986
865 404 348
513 337 134
795 246 693
132 440 526
665 617 829
132 119 571
893 676 866
813 852 956
465 449 641
206 853 327
491 425 919
417 721 841
940 511 57
353 314 235
347 825 51
911 121 103
957 511 127
899 213 240
233 972 689
496 543 448
887 532 721
801 541 969
888 1 757
232 262 875
994 366 529
931 1 394
26 465 187
356 399 137
901 393 131
98 261 336
202 101 401
251 129 929
686 427 961
521 97 713
681 793 624
131 302 447
393 123 961
77 761 215
265 736 611
554 476 407
628 93 217
864 386 144
633 796 161
547 358 576
524 619 21
81 17 289
281 533 833
727 889 476
905 148 810
329 825 624
131 401 131
531 936 465
9 483 279
181 315 161
751 785 196
417 266 951
451 189 25
721 821 785
49 113 961
769 415 281
759 723 939
916 226 322
331 661 521
240 536 261
929 10 665
242 946 78
730 6 867
581 890 673
271 952 1
325 141 951
399 101 57
701 101 701
961 171 985
557 739 449
144 351 945
205 73 665
701 473 11
166 255 548
496 507 365
21 1 26
673 89 629
122 600 935
435 851 201
147 627 377
605 576 850
867 329 670
95 505 361
45 711 215
940 728 369
121 765 329
721 201 313
176 391 401
861 628 761
752 62 49
225 652 877
141 681 900
709 501 871
793 171 731
468 115 176
185 995 785
369 815 713
176 279 283
117 673 801
51 417 841
884 689 235
109 161 316
931 368 462
731 611 781
145 845 25
644 984 126
732 268 103
991 431 341
253 117 751
95 909 39
675 145 342
609 522 941
285 328 931
519 349 801
279 943 669
986 566 355
429 504 877
713 742 731
245 53 281
589 960 467
666 76 437
371 989 584
241 181 21
81 207 270
909 713 525
492 904 778
832 355 867
401 921 41
817 316 561
53 943 361
449 166 980
5 201 855
282 757 124
507 700 418
918 951 673
601 646 185
801 601 457
660 46 113
709 952 533
680 7 801
117 881 631
657 269 41
709 581 41
455 519 206
985 480 291
674 35 196
69 570 546
872 239 185
121 937 249
365 76 889
451 354 166
354 716 498
677 505 285
897 461 303
269 501 173
137 762 346
171 852 317
303 769 605
249 95 764
564 401 695
681 569 998
178 909 408
483 665 513
299 760 501
983 301 133
537 451 971
921 484 596
681 721 849
353 781 388
1 738 721
969 873 421
590 735 41
849 981 313
928 337 91
497 257 531
860 241 225
422 333 611
947 877 401
401 769 365
36 411 241
897 645 989
481 61 465
793 565 536
961 521 105
778 413 801
745 463 59
279 161 187
556 288 651
896 601 394
737 175 291
11 458 227
229 153 465
861 971 5
374 973 926
81 495 735
997 98 911
241 887 994
403 316 396
385 573 835
758 811 251
561 296 5
441 487 896
422 401 207
891 10 897
581 481 306
405 781 477
959 325 321
313 529 1
861 33 865
601 273 781
425 16 641
113 424 189
449 863 147
241 366 41
891 311 712
553 349 181
201 911 851
97 689 746
536 357 149
618 801 609
36 149 133
881 777 787
401 793 696
955 473 131
393 633 493
557 776 901
407 251 333
356 783 847
845 993 131
761 802 41
605 676 173
161 176 882
917 495 821
788 761 351
274 951 81
891 369 554
830 753 109
769 345 680
75 201 929
965 505 501
143 705 513
441 701 547
512 803 637
13 811 809
761 452 201
679 298 489
110 279 225
779 304 930
613 406 821
519 665 685
525 951 637
451 809 391
41 937 474
993 589 951
953 811 775
259 394 24
586 725 86
973 913 505
841 601 141
1 984 635
376 169 129
577 149 681
781 237 467
729 43 345
421 382 342
181 666 789
41 116 876
945 881 395
48 955 758
251 181 601
625 205 150
542 883 773
7 109 729
638 217 373
779 501 433
64 549 701
170 591 811
337 977 321
124 601 193
433 441 529
658 464 373
651 953 726
602 98 101
519 156 371
11 260 861
71 917 815
496 746 480
800 993 866
977 761 727
929 41 185
153 577 203
581 564 855
545 979 841
490 343 305
801 529 533
312 855 924
295 853 229
105 637 653
991 939 257
805 945 513
156 545 5
606 216 201
781 479 559
665 276 676
953 961 1
764 519 345
53 401 281
57 869 585
251 835 176
489 877 463
787 301 640
925 473 23
79 859 259
641 661 181
111 673 112
941 401 627
442 559 377
66 411 641
601 657 761
869 965 38
721 606 161
697 637 499
585 530 668
579 761 846
389 136 853
271 633 606
391 371 706
146 389 415
465 505 545
131 683 205
335 741 936
851 663 259
931 181 249
461 689 221
367 596 360
855 197 429
341 126 429
613 853 903
128 601 351
881 441 637
936 173 813
86 941 646
526 81 491
102 446 676
3 926 331
233 705 163
281 357 248
340 130 861
76 249 757
305 165 721
725 436 355
37 599 461
277 35 225
901 889 743
36 735 138
397 97 673
985 553 290
156 400 337
11 800 845
310 289 361
43 837 263
11 836 217
645 753 773
976 576 805
607 465 206
141 761 818
124 865 569
601 546 571
937 177 198
118 579 821
501 115 169
186 901 463
473 941 517
477 518 34
155 587 743
644 251 999
651 477 641
957 90 521
593 60 357
466 38 217
248 477 833
696 605 751
361 351 97
67 956 463
749 289 339
441 949 106
682 169 155
290 425 124
461 557 944
67 546 849
365 241 369
681 211 417
241 605 324
435 422 227
945 951 820
405 640 941
291 221 898
637 464 873
541 801 684
105 422 351
695 817 177
689 992 281
537 282 1
480 805 705
61 313 426
727 917 553
961 173 521
381 845 901
281 326 427
494 653 25
793 551 68
574 201 73
109 748 129
187 865 911
842 697 780
513 615 69
649 261 939
329 6 593
905 426 439
161 447 621
741 969 381
847 790 686
181 811 466
865 105 801
681 597 561
337 386 574
666 593 541
712 411 189
526 477 577
169 659 183
666 219 397
871 217 640
63 216 453
569 601 221
857 321 701
312 393 871
537 369 999
561 475 721
56 697 313
814 401 117
377 816 697
149 313 926
498 911 129
825 399 961
479 211 672
909 901 971
151 953 181
832 977 888
700 201 273
777 196 544
380 43 514
617 226 811
621 253 594
153 553 589
961 29 270
566 369 671
241 131 989
171 379 761
639 213 353
581 236 926
82 427 551
831 553 466
141 505 871
937 905 865
130 506 151
857 921 869
331 476 907
1 489 779
345 865 673
943 841 826
76 190 261
784 701 638
491 135 145
381 939 384
84 105 165
817 719 253
841 504 853
625 769 496
281 753 545
941 404 55
334 469 256
360 371 809
45 965 185
241 927 430
973 101 38
726 523 605
596 481 657
381 801 346
927 231 271
801 521 569
609 201 55
177 86 873
35 96 119
994 895 721
313 101 996
628 597 427
966 950 16
221 981 339
115 911 657
861 477 651
653 793 801
677 989 711
216 821 374
73 793 473
343 661 833
942 265 872
53 59 767
526 746 529
397 79 347
129 395 803
961 352 473
574 273 181
250 57 41
866 467 596
773 376 789
824 20 181
897 318 601
867 633 484
241 41 111
273 26 657
341 15 931
975 898 929
126 930 108
680 511 1
818 875 381
165 426 215
161 69 461
699 826 553
273 61 885
721 822 363
26 921 783
816 477 933
82 148 991
371 277 177
631 281 469
607 991 459
197 469 247
361 144 11
994 429 221
85 543 861
537 596 1
603 881 233
697 586 776
357 771 235
601 781 793
677 266 81
601 833 644
275 727 354
168 101 873
937 141 507
616 414 29
276 284 576
401 773 177
386 969 627
128 168 462
581 521 175
767 61 173
821 638 137
701 786 661
1 207 179
457 971 174
376 905 114
459 593 953
125 706 851
107 829 897
277 617 59
877 47 367
801 401 847
659 885 971
863 882 259
902 345 823
873 241 929
83 521 589
130 721 873
98 569 351
33 507 641
967 359 257
329 901 937
345 849 985
987 21 568
923 138 581
579 745 137
906 762 321
101 851 51
145 753 812
689 551 965
501 957 641
558 841 277
37 459 444
394 921 643
901 999 265
753 541 441
845 865 517
616 183 673
82 361 449
219 601 119
764 335 671
508 937 501
521 909 769
213 353 41
1 873 821
167 94 377
775 497 926
223 459 26
891 468 963
793 687 433
1 345 459
417 569 904
29 433 231
259 801 201
889 111 71
817 233 701
885 457 618
651 369 225
972 697 481
190 457 789
383 337 846
459 696 169
551 801 953
874 985 185
251 710 113
277 258 201
976 553 971
859 863 370
847 355 601
705 893 853
716 831 25
379 641 801
69 121 433
674 897 113
537 971 481
393 399 469
201 83 881
505 793 367
601 802 673
195 951 747
486 162 273
876 163 499
889 596 399
580 785 13
389 338 607
671 177 631
815 510 337
85 385 929
226 159 877
536 155 985
9 881 376
917 593 369
521 53 601
77 630 773
296 167 411
811 74 746
681 514 401
659 681 107
701 792 961
762 486 837
23 817 358
381 381 115
691 626 577
603 381 537
81 146 792
350 551 120
471 988 173
89 642 34
589 245 897
389 127 357
31 697 671
339 649 373
521 412 293
671 377 494
373 511 884
321 922 31
289 161 681
441 441 271
455 589 561
806 235 17
790 37 711
755 17 185
579 770 641
505 51 193
251 53 161
950 338 721
759 622 669
829 373 856
928 871 566
484 636 21
562 488 889
46 489 451
676 625 61
795 885 358
113 121 743
351 596 1
401 165 623
785 633 281
806 541 489
19 545 315
551 289 425
416 781 89
626 776 508
33 233 943
769 144 3
345 145 33
511 613 151
549 113 231
303 885 513
376 538 297
135 473 205
924 370 378
555 321 781
817 586 241
340 397 507
91 997 995
161 101 926
183 711 357
921 43 534
348 753 883
821 285 84
91 376 281
91 509 551
225 873 976
21 449 157
648 129 539
881 976 313
131 476 223
113 840 356
265 621 773
426 416 225
521 821 129
326 257 55
321 535 199
987 821 41
599 497 799
901 576 321
881 649 284
443 801 1
959 817 861
927 476 389
251 953 183
418 57 585
767 751 496
471 625 534
212 836 865
839 357 642
905 286 514
719 693 160
14 761 922
825 341 668
401 884 919
681 905 572
701 467 973
937 105 897
866 1 97
649 380 51
909 242 21
97 779 996
223 873 646
17 701 293
630 495 926
789 346 876
737 961 186
886 317 401
81 683 395
407 989 651
27 41 757
941 241 80
873 109 951
776 736 995
961 745 769
705 367 161
147 252 751
5 1 33
577 648 709
161 428 395
628 281 374
242 328 433
821 153 393
263 361 395
413 850 781
547 721 281
447 835 324
265 879 243
593 841 101
849 667 767
525 555 561
571 641 405
76 252 697
468 29 243
889 889 952
34 849 102
388 469 883
201 783 397
71 717 15
367 503 393
871 113 100
419 669 417
753 686 381
477 373 145
183 776 941
361 501 655
849 163 929
641 761 621
953 375 691
218 19 801
123 51 233
465 905 681
869 546 681
366 894 207
151 54 108
591 333 151
946 173 316
121 285 875
337 201 153
565 2 101
238 951 66
121 829 253
81 961 217
802 289 925
933 611 818
255 441 561
951 809 216
347 615 331
569 145 825
801 753 355
125 268 401
126 221 499
417 121 522
675 838 161
145 145 74
477 937 273
602 37 689
725 43 661
650 36 821
945 876 21
706 31 281
373 770 411
630 753 163
643 397 51
129 45 104
569 866 363
761 265 551
860 799 977
201 701 817
218 611 338
55 353 954
371 937 335
145 123 433
199 713 852
251 463 741
278 923 367
65 506 296
29 249 991
503 335 225
584 801 789
153 850 669
627 61 749
351 37 376
336 126 351
11 771 649
565 661 635
318 293 817
721 603 855
313 271 41
654 839 747
1000 209 770
56 286 793
616 321 398
406 449 741
751 346 751
758 661 623
457 347 829
449 713 55
475 581 481
173 465 129
786 492 461
669 357 441
377 131 566
121 989 57
263 272 18
76 128 511
481 553 876
257 569 249
751 619 433
635 11 696
993 848 397
89 681 88
965 663 183
953 11 573
15 57 381
787 795 657
361 15 416
113 399 453
201 341 629
561 489 399
744 901 551
955 153 813
389 469 76
985 177 121
497 738 639
576 341 205
809 385 901
841 905 599
609 688 661
855 717 895
641 814 801
601 651 661
147 366 561
95 591 451
536 809 51
331 369 183
507 405 609
839 193 56
715 345 961
961 849 472
296 961 850
617 210 523
763 221 272
949 259 897
433 753 678
781 26 152
396 41 641
425 417 415
99 341 69
789 873 630
499 896 685
671 251 265
91 988 526
234 601 351
417 25 573
868 165 257
821 781 717
131 2 617
941 119 737
833 577 559
19 587 363
418 721 977
351 145 801
985 901 511
901 626 395
395 376 465
182 72 951
935 88 251
305 825 813
2 21 733
816 951 137
321 827 49
529 876 750
777 361 681
569 985 217
409 251 257
836 303 121
407 893 281
521 368 91
81 84 968
783 337 959
321 697 753
265 199 766
894 893 274
437 471 961
361 869 353
905 926 673
885 976 393
373 847 793
38 305 377
401 498 537
651 121 639
634 712 781
251 441 709
521 215 951
792 495 397
961 149 97
777 10 6
986 295 701
621 613 809
561 799 603
47 948 961
497 185 82
487 209 281
687 188 105
117 836 387
562 505 313
65 471 803
719 501 101
443 377 905
876 626 926
21 104 405
292 101 282
833 140 545
476 518 568
309 151 333
985 929 152
676 165 841
401 797 669
304 259 229
737 461 817
911 751 510
945 926 393
59 21 313
881 709 862
279 721 364
623 836 618
137 751 351
966 745 581
581 390 517
401 761 913
641 171 805
538 382 537
555 166 880
151 652 403
825 121 858
201 551 21
696 679 132
512 231 549
681 97 266
593 301 633
766 500 501
527 617 589
913 261 353
648 823 373
575 785 445
669 289 977
275 499 914
153 424 968
425 321 501
825 803 574
721 737 317
625 489 177
641 51 421
877 61 881
431 267 526
825 23 233
643 371 265
497 91 601
801 267 693
656 858 283
321 733 785
801 511 591
133 617 981
64 764 965
493 889 393
726 641 772
747 58 8
511 857 781
25 521 486
33 599 841
858 495 873
173 356 209
687 721 81
462 68 925
724 883 133
381 676 102
641 241 551
506 851 854
598 741 545
91 504 1
121 721 955
685 551 841
203 49 850
861 903 417
905 679 189
811 463 39
60 755 361
339 223 321
61 129 966
653 101 472
841 591 335
977 273 409
701 345 661
139 637 953
415 717 825
521 967 357
419 264 399
133 111 999
87 104 217
847 548 695
173 9 601
826 241 881
107 393 565
467 622 895
373 635 723
386 31 613
801 511 416
401 226 161
89 688 501
397 509 603
933 639 707
394 261 201
953 589 443
479 767 792
495 433 803
995 751 330
551 141 973
433 555 661
653 676 127
91 197 773
1 451 939
913 581 243
468 21 232
933 709 605
717 302 291
633 702 847
859 724 351
18 433 961
331 943 401
271 711 220
831 61 949
865 393 700
260 457 812
398 963 153
324 551 101
801 251 41
294 753 793
37 389 61
978 923 825
681 525 201
311 239 76
697 133 745
663 869 285
33 145 65
293 357 571
691 612 721
776 852 581
561 644 883
465 401 71
311 98 978
973 553 681
315 552 737
249 1 361
281 541 781
86 753 854
617 600 57
902 843 333
116 736 287
517 721 365
939 361 229
901 541 821
701 913 481
122 458 164
71 689 821
281 767 144
577 953 177
641 385 269
157 629 327
426 374 67
705 899 287
117 601 833
626 531 497
769 217 781
841 81 77
121 179 737
932 289 84
147 601 867
706 406 539
126 397 805
505 80 361
753 673 273
823 639 519
834 129 197
409 522 612
777 311 857
841 371 841
537 1 818
481 126 698
303 331 217
321 201 596
36 575 349
458 829 640
751 126 881
501 801 454
51 441 101
845 569 154
241 850 641
419 634 775
809 272 651
337 791 271
721 367 150
391 591 906
830 720 198
331 562 769
721 711 120
985 551 577
834 547 169
895 67 254
84 201 779
745 187 401
331 489 493
481 111 818
136 969 956
246 251 206
318 721 1
831 641 783
383 319 696
190 261 721
832 783 471
41 506 713
873 621 353
284 998 674
769 769 852
329 493 153
889 931 78
889 1 511
697 681 546
208 535 587
121 81 969
525 88 737
817 606 481
475 703 681
47 881 556
399 731 716
455 209 511
59 560 907
481 305 597
189 199 875
92 623 196
385 446 825
565 937 611
65 789 335
169 474 532
997 841 661
177 195 585
889 315 153
941 147 799
584 335 485
614 521 557
41 681 979
391 217 558
722 685 806
413 599 681
535 393 387
153 247 805
961 671 843
339 834 461
297 849 721
786 513 966
942 627 921
373 416 361
746 763 203
601 546 1
504 801 794
361 653 988
874 651 479
188 281 712
626 525 716
387 799 823
185 525 533
397 949 973
257 481 100
209 389 345
490 765 521
601 837 868
721 692 743
497 765 407
621 870 709
561 801 1
609 671 829
521 945 605
436 183 162
133 279 67
561 857 916
689 993 991
391 3 573
49 597 551
113 793 71
421 531 177
991 539 231
469 415 691
962 193 711
951 923 999
964 277 771
761 594 941
153 165 469
449 823 753
521 166 762
865 279 817
525 253 616
545 441 951
455 257 868
138 145 785
409 948 400
36 501 815
443 236 108
253 121 909
979 307 998
414 351 82
726 911 29
975 734 691
653 873 575
621 281 441
721 722 561
785 524 345
996 122 526
392 56 321
419 156 265
907 822 183
497 801 755
949 667 341
711 601 791
81 320 807
565 647 721
482 421 470
377 316 937
2 335 933
361 791 997
919 211 11
609 743 733
507 882 9
435 449 157
901 466 281
87 889 891
585 334 541
255 411 123
683 71 375
365 407 546
534 553 560
601 821 776
696 69 701
339 123 137
115 327 81
826 969 356
171 85 1
613 48 836
673 539 968
672 941 807
566 609 689
185 151 61
535 985 57
311 33 906
461 113 968
