3572
83 501 495
607 490 445
271 201 731
178 725 649
603 921 445
230 446 217
313 45 34
951 91 359
181 585 407
201 55 451
921 281 43
405 21 777
220 581 63
751 110 525
221 628 58
301 364 101
881 78 561
671 231 801
966 229 491
469 497 683
589 865 553
562 229 691
415 906 601
582 586 287
1 192 630
281 137 821
906 821 101
28 501 873
536 753 879
527 641 901
781 157 319
502 942 465
199 266 876
321 161 559
825 196 784
896 177 581
551 228 146
563 237 66
57 374 563
317 293 281
213 679 495
769 261 793
445 51 23
961 1 387
672 601 983
892 345 143
625 281 601
699 939 239
121 993 514
346 341 191
198 503 961
135 893 435
71 937 121
401 901 840
666 640 778
726 391 609
355 996 553
255 901 399
121 271 297
498 261 801
49 452 376
626 937 401
998 256 193
387 741 313
693 474 685
571 941 475
886 991 918
519 31 844
241 671 441
379 337 251
90 520 1
151 689 661
507 129 381
377 718 575
857 391 89
249 905 841
656 656 881
926 905 545
463 341 424
494 901 506
753 534 775
619 119 550
3 245 581
641 861 369
141 595 783
373 363 1
789 43 289
728 411 717
33 1000 269
209 711 128
659 533 1
455 703 617
906 3 585
693 689 978
489 265 545
720 1 190
56 154 677
47 397 225
381 57 377
205 629 451
501 76 471
628 922 1
245 151 705
529 241 280
803 831 855
941 947 391
956 625 965
415 375 725
986 731 821
889 745 214
291 121 745
147 689 288
203 971 121
337 36 425
176 535 251
744 535 875
561 656 251
318 635 851
1 390 437
177 223 735
685 946 385
317 277 651
604 361 857
962 197 915
791 257 633
610 409 711
271 66 167
346 697 468
164 236 241
871 241 874
411 523 630
526 273 281
577 424 297
284 346 603
432 274 925
652 101 789
95 777 175
789 68 119
31 203 622
569 289 1
903 745 353
246 681 85
651 569 357
531 845 385
317 241 513
25 9 637
913 489 297
725 489 450
621 940 257
910 501 801
851 325 895
689 407 512
445 892 787
746 209 965
971 44 156
41 1 340
57 271 99
305 737 211
793 564 703
449 802 57
748 462 285
760 649 545
115 649 993
225 499 831
605 749 1
675 660 213
409 319 781
511 31 1
441 75 217
45 320 725
6 415 41
527 696 601
633 505 263
71 904 977
971 924 501
751 26 908
229 573 809
405 119 960
136 165 579
509 671 466
335 154 561
964 957 261
9 231 318
767 939 160
798 321 881
673 557 146
631 495 428
653 193 751
681 901 837
436 131 181
585 891 585
161 146 216
958 297 969
434 831 97
45 70 963
507 591 172
881 502 529
441 281 397
321 833 595
401 561 375
509 879 861
321 903 457
561 591 815
719 435 231
475 753 625
149 269 581
515 471 97
521 631 51
123 281 371
407 433 851
887 211 621
627 836 51
140 851 723
221 134 257
87 357 966
211 647 127
157 216 400
118 681 973
726 373 461
293 259 242
63 892 397
131 717 473
397 753 701
118 27 185
372 621 961
908 801 161
106 819 553
818 861 183
374 905 996
559 892 149
243 273 241
773 740 753
505 241 371
17 585 13
102 949 431
273 121 481
321 113 407
543 261 90
356 681 625
570 717 189
183 293 988
504 667 817
647 145 751
785 448 167
745 605 77
853 526 325
872 33 161
964 128 841
51 25 489
606 193 536
941 657 831
881 165 595
945 73 686
523 277 987
527 868 909
281 415 680
797 307 189
809 285 92
176 420 121
154 216 823
643 286 687
5 729 733
913 193 584
696 19 775
181 220 302
364 281 569
449 351 113
117 406 81
389 381 401
951 397 563
748 571 957
1 507 161
745 860 81
287 171 58
819 131 883
203 106 857
449 356 633
261 9 46
379 945 205
416 493 631
831 600 136
539 845 275
476 658 351
379 243 521
446 249 820
65 191 849
14 551 611
89 601 996
420 641 633
723 145 127
433 321 911
193 241 533
656 546 949
411 342 105
361 827 529
524 449 465
889 868 225
721 257 617
404 671 961
941 358 685
283 973 596
221 62 63
576 264 369
529 935 401
617 169 746
186 721 764
981 711 259
950 709 201
491 607 193
369 633 429
221 721 139
228 418 752
201 736 601
532 784 796
29 933 771
16 869 833
297 577 725
915 990 652
332 473 850
915 93 935
701 49 886
375 246 573
823 801 512
779 76 929
867 151 564
598 889 1
26 156 681
369 841 881
117 756 81
641 613 810
633 685 477
851 365 76
249 249 500
681 583 911
894 376 351
247 560 621
489 601 131
999 937 409
1 657 686
904 331 483
498 541 9
849 593 936
122 224 691
47 472 157
812 648 45
913 31 273
465 27 86
931 981 125
948 32 773
477 151 365
513 101 524
801 809 982
241 52 951
357 321 554
597 41 302
125 448 841
317 361 881
103 593 956
669 71 935
290 411 158
666 969 85
105 454 439
405 713 813
861 423 786
871 505 93
292 709 758
240 921 617
256 387 697
660 109 481
713 70 943
609 241 865
1 280 775
434 389 29
806 498 939
931 521 500
239 321 141
907 842 677
267 158 721
209 950 433
601 269 711
513 976 539
196 786 253
837 841 246
781 441 436
285 998 405
383 361 473
324 393 889
598 491 829
953 453 1
965 251 835
732 970 801
585 479 513
1 387 905
801 473 676
651 601 553
606 117 872
717 369 418
361 25 575
729 401 429
686 81 360
921 704 217
257 529 93
251 977 654
167 951 452
69 612 8
811 509 831
303 471 191
74 232 55
281 772 676
557 280 801
461 113 851
71 571 976
760 273 986
977 619 787
791 259 685
56 765 329
501 101 302
945 927 551
496 177 421
465 630 649
97 913 861
501 955 79
73 251 361
947 398 937
126 1 376
777 693 401
89 818 436
849 497 449
882 81 352
850 145 953
621 679 301
215 337 427
901 250 597
617 381 341
626 401 700
721 281 329
504 75 247
801 249 145
132 555 223
409 505 501
137 121 61
101 657 893
20 369 122
548 625 439
255 259 433
526 162 38
441 111 715
417 101 741
185 665 356
941 865 801
168 659 269
791 833 319
235 225 187
1 634 1
45 721 921
71 775 595
126 729 937
141 21 709
361 761 1
954 477 33
926 33 561
785 25 303
929 847 135
876 281 926
765 929 447
251 421 715
691 285 402
333 918 865
929 441 618
673 296 843
351 51 747
911 820 276
365 816 867
681 185 937
865 225 279
913 269 834
542 693 419
702 185 108
625 921 491
686 868 509
297 525 77
801 570 315
746 867 635
115 351 121
790 671 817
79 451 821
275 433 816
501 211 648
246 213 363
538 24 557
150 565 751
554 976 121
412 881 785
907 180 266
1 682 221
933 1 965
893 476 691
596 556 481
245 546 577
718 981 872
841 675 1
369 615 1
817 112 508
426 324 998
121 117 1
751 117 534
761 937 157
623 637 583
693 577 301
654 94 129
593 62 401
181 289 267
99 284 213
20 409 950
936 83 760
370 114 703
987 636 161
41 537 562
121 557 17
673 197 810
216 441 719
498 665 145
121 201 847
61 17 941
223 169 141
281 366 721
551 601 819
212 894 975
289 429 441
591 440 373
876 969 666
707 701 726
416 999 337
541 742 216
337 609 146
879 923 657
951 184 681
384 236 281
993 681 753
441 1 913
179 574 1
863 510 776
153 681 721
281 135 315
609 881 584
251 817 444
661 553 681
383 431 626
100 271 516
523 572 25
705 281 419
221 285 121
338 641 259
185 217 89
80 631 575
957 221 361
913 841 588
611 31 439
766 326 1
436 203 938
434 389 501
410 951 865
652 590 1
625 258 179
225 709 685
58 776 909
346 476 364
951 505 183
951 452 453
229 988 723
341 1 696
541 221 1
240 939 113
148 574 571
465 561 931
441 899 455
597 921 561
477 379 633
137 736 793
71 177 81
663 873 905
201 305 256
322 608 617
770 91 105
509 161 393
1 17 426
833 906 939
281 795 817
841 381 59
52 504 981
971 94 421
561 671 701
361 29 911
961 815 255
19 611 782
801 293 296
821 441 604
585 737 467
81 169 345
757 5 777
89 885 34
529 401 201
226 886 783
330 91 881
703 845 426
395 12 602
792 141 843
149 532 437
722 817 195
958 14 551
752 652 301
639 782 641
753 853 695
281 591 61
525 295 281
367 841 651
674 661 881
663 297 715
477 897 81
237 665 649
651 471 811
251 995 526
757 990 509
478 957 905
641 455 711
265 181 398
821 464 550
811 729 441
751 862 206
313 608 841
807 751 265
625 870 770
323 74 783
691 910 489
309 507 254
961 909 305
743 975 201
691 234 229
565 311 601
401 109 911
871 657 819
265 926 728
261 406 843
983 526 36
426 727 790
805 231 713
176 898 525
557 457 719
217 831 325
723 992 961
131 204 395
136 475 729
643 214 385
301 101 577
151 464 551
929 924 691
449 571 169
457 631 241
729 337 86
845 950 111
813 597 637
473 421 786
333 771 689
24 721 866
528 732 49
501 120 722
857 985 851
927 501 196
434 810 532
928 849 301
116 385 366
399 327 987
315 241 305
573 709 933
9 225 121
883 175 543
753 16 289
767 66 37
713 921 939
237 377 401
366 6 194
793 633 949
119 959 453
141 948 976
373 977 529
75 500 809
55 730 51
910 809 531
302 969 885
85 985 538
593 101 1000
303 455 809
553 216 143
317 884 250
1 921 229
551 52 866
381 969 231
251 571 913
99 820 83
947 537 425
41 960 296
677 91 641
93 989 373
393 636 802
721 205 705
603 136 281
267 827 442
179 353 257
711 293 376
228 856 421
897 97 349
718 435 976
998 858 654
456 809 800
917 53 146
683 561 981
721 277 686
155 431 929
957 601 921
986 721 321
929 145 180
641 386 610
842 849 258
721 537 51
89 714 697
65 835 168
769 426 612
255 577 709
1 235 177
285 903 121
220 61 481
655 191 890
536 126 64
669 41 969
671 239 948
827 5 389
321 321 595
360 633 761
977 948 725
401 741 486
870 868 754
401 241 751
643 193 485
401 851 242
805 551 583
184 231 261
765 151 247
943 801 595
190 569 993
537 833 650
685 887 961
121 512 680
457 81 561
808 338 434
169 159 781
595 705 33
599 625 186
576 384 838
644 267 967
335 589 391
444 233 241
589 201 531
720 306 673
116 43 721
646 229 617
600 342 601
327 561 108
811 702 423
744 341 439
9 771 425
237 189 745
893 905 821
582 593 731
336 131 211
57 9 201
469 551 513
196 471 637
723 451 66
809 1 269
987 990 846
137 483 752
43 161 167
897 751 457
569 761 736
641 543 737
841 337 868
993 933 635
816 445 673
145 319 306
43 151 413
273 183 843
846 429 263
265 944 49
121 860 76
429 644 39
451 751 921
217 413 14
209 926 193
85 522 599
81 571 121
61 535 865
917 481 141
358 521 850
589 194 121
368 685 351
867 501 796
89 177 426
146 117 105
698 600 952
177 504 653
91 59 97
331 454 59
449 505 237
689 785 301
569 681 421
763 141 680
545 449 611
930 221 761
461 777 201
982 901 711
505 313 461
234 111 241
481 617 345
926 857 283
79 752 856
745 233 607
369 979 454
563 869 521
147 849 839
821 237 1
545 61 569
553 1 286
626 481 870
5 467 276
25 971 244
691 401 162
362 541 646
75 891 691
626 836 1
411 352 287
289 624 169
467 391 433
501 626 201
645 467 901
697 956 481
181 81 859
333 697 315
905 205 809
497 708 400
409 937 529
249 949 990
835 85 206
91 894 208
201 245 221
970 564 643
283 881 794
605 781 685
545 177 101
307 425 851
811 801 221
514 265 143
321 520 121
918 394 989
469 783 603
593 689 961
581 621 995
365 908 711
521 489 263
269 829 609
673 447 49
453 521 137
920 843 776
115 787 410
678 75 171
947 633 957
630 381 509
625 13 709
118 506 326
201 868 289
301 309 531
305 601 649
529 876 669
401 177 766
961 129 865
51 606 119
233 549 737
61 391 878
271 281 783
105 626 114
826 841 444
725 640 649
980 59 209
617 226 490
26 546 391
483 319 151
547 889 37
73 551 331
629 355 466
377 601 451
57 539 269
642 309 751
933 986 577
108 610 953
797 749 361
865 733 768
705 751 101
329 315 943
833 91 564
97 935 167
281 443 987
636 691 225
375 217 929
860 345 433
705 753 401
381 201 381
962 723 779
522 121 153
221 467 407
141 633 700
953 289 473
385 852 809
943 624 371
617 766 848
501 951 400
233 811 761
715 181 1
477 171 541
825 701 509
161 491 62
666 648 801
791 515 648
413 977 547
275 846 605
461 636 873
701 377 541
901 489 393
454 231 521
276 786 713
913 380 961
356 961 401
380 209 690
112 858 17
701 827 3
736 193 201
585 485 727
105 251 353
1 977 276
41 725 387
444 36 627
401 618 148
200 246 761
645 271 201
119 353 633
656 666 76
166 299 308
193 921 449
177 68 559
93 555 822
369 105 126
713 965 354
887 177 928
157 242 599
381 553 45
431 870 990
791 343 269
466 991 231
845 993 443
141 662 961
454 581 448
605 434 12
135 757 787
651 495 371
539 246 779
381 143 603
469 1 821
131 268 765
371 483 668
561 523 277
705 351 154
671 949 300
934 154 313
441 173 518
485 753 513
93 537 27
783 707 251
8 479 984
601 407 551
351 553 466
899 9 614
1 681 776
833 621 281
301 653 697
941 846 491
281 416 491
837 325 201
207 969 68
141 731 821
272 389 273
811 57 617
721 576 321
109 755 153
29 619 984
496 847 41
921 708 143
503 401 105
843 419 874
426 693 713
865 559 887
238 409 743
308 651 491
71 521 729
527 562 517
413 605 467
451 641 861
617 801 527
568 149 736
1 901 483
757 160 309
675 13 818
497 911 521
691 565 451
711 886 905
780 93 419
543 985 559
321 449 347
48 41 796
769 905 705
161 513 210
622 443 322
173 585 797
673 773 265
929 569 373
264 226 489
805 720 714
161 582 840
17 741 585
958 841 777
991 849 581
131 13 692
373 449 305
781 231 745
65 881 743
233 227 971
249 291 89
305 399 161
811 123 539
835 31 767
784 413 551
186 128 566
593 551 774
521 705 957
8 701 201
641 341 79
361 510 596
623 540 885
559 365 662
906 402 828
681 231 89
69 146 247
155 207 701
641 585 125
326 326 451
837 97 159
521 641 877
927 377 801
389 241 761
434 576 408
949 329 119
901 625 501
651 261 541
85 487 84
81 295 297
997 806 601
346 105 241
801 139 201
197 113 926
703 798 416
691 966 719
154 480 101
657 891 401
858 476 667
657 69 505
495 996 119
626 861 489
871 6 281
101 701 1
694 681 236
471 318 806
233 666 605
919 201 195
49 946 771
175 506 193
631 106 399
761 441 105
394 120 305
100 581 457
301 817 23
655 481 931
323 937 36
996 189 338
425 473 587
91 524 737
313 309 106
272 949 929
297 321 832
81 501 876
703 601 127
507 647 79
537 318 201
669 43 527
741 921 893
937 437 571
258 405 481
964 161 510
643 889 830
65 487 65
220 569 4
211 756 815
281 101 797
673 415 564
365 705 249
942 947 770
819 51 789
547 745 353
645 105 931
731 953 966
501 945 377
921 649 398
27 971 816
288 836 840
89 356 361
380 211 83
120 913 527
865 737 206
577 989 865
111 428 51
425 540 643
369 134 636
465 977 558
233 901 641
897 673 451
987 627 401
269 577 217
573 511 553
281 282 312
737 361 330
145 571 691
194 703 993
181 385 855
276 907 810
341 385 691
389 200 959
851 787 37
631 116 77
961 472 869
625 469 425
962 913 296
873 1 726
560 559 681
561 670 231
883 901 170
704 445 185
391 801 773
241 45 605
799 465 657
768 621 861
589 985 129
76 674 785
923 906 561
921 687 206
476 457 989
425 117 239
1 801 695
601 842 861
511 433 527
882 233 973
973 316 681
185 279 243
9 251 561
513 881 881
661 401 797
559 569 431
297 1 593
106 141 725
286 617 413
613 541 201
585 830 213
791 477 651
637 343 576
576 741 670
769 153 469
776 102 721
747 667 775
126 327 619
421 380 791
65 784 700
811 737 905
601 773 65
549 453 916
857 765 182
849 511 129
67 27 521
649 906 973
912 833 529
311 901 608
791 57 613
129 229 417
325 6 253
563 577 191
125 890 433
261 421 970
798 529 481
325 301 167
473 515 845
555 38 621
481 849 343
251 607 961
929 191 724
567 613 226
691 253 807
235 192 327
285 743 455
865 705 921
751 792 761
367 730 801
721 887 327
923 100 585
161 495 947
339 899 516
471 693 173
961 442 353
153 155 211
549 26 740
817 827 729
527 413 391
471 496 749
61 191 671
61 833 393
235 841 721
339 689 841
985 99 116
571 151 697
41 10 506
755 299 541
286 5 471
590 861 473
11 541 424
88 313 937
961 568 53
311 749 545
229 470 170
53 615 665
835 783 137
287 767 955
275 593 879
771 881 960
733 801 421
834 601 744
876 373 239
801 793 686
295 777 593
175 785 186
581 485 425
541 286 629
356 245 469
47 492 401
165 311 211
872 900 13
270 884 413
41 801 401
816 578 561
445 401 521
401 321 795
385 316 409
341 727 456
326 795 1
291 297 673
838 295 912
369 839 461
789 449 955
983 833 57
401 251 726
137 689 226
449 716 745
649 803 617
713 53 93
161 613 153
661 267 690
371 865 702
929 321 113
409 78 1
858 566 534
299 618 830
376 891 299
269 676 648
77 977 415
184 799 481
241 236 357
807 113 251
581 531 361
263 71 100
5 105 443
399 657 441
55 263 822
725 512 916
86 27 705
641 47 21
617 443 523
417 831 425
821 501 33
126 781 601
193 575 246
349 787 321
911 574 496
80 661 243
601 941 469
191 340 849
409 421 457
457 829 223
811 556 801
555 436 433
776 364 799
361 56 45
836 526 685
171 419 281
801 384 157
532 291 831
41 181 251
549 349 231
411 550 457
725 925 119
126 711 209
263 166 496
561 537 623
157 27 891
401 465 423
153 216 137
691 161 319
721 177 472
383 293 25
412 685 111
531 501 523
536 139 361
967 73 645
491 613 6
501 276 61
201 205 391
323 312 64
891 777 225
748 595 275
426 389 953
817 282 551
13 101 827
247 111 761
234 761 453
198 897 417
140 957 921
961 271 775
366 915 623
806 65 514
265 801 616
325 413 59
534 687 659
933 201 881
24 151 862
410 151 411
730 376 612
549 321 896
57 517 607
386 345 323
577 457 833
587 101 287
467 57 2
205 937 647
861 677 599
953 463 321
989 231 251
169 533 69
878 51 87
701 748 983
495 788 470
784 845 811
629 209 92
691 617 915
515 350 329
133 681 213
426 891 101
385 379 43
231 295 711
629 497 321
372 75 297
669 563 368
635 982 693
981 93 109
332 372 371
459 60 976
151 681 689
253 649 828
463 869 541
393 644 825
851 866 273
153 825 863
532 69 182
225 11 297
421 561 995
951 769 241
315 781 476
837 531 161
236 537 641
243 873 888
777 653 721
953 445 713
283 436 310
892 217 209
100 289 849
797 37 281
337 439 49
606 9 591
173 349 750
301 313 529
492 355 421
611 50 183
329 635 963
939 487 399
601 204 33
401 401 415
503 297 517
426 561 469
17 721 17
521 101 401
459 206 275
8 921 765
455 625 376
235 853 841
733 609 945
221 99 763
935 593 561
108 879 862
749 761 447
826 671 285
891 685 22
490 861 995
625 33 407
329 6 711
895 953 135
513 983 881
605 681 273
493 581 69
689 1 748
849 961 247
456 461 501
351 353 71
801 342 841
371 266 745
463 272 601
901 762 395
270 371 859
873 885 757
345 151 967
689 211 151
25 497 869
345 191 585
716 734 910
377 526 737
143 273 32
505 98 829
545 605 65
272 497 657
795 489 412
281 956 855
994 852 406
701 791 559
126 422 76
959 163 89
233 488 868
1 831 153
367 887 911
505 508 241
509 983 421
53 715 860
873 601 649
347 323 585
206 639 641
561 417 836
980 516 256
925 197 215
19 447 311
401 807 901
481 145 724
309 202 951
581 433 529
113 398 1
781 843 897
981 345 601
755 147 517
9 481 793
404 291 37
630 981 259
873 521 915
563 565 831
320 169 711
591 651 235
675 393 171
373 793 154
976 237 153
185 455 141
945 225 629
251 309 707
641 57 71
686 385 756
691 817 905
545 81 266
276 905 505
513 330 275
633 733 31
813 768 961
33 121 199
586 753 549
693 745 713
26 288 845
207 267 691
457 98 41
577 753 25
401 945 981
837 121 401
746 606 771
361 645 261
81 313 73
225 213 607
422 361 816
889 357 33
725 711 101
758 142 587
200 809 625
153 1 762
693 445 833
377 168 249
79 989 541
377 91 429
705 346 689
633 718 21
333 637 609
305 883 65
961 626 579
805 962 501
459 620 20
229 557 842
964 81 165
801 151 127
817 353 233
713 909 457
121 235 383
786 504 625
897 61 985
641 989 132
161 955 569
566 273 808
925 316 743
629 301 887
942 201 121
129 473 861
449 61 521
856 202 146
747 873 185
305 581 147
235 735 1000
671 865 298
348 83 449
32 139 808
809 865 651
207 808 81
119 857 866
350 39 641
493 441 47
325 401 130
201 233 393
161 801 945
826 358 162
929 553 841
111 405 501
156 117 997
728 241 429
142 401 383
587 703 241
87 177 669
141 228 973
209 677 805
129 410 289
769 41 107
836 787 190
362 147 10
446 851 199
778 315 11
751 655 836
946 135 221
836 349 417
773 648 853
793 452 543
141 666 849
415 571 353
221 155 961
542 51 692
655 425 389
721 901 901
52 933 171
422 321 316
66 551 891
361 800 993
139 651 791
888 741 165
305 599 231
829 887 522
531 225 786
246 781 148
977 471 529
843 416 579
465 301 704
321 806 454
929 813 113
641 291 325
401 261 214
725 301 129
641 601 93
39 501 97
603 773 986
161 97 97
741 751 929
226 107 557
978 385 53
565 251 233
772 687 51
650 921 461
391 379 135
525 369 333
265 321 77
516 931 792
129 321 149
833 99 81
493 113 59
609 856 320
236 401 41
169 815 573
61 162 477
1 813 876
394 885 233
525 552 509
415 14 901
988 506 201
9 601 319
163 196 459
93 811 597
199 363 187
429 207 169
165 346 898
211 576 381
593 113 641
844 605 641
731 661 397
26 134 616
911 711 581
667 445 407
658 17 745
183 324 313
835 386 321
777 631 703
305 913 226
161 473 160
753 566 961
571 71 117
41 858 781
296 139 537
161 548 229
431 89 121
131 211 281
927 781 657
547 215 671
161 121 316
518 577 233
461 373 846
711 153 316
692 289 249
177 981 548
367 441 44
709 654 993
80 593 86
965 885 978
129 573 11
273 727 236
171 681 795
156 355 471
351 265 157
304 533 861
657 737 121
645 717 553
192 710 401
257 845 312
461 596 761
601 625 721
986 855 995
270 381 865
681 649 611
393 443 201
433 461 143
950 361 417
497 161 517
852 393 246
401 137 620
881 28 893
547 451 217
297 13 921
954 997 1
529 751 345
767 58 501
255 946 77
485 535 129
340 321 651
481 943 525
745 53 397
57 232 225
131 297 36
747 927 489
521 121 437
521 553 325
17 801 193
201 913 769
157 396 777
483 277 904
621 553 605
77 963 401
965 705 854
338 101 9
433 451 681
312 933 121
921 285 401
697 965 880
235 433 643
587 841 761
721 929 254
721 629 361
865 61 537
813 713 525
906 425 785
559 583 64
76 757 51
118 381 996
201 263 721
21 787 417
32 321 497
445 77 592
961 827 1
797 735 531
853 757 294
145 371 937
635 285 341
681 921 815
889 143 409
775 61 135
215 305 726
1 54 401
817 193 578
511 297 357
5 361 877
344 841 651
641 371 669
624 967 977
877 821 545
211 313 993
96 379 753
612 88 557
681 117 317
403 750 26
129 549 86
735 369 502
257 621 193
751 74 369
311 1 381
199 827 161
331 435 89
76 857 439
916 345 97
105 955 449
506 397 69
28 66 912
228 234 897
387 889 191
17 223 19
681 883 146
57 411 41
909 406 708
499 609 28
685 979 289
503 413 953
106 810 315
563 380 220
917 576 553
889 521 900
153 233 997
374 334 49
353 409 293
172 777 171
927 301 505
649 835 216
596 467 609
745 54 177
249 827 441
786 19 574
579 329 781
660 294 34
793 641 689
601 145 441
959 251 652
879 981 377
49 691 473
7 326 473
797 541 451
461 106 545
100 681 745
515 147 371
209 793 216
665 151 759
97 3 453
1 73 129
281 141 551
1000 837 321
157 561 281
276 119 787
473 621 872
473 202 313
126 251 997
331 201 669
258 653 809
435 730 377
1 599 156
713 921 26
119 641 539
721 966 511
505 114 177
795 332 589
497 998 199
80 126 610
465 351 819
927 201 296
713 121 339
527 691 191
456 211 567
499 116 112
393 573 193
31 532 852
375 33 396
441 889 651
551 915 993
829 333 433
525 247 761
637 316 109
681 436 461
484 36 71
213 507 581
81 894 523
350 277 358
361 161 257
692 929 101
673 565 469
426 577 869
441 121 473
241 27 351
769 702 553
549 401 81
401 695 845
842 81 353
647 821 277
345 206 449
157 726 951
679 585 616
701 553 445
201 313 645
295 111 777
953 57 257
57 817 371
234 483 929
913 729 979
231 781 209
771 305 175
842 126 691
419 1 435
804 684 391
353 810 485
646 997 89
346 91 233
434 106 85
692 886 570
849 335 661
208 145 445
9 541 185
971 441 757
765 801 471
906 435 230
348 374 18
931 873 37
951 82 73
497 657 767
751 441 786
105 521 409
65 259 905
653 989 97
571 367 929
921 822 739
86 607 824
381 335 971
65 925 137
401 631 147
177 1 544
531 727 321
793 635 914
851 655 601
171 361 659
736 251 401
561 268 745
172 653 199
877 946 8
943 186 727
379 272 759
881 757 465
881 73 14
977 569 23
761 461 755
369 321 733
748 909 809
496 502 525
113 924 708
981 723 561
36 527 893
803 201 743
737 51 381
727 333 735
424 376 62
1 191 985
142 745 793
977 917 937
376 393 36
522 889 66
451 193 574
381 21 352
284 78 465
471 950 77
329 65 505
913 599 378
316 16 759
615 431 775
5 737 101
917 961 246
799 476 287
929 458 783
997 126 286
546 77 288
467 581 713
446 437 69
191 808 781
90 573 768
166 313 865
425 947 270
281 299 721
763 628 894
531 225 511
321 369 37
701 576 841
626 207 41
851 425 734
958 836 911
379 624 863
125 728 436
823 450 538
5 139 290
51 561 581
558 80 99
48 337 476
169 559 751
785 241 97
748 591 881
517 352 641
177 921 107
731 994 489
641 100 613
21 61 401
396 193 957
353 85 368
707 907 620
914 486 424
921 595 305
72 107 596
852 89 861
181 867 470
825 121 207
36 567 548
785 711 593
959 630 842
44 131 592
633 53 365
431 396 877
747 281 588
251 481 181
147 72 540
909 961 800
226 685 617
481 521 880
608 153 99
804 916 383
665 685 212
151 633 51
201 651 793
725 851 741
513 424 234
481 409 819
62 648 989
542 309 641
447 389 401
891 1 867
399 665 98
507 186 24
487 697 221
561 107 631
799 500 826
873 976 137
251 281 517
141 1 376
332 21 499
377 577 79
953 390 823
43 467 773
71 641 510
481 478 893
146 256 786
591 53 976
496 729 271
597 876 507
895 157 201
1 626 991
167 586 993
785 636 197
945 949 81
83 861 611
851 115 165
301 901 311
269 801 992
144 911 277
441 865 151
782 805 601
456 968 207
937 464 171
536 641 383
177 453 886
669 425 9
633 539 851
643 297 737
176 825 837
1 391 33
307 200 786
18 626 523
140 829 953
812 156 953
329 693 248
673 546 413
33 647 793
761 619 769
841 869 217
976 401 433
115 395 90
766 137 956
327 781 507
854 51 947
360 815 350
535 985 138
265 251 261
521 193 806
31 231 184
386 463 755
451 293 701
553 81 641
859 880 451
1 55 251
905 846 367
727 311 524
217 861 353
555 603 841
5 973 169
669 281 242
349 637 813
106 449 229
180 391 585
557 595 683
973 163 321
321 1 173
725 433 548
503 439 861
489 694 461
137 217 826
701 133 351
727 359 201
153 526 147
270 391 761
603 685 101
151 652 159
945 493 521
615 401 701
171 913 9
991 255 133
977 987 703
247 261 721
97 45 417
432 41 156
27 36 889
854 93 106
316 201 775
634 251 463
494 809 586
565 581 125
521 34 194
436 833 241
747 606 571
618 443 568
891 747 557
17 541 801
89 977 456
471 573 942
131 849 489
441 205 287
416 975 387
171 49 961
769 503 129
298 131 680
233 629 33
157 107 825
470 521 501
858 33 253
240 737 596
597 815 435
501 1 481
149 341 973
552 633 391
141 329 81
639 191 873
557 999 129
303 386 787
241 69 68
967 551 455
385 708 533
241 631 237
571 371 742
76 767 777
711 797 9
651 667 641
109 243 232
505 363 403
204 861 148
947 974 949
216 961 981
141 191 873
433 727 851
905 651 789
551 248 478
49 441 298
521 656 579
327 221 305
564 16 876
170 835 87
570 949 477
252 825 221
473 412 195
985 833 394
464 881 340
531 833 604
481 269 310
485 799 165
579 765 335
683 721 39
587 171 878
141 993 131
737 957 761
321 331 512
601 398 477
521 65 102
625 881 409
157 725 502
640 15 941
351 33 251
373 881 866
277 809 6
361 897 801
134 456 433
793 841 178
721 155 705
666 967 299
631 201 883
45 506 753
441 424 575
737 465 435
93 1 208
967 514 911
59 76 201
681 873 299
11 453 610
630 401 535
73 251 741
785 662 241
97 177 881
183 426 129
120 321 749
513 571 365
887 226 5
665 565 621
71 436 186
912 411 261
286 863 14
548 783 265
859 713 275
118 941 71
415 697 356
581 551 317
433 561 481
886 341 413
169 744 951
676 758 901
149 483 81
101 637 526
183 875 561
6 545 1
611 649 955
260 761 621
131 700 905
735 649 953
86 377 807
481 388 749
195 817 210
761 747 5
139 688 452
846 769 881
70 633 139
901 931 419
809 733 147
517 325 725
251 418 945
301 169 369
155 879 953
867 121 255
161 923 877
861 257 327
71 749 820
921 969 151
926 73 536
729 641 79
453 773 321
811 198 705
34 627 441
81 48 713
793 457 39
727 105 731
135 249 334
281 797 532
209 735 935
420 329 901
852 916 551
457 9 5
76 241 433
39 56 569
401 432 676
302 326 624
676 459 572
342 371 201
326 243 413
163 811 99
193 781 502
977 829 751
201 609 777
839 167 401
43 199 201
826 200 265
945 241 380
441 811 992
300 157 434
851 169 859
501 747 178
523 591 551
490 956 817
121 23 897
250 163 958
158 273 909
979 289 161
531 125 537
265 177 137
709 673 621
103 546 146
98 275 469
672 408 176
593 162 941
969 789 892
400 279 682
891 476 486
149 485 645
245 226 921
6 721 481
766 987 145
206 261 510
144 953 928
306 601 641
45 828 570
373 723 269
825 665 905
564 923 740
635 384 847
267 225 133
841 233 733
193 701 537
215 325 621
587 505 46
970 201 637
659 553 524
513 798 177
731 101 797
337 70 879
51 553 591
581 137 185
586 486 721
611 205 373
877 837 21
129 657 174
820 47 1
769 963 17
307 471 41
221 731 565
717 409 336
657 441 467
995 177 691
712 243 643
841 246 896
213 31 681
254 113 65
411 767 449
121 817 113
16 756 281
505 249 641
505 481 877
193 929 71
454 209 218
354 885 538
689 483 258
761 201 817
143 111 485
232 277 808
264 238 393
73 316 104
409 441 691
928 993 194
791 981 801
386 883 583
627 916 934
671 961 319
801 633 471
301 329 57
757 694 25
839 421 419
430 10 237
545 869 961
233 169 361
543 417 417
826 901 753
741 891 683
433 939 706
299 1 217
721 807 533
731 325 651
259 465 564
589 681 606
145 436 751
845 10 40
279 460 209
74 126 554
634 261 891
31 761 949
761 585 987
733 681 623
941 861 209
831 871 232
169 887 753
334 241 683
16 556 579
916 486 424
317 958 141
373 21 549
977 951 4
331 137 61
495 727 450
586 461 445
867 996 699
305 178 384
873 184 670
80 375 501
661 197 721
41 906 413
473 881 91
169 913 159
152 183 321
967 577 319
16 984 385
353 16 829
96 136 909
562 281 605
941 700 745
445 634 109
388 233 624
421 526 829
105 701 361
185 945 206
171 311 685
303 901 972
326 821 617
296 793 821
853 501 51
849 757 333
977 652 630
113 973 285
509 69 65
501 392 183
675 757 561
915 945 791
579 721 421
219 639 69
851 501 175
561 785 47
802 603 641
466 282 221
226 949 97
193 921 61
178 431 251
790 905 477
428 428 853
200 211 782
1 479 409
521 631 837
322 597 349
276 384 265
151 669 817
201 480 585
439 768 311
1 290 920
448 961 186
410 229 210
755 753 843
537 265 209
412 583 349
500 761 329
246 791 529
893 945 539
253 323 729
621 529 660
187 881 261
568 341 267
233 508 673
124 977 436
514 777 593
207 835 351
399 531 670
481 514 106
951 521 231
803 577 926
49 451 946
78 353 494
333 127 845
148 433 715
526 750 835
656 109 513
991 171 81
750 745 497
241 774 173
737 217 101
773 901 231
729 121 763
501 401 939
679 167 308
356 296 220
241 393 198
57 469 870
33 579 91
17 146 935
834 557 399
178 21 945
769 626 453
269 581 178
236 857 915
441 677 361
526 181 564
305 876 401
336 831 193
605 497 826
941 976 753
773 713 801
770 441 563
859 355 409
891 974 860
565 634 54
561 867 535
489 361 172
169 908 706
101 263 375
941 597 264
75 801 437
731 676 617
128 537 685
317 769 176
771 877 763
321 919 841
217 591 681
697 18 841
501 18 465
30 1 996
361 97 994
265 823 377
121 670 685
796 161 194
643 561 172
79 233 359
925 264 217
413 438 631
982 976 563
91 527 201
311 69 596
621 251 577
405 515 829
13 699 967
169 936 452
621 63 2
601 257 438
113 151 521
721 659 361
189 911 247
421 863 261
51 350 241
945 34 73
221 203 695
188 501 553
110 425 191
548 269 761
401 865 551
529 353 85
33 167 261
611 57 741
617 833 611
238 985 385
793 497 371
793 333 769
559 473 739
275 3 846
249 467 89
672 615 1
881 535 381
646 794 425
323 169 101
769 143 641
501 381 905
951 801 361
705 665 656
502 251 619
163 391 533
13 721 565
643 137 793
819 1 335
469 157 283
301 606 675
481 81 993
531 529 25
789 419 371
711 71 417
755 685 951
863 585 36
133 509 809
177 513 501
795 97 409
341 345 408
569 844 409
626 481 724
672 379 521
781 505 39
449 447 265
865 361 817
417 351 585
377 553 541
859 161 641
86 905 237
1 256 748
781 441 89
489 819 207
721 193 601
116 514 751
686 163 85
866 364 352
593 561 205
590 109 629
581 539 567
401 340 360
229 897 153
322 145 259
778 199 688
129 961 7
805 245 855
604 529 391
621 261 728
651 922 179
517 406 828
6 880 709
869 361 895
531 459 381
48 341 671
320 175 328
161 186 355
421 213 411
501 769 461
721 106 433
277 337 153
691 491 665
880 61 775
977 761 601
488 205 526
649 465 171
85 949 501
785 179 857
825 749 27
475 661 817
327 919 251
127 626 200
801 689 921
241 291 831
276 691 279
274 710 317
769 321 433
346 503 141
347 711 901
381 32 761
275 75 51
155 873 201
573 801 607
551 187 77
571 657 226
871 601 136
577 347 497
905 825 313
849 412 622
37 437 201
331 288 841
593 81 684
641 751 277
660 546 554
842 191 989
642 276 533
369 395 953
759 17 290
911 673 280
168 922 729
572 680 409
773 857 571
513 961 395
836 413 382
804 445 691
98 564 949
173 354 332
205 26 101
51 529 102
17 761 81
726 238 325
765 151 265
542 201 115
979 121 961
231 249 629
481 345 993
863 141 936
506 647 607
861 375 707
311 117 621
258 101 761
627 692 462
49 777 271
839 513 643
257 230 672
509 325 177
761 701 829
317 365 845
421 119 993
39 275 5
404 601 405
945 245 849
394 309 527
261 417 307
97 441 177
519 772 413
1 734 11
849 696 462
180 351 301
944 36 625
289 169 139
556 61 341
745 51 425
997 562 647
801 924 997
453 341 129
171 751 741
941 167 871
51 784 921
359 288 921
574 539 911
887 601 893
151 326 85
354 584 945
934 421 601
457 551 238
927 903 871
361 273 813
121 769 561
351 233 693
581 269 630
101 873 240
243 746 205
76 563 705
461 21 834
401 91 81
613 354 476
669 926 304
126 515 431
212 581 831
991 725 259
14 457 149
951 179 710
777 708 399
312 554 547
541 89 17
384 716 329
401 528 675
77 81 276
370 831 51
907 463 637
361 274 141
401 728 113
379 858 625
401 81 231
284 378 925
819 801 764
953 216 301
405 456 763
981 735 651
159 407 541
457 733 181
188 81 498
389 281 852
1 1 16
857 791 179
75 688 797
646 827 273
289 281 676
41 225 881
201 85 717
953 537 220
9 1 577
529 249 494
960 185 401
937 369 439
925 66 411
623 105 869
869 1 6
248 143 806
641 495 339
593 965 479
209 547 661
20 253 396
265 101 177
106 109 881
384 17 296
94 13 601
477 365 691
913 396 537
891 51 751
717 254 917
881 373 993
991 601 426
661 807 136
561 457 283
406 248 846
355 793 465
569 936 571
12 147 541
530 225 151
521 270 61
817 273 865
153 505 90
743 296 341
507 414 171
646 597 120
693 969 667
879 437 147
3 633 951
949 177 241
49 981 805
168 532 441
145 641 913
346 44 246
513 256 89
942 1 352
329 811 986
189 297 501
517 505 626
53 441 949
852 89 33
233 281 263
481 225 861
429 57 8
876 491 621
491 83 401
965 904 481
166 793 727
141 377 889
534 278 951
801 801 935
651 162 913
591 25 296
843 521 301
501 966 737
661 591 50
697 537 585
353 973 805
281 251 405
509 43 257
73 169 258
251 206 937
436 546 244
452 733 147
829 679 625
401 237 301
403 837 281
242 545 501
415 641 481
742 519 717
435 872 738
826 3 417
921 633 843
577 41 518
2 121 201
936 353 135
135 826 497
689 207 787
825 101 774
121 501 187
341 108 909
225 457 581
692 994 873
621 981 631
941 762 523
841 391 266
387 931 217
991 182 721
106 761 795
609 57 461
273 101 560
831 201 283
181 997 841
179 926 97
492 91 511
275 743 780
57 255 821
513 81 221
879 985 579
421 230 753
566 641 628
203 481 502
987 61 67
79 405 716
205 401 266
317 215 357
301 753 936
619 886 684
703 100 513
213 453 630
163 670 517
971 5 626
721 959 952
909 561 763
49 282 41
701 935 274
13 727 265
681 713 693
881 923 422
569 779 364
90 221 760
847 988 468
122 574 941
519 425 218
727 747 937
332 203 31
232 991 267
521 316 797
189 303 581
901 465 785
466 437 48
217 875 676
651 415 41
643 537 681
401 479 756
3 585 597
754 911 663
293 402 564
721 610 585
681 335 985
377 91 926
266 625 393
317 719 1
161 593 1
782 17 949
629 633 806
176 101 249
692 917 657
575 389 961
656 609 184
647 921 176
153 927 381
893 706 220
681 517 523
265 561 130
548 552 317
269 567 693
351 293 635
74 688 665
79 557 65
953 206 236
816 759 249
800 205 825
877 473 949
501 988 881
841 981 25
25 507 582
734 226 825
69 686 221
817 551 517
689 467 330
944 620 297
283 70 217
393 811 201
311 411 346
255 401 283
735 977 929
51 853 976
29 844 91
368 335 693
350 137 811
281 655 140
489 177 9
425 89 655
500 899 534
411 73 999
840 967 416
240 1 576
289 459 97
401 921 322
63 431 909
956 951 599
836 852 92
87 487 208
353 507 265
638 476 617
993 505 363
955 87 493
845 136 901
814 837 825
708 779 953
301 181 209
544 333 657
616 243 421
161 641 441
641 991 955
879 775 553
244 866 985
81 1 561
932 665 401
612 701 86
791 113 503
241 511 769
686 201 665
977 217 31
363 125 861
590 417 421
427 479 132
345 601 833
662 333 925
307 729 532
434 673 229
1 606 279
881 121 804
761 170 249
251 81 657
187 731 599
179 237 691
647 491 9
146 873 637
531 677 241
140 361 233
581 165 158
746 705 931
911 201 81
941 601 629
166 945 81
971 513 914
228 551 118
545 265 627
857 366 369
691 124 180
501 261 96
642 589 97
321 52 826
115 825 611
969 801 129
221 583 555
725 967 271
301 511 479
93 472 440
681 765 737
913 107 51
753 375 729
287 76 209
327 237 421
962 293 158
548 48 617
481 873 92
1 341 401
239 825 169
801 725 643
161 387 929
371 855 41
893 265 790
769 963 361
529 726 559
461 957 841
147 919 841
461 841 993
175 751 758
99 876 625
461 125 408
54 791 1
741 24 698
285 801 411
659 33 651
713 693 569
27 863 1
963 174 207
339 886 493
411 780 18
891 401 685
259 287 779
732 201 458
391 759 683
291 451 635
895 105 520
362 291 360
161 661 629
451 115 623
537 125 485
713 341 362
691 202 781
430 549 817
421 155 833
441 713 69
793 279 949
160 283 823
345 809 927
289 868 681
44 559 241
889 101 293
480 529 783
524 741 273
491 121 684
139 655 11
277 556 281
211 626 554
107 201 848
341 923 626
638 315 173
281 109 135
311 849 893
345 117 253
501 441 681
145 111 305
111 949 451
981 35 915
51 7 457
815 601 345
260 637 931
203 247 73
954 31 509
527 276 201
37 63 481
621 601 767
43 463 190
701 401 255
45 233 294
401 633 782
385 931 213
165 465 697
945 981 553
761 801 120
799 1 151
233 445 169
41 977 796
145 779 868
206 513 849
283 679 35
501 251 81
701 677 353
753 637 412
186 369 674
871 991 978
841 242 845
268 976 325
26 433 529
689 761 724
697 796 935
124 217 244
637 761 721
148 854 594
802 281 497
743 116 67
261 541 104
135 241 297
763 555 835
25 665 51
763 306 763
273 577 241
225 271 311
421 286 955
280 777 892
595 197 37
701 309 665
993 747 753
902 629 631
1 286 785
101 504 131
973 782 132
283 931 716
891 466 721
333 721 885
937 696 661
314 471 106
45 491 745
674 985 461
679 911 410
213 201 185
910 309 981
138 877 861
686 217 293
461 863 281
321 267 129
100 980 744
721 662 111
61 125 65
343 105 43
396 651 915
391 921 917
677 951 633
799 591 479
741 426 713
201 879 749
137 955 505
261 703 591
601 955 696
733 833 940
603 97 955
305 785 950
754 904 641
595 479 395
13 233 73
237 269 717
709 709 513
677 668 385
861 91 415
451 711 216
657 383 672
601 457 577
601 837 777
661 211 794
365 251 801
977 282 692
278 673 356
391 608 1
47 367 635
147 61 841
241 351 813
601 649 696
760 253 785
406 117 44
205 901 828
560 236 227
19 656 477
986 776 273
343 333 583
556 823 929
978 501 473
50 297 644
857 473 619
511 988 816
631 811 181
1 641 497
875 527 371
57 565 173
601 83 180
901 631 327
112 317 360
581 9 519
380 686 18
966 561 108
373 241 423
745 392 441
493 1 597
773 946 300
482 385 512
961 434 233
301 481 105
829 145 592
328 551 515
676 461 241
25 399 105
585 693 831
497 345 269
41 675 151
1 705 661
531 999 90
640 16 430
735 185 405
1 213 143
697 826 116
73 401 31
808 969 593
157 595 357
65 931 271
849 336 308
197 697 541
431 896 596
666 306 813
422 369 206
326 718 609
473 976 731
211 515 285
505 906 611
137 616 451
402 811 249
889 610 276
905 721 629
422 779 376
609 135 993
529 906 701
479 851 153
613 16 403
317 844 740
721 468 249
829 85 576
364 486 671
765 381 779
124 525 841
845 876 193
665 257 987
471 937 433
29 673 237
903 584 126
793 981 55
705 737 121
501 749 998
921 139 429
110 913 982
341 441 153
772 669 573
241 85 408
745 596 1
721 17 857
747 731 364
885 181 786
319 631 110
475 461 472
522 941 626
933 401 71
887 41 321
326 167 108
601 363 373
177 523 429
865 48 305
191 703 565
591 164 517
115 567 508
471 161 790
271 870 11
73 858 899
237 480 885
525 795 331
261 907 145
779 304 723
399 740 231
693 811 101
998 937 385
770 986 6
281 279 901
885 211 459
597 12 671
117 843 209
251 485 817
892 959 969
579 987 841
711 858 251
376 185 153
463 247 687
811 936 883
738 455 736
273 964 536
669 126 79
737 577 285
547 33 773
441 961 938
731 396 141
73 501 93
173 576 251
192 956 356
851 633 123
105 201 935
237 201 261
889 47 1
541 931 473
351 958 205
139 449 905
218 431 530
841 817 113
313 420 769
561 479 801
585 847 809
955 748 202
607 609 875
701 886 81
321 851 258
567 129 249
161 585 611
391 724 946
927 577 223
764 326 841
791 599 166
562 131 721
409 911 729
633 163 567
329 926 993
483 321 881
517 582 889
422 431 566
1 985 993
691 126 985
146 962 954
113 617 881
362 765 861
761 86 420
385 311 345
236 851 935
932 181 801
521 11 869
102 553 754
995 881 856
697 917 393
209 981 911
396 961 625
201 423 345
495 381 847
636 751 559
418 41 281
193 461 144
201 281 81
482 758 831
634 281 41
161 126 85
527 410 833
401 785 636
580 103 523
783 135 981
521 446 527
649 577 711
883 245 817
180 811 673
425 993 372
578 712 279
19 789 524
869 541 840
426 250 921
987 854 711
599 478 215
106 61 237
161 496 401
453 731 682
193 338 923
241 406 825
938 561 311
743 225 251
521 1 975
826 776 218
177 511 641
243 97 601
642 945 701
331 858 801
29 326 511
776 47 961
666 770 382
401 241 145
425 713 169
565 653 769
262 891 599
41 865 323
997 821 24
305 853 542
974 801 821
501 277 403
841 494 366
193 517 55
914 497 793
881 201 41
986 786 300
260 686 89
601 905 977
661 501 581
259 635 362
789 641 753
709 139 871
51 185 597
161 783 547
623 430 81
958 885 851
523 252 465
659 301 766
57 298 118
909 539 185
281 345 486
961 991 185
193 537 881
914 701 845
81 51 937
601 134 761
143 985 92
292 661 76
629 89 274
831 608 421
105 359 821
999 315 989
815 863 267
965 246 735
225 976 906
511 118 189
606 312 809
871 21 1
627 165 28
840 63 237
2 115 361
177 629 289
820 917 649
639 464 321
945 93 533
793 885 1
261 246 601
921 57 780
1 481 390
521 645 153
591 93 302
540 471 875
332 303 382
871 385 569
583 511 945
77 332 973
468 537 193
763 839 441
409 33 160
881 187 781
711 713 725
795 106 393
653 169 716
109 748 523
361 141 339
476 807 353
417 785 234
536 793 381
943 385 75
209 181 520
721 18 911
507 763 116
521 451 55
543 419 421
33 987 561
601 206 496
511 465 791
831 556 526
968 181 568
169 337 619
419 350 182
42 331 901
809 496 166
342 761 169
109 281 286
441 785 591
541 91 451
516 857 97
71 801 811
887 48 1
405 685 316
571 591 477
193 914 461
741 453 723
511 280 712
501 890 203
818 518 71
113 376 76
605 71 385
463 671 545
165 471 600
989 301 272
5 89 860
73 601 984
566 121 371
803 807 368
833 97 969
890 751 459
353 33 31
309 797 676
274 99 404
539 54 947
582 356 331
641 115 961
985 125 481
613 571 926
981 41 847
327 28 521
561 521 920
726 581 407
321 865 149
129 225 963
765 431 506
261 497 641
941 329 334
713 50 668
945 937 509
71 613 977
929 621 973
667 250 245
929 857 432
667 663 633
250 513 317
489 606 817
883 194 496
471 935 285
245 245 141
361 924 916
86 581 135
343 958 45
639 249 981
601 801 466
716 433 901
539 781 770
479 201 879
657 939 145
336 928 523
251 101 697
817 741 912
387 447 165
685 985 340
581 825 9
199 121 43
14 37 977
481 501 928
397 281 923
297 267 105
379 179 475
53 121 971
563 721 441
901 281 185
