782
2420 1267 74
726 6390 73
7217 3185 84
757 7196 34
3277 6613 46
9465 6569 100
5806 2424 76
3655 5953 96
4803 143 9
7678 5647 11
9090 978 8
2679 4406 23
7651 3821 96
1960 2743 84
8517 5195 44
5070 1767 64
7285 342 65
7236 9104 41
1167 7303 36
5300 8501 14
2746 5063 10
2125 1783 69
2679 3616 77
8228 1941 24
2903 385 95
1853 6302 15
1376 2082 89
7313 9001 84
4305 4710 97
6390 8366 65
4192 4676 12
8887 8429 99
1481 6991 15
8257 9966 20
7923 3593 53
631 4724 61
5946 4385 87
9558 9940 17
5760 3512 30
8797 2932 55
289 2033 45
2060 2813 76
1563 3176 60
8163 5824 18
2093 9540 78
947 5800 79
2907 895 81
8795 3749 73
4327 9355 8
9455 5672 14
8125 9964 94
5464 1608 50
5620 4366 60
6103 2569 33
2393 9058 4
1773 1806 74
7945 4391 68
4479 5250 69
3443 2711 94
6250 6924 67
9598 2722 26
690 397 78
7045 9518 50
1203 1232 34
2247 6403 57
5058 7683 81
6843 6561 47
6082 943 60
1438 2312 83
5924 7708 58
7903 3250 17
9520 3585 4
3829 7360 32
3383 22 17
8727 9219 55
6079 4506 51
5596 4875 89
4501 5587 33
1084 3940 5
9307 2779 100
8062 227 23
3533 9208 24
2252 4220 55
2017 7097 58
369 3643 89
3151 6884 56
1507 2955 40
2640 4108 90
9405 951 27
1737 2382 46
1878 830 71
3470 9611 60
3260 27 9
1216 7090 90
2416 339 90
8765 6294 22
9044 5559 44
7106 7261 74
6000 592 96
1104 9524 92
2578 4802 87
5243 7176 91
6675 5663 5
2264 8703 78
8311 3109 49
7942 5730 44
9854 7564 35
2307 6317 34
1607 2987 94
9142 3281 92
640 6128 4
2758 1584 39
672 2056 39
7893 2410 51
4646 288 82
73 369 35
5640 2151 10
2508 9887 48
5342 7313 2
1267 9784 46
571 6472 89
9827 3048 74
6944 9150 16
5127 2111 23
2020 8248 18
1738 1094 35
3466 541 13
4271 1800 23
6377 8290 51
3576 1909 76
1100 2078 67
231 1436 87
7676 422 71
9316 1983 27
3811 6277 86
4860 8295 22
191 7881 13
770 1113 98
6202 9017 51
8806 8256 75
4600 1196 68
2047 4696 85
1998 6926 86
3923 6573 77
3446 3408 47
7999 7301 70
3921 735 15
822 6263 48
4947 3306 50
5766 7537 91
3122 8414 88
8415 7914 37
2139 3443 65
5382 8090 36
5354 6576 97
683 2304 21
3628 8707 4
2840 1391 66
6186 6724 28
2878 5150 14
3391 1741 23
7917 1393 63
2596 6996 72
5776 1551 47
1605 4670 18
5062 4251 91
4952 9359 76
374 4352 42
4406 5282 36
5633 9443 47
5473 2277 92
2545 156 59
8374 2054 72
5511 7522 84
1182 67 87
44 601 83
3385 7237 8
5284 1392 55
9605 7713 33
3233 1380 65
1753 4684 18
2406 1508 50
5830 1274 64
5612 5097 39
2213 2128 68
2072 6603 18
8572 1595 94
147 1973 85
6861 4114 35
2992 7143 11
6633 9758 61
3909 7423 90
3868 6369 67
9544 6506 35
4626 9209 91
3363 9268 12
1958 2736 97
8985 5203 51
7497 674 15
7724 2547 93
9458 7768 97
574 1176 87
4587 5621 56
6572 1913 69
6681 6737 81
1414 2389 41
2586 793 99
2519 8509 15
1055 1501 78
7147 453 68
443 4030 58
2353 7919 27
6082 6325 42
4259 879 97
2818 2411 12
3009 4381 89
3538 1638 46
4004 7011 62
1741 5047 91
5143 4663 19
1520 9646 29
3020 7684 41
3695 949 34
843 4452 35
9002 403 92
6609 6296 20
6078 469 84
4695 6820 88
1189 6741 55
8246 7935 55
7215 4728 31
1063 535 51
9564 2805 73
9598 1633 41
2449 5219 48
2783 6254 94
5369 6117 56
2293 1803 15
5128 311 34
2445 1585 15
5506 3008 48
8028 9579 6
9931 4847 17
1008 3681 8
6214 2428 93
1045 8298 20
9039 1547 42
3224 5263 2
728 3327 6
2319 7690 5
9222 5660 13
6767 5053 28
8427 1871 15
1636 8688 78
7395 6945 58
2391 5748 54
1855 926 69
4304 836 45
6751 9344 15
2022 7574 53
6172 2965 61
2356 1255 27
8242 1992 48
1471 2421 45
8044 6703 43
2683 6084 63
8874 2358 48
2546 4275 89
3006 761 33
267 5675 84
8864 8565 68
7845 332 14
4889 3576 39
5568 9354 21
2476 3211 78
8100 2065 91
1453 4122 64
9300 7661 15
2277 2673 21
5799 6455 87
4112 161 92
9667 9111 14
4590 4515 94
7730 5120 55
9432 5357 12
9902 1538 80
5054 6520 33
3122 40 34
8437 5561 3
1022 1220 95
8430 7827 56
2598 9426 87
5873 7384 95
3179 3075 2
9241 9978 74
1419 8756 90
1163 784 80
9612 9131 67
8431 678 9
1612 9905 82
1952 8166 71
5344 5788 62
1147 2540 30
3673 1703 93
1995 1099 74
1677 1386 32
4470 8987 49
310 3768 21
7663 9463 90
1753 9200 89
7611 4054 37
1671 5884 66
355 5653 81
1895 7236 19
638 3347 71
5754 7975 12
4637 7759 13
1236 3954 24
4055 3796 18
8372 807 19
1091 9707 34
9426 2338 50
2115 1957 19
8064 1410 8
4750 133 52
3235 8715 98
12 9399 82
8613 4846 22
1519 7982 27
7833 860 26
2136 8940 89
742 4368 37
2823 7220 38
2653 6872 82
4928 2419 74
1808 169 22
7026 4019 6
4238 5539 49
1523 5461 83
3166 7854 52
660 8971 96
5179 555 99
1258 1617 37
7008 7927 53
6295 1091 45
9124 6280 74
6605 708 29
7405 1259 48
708 4735 1
2477 2135 94
5686 556 95
6565 6906 6
640 4845 29
2612 7332 54
8021 6735 92
2300 2620 2
3818 6581 80
4629 903 37
7653 2470 26
2147 6904 62
194 3473 25
7371 5153 12
7452 6559 57
1241 23 55
2795 2043 92
6905 2758 84
1528 7123 77
8289 2811 93
357 6854 54
2632 1005 46
2920 8276 34
9972 6218 39
5589 1790 49
7011 6774 41
6730 3866 63
9370 6176 12
3414 1075 91
4673 4252 97
948 5807 18
7028 980 14
2564 3331 2
7282 5851 22
5765 5625 39
4125 7481 42
4246 2999 24
6253 372 43
44 5671 67
802 4984 92
2348 721 4
7352 7007 24
7625 5679 28
814 8668 85
4603 1283 78
5913 1376 88
3828 6999 90
3258 3759 39
7301 8146 98
6236 7454 87
6795 2610 8
1621 9764 44
1468 1901 3
517 2464 24
2704 2653 99
4576 821 38
8616 9528 38
9800 7545 59
8674 2505 6
6012 6205 61
599 3517 92
1670 5718 66
8570 7435 36
2279 8745 98
3381 292 92
7194 5045 47
5706 3794 46
1635 8123 31
6476 9505 21
3684 6648 80
4066 1239 49
8537 6031 7
2334 6238 4
980 9035 42
2691 8715 58
334 2018 51
9569 5979 25
8187 995 16
9927 7149 35
4724 9135 62
27 739 11
8366 2376 89
4944 5274 93
1700 2077 5
2783 4767 4
1980 2852 11
8593 1706 19
4137 1990 14
4166 720 62
5682 2733 41
9034 5207 54
1119 7273 38
1377 2408 51
6443 5199 21
9129 2272 85
4125 3458 25
127 9290 1
3341 2605 59
2525 1359 36
1073 5337 25
9306 242 85
817 2378 63
5180 2727 8
4858 585 42
3399 6519 71
2978 9172 85
9512 1 50
587 817 77
7326 2672 70
4889 2657 82
5326 3480 47
6878 8704 98
1223 4724 97
600 5276 32
8560 8546 82
6421 7245 59
8598 4374 38
5381 1665 30
291 9202 4
4664 7350 62
4920 8063 38
7449 1304 86
2587 9451 52
3036 7850 34
6686 6749 73
6825 3775 100
5958 2119 75
4080 5161 89
794 924 66
275 2220 20
3303 3352 89
2413 3146 37
2120 9940 51
8460 7569 42
4933 4541 29
4126 7373 61
9583 9107 14
8697 1472 23
6515 7769 90
3916 6450 94
4745 9787 83
988 9874 3
7120 3120 24
1503 6154 29
3855 3630 72
6433 5154 69
1986 1827 82
6770 285 7
7849 184 89
3353 6656 71
6719 2957 7
1637 5660 18
116 9485 34
7478 5171 71
2477 3150 62
2569 5625 94
2101 1620 26
6615 9087 29
8843 1127 89
6966 8419 57
1630 2724 81
9365 1592 75
720 6310 42
1488 9255 58
6174 2797 13
9998 7717 1
4082 6211 69
4011 6883 69
7022 8473 89
5842 4633 41
3258 684 60
6827 2909 58
1642 1828 65
4652 3341 55
6086 14 37
6464 772 71
221 8985 1
3410 1811 68
703 3252 88
8961 7125 3
6880 2206 36
8959 6599 76
7709 1444 89
7688 2977 19
7252 8770 29
6032 5351 84
9143 8487 13
4686 269 13
606 8181 77
3885 5957 70
9552 1336 51
920 1707 58
5443 9144 18
2634 9226 76
5823 2736 17
2129 583 5
5668 4630 71
9246 4878 18
2606 7921 91
1033 3509 36
108 8786 3
1699 293 67
9365 8913 27
2750 4473 10
1401 5539 83
1087 3084 77
2216 5993 30
169 6375 74
8103 940 32
9729 757 37
5790 7997 26
6139 2908 89
9443 2064 60
2303 1296 22
7844 1022 17
2153 957 4
4847 2165 56
5727 3034 29
4162 3614 85
1285 2367 43
9825 9832 26
5444 4075 73
6300 7138 61
9086 5255 34
529 1569 65
1691 6570 22
1421 2174 67
6794 6035 77
1139 4567 86
7061 6596 100
6927 3901 98
1186 1704 40
8721 8374 76
6982 9198 5
7293 1360 87
9278 1870 8
350 2047 71
8703 2918 71
1949 777 54
8802 682 96
9079 9345 28
5945 2145 63
5624 8903 7
8376 4763 93
1162 854 4
9458 8801 45
925 4867 30
8751 1319 85
2444 8384 58
9836 4054 14
3638 3723 19
1188 7254 21
9254 8820 75
6835 8615 87
9288 8046 22
8992 431 56
8976 3847 61
8798 2481 27
1457 1833 1
7633 2658 30
6065 6744 86
7498 6975 46
2685 1809 4
2076 455 25
9302 8029 13
1987 2266 75
7866 1202 24
2003 9509 34
4993 1954 61
179 6611 63
942 6438 71
7394 1478 60
2980 6510 2
495 8000 48
6949 8617 99
9904 3497 62
3374 8519 49
7999 3732 77
4431 6811 14
8980 9687 43
613 4761 100
8446 1650 31
4810 7207 9
5684 6715 1
4101 706 53
2338 243 87
2396 5923 16
405 1436 100
8360 5682 58
3037 7685 9
5476 8728 81
6495 557 36
8567 4144 66
8885 5607 85
4737 8885 60
4624 8184 6
9313 2703 2
9360 2291 4
9203 349 78
9604 1014 20
8170 3010 50
4163 28 78
2370 7401 12
1523 1074 63
6197 3372 13
1405 7752 34
3804 5755 62
4651 1903 96
981 8317 34
4238 8959 78
595 3039 88
4878 679 25
945 1097 25
9533 3701 47
4982 3961 9
4685 1749 61
8678 8826 59
506 8949 11
1487 3290 63
9174 5302 83
8354 7545 25
4144 320 37
317 8612 97
2156 5212 92
1406 7528 50
8286 5876 41
7155 255 26
4758 5075 35
4475 8739 42
2407 9472 34
5025 3916 17
8763 7528 53
5665 9672 2
808 4519 32
2018 8745 86
1771 8455 68
7844 6099 38
7354 1011 78
8598 7669 48
3472 9220 15
9064 4046 4
5992 5612 99
5328 4855 84
1798 5580 19
6056 1352 58
6194 5497 75
1523 2617 97
567 7037 33
1937 2596 86
3090 215 89
8873 2250 57
1692 1892 84
5812 2997 14
6973 3160 55
1189 435 95
2016 9622 9
1980 968 64
1502 4958 30
458 3401 33
4486 6913 32
4301 482 86
6783 4185 15
4651 4052 29
7550 5572 5
7902 779 44
1769 9693 41
3189 2367 39
3107 9900 43
6360 2251 4
3838 6487 15
9338 448 65
6920 6673 60
5648 7283 67
7044 1378 25
991 5913 6
8403 209 81
9586 9182 11
6643 1429 7
5705 3312 75
2634 2011 28
3006 1976 65
6114 6080 50
6083 27 31
429 1135 23
2456 6366 24
5966 1927 19
3364 2959 45
7011 7700 87
635 1848 65
3068 2750 67
4383 922 59
1896 7850 90
3789 901 33
497 8677 11
234 8879 94
6502 1953 68
7177 181 5
1903 4486 8
1172 8049 60
2739 1754 92
2905 6315 52
9777 3070 55
1329 7219 45
6939 9166 26
2323 1220 62
2682 9433 32
4696 527 62
3903 3212 72
3431 2402 71
1451 4369 79
7791 4917 1
7117 5318 86
5654 238 22
4339 4072 82
3861 8965 61
8401 4094 25
9956 604 4
3451 5907 64
4945 2607 41
8396 8109 15
4049 864 44
1793 8474 94
5113 6075 83
7315 6565 68
7269 2657 64
9444 2606 100
3990 8020 16
4779 8856 23
8731 5036 80
8640 555 7
9398 6233 77
3955 1497 92
5199 2477 38
3676 7055 24
