3137
374 188 889
861 251 33
333 705 995
414 973 558
345 177 524
867 166 989
505 592 643
355 112 11
794 1 481
141 121 561
554 261 593
65 838 559
627 958 961
813 153 791
331 383 295
710 676 13
667 956 569
730 147 82
421 425 641
217 25 335
281 573 41
541 582 201
81 155 552
446 601 645
569 293 677
51 965 123
310 417 1
852 471 89
372 745 401
299 421 76
921 609 723
895 270 843
231 201 681
531 332 441
630 181 262
376 255 328
338 89 725
465 711 976
553 411 928
677 73 122
321 113 875
625 849 871
753 446 451
449 482 117
131 588 961
667 681 700
301 449 913
989 155 665
772 857 371
911 251 646
262 724 726
121 610 61
199 23 491
41 929 161
129 547 721
874 888 373
581 431 765
831 226 783
321 111 461
341 593 439
393 905 811
769 326 520
665 703 557
580 921 541
881 374 335
967 341 497
17 466 673
359 381 252
243 1 953
123 717 74
201 390 374
475 431 113
871 420 101
196 929 193
914 251 87
201 111 201
809 126 41
201 224 821
581 726 406
899 177 121
977 131 193
539 954 105
1 56 972
26 36 151
993 764 113
436 524 149
616 277 87
615 136 19
289 965 585
915 631 81
122 965 793
104 443 698
151 607 641
916 914 241
779 546 895
351 999 698
926 401 121
326 386 134
185 873 371
833 711 49
694 251 81
293 345 966
723 889 203
791 549 306
717 609 729
961 551 329
951 569 649
787 385 521
261 535 876
495 473 271
987 301 717
776 425 731
951 889 857
663 329 53
501 293 773
156 1 781
483 373 70
113 121 497
901 315 400
386 65 513
133 605 601
365 539 518
455 681 351
85 297 816
531 886 453
947 353 349
197 17 501
809 334 901
801 25 435
587 526 529
304 816 6
261 352 141
825 745 763
431 826 459
945 169 219
461 296 191
358 473 543
177 618 401
327 912 883
51 265 186
941 26 901
660 174 723
885 559 381
153 637 711
906 170 1
513 641 1
896 451 422
676 673 681
193 654 601
129 933 699
212 321 153
243 848 687
1 19 751
491 841 471
131 217 516
251 781 968
863 841 935
505 391 916
144 49 167
961 201 879
951 381 276
225 211 247
745 685 41
351 52 933
117 481 802
545 629 47
601 661 668
541 815 761
720 130 101
161 713 751
37 505 205
617 233 329
226 673 253
796 417 326
16 131 807
401 189 980
501 585 956
553 425 615
162 313 291
313 601 761
285 7 875
193 265 73
591 566 901
709 171 589
151 360 758
819 577 804
115 173 147
623 515 361
601 712 787
576 553 473
421 739 367
505 280 487
145 201 318
462 891 805
677 961 811
341 841 1
153 361 78
582 501 1
734 225 171
317 731 593
101 740 311
949 168 107
359 496 95
17 597 437
109 489 701
81 870 185
703 178 476
431 603 441
47 697 993
121 541 517
686 625 537
417 116 526
483 689 30
246 585 1
439 576 766
994 726 409
365 509 589
277 618 581
169 969 857
737 81 660
591 511 643
615 47 425
761 601 929
651 251 811
599 70 293
961 141 753
177 741 497
921 641 289
577 743 491
671 109 381
809 761 401
6 457 201
638 832 569
819 340 249
873 686 116
879 513 781
637 977 213
109 315 516
866 166 1
277 507 477
883 999 153
617 716 124
797 985 63
244 173 258
69 561 465
901 701 267
385 189 285
601 146 281
596 341 639
431 724 80
685 881 868
921 213 113
201 331 841
9 988 786
801 74 529
990 777 681
729 285 5
537 901 533
154 57 331
713 115 958
273 753 282
351 51 761
376 51 231
75 296 273
791 157 869
636 77 761
767 226 241
191 867 697
52 849 652
116 725 441
731 974 371
401 821 301
344 693 931
677 381 305
393 361 101
297 841 775
22 249 444
471 863 188
125 670 459
424 347 545
111 890 486
737 692 281
12 883 835
398 153 938
521 51 94
391 829 364
625 993 201
919 711 257
248 293 791
556 286 1
997 630 89
775 17 431
580 129 491
849 213 341
869 715 833
457 667 424
145 573 877
574 929 957
542 785 642
92 45 300
969 346 401
633 782 231
410 321 570
513 324 801
817 624 215
222 982 761
286 675 931
901 935 606
153 790 48
527 251 688
789 653 885
96 717 619
501 633 961
408 659 257
817 929 429
881 385 478
889 291 961
455 782 676
29 979 247
168 65 93
887 901 333
637 273 97
657 301 559
889 731 536
821 627 245
329 249 45
791 1 285
839 52 926
103 981 701
905 101 529
57 221 215
609 501 420
459 73 895
499 281 357
869 742 563
903 553 161
22 307 305
113 369 626
909 801 168
826 821 219
993 976 533
851 606 509
614 127 375
401 337 437
801 827 78
381 327 116
501 113 302
921 381 889
69 554 809
73 531 529
998 173 542
368 100 963
492 666 385
565 327 172
449 582 885
788 801 541
471 591 449
113 129 841
245 61 890
593 75 559
737 577 745
4 256 607
336 568 166
866 286 161
937 348 705
734 357 933
367 749 587
517 289 37
251 935 873
767 601 427
391 986 341
677 495 772
17 21 9
60 409 432
565 396 501
889 647 856
126 349 480
533 73 589
671 497 201
537 522 455
833 96 395
466 825 777
441 893 111
869 451 750
521 719 248
635 115 705
123 445 881
139 249 505
881 104 25
711 151 370
738 905 841
191 104 375
343 481 753
691 121 173
976 101 991
759 258 216
350 639 251
949 827 354
170 450 605
84 500 329
551 117 913
759 632 853
508 716 558
691 385 272
266 974 489
982 361 55
553 776 717
929 874 23
237 656 932
941 327 973
497 471 955
721 756 171
441 961 506
813 623 441
612 99 712
465 951 271
709 519 271
316 876 243
151 154 720
647 491 757
891 218 549
913 881 76
865 964 825
313 585 29
564 983 953
633 819 337
697 831 560
57 225 686
251 203 301
241 608 844
35 616 17
871 357 203
599 301 505
344 119 1
487 544 591
853 851 893
965 458 764
211 446 855
863 716 913
435 833 321
567 481 331
276 165 521
871 969 105
387 981 50
493 498 637
538 181 171
17 97 611
161 217 81
295 543 560
105 386 697
270 561 165
867 512 129
798 467 739
239 41 309
745 33 156
321 440 403
709 421 225
491 963 427
849 385 209
626 537 253
121 9 486
83 693 610
363 106 305
61 305 905
597 783 661
381 913 741
982 801 393
143 51 687
378 241 565
455 853 495
713 801 709
41 141 836
582 785 381
219 493 759
465 213 586
625 586 731
143 273 971
344 819 901
101 652 501
756 376 301
309 219 709
723 942 61
856 405 491
275 583 177
95 107 745
993 322 739
641 465 430
321 458 41
158 401 713
117 980 739
487 657 267
297 746 107
606 850 771
461 501 361
65 406 101
602 970 797
432 762 672
886 931 705
235 507 487
481 391 137
431 49 631
581 297 96
947 59 489
931 1 468
161 283 17
111 571 657
947 561 305
517 829 201
251 497 851
795 856 781
601 873 672
126 863 821
297 215 981
551 869 320
540 605 121
33 397 886
857 370 449
237 521 867
85 786 954
529 496 479
171 769 763
697 965 129
157 61 209
861 453 853
175 349 453
285 491 871
575 566 108
622 779 113
870 814 759
397 848 427
321 759 617
621 773 406
358 829 923
788 693 491
297 311 263
579 663 885
687 907 305
751 137 782
127 697 771
477 505 135
855 615 758
549 677 133
753 150 601
767 977 160
77 261 532
325 993 249
305 431 142
361 13 663
9 376 70
201 701 687
913 396 445
126 408 859
745 193 701
901 229 11
831 201 835
143 101 395
701 811 12
131 325 26
753 601 541
71 886 91
431 211 427
345 693 321
569 161 543
801 825 96
565 262 613
526 961 195
851 493 161
741 801 161
829 685 391
928 880 653
961 769 811
765 609 695
411 984 471
761 366 271
889 81 17
52 197 103
840 592 53
41 545 341
996 205 743
331 965 836
536 663 611
123 801 316
703 637 689
779 396 163
735 945 411
744 135 385
31 137 681
421 141 434
703 101 729
621 348 601
916 598 401
893 745 881
496 705 401
951 816 784
881 366 76
515 741 225
342 76 61
653 313 436
611 892 831
141 815 753
812 160 588
551 782 921
916 151 389
222 489 649
169 253 1
947 247 505
158 626 206
600 225 201
149 449 638
261 729 701
799 447 961
399 486 665
501 781 801
889 436 321
463 499 978
321 881 416
221 623 369
789 321 437
606 361 185
717 301 641
751 837 701
577 379 197
305 249 745
569 981 691
985 625 689
305 359 755
195 599 301
101 985 273
451 101 201
201 708 167
977 406 477
93 925 951
769 834 849
949 881 521
741 701 879
201 696 721
486 37 705
772 89 291
137 355 296
545 52 136
186 881 42
761 236 413
149 587 718
293 156 741
889 257 907
961 741 500
901 404 965
486 327 201
307 489 323
413 799 441
953 701 1
677 451 599
136 903 311
825 681 57
241 487 689
161 651 849
145 399 177
677 407 670
483 86 774
381 634 257
305 302 541
571 226 46
778 642 156
339 281 151
291 253 577
951 551 413
969 161 857
997 1 601
203 464 466
61 831 129
504 511 92
185 381 885
77 801 473
251 285 963
826 249 361
116 251 893
391 461 251
701 291 297
44 471 61
891 841 9
456 441 413
993 99 459
801 767 582
709 792 296
456 678 562
114 1 969
541 996 95
847 769 601
710 881 183
735 521 21
121 223 787
561 296 955
451 602 105
407 632 947
781 19 541
251 340 637
585 409 1
868 486 968
57 809 885
261 132 289
801 361 976
737 785 521
4 425 833
481 126 8
966 247 501
557 484 601
633 46 337
1 62 41
195 291 841
101 821 350
983 226 105
661 765 794
901 381 531
293 418 203
161 213 651
947 263 161
981 972 717
85 262 461
881 986 642
550 209 273
259 439 968
341 420 41
299 517 1
645 451 209
418 625 504
289 359 121
501 329 461
413 615 419
977 386 311
841 43 123
371 439 361
397 695 446
230 711 709
209 711 241
633 805 965
716 497 550
477 609 203
419 749 283
97 128 679
897 761 445
714 425 535
425 449 61
883 446 681
431 829 491
942 651 749
473 41 69
729 497 833
839 388 743
620 560 461
265 993 505
970 566 821
185 620 519
722 417 331
81 781 801
311 254 591
221 626 626
33 609 381
251 520 129
424 601 465
340 319 386
936 257 249
873 891 993
651 561 513
793 524 753
450 491 226
481 124 33
561 754 295
286 41 274
564 753 249
23 49 486
561 564 936
221 646 766
108 539 823
566 661 545
153 201 801
914 957 215
735 761 841
992 301 933
421 207 406
211 958 431
826 23 93
851 299 93
997 295 46
829 596 403
369 223 301
591 73 12
291 785 613
614 846 397
121 513 637
153 37 353
575 493 737
961 689 221
129 652 905
541 169 749
70 8 683
776 433 869
233 33 686
171 885 43
817 669 981
375 801 385
473 25 449
545 84 52
49 309 373
167 107 917
249 161 993
309 603 248
848 417 201
688 93 794
433 861 695
550 265 113
471 276 241
841 991 801
526 201 865
137 742 649
682 361 823
631 925 449
626 962 40
401 501 121
137 60 899
929 585 841
746 615 153
161 695 254
11 985 953
969 207 186
511 600 10
824 299 546
1 873 698
933 11 5
997 993 633
157 246 221
784 193 57
408 947 81
321 53 977
129 797 628
761 285 401
902 553 376
227 981 351
241 756 477
730 91 537
787 545 225
239 269 169
506 729 49
733 891 11
141 105 241
9 652 815
487 561 921
161 509 507
813 145 573
235 216 451
344 335 977
855 484 248
579 285 858
97 776 201
969 101 557
271 929 482
621 83 937
961 995 649
681 21 507
538 6 501
876 321 56
981 581 529
564 947 57
806 401 31
224 561 337
985 741 921
921 275 465
471 864 119
171 245 469
921 981 241
430 126 441
421 994 369
26 111 250
329 161 773
177 657 611
41 529 273
132 501 796
989 231 734
261 955 881
468 239 244
695 861 380
265 141 61
441 165 801
545 677 141
835 173 816
596 421 409
527 211 651
678 585 311
611 390 670
526 801 215
513 312 887
379 41 381
361 351 647
343 141 101
257 241 495
321 771 321
957 601 601
53 724 157
359 470 431
945 801 181
519 891 473
650 636 476
461 141 441
204 71 981
751 71 451
591 601 341
86 11 261
293 86 907
52 777 181
511 213 808
481 593 761
447 803 621
221 829 978
497 154 739
956 7 81
209 73 134
619 810 756
141 838 196
107 556 81
513 505 351
219 269 752
947 333 888
713 569 473
761 441 301
733 511 470
848 491 529
649 927 845
684 921 411
241 643 605
625 443 708
943 651 61
993 369 868
467 781 625
440 82 290
433 908 747
199 343 769
754 951 411
668 601 581
641 829 621
842 698 801
445 486 547
11 681 773
273 772 851
225 123 701
400 881 678
431 939 759
114 781 83
49 861 727
921 620 315
745 651 725
664 785 498
851 598 241
646 441 545
677 701 313
668 529 249
715 614 896
695 294 801
353 797 724
748 917 51
612 160 143
385 425 851
571 130 150
647 85 366
553 931 655
952 565 195
272 693 651
360 319 137
513 87 783
164 553 825
117 371 108
561 31 835
321 95 864
564 571 449
997 883 897
244 289 53
697 99 391
713 461 877
201 81 691
600 109 517
241 141 105
201 659 597
553 929 141
951 2 399
288 861 481
20 600 614
702 611 581
250 137 393
481 345 769
741 333 481
38 629 51
563 83 848
223 55 415
572 545 253
23 877 202
826 9 178
229 715 613
196 311 641
609 460 643
642 13 495
986 341 861
56 351 57
166 1 353
311 333 127
856 151 866
491 373 875
865 265 16
490 551 717
821 181 19
170 901 449
177 196 921
89 889 629
369 553 735
101 251 787
881 153 795
20 267 221
485 221 649
725 431 1
769 501 747
209 409 147
581 429 453
881 101 558
11 960 74
809 24 951
561 335 31
86 442 141
478 617 1
117 401 923
513 673 641
53 761 277
353 781 445
974 670 558
526 641 532
513 421 553
611 236 101
609 383 225
657 397 653
641 441 886
805 462 221
257 501 721
158 691 897
886 461 918
585 589 726
477 330 885
502 301 329
45 902 575
900 933 769
645 899 651
17 462 641
927 252 265
605 809 347
636 477 654
232 316 951
358 524 889
15 705 501
775 261 563
465 854 95
247 496 41
957 90 487
801 631 586
645 705 246
155 41 189
421 876 791
929 482 849
923 313 745
301 543 716
801 971 504
209 761 215
321 945 485
279 545 132
945 757 223
204 41 793
720 111 855
849 632 901
691 692 249
956 437 862
833 551 247
688 911 324
395 435 81
831 771 137
165 466 73
842 315 247
531 231 193
1000 809 373
97 826 851
281 266 481
220 510 201
633 518 367
815 355 482
708 84 996
969 921 851
9 273 339
29 729 981
501 817 251
881 237 610
993 970 109
233 801 539
532 17 966
607 5 881
345 340 913
168 145 796
116 669 955
336 65 71
333 384 470
440 901 861
151 901 673
153 231 239
13 861 203
828 751 796
749 158 669
345 871 769
114 192 247
461 265 113
237 586 51
64 726 336
21 297 713
447 926 347
959 14 11
645 479 149
101 39 636
905 481 887
256 89 873
590 561 383
231 429 191
60 761 55
737 1 753
121 855 878
750 409 817
126 591 447
101 413 517
61 623 721
551 201 962
925 674 259
93 841 758
541 501 941
829 101 684
121 745 551
23 489 176
101 681 536
626 736 515
881 66 77
171 313 247
41 869 23
301 889 723
592 57 209
291 885 49
333 707 285
511 395 159
51 25 777
61 399 7
1000 958 177
938 505 629
141 21 602
869 651 453
693 951 644
536 597 931
958 979 534
84 137 71
195 161 654
313 351 413
261 414 645
501 758 251
547 504 322
921 81 401
649 549 113
661 221 851
254 539 201
409 691 429
439 887 865
601 76 786
381 165 937
830 542 325
205 344 702
317 906 439
328 843 613
705 797 680
157 549 6
841 363 233
605 887 586
785 323 488
517 321 968
745 985 881
369 633 485
69 607 313
3 624 957
657 917 736
885 183 877
808 244 121
367 385 185
985 905 65
681 97 201
33 905 636
139 329 954
547 637 961
1000 331 536
131 228 801
467 113 205
956 171 841
961 221 441
923 281 605
375 553 46
321 779 742
769 65 819
249 474 45
859 160 443
964 799 322
907 879 609
295 661 297
747 211 697
251 737 900
947 131 909
276 392 76
79 470 358
696 791 25
444 692 957
194 289 788
151 489 526
277 43 921
503 177 396
499 122 104
881 444 216
815 534 554
393 321 697
684 879 848
621 181 645
279 385 491
261 993 864
111 713 851
391 382 465
413 273 776
111 393 73
777 599 241
87 123 281
526 657 545
257 380 611
311 603 720
481 457 97
126 858 185
287 845 761
363 407 821
770 505 761
914 889 337
165 865 298
626 633 713
557 933 923
521 593 745
39 457 364
504 287 496
993 515 907
236 785 957
677 513 465
92 759 751
563 15 741
293 351 857
431 353 721
298 871 259
601 603 165
821 640 381
398 985 93
673 481 481
87 576 280
326 186 729
711 145 9
507 95 27
683 955 236
477 986 17
65 738 651
371 537 813
137 51 111
921 373 247
241 873 53
73 577 993
891 304 929
121 551 811
196 678 49
981 601 767
607 273 208
1 513 108
788 201 803
381 188 497
767 453 22
575 293 639
481 517 320
126 41 561
281 746 380
270 265 649
438 537 713
446 649 988
213 16 651
697 218 187
503 620 409
439 614 237
109 239 917
981 689 128
819 56 747
182 329 516
301 209 783
257 323 86
276 294 871
978 883 850
747 353 397
256 206 515
156 129 177
746 813 923
81 153 101
780 998 398
97 27 951
224 425 97
857 381 253
75 111 113
465 1 993
669 389 41
691 181 293
759 239 301
36 485 401
351 921 329
125 677 741
144 924 677
727 881 598
249 171 651
489 801 126
625 630 841
57 798 296
459 628 16
799 707 26
993 77 751
440 693 685
435 230 457
161 185 731
937 894 777
807 17 871
955 537 757
13 901 707
600 261 281
969 951 401
631 157 751
564 89 172
924 104 772
457 807 730
173 907 706
849 26 69
466 193 51
645 753 913
609 126 673
307 835 795
251 146 233
626 707 841
577 816 681
642 545 603
601 140 433
481 853 412
521 441 289
193 614 536
9 521 739
823 801 121
426 888 377
93 436 425
933 589 677
58 817 329
970 769 485
825 213 918
484 345 281
999 117 441
765 67 250
613 94 752
861 126 354
701 473 356
248 25 393
689 49 252
239 417 588
577 873 351
305 829 201
904 443 246
219 871 98
225 837 188
463 331 427
383 512 557
928 873 658
191 133 582
997 31 77
281 241 521
393 297 681
206 107 176
897 341 265
897 125 693
501 921 900
89 852 253
885 201 426
413 383 781
777 107 49
472 233 499
281 76 322
856 771 905
1 971 635
256 201 145
871 815 616
701 527 429
1 455 45
127 967 222
585 495 897
551 79 51
511 862 467
277 873 5
47 90 761
181 361 322
929 201 932
496 101 231
96 761 590
605 486 90
543 401 405
467 225 311
409 607 817
276 161 161
779 817 508
21 608 301
763 661 933
177 131 70
49 190 681
527 199 258
107 901 501
502 187 289
230 913 745
413 441 385
81 711 371
281 361 866
151 427 451
133 695 911
915 41 200
9 910 806
377 266 243
461 397 266
436 673 597
361 391 976
466 723 231
849 337 41
761 898 151
281 35 378
341 245 361
99 135 272
493 983 249
1 697 627
132 666 121
208 447 961
421 189 873
559 636 96
451 47 785
137 269 71
161 57 121
537 223 769
24 725 201
884 921 440
655 484 401
448 633 812
661 316 663
739 816 284
353 24 830
637 335 136
468 33 689
641 529 76
385 51 751
715 323 951
975 65 601
377 883 866
41 254 603
303 185 554
545 299 215
651 160 213
81 461 665
721 1 513
711 977 271
879 641 147
359 173 352
883 628 851
135 713 1
513 620 909
325 187 973
688 577 841
841 321 250
971 519 125
41 959 742
646 809 449
609 529 258
125 177 948
760 199 770
86 713 69
953 671 270
160 799 576
326 711 325
71 459 423
5 901 665
695 799 859
561 41 879
591 791 617
118 978 41
735 923 441
22 601 196
677 777 43
591 25 21
918 287 721
258 865 643
89 517 425
60 761 764
271 366 332
21 803 699
624 769 26
580 701 529
227 576 855
433 821 801
727 9 703
986 1 177
649 120 746
163 503 709
47 557 241
289 572 437
486 161 385
760 889 901
781 705 865
477 616 786
1 501 81
736 569 16
341 185 365
537 400 437
268 871 633
105 819 35
82 118 423
407 551 261
331 641 866
165 389 341
280 586 201
881 191 549
417 401 504
477 268 386
231 365 591
501 423 499
401 745 665
781 656 821
87 485 225
725 193 316
431 351 174
604 634 89
435 961 553
351 476 81
661 887 609
127 677 687
608 151 497
241 725 835
43 731 325
887 745 553
937 2 779
514 205 901
882 305 773
91 783 129
974 945 185
491 452 201
726 367 481
789 361 713
21 465 657
796 871 732
165 479 275
821 16 618
502 777 269
653 921 79
720 562 305
636 736 798
566 503 529
701 233 370
591 381 572
987 101 326
990 913 280
500 822 11
327 952 841
419 761 933
941 159 931
899 833 797
980 88 757
613 325 99
191 49 201
606 670 602
801 518 120
75 831 676
367 781 665
487 301 321
326 41 126
657 645 613
988 123 930
334 671 751
881 442 651
326 275 173
397 628 791
991 67 819
469 659 561
561 639 579
194 717 609
581 793 265
689 145 775
921 971 961
201 819 381
259 717 854
486 157 690
529 126 297
141 397 727
673 441 805
4 23 521
698 161 59
393 58 379
609 417 885
961 138 193
799 951 9
711 329 756
161 181 881
231 26 273
325 417 246
346 605 385
691 691 961
105 177 490
719 972 97
405 661 652
9 897 576
388 576 835
121 1 75
207 408 668
81 401 601
633 867 85
897 161 377
593 141 690
287 321 689
268 409 377
437 921 451
362 237 955
169 845 611
770 763 564
356 455 327
185 713 453
888 349 301
161 459 693
433 751 1
933 449 37
404 811 929
143 873 651
353 880 193
561 939 176
900 609 930
445 533 33
917 929 506
64 339 271
471 657 411
871 481 561
621 937 899
782 149 929
541 1 165
299 801 321
525 18 397
246 405 269
518 949 606
837 191 389
775 743 402
633 81 783
528 769 701
641 501 437
671 321 189
959 332 808
741 338 525
89 184 976
335 865 571
549 981 401
649 70 414
66 231 681
211 193 589
705 276 934
21 418 96
815 161 24
881 301 329
410 849 107
723 947 807
611 883 18
60 373 577
405 865 11
111 289 561
539 33 471
912 5 99
951 321 143
663 309 131
635 58 277
393 63 414
231 631 446
73 751 929
787 313 521
707 826 921
743 939 233
768 1 201
335 196 626
41 721 435
903 905 81
586 484 995
185 12 560
961 815 786
325 17 377
284 975 471
526 920 199
241 861 936
505 263 745
867 411 17
13 815 914
56 985 547
75 936 37
933 169 237
456 851 216
301 205 425
577 48 423
359 693 741
81 726 631
88 633 648
798 917 51
569 221 641
62 677 513
384 975 781
453 489 387
947 635 906
661 79 817
594 521 613
457 993 83
269 663 519
701 865 615
885 101 976
667 841 505
670 81 434
202 681 257
656 649 459
149 965 856
89 604 931
417 189 545
904 753 401
253 959 4
357 849 274
127 711 753
421 100 127
665 641 721
227 909 849
821 774 424
345 705 442
13 473 601
601 604 553
513 952 261
601 9 490
380 651 501
726 641 204
866 837 535
851 223 145
181 41 737
465 51 775
157 778 390
593 33 815
44 146 535
569 197 997
417 341 265
474 56 367
201 936 959
497 666 39
41 461 133
663 151 607
596 537 882
276 124 601
535 711 959
671 811 41
957 506 779
875 218 801
261 881 384
91 871 487
261 597 184
981 568 137
382 611 65
889 226 817
945 237 417
136 861 971
577 876 618
353 117 57
721 439 5
889 503 402
971 192 592
166 789 359
650 305 207
258 353 776
853 617 689
315 756 593
901 349 105
712 873 503
872 672 921
110 135 113
557 744 73
449 767 915
21 418 245
369 348 533
815 21 329
355 661 467
8 508 291
137 191 609
933 819 320
729 681 681
851 887 171
841 785 182
605 538 51
778 681 769
791 914 809
385 711 965
448 361 86
401 169 471
793 481 865
656 487 391
1 217 419
523 133 737
881 297 89
825 113 61
664 41 661
721 539 713
543 60 80
981 519 501
996 501 851
991 725 827
281 865 996
984 601 477
708 649 937
601 513 615
252 236 771
559 245 358
371 591 140
156 865 376
867 971 841
79 745 725
126 846 579
1 161 387
893 217 931
876 401 217
595 176 108
141 279 352
849 359 776
21 495 864
835 198 733
781 89 287
451 931 689
625 902 466
999 677 353
597 108 303
299 448 703
551 483 51
561 547 91
358 665 303
941 271 196
107 581 749
319 306 278
115 300 901
171 453 345
557 40 386
417 731 905
593 227 313
6 64 981
819 286 581
533 649 700
231 213 494
277 614 306
5 814 155
405 255 53
769 648 993
849 801 74
461 760 993
655 9 271
769 329 390
359 674 81
407 91 542
141 649 33
225 277 605
776 783 15
201 561 361
467 36 233
688 17 496
909 131 619
545 258 701
274 845 56
431 233 431
901 537 121
463 761 661
171 363 981
345 392 371
881 241 445
281 326 863
353 585 785
401 157 113
410 629 251
129 931 74
21 396 985
560 976 925
713 39 997
286 901 915
615 774 467
639 573 917
988 881 189
68 478 265
561 969 256
906 851 19
633 63 673
965 302 786
757 777 36
607 29 699
482 502 76
326 848 871
309 9 913
107 185 951
721 691 441
809 203 633
982 906 861
342 849 929
993 367 607
161 85 575
688 309 369
957 443 356
319 802 171
522 689 811
806 596 841
825 892 161
641 655 601
258 905 21
385 622 801
411 445 221
115 121 189
376 69 668
571 651 749
57 781 939
541 431 998
993 287 159
585 828 273
134 857 279
63 886 727
89 409 565
932 631 962
869 273 426
885 354 675
207 397 188
817 609 609
601 516 516
267 561 659
417 581 457
561 660 678
567 851 921
455 353 843
337 320 511
921 901 5
921 976 442
879 230 435
481 976 673
305 951 161
667 761 241
971 993 591
901 407 626
65 962 91
355 309 505
569 673 11
537 731 191
551 770 876
103 513 53
361 923 29
600 136 515
304 537 904
273 787 503
740 657 955
218 14 457
903 789 105
65 241 641
381 527 357
15 380 703
17 654 270
392 937 383
428 981 315
19 441 869
509 688 191
306 14 419
286 931 488
891 533 271
334 621 597
366 81 465
569 921 910
401 177 31
487 852 396
517 104 915
281 685 295
858 53 801
237 89 784
251 415 876
761 161 607
606 19 119
349 953 881
249 3 803
557 481 39
653 473 556
31 698 895
751 961 475
516 51 627
532 951 322
631 124 41
785 413 743
271 2 575
321 45 803
409 76 741
393 961 820
924 276 772
699 662 358
557 729 1
281 937 263
696 218 447
273 290 921
986 932 151
745 558 296
526 890 616
301 149 316
833 251 11
730 67 798
391 265 501
176 619 158
81 974 211
220 651 605
649 446 841
417 947 218
801 51 361
489 645 405
522 316 473
348 529 51
997 918 595
597 713 577
646 881 491
796 626 605
801 502 762
13 105 921
781 859 919
11 211 893
969 252 139
851 721 641
433 863 251
276 820 587
151 883 916
373 372 833
372 921 285
690 534 401
553 340 626
870 42 173
841 389 876
814 646 186
548 376 811
93 848 681
713 931 867
375 592 557
981 125 807
441 941 317
165 77 4
257 936 313
834 69 609
151 400 407
75 209 713
277 654 360
81 455 751
585 153 855
987 578 331
401 359 801
991 467 67
25 833 417
921 425 336
65 73 221
59 105 294
425 59 748
341 735 607
261 809 383
700 851 225
779 351 568
201 544 550
617 505 340
507 461 780
717 351 321
444 472 705
501 375 582
259 611 696
345 145 941
389 731 533
589 148 19
333 583 389
941 727 1
779 839 641
612 905 917
825 621 69
219 51 491
541 771 366
692 50 719
836 291 855
345 237 167
833 811 481
121 274 716
876 605 484
316 805 471
556 583 713
861 625 303
581 109 249
369 521 237
441 465 224
601 646 341
821 281 551
254 885 813
393 91 855
701 457 28
617 221 451
501 35 289
319 800 581
353 186 149
1 876 25
602 389 599
361 590 447
121 22 67
197 396 401
85 501 277
25 353 344
279 596 1
361 463 649
326 914 211
706 26 696
683 201 171
434 459 593
584 441 299
444 381 483
589 481 318
1 437 856
127 204 116
999 867 161
273 328 125
15 391 111
265 157 976
753 1 601
884 851 909
154 238 348
215 537 875
168 805 721
831 188 791
595 470 357
261 257 953
936 401 446
95 27 557
540 19 209
901 753 488
61 57 635
651 359 511
315 691 499
976 741 597
598 122 727
236 955 909
259 741 346
102 87 985
859 206 968
700 431 161
823 402 293
985 806 815
957 809 231
991 213 242
246 296 165
186 334 713
108 144 761
507 497 801
526 665 921
819 462 857
3 11 309
153 305 461
387 959 100
115 881 262
593 599 901
456 233 580
93 340 916
593 765 361
671 797 301
250 597 587
419 55 689
815 581 453
937 49 819
228 401 201
305 1 209
829 856 561
345 839 757
209 501 34
851 9 603
629 666 905
811 601 271
991 221 713
692 467 81
771 449 721
11 937 277
960 811 313
501 998 287
353 826 936
993 897 9
291 159 97
253 761 385
661 795 596
417 41 549
503 669 681
481 206 374
117 719 283
281 601 977
181 97 739
997 143 67
961 234 641
761 661 299
6 201 1
153 341 804
224 551 686
821 221 893
821 620 701
479 349 761
931 753 709
469 617 865
207 193 73
569 89 17
726 785 501
936 753 659
971 931 81
101 793 301
538 804 833
192 297 819
13 326 817
753 899 3
361 193 139
593 561 489
890 281 901
961 94 113
65 949 1
893 463 611
21 221 626
951 783 987
9 670 241
483 807 811
801 239 781
971 251 2
812 433 307
621 365 241
893 601 149
697 244 366
71 966 141
507 856 109
525 761 927
197 551 809
565 345 257
416 587 225
931 17 236
926 622 456
996 719 921
292 176 1
391 969 246
425 540 881
401 561 226
476 771 889
561 892 266
821 375 611
290 915 633
552 841 118
713 747 833
696 601 376
478 457 755
125 251 361
516 787 68
441 721 505
367 577 577
661 322 927
436 521 799
17 287 422
258 309 825
811 500 921
857 242 801
255 257 581
120 533 891
361 533 53
25 807 921
931 757 319
916 367 181
522 805 213
45 635 536
868 876 640
412 194 476
1 393 975
212 921 557
258 951 246
631 29 31
142 567 247
791 921 209
535 637 564
449 467 13
947 153 511
1 883 919
316 1000 89
831 331 663
939 777 193
609 511 507
315 246 828
85 568 908
351 921 1
1 953 748
937 943 783
871 621 706
740 101 999
726 801 125
786 439 356
434 545 531
673 837 801
817 172 147
621 199 925
855 201 321
273 303 990
521 322 579
124 120 993
93 259 457
931 573 453
759 224 213
406 185 258
709 485 247
143 457 824
170 633 509
751 391 385
913 372 909
61 607 547
285 250 441
719 683 101
528 316 139
47 749 758
195 724 762
576 873 821
781 616 33
1 532 129
772 459 357
809 821 977
313 160 323
281 761 289
397 763 121
974 401 263
911 676 369
115 217 661
131 76 171
607 241 291
821 741 465
867 935 481
270 537 189
907 811 713
943 551 723
861 885 1
511 752 399
73 633 661
319 241 175
345 829 313
265 865 968
721 433 746
679 124 641
647 521 428
747 101 409
597 97 397
161 201 314
857 151 473
164 741 747
528 276 691
41 945 413
371 767 579
70 239 481
762 213 285
311 483 866
441 791 361
282 353 882
801 297 56
947 386 351
145 841 208
477 742 569
199 129 993
763 804 855
906 576 963
882 563 26
388 553 71
515 73 141
527 613 835
592 293 561
913 121 465
143 507 201
508 16 186
261 377 670
93 407 951
811 11 730
745 911 335
273 217 446
21 479 297
876 521 587
373 736 477
207 100 737
535 884 704
317 81 89
435 889 58
954 451 604
211 672 481
888 655 123
321 350 125
632 605 561
282 913 670
101 326 223
169 431 330
20 219 297
393 637 251
96 707 380
237 265 191
431 996 125
869 924 361
409 307 424
105 365 787
957 265 244
614 617 754
33 699 378
161 243 630
771 641 266
321 543 377
297 676 781
561 189 697
647 660 987
153 273 406
641 667 577
244 500 400
162 955 44
39 701 564
872 129 951
475 7 315
781 381 209
281 901 795
221 343 790
41 828 9
186 359 881
592 475 786
872 197 437
766 163 22
869 441 597
449 351 545
767 485 224
984 421 977
201 913 203
69 329 993
792 105 407
524 501 988
866 155 1
21 761 245
861 911 331
791 353 937
241 626 253
319 881 205
409 229 231
797 45 313
561 484 541
877 471 441
987 85 673
579 249 671
454 124 268
185 437 709
876 892 803
571 617 768
571 1 486
50 434 929
301 401 564
389 713 773
950 753 155
837 308 255
314 9 396
855 189 141
681 356 520
389 922 119
843 109 623
260 913 634
583 967 269
714 791 240
1 876 221
201 273 810
311 981 855
17 801 43
332 321 39
833 426 891
418 345 385
26 461 325
461 59 676
541 365 2
217 995 601
620 830 925
196 561 461
993 304 407
59 601 815
960 501 631
113 398 868
417 641 329
25 790 153
389 651 311
781 568 103
850 705 510
574 981 333
251 101 705
6 669 135
539 931 849
852 91 857
87 805 677
71 369 939
643 11 489
137 329 957
301 237 473
105 201 751
563 133 657
577 445 637
181 869 376
361 799 761
36 856 357
9 416 570
772 171 311
689 452 177
233 681 425
688 187 529
943 129 841
115 389 991
289 25 625
897 648 105
731 429 971
1 137 646
141 418 441
681 861 113
725 645 601
501 953 958
367 471 287
553 599 184
121 266 151
103 533 545
161 886 958
571 539 417
909 641 509
945 353 734
409 891 491
51 334 851
39 305 801
173 805 884
476 96 952
97 793 498
543 397 169
246 721 965
679 744 738
371 96 501
204 857 909
371 57 797
655 931 161
82 501 993
481 540 840
837 977 912
633 591 11
163 869 412
495 585 188
320 988 737
581 57 716
305 501 333
841 169 524
503 809 911
81 486 751
230 161 922
19 851 681
667 617 816
394 45 485
681 883 586
935 27 613
837 441 722
557 817 1
405 537 35
1 511 559
302 941 371
286 75 281
913 409 126
329 584 601
75 637 881
859 833 868
45 997 881
825 227 661
825 630 673
401 727 487
161 221 484
429 663 343
657 737 429
662 11 861
501 651 393
635 901 396
1 392 579
902 904 793
594 276 1
603 748 754
351 729 79
136 881 510
337 441 755
888 601 9
73 135 681
513 595 139
935 996 936
577 340 793
149 641 347
17 569 499
825 41 129
25 325 959
939 681 51
385 537 471
395 697 305
361 263 351
297 667 876
878 141 881
93 241 964
643 189 737
566 402 394
481 541 801
440 967 35
594 621 201
859 181 410
371 249 387
383 192 881
936 359 351
975 661 678
119 745 641
701 978 206
345 897 526
999 997 333
328 999 389
561 699 961
169 305 967
937 489 393
569 697 444
461 433 796
259 840 541
713 233 281
25 117 245
585 966 656
53 927 943
40 474 247
284 106 882
172 597 931
721 6 269
665 298 214
916 648 15
647 421 542
919 668 873
11 581 107
117 412 801
879 900 643
181 487 665
601 781 103
621 551 425
79 532 401
549 779 337
746 489 204
494 541 43
105 611 221
36 983 953
526 35 477
997 845 286
156 891 666
811 869 844
297 723 1
677 226 323
629 63 219
677 265 646
785 777 373
125 151 509
401 687 27
993 301 186
697 281 728
291 966 581
701 837 145
351 513 89
976 37 433
560 569 678
692 772 306
999 937 917
244 351 643
241 321 494
481 745 826
993 241 891
190 135 209
421 798 97
484 993 567
776 402 980
384 917 127
625 383 1
581 389 693
203 29 157
228 726 601
229 549 736
666 610 636
542 850 116
201 393 435
713 716 326
730 262 641
521 343 180
273 569 323
26 732 101
377 721 881
793 453 881
65 1 77
231 715 638
570 375 72
873 711 645
685 271 107
451 731 903
1 717 641
641 767 621
768 251 506
73 985 836
319 401 301
642 931 18
619 299 913
380 321 581
501 489 59
658 736 97
336 836 837
498 785 11
912 898 701
416 63 747
988 753 701
851 281 536
942 813 111
541 776 215
737 941 625
584 741 679
861 44 184
697 33 248
531 943 897
517 913 880
491 19 756
261 469 49
311 121 285
678 403 665
286 847 991
361 349 457
653 971 197
773 674 987
809 241 921
925 762 153
447 489 81
436 446 269
413 517 861
777 534 801
617 644 721
710 973 836
689 437 289
888 976 427
895 9 81
753 1 631
81 607 146
873 446 945
561 831 616
1 208 311
185 982 551
903 301 413
717 647 813
477 42 129
738 388 937
83 773 201
481 53 482
225 786 22
961 664 751
45 176 196
77 436 365
441 489 885
73 120 299
366 849 635
561 806 51
500 741 381
454 827 826
801 625 199
80 157 825
381 911 539
867 333 721
75 25 851
931 449 42
186 741 117
745 113 863
776 241 574
885 551 701
938 266 7
747 12 23
973 943 880
111 512 9
37 33 187
865 233 841
669 394 1
458 145 284
118 961 233
16 791 71
898 304 165
5 611 277
113 703 683
634 465 721
639 665 524
146 539 516
361 705 417
329 405 337
909 801 73
155 911 365
169 356 90
625 992 545
805 737 641
79 553 161
864 435 88
453 401 76
757 736 3
941 873 308
109 1 601
505 15 705
868 715 804
733 863 325
751 785 431
624 920 847
745 781 737
809 725 329
448 221 521
799 837 633
677 870 543
252 81 141
557 10 561
601 241 346
452 777 652
323 564 491
483 249 369
721 911 527
937 265 215
241 65 461
601 571 929
453 113 383
856 11 615
697 517 219
415 563 263
986 697 441
659 39 435
407 953 662
245 625 545
686 666 401
779 771 889
436 617 973
11 119 751
911 739 289
937 949 952
81 61 421
543 884 261
829 41 863
281 334 992
246 396 678
65 293 709
37 367 91
797 721 207
381 185 762
305 944 831
93 292 193
776 721 401
981 518 406
805 74 445
677 361 151
871 215 247
546 581 761
196 486 238
746 745 267
465 583 545
819 353 461
678 745 314
411 523 904
449 101 201
335 991 1000
303 428 71
521 947 971
629 921 834
95 31 421
921 105 151
193 731 581
899 21 387
331 833 557
265 57 838
693 216 435
601 47 949
18 925 832
257 829 675
501 81 315
553 889 601
834 857 214
1 460 576
697 689 291
95 17 913
231 250 236
793 161 887
213 333 329
101 223 809
257 571 937
593 897 836
947 23 258
319 828 285
767 530 747
228 21 969
964 647 438
778 121 271
736 811 799
577 945 786
754 553 189
439 805 76
392 673 478
991 433 805
243 281 76
881 598 733
291 153 425
606 673 64
225 831 826
62 201 131
267 626 376
739 41 1
247 261 109
632 969 877
383 229 231
605 251 881
767 891 407
489 191 422
85 434 709
931 205 939
871 938 142
904 779 461
501 238 144
95 457 776
559 462 934
517 841 357
871 879 1
284 395 822
457 573 354
697 29 232
501 726 286
381 847 939
311 976 297
107 371 872
533 494 435
961 385 553
237 696 831
681 479 516
721 655 649
379 911 526
527 207 981
303 136 996
706 25 41
531 101 441
493 588 361
695 978 165
859 954 103
957 945 771
400 366 507
260 721 796
987 337 513
41 663 716
725 910 253
366 227 11
522 624 626
458 531 201
651 834 671
754 441 701
886 13 793
959 743 909
761 940 81
895 527 146
691 906 235
481 242 57
463 368 755
57 655 103
866 461 937
898 737 865
875 422 846
21 502 353
401 201 41
739 681 433
353 987 704
63 725 1
91 751 101
331 48 921
445 379 557
673 801 55
276 932 171
301 787 923
589 548 693
409 813 341
91 946 572
761 581 585
896 501 758
681 536 356
823 923 81
291 343 79
630 131 73
405 84 385
825 394 825
953 281 958
419 601 649
961 644 358
676 659 43
266 989 881
877 121 92
647 41 229
599 146 715
725 758 593
80 674 133
521 395 71
981 183 976
741 905 499
106 673 665
781 16 291
987 291 81
946 561 381
517 331 683
625 591 859
407 829 691
960 123 915
379 208 917
727 493 25
243 303 321
247 429 604
41 251 365
225 909 857
231 345 756
677 879 685
645 491 721
137 993 521
133 894 882
132 113 691
781 1 410
238 101 991
103 937 376
163 655 687
238 401 578
993 201 241
141 501 394
728 601 625
569 601 190
813 131 934
877 151 534
455 202 343
813 962 485
649 549 838
491 111 103
573 425 809
883 131 564
133 521 797
356 906 491
7 687 281
253 779 517
530 161 641
761 699 603
201 101 899
732 527 351
673 1 953
739 851 740
165 447 495
641 656 19
81 803 571
585 57 505
993 983 498
229 709 821
721 912 546
950 386 536
381 301 673
276 910 551
26 611 765
369 889 231
249 21 656
751 481 841
701 366 332
757 989 890
233 505 178
747 499 857
841 481 79
949 257 313
225 184 521
983 315 642
290 886 945
429 769 805
736 385 31
53 901 919
236 922 257
913 493 385
527 357 411
301 41 901
465 97 249
625 950 813
545 264 809
381 70 81
621 465 155
111 89 451
851 277 609
180 569 493
655 905 753
858 351 137
241 495 701
937 369 111
441 527 581
321 517 695
793 701 651
957 306 976
887 921 116
487 385 905
931 88 648
351 889 511
329 477 11
552 22 609
212 151 254
665 494 269
958 191 28
985 9 252
149 365 291
123 540 649
956 509 733
237 323 341
81 171 616
419 406 721
51 401 777
641 419 349
817 469 5
675 402 27
157 713 926
628 917 721
438 607 714
907 661 196
526 518 376
697 679 61
249 898 21
151 361 426
266 595 112
69 225 519
781 65 603
291 817 71
451 596 271
581 752 110
386 761 255
529 381 393
701 201 423
107 396 101
740 505 66
353 875 96
985 105 189
381 989 763
896 527 705
201 321 53
315 237 345
829 857 337
655 151 689
