190
5265 8594 90
715 963 24
7513 5872 67
735 7953 77
5847 1899 68
766 5357 61
7845 3559 86
5985 511 50
3829 6779 87
386 866 18
1604 9451 30
349 2585 56
4720 286 35
3035 9772 67
7719 8407 80
1459 1582 38
7136 3489 55
7165 5674 3
2765 4881 65
1677 1070 47
838 3023 79
6256 1897 81
5181 2818 81
4445 1654 1
7578 7902 64
6117 1809 15
2691 946 57
2742 8110 89
2457 7466 84
2343 498 87
1695 3960 7
1688 3633 74
3822 8081 1
3221 1504 11
9836 8337 12
145 5244 6
4064 7232 56
7743 3148 56
6686 6863 27
560 2010 71
5948 4940 51
2784 6117 38
2687 7044 42
8539 5470 46
6211 2675 63
7579 9950 94
2347 863 40
6292 5185 93
8918 4772 58
10 6705 48
7369 9542 41
536 1566 4
3073 7612 9
51 9267 74
7420 7829 21
7145 2108 9
1445 2482 64
1067 6153 61
8042 4231 50
524 7212 78
2170 8614 74
7072 7323 43
9132 195 42
8133 8323 82
8724 1238 83
2162 3479 40
9927 5113 96
3842 728 55
1188 9921 75
4098 7209 49
5162 140 66
6086 6961 84
113 9425 13
5021 9688 7
1736 34 46
7719 4394 63
7592 2002 64
3419 9443 4
2071 1355 51
9866 1287 13
2833 7416 97
324 6429 12
3049 8111 76
9710 844 8
8099 9121 81
9411 247 65
1626 5339 92
2550 3882 28
1675 3798 93
7982 1117 43
9403 2765 44
1291 3340 85
7560 552 12
5556 1987 30
8494 7966 28
2610 770 24
2586 328 24
456 9311 88
8931 5647 91
6186 5901 48
1083 1880 95
653 4105 40
4753 1832 18
2586 3708 100
9502 9745 39
5699 3123 96
1175 2958 100
456 3462 2
5574 6101 81
5729 7299 62
6405 4851 43
6317 5895 50
7193 8294 98
2500 8392 70
5318 1394 53
1783 4655 4
2822 5878 84
5672 2635 30
8224 5259 32
3487 6921 62
756 5121 47
7780 4052 50
7183 2668 27
6685 4009 14
4765 9448 42
9867 8385 36
4622 2865 31
8440 505 99
2185 1296 28
7360 6434 31
6727 4877 29
7987 1844 18
3695 7851 94
2026 5639 40
3756 6090 49
1844 9332 18
9753 165 23
8057 6813 46
2165 2446 22
8535 1896 4
8486 5633 94
711 9494 52
9980 7567 83
9844 8218 84
6 7957 11
4499 9448 31
1191 8456 89
1324 4944 12
2993 1812 13
1194 1160 56
8918 9372 94
7306 2671 43
6407 3404 43
3255 88 1
6061 12 15
3095 7384 73
5999 3231 48
7565 7342 71
4707 7892 25
702 4717 98
3993 4837 56
7843 2822 12
9163 5994 5
2035 4756 3
2278 5410 84
2783 2234 82
1122 7866 97
9550 6879 32
5131 5860 5
4438 3391 61
1833 619 61
188 8507 47
6896 6865 20
5588 8931 33
2549 2055 50
1943 4502 16
3439 8942 4
4455 6998 38
884 4922 60
3813 4933 61
6603 3683 65
9361 7478 15
4370 2408 6
4191 6855 60
510 350 16
7374 4895 85
1149 2965 87
8900 1219 79
1255 3733 15
2770 1074 84
