3498
297 675 837
173 876 946
733 817 1
41 266 509
263 561 403
24 492 771
341 102 955
529 477 545
231 777 212
695 661 223
215 942 251
413 875 8
139 238 241
435 341 501
518 833 981
33 656 741
8 771 495
1 851 1
441 361 721
156 367 221
161 726 308
539 753 641
123 274 881
337 1 664
49 401 337
193 385 261
521 370 785
50 361 105
841 749 601
659 441 433
731 722 951
293 601 933
398 568 111
350 132 162
253 21 601
731 77 794
588 740 563
585 681 563
603 75 589
318 463 805
143 521 730
768 17 857
501 865 837
913 511 633
397 433 671
257 142 336
151 151 381
396 253 161
132 273 309
81 232 821
592 157 977
521 877 287
726 441 97
665 161 41
535 781 171
683 78 839
321 895 483
596 474 727
205 463 465
949 425 217
499 325 361
481 173 589
841 219 586
740 689 639
265 129 603
526 282 397
705 701 97
489 143 57
662 837 841
257 205 991
181 104 353
425 57 748
141 321 601
9 631 876
985 40 167
202 153 421
141 555 277
201 697 417
328 621 105
520 549 781
786 580 171
381 367 761
211 21 724
89 741 678
593 7 174
657 790 216
527 421 141
521 344 771
951 468 168
969 951 735
131 849 481
895 771 807
304 524 901
562 547 670
745 971 969
160 385 605
889 807 783
518 361 435
361 114 99
47 905 569
301 25 145
549 588 890
69 481 735
529 785 56
801 459 780
701 808 391
336 445 12
423 649 551
841 914 135
141 201 101
261 457 690
765 295 803
613 371 632
647 85 673
810 385 880
273 813 189
929 346 97
61 201 683
721 564 362
897 335 767
138 485 251
834 864 676
337 941 483
727 337 203
467 311 300
265 822 465
751 177 121
667 889 729
469 599 453
744 649 681
143 99 801
272 678 713
185 201 611
309 759 201
253 623 131
201 662 908
363 205 281
385 87 419
145 165 518
101 681 509
371 956 281
703 940 189
777 760 42
871 914 617
339 380 176
371 691 746
986 843 176
439 261 155
993 657 817
207 643 846
601 451 773
855 619 381
996 643 841
841 846 129
558 171 625
192 149 481
721 709 737
767 151 952
553 76 298
201 873 801
681 272 353
946 796 991
1 229 509
591 333 89
250 376 242
497 61 69
62 161 185
777 501 230
7 316 741
853 908 210
550 909 741
161 401 431
898 353 230
785 476 980
105 617 223
570 737 287
209 61 402
909 705 419
261 435 862
791 945 97
565 601 873
219 297 49
825 305 23
665 241 601
969 177 901
513 624 745
449 41 313
537 245 408
989 341 419
462 581 461
298 951 253
575 404 594
791 601 410
217 585 176
856 46 87
285 587 361
811 184 503
840 505 308
691 195 281
853 169 480
391 247 79
89 896 401
305 47 950
222 137 985
483 725 777
543 165 29
145 146 85
876 713 831
901 958 56
135 956 460
793 435 728
126 936 308
930 199 389
865 367 425
8 403 523
582 385 228
687 141 312
161 153 381
738 541 207
611 96 295
141 917 745
581 226 725
33 981 385
802 463 50
901 276 481
603 329 217
635 17 383
472 891 196
601 865 1
401 21 223
257 1 278
408 501 489
382 617 485
602 360 191
991 391 911
151 621 671
36 697 781
841 435 83
669 913 79
753 275 729
837 257 853
961 105 881
196 781 211
673 611 881
645 357 841
255 752 125
291 953 845
941 634 481
9 386 21
253 586 336
705 527 187
973 249 539
705 931 204
476 873 151
617 22 129
121 273 111
414 201 601
387 963 765
837 523 273
949 546 329
801 42 964
758 145 478
433 425 53
801 261 275
331 641 961
625 626 636
985 65 251
859 177 433
487 381 201
187 791 241
934 481 708
695 927 141
487 161 984
266 533 431
46 491 176
394 561 251
413 713 169
756 579 277
226 501 71
601 321 851
822 797 369
1 15 900
401 556 629
241 15 385
173 705 301
215 913 431
821 997 789
423 817 352
189 848 249
17 971 865
951 441 545
889 915 642
81 52 816
987 335 417
1 551 600
281 647 209
605 127 265
737 595 211
300 281 851
7 796 913
401 633 73
273 231 501
167 513 113
761 305 73
415 298 97
861 743 229
877 209 639
706 337 851
353 601 503
441 750 321
823 183 471
501 619 795
585 836 69
664 577 297
993 811 559
950 327 355
429 933 51
541 283 636
680 505 817
631 674 998
717 847 913
845 711 238
607 51 377
101 371 481
405 505 719
70 633 629
708 646 740
833 743 684
827 961 122
1000 801 798
649 825 561
746 651 81
961 876 491
470 966 898
148 601 743
481 146 90
473 81 477
762 741 570
991 295 951
265 774 121
750 922 705
257 1 548
437 347 351
287 81 522
233 533 288
121 457 61
337 89 793
551 635 262
497 967 684
199 993 451
986 267 755
231 633 205
479 696 126
4 489 409
268 951 607
73 251 129
491 55 695
213 477 187
673 481 401
331 657 796
643 965 361
9 863 620
21 875 961
493 761 690
241 431 57
339 191 961
181 1 113
925 621 741
561 589 961
111 896 705
841 790 325
836 198 883
606 191 821
101 310 203
1 681 735
263 936 962
27 759 877
410 367 249
961 102 993
701 321 169
287 561 441
385 481 121
87 24 985
367 752 286
967 873 681
319 867 315
770 567 601
453 518 481
801 203 145
752 351 41
753 947 153
361 693 821
251 329 153
131 625 250
591 812 120
883 682 795
997 915 837
581 683 561
413 868 147
993 16 555
449 809 477
787 277 41
850 265 441
825 377 730
597 985 106
957 789 566
247 47 431
948 932 983
399 445 129
673 705 471
613 598 69
609 937 436
943 894 886
451 176 426
305 721 424
789 53 1
668 1000 381
553 397 809
373 126 308
627 831 101
709 965 151
426 55 738
651 419 15
751 609 150
487 137 983
686 69 999
201 240 542
677 11 832
186 970 749
743 802 315
521 1 691
247 376 793
81 457 400
281 499 547
106 221 405
689 13 375
217 295 930
726 989 141
774 30 571
366 291 445
525 411 451
721 462 86
929 177 675
676 929 575
389 566 407
601 361 573
373 409 889
89 49 466
625 866 859
517 60 513
581 801 621
657 679 761
17 375 530
1 665 441
269 676 819
935 795 5
60 881 703
291 943 24
881 325 793
678 33 328
573 2 401
163 871 445
721 170 617
701 383 265
995 363 106
417 717 161
817 961 558
776 257 805
655 509 252
91 251 565
843 876 460
137 9 353
391 623 88
417 521 609
27 671 813
71 861 621
778 477 897
325 941 315
996 561 206
152 326 241
593 316 567
156 153 170
774 956 704
163 601 856
833 162 1
851 779 617
401 493 595
447 851 321
41 153 110
901 274 861
794 865 439
137 201 929
249 25 513
114 559 855
541 217 953
981 361 523
649 373 335
333 610 893
656 993 713
531 591 804
487 6 593
960 241 445
645 474 53
101 913 833
249 213 611
797 388 89
937 577 141
443 616 181
864 896 371
217 913 234
315 869 51
783 9 903
389 641 841
649 193 881
531 328 501
231 26 273
951 977 625
351 601 513
491 1 118
457 915 259
966 798 576
221 235 905
762 121 941
951 187 673
701 981 147
416 233 553
470 303 398
774 558 532
337 601 529
364 330 16
603 553 933
911 220 803
28 728 941
33 203 341
619 557 606
642 587 373
980 468 913
721 689 625
453 403 241
701 440 957
46 826 988
241 589 536
409 125 697
705 789 439
265 928 313
163 563 161
421 436 251
155 89 251
601 281 766
429 944 249
431 910 897
475 353 83
684 447 626
751 613 505
41 216 113
986 749 501
143 961 391
233 216 395
127 217 481
135 463 981
725 437 534
81 651 176
121 401 759
144 223 742
683 961 670
789 396 546
915 437 276
288 617 316
673 378 711
233 928 522
492 628 66
589 100 431
1 961 581
300 270 526
505 202 91
239 207 525
1 41 761
409 393 827
225 217 213
852 967 593
729 299 541
324 121 293
26 135 881
627 761 741
113 449 301
321 434 769
413 711 376
786 528 972
97 913 897
684 831 805
720 271 157
722 101 219
33 456 987
461 364 586
831 873 866
271 753 590
43 1 451
121 526 83
975 625 737
137 294 533
293 689 632
169 111 459
251 849 745
945 467 856
993 87 541
409 308 253
781 141 577
141 506 936
135 200 727
261 481 563
79 449 105
511 893 153
393 846 869
716 301 699
342 753 579
233 355 55
420 276 161
695 126 465
401 249 415
468 501 353
245 928 656
293 22 628
501 145 45
554 818 857
377 408 385
841 473 229
249 85 1
63 849 241
879 988 113
233 99 819
896 817 487
515 998 393
439 23 71
633 542 174
305 59 492
502 251 56
721 81 433
866 885 669
209 731 554
246 611 945
593 488 111
161 606 734
801 665 41
25 990 169
553 1 409
626 781 816
621 743 684
383 248 69
781 875 955
301 333 188
62 861 121
863 412 921
935 341 937
885 699 831
313 71 868
354 401 397
34 616 513
281 507 641
871 466 121
375 247 313
732 67 49
361 884 335
926 111 577
713 777 657
186 244 297
47 277 873
877 960 561
396 801 859
313 630 657
881 361 521
771 744 629
475 117 202
9 616 424
301 941 673
946 13 470
831 729 465
73 161 899
941 769 81
229 401 581
581 637 949
733 921 747
289 27 481
273 661 601
761 200 249
977 549 649
279 847 401
313 601 880
400 551 869
561 919 697
286 972 976
41 71 429
742 915 703
362 733 714
717 955 286
176 827 504
653 837 586
376 621 41
427 481 806
623 751 489
825 903 89
23 461 85
529 922 235
834 13 69
591 95 965
821 226 341
906 304 781
937 189 265
583 331 619
836 354 401
778 17 211
51 197 23
459 202 361
37 261 361
87 861 106
829 944 655
150 200 831
525 407 137
897 833 981
841 383 487
101 598 893
552 145 601
357 167 35
936 452 361
809 524 721
124 133 701
787 875 71
489 821 304
689 161 143
881 1 592
529 168 801
528 753 981
909 705 746
657 673 126
591 813 171
729 742 327
217 326 917
872 676 796
601 253 611
880 526 473
305 983 741
929 187 241
793 34 509
721 884 59
346 599 375
35 751 713
618 73 873
779 206 209
393 846 789
31 582 123
587 765 101
301 651 887
621 287 85
481 845 651
135 755 312
841 213 996
796 925 545
921 471 801
221 636 941
97 841 481
584 517 407
483 881 529
955 551 765
625 93 89
299 326 281
21 121 835
101 705 756
359 646 998
637 567 905
611 393 12
772 821 503
833 685 115
49 330 321
352 44 817
776 801 6
466 905 701
945 609 602
301 29 865
35 263 998
755 541 778
371 224 574
31 921 752
401 391 236
278 469 213
901 421 991
725 315 289
245 389 573
295 893 801
501 113 156
965 51 957
621 757 615
201 41 742
651 801 750
561 327 777
727 87 970
701 546 553
595 481 256
917 707 688
1 791 93
575 551 606
29 577 261
405 160 311
391 923 304
116 745 345
406 271 781
301 361 661
599 516 960
736 825 388
468 571 117
21 891 901
353 679 454
351 791 751
363 593 751
361 195 234
68 254 730
63 761 551
169 257 521
975 506 137
11 201 160
199 661 226
929 239 897
321 881 837
397 761 298
665 896 692
481 751 65
531 441 417
459 735 427
955 265 418
670 237 167
46 256 501
136 771 473
692 925 29
416 165 932
248 189 374
13 153 348
388 681 121
837 371 599
11 801 27
541 761 655
17 201 325
53 445 633
186 371 650
515 249 28
589 529 129
954 361 578
297 571 909
217 251 901
876 981 769
121 608 379
921 451 377
333 489 135
936 497 497
435 54 997
73 681 901
76 899 505
87 707 777
450 431 161
411 886 720
1 697 128
761 761 757
701 787 749
407 479 145
957 406 185
818 553 992
517 635 417
881 480 457
63 421 462
21 689 121
784 895 367
853 805 185
961 657 756
776 216 493
973 550 605
89 970 51
585 857 537
435 906 658
215 591 201
343 641 929
291 528 530
917 371 210
74 259 719
321 225 801
885 756 963
477 945 783
265 526 209
319 418 333
902 773 411
935 53 389
810 117 401
682 86 737
851 240 433
157 675 600
261 242 878
661 478 29
690 376 516
381 763 429
161 810 13
621 924 421
935 830 433
777 61 316
642 998 81
959 91 116
493 743 309
259 629 569
711 165 54
421 458 255
102 150 659
77 146 876
763 105 226
491 762 267
741 232 129
381 217 826
915 695 193
170 593 146
945 629 571
409 333 657
964 311 26
995 921 964
253 561 373
43 219 375
933 521 515
775 678 665
491 326 327
726 503 833
185 672 457
96 531 447
135 473 771
895 901 863
481 116 737
573 824 594
792 774 751
831 349 945
273 211 263
529 593 937
433 873 874
61 727 833
849 501 651
706 933 345
813 305 631
901 706 293
151 17 281
607 641 739
89 548 702
41 345 481
549 583 854
221 863 869
164 41 776
36 351 817
769 371 988
607 505 59
601 786 550
425 121 280
391 521 353
983 297 567
529 825 805
740 337 53
133 111 251
537 817 635
697 61 589
41 72 488
237 777 471
39 474 941
475 452 186
487 745 7
778 31 271
914 481 689
576 201 911
191 361 164
837 817 157
951 816 829
933 849 301
136 463 599
846 30 270
831 497 115
570 116 573
241 697 445
601 61 773
876 41 329
681 13 865
72 515 351
465 785 535
505 401 666
44 661 345
435 71 367
49 117 819
701 395 104
881 27 646
921 541 351
921 534 769
801 881 441
479 301 123
16 437 295
735 421 797
249 404 285
409 26 988
489 1 789
387 741 671
57 572 561
601 410 739
191 725 629
170 450 49
445 889 918
57 973 740
144 291 916
643 725 542
349 895 857
871 426 294
461 463 337
536 857 849
801 942 237
905 85 899
150 640 731
946 541 273
154 176 284
807 962 417
826 501 935
809 517 622
265 739 775
169 322 249
213 381 377
989 625 123
11 221 569
789 276 97
709 141 169
445 801 491
585 481 22
621 193 961
726 651 385
55 386 993
321 549 743
726 949 173
219 137 958
957 602 50
1 611 252
905 713 436
387 245 101
223 741 181
11 853 541
225 76 275
62 91 116
364 473 51
1 426 5
617 101 159
61 472 306
93 336 801
886 843 273
817 417 41
301 426 853
912 168 849
665 202 881
811 529 913
487 236 617
147 319 890
225 671 507
807 612 801
871 963 271
83 768 401
515 951 926
773 938 153
934 545 973
623 685 135
313 641 935
350 208 425
453 713 881
496 187 577
934 144 226
605 405 260
66 611 591
185 477 43
451 526 49
881 275 23
55 441 705
614 71 476
351 301 193
178 154 131
425 192 505
501 265 62
116 137 997
41 728 66
433 621 756
65 909 957
505 489 251
245 897 417
106 33 610
553 441 760
843 948 651
7 848 721
329 298 240
325 260 749
441 697 745
371 521 769
686 674 273
289 71 467
757 172 182
326 561 211
281 261 842
501 24 185
296 877 689
23 301 577
956 554 569
937 49 265
829 61 818
903 481 321
944 539 426
713 930 762
753 685 69
551 928 969
665 38 607
487 669 249
21 138 901
980 575 71
49 336 746
237 161 232
289 123 576
537 993 369
297 873 165
11 261 255
790 185 751
821 351 566
1 441 234
561 684 70
146 376 617
414 558 297
201 508 145
109 889 861
499 55 687
159 77 233
489 451 210
97 6 326
201 49 87
804 743 995
601 267 381
317 971 967
641 121 273
117 191 441
565 479 3
257 527 21
321 988 788
236 990 223
937 684 409
991 29 771
565 131 496
175 9 581
569 977 53
853 587 689
337 540 3
725 971 833
91 126 732
150 871 411
193 134 681
163 691 163
787 421 656
945 842 945
866 288 419
881 219 689
417 1 926
500 790 713
713 862 751
376 463 847
599 401 865
791 921 566
66 356 141
681 875 26
588 73 283
487 17 820
79 73 796
168 481 251
481 739 811
961 733 753
2 172 852
294 113 161
725 273 446
678 977 205
723 91 96
791 344 963
771 921 228
110 663 154
725 561 321
199 115 243
941 102 9
576 455 564
233 23 341
251 45 231
101 703 553
221 252 852
626 777 505
793 790 196
588 248 993
521 37 125
425 961 173
815 209 53
142 787 161
522 145 364
521 24 1
756 646 313
1 697 839
385 793 773
888 751 905
425 81 536
41 681 481
251 100 101
685 1 458
373 151 165
376 1 549
833 893 811
251 151 289
875 425 686
537 773 385
257 68 311
111 131 621
119 641 967
729 935 1
927 734 401
99 921 565
231 547 388
722 281 251
465 279 821
691 346 242
3 331 359
177 325 21
473 123 203
631 617 273
621 601 445
777 689 1
359 177 65
97 325 323
117 289 485
496 21 809
611 297 855
975 508 401
191 146 181
521 611 981
301 244 675
184 555 692
830 597 649
911 985 533
545 656 711
945 715 419
837 441 803
324 233 489
331 898 909
555 644 936
25 719 567
361 303 879
466 476 953
680 745 176
917 841 125
593 590 401
21 703 49
501 644 441
66 837 167
593 371 380
9 747 649
201 89 11
912 391 931
163 625 635
121 381 317
401 871 685
834 161 763
409 480 1
701 593 973
226 804 19
751 528 721
325 667 21
269 455 967
557 13 395
171 481 270
369 336 633
169 623 481
625 990 743
809 261 17
217 460 391
141 321 497
685 567 77
647 396 501
938 451 335
585 877 785
77 297 369
471 167 905
77 849 711
881 335 351
977 113 841
401 807 410
487 445 80
568 930 381
241 849 585
543 949 710
213 97 848
93 557 489
869 719 713
63 376 81
25 645 546
499 313 559
121 998 458
843 837 253
14 897 990
701 581 120
387 897 124
901 511 718
153 460 215
203 177 352
545 76 326
666 763 187
586 301 377
553 642 701
521 899 521
807 757 143
349 911 501
925 309 481
385 305 122
750 621 1
769 721 380
937 303 641
121 351 23
430 594 962
17 709 813
287 227 297
633 825 401
809 9 636
961 431 691
413 531 665
81 289 921
843 155 655
33 801 834
191 8 989
561 657 929
891 405 636
287 99 719
289 701 506
807 261 155
36 925 427
406 531 49
457 5 317
862 513 791
426 145 514
741 761 393
202 301 126
979 136 997
951 101 761
284 408 901
809 773 437
339 689 593
141 321 71
752 441 57
601 677 799
991 501 581
742 691 937
581 563 469
441 235 295
509 895 253
860 273 937
456 385 61
731 585 437
505 40 170
981 463 881
995 537 562
465 473 455
720 897 869
33 313 106
76 457 376
241 17 821
321 914 727
1 801 396
490 158 600
916 486 96
257 999 288
819 501 397
915 385 450
145 27 409
645 769 856
661 293 503
552 273 453
441 989 275
913 113 409
73 443 747
898 189 259
501 609 617
445 952 710
167 337 281
601 426 563
209 739 787
209 125 523
129 701 544
121 195 801
332 821 589
1 29 165
89 167 361
246 788 317
411 671 479
133 226 51
383 142 203
701 779 971
621 498 601
41 17 206
530 41 890
616 244 136
851 718 20
561 940 227
76 480 245
543 496 781
689 561 523
1 745 981
23 326 901
736 381 87
441 989 901
996 985 821
993 446 831
427 865 653
966 425 312
597 572 883
776 841 737
397 596 821
793 502 611
471 331 855
226 903 11
887 90 421
551 363 319
331 221 853
814 171 708
693 951 215
931 506 729
873 168 581
105 65 276
397 941 924
849 593 31
371 161 641
316 902 653
265 1 485
81 565 753
711 641 817
646 665 81
233 340 648
379 641 1
97 649 161
963 659 985
21 776 493
389 801 107
497 733 429
855 291 337
645 523 671
207 599 565
601 89 377
513 342 81
91 665 918
426 87 595
361 961 47
721 267 485
289 114 537
250 628 161
281 351 123
513 87 991
788 813 533
195 801 436
844 929 406
769 745 249
993 133 533
1 445 628
525 533 161
701 233 93
913 977 526
137 961 69
481 237 177
585 753 790
206 841 149
551 211 521
532 865 59
789 601 149
758 873 39
171 407 505
117 71 849
209 399 682
77 556 974
793 126 11
897 474 41
573 761 136
511 326 205
501 503 591
311 949 269
802 37 741
387 881 624
171 631 9
719 483 569
617 991 297
191 475 689
273 349 221
152 407 22
817 611 717
441 901 558
481 29 913
797 215 906
773 81 657
891 499 508
644 161 489
911 401 665
862 802 453
397 939 573
486 785 432
265 937 936
267 964 460
155 601 439
741 825 57
979 57 452
941 489 426
284 241 948
289 277 13
567 852 634
201 17 525
521 721 511
376 753 987
937 329 808
731 561 965
47 231 133
145 1 36
886 180 883
527 764 707
93 405 813
511 671 701
906 121 366
827 509 441
173 415 76
758 628 157
296 21 501
792 612 62
425 631 9
681 411 371
412 403 411
207 706 401
601 127 621
97 333 833
76 867 891
301 339 309
807 361 773
140 556 612
101 991 551
897 651 257
887 244 607
923 128 288
137 241 141
799 489 237
751 941 314
833 986 901
604 161 191
736 201 1
605 459 161
556 263 233
947 55 920
911 883 246
41 510 628
15 729 195
1 797 271
651 321 351
902 103 621
141 969 465
505 226 147
439 425 406
253 515 324
685 964 801
985 361 235
457 479 661
41 13 217
557 773 857
137 349 329
195 189 537
722 274 316
465 541 871
872 941 994
923 873 420
637 384 301
893 259 375
868 15 213
873 161 659
77 2 207
69 641 579
457 69 661
213 187 267
769 701 101
529 924 314
585 697 226
683 860 686
857 711 97
333 471 361
325 713 897
893 233 861
303 355 492
136 281 331
161 271 854
781 41 831
69 715 727
377 859 230
7 144 637
687 185 530
793 162 725
295 352 251
568 943 375
289 295 353
241 291 231
827 416 401
701 66 186
914 661 489
833 671 393
980 437 617
251 993 979
477 781 974
512 36 873
753 671 211
121 542 181
105 456 276
226 245 731
511 806 489
551 651 181
93 681 281
226 204 733
857 817 831
931 888 912
302 25 869
936 351 501
1 905 185
559 501 417
861 911 789
753 405 365
481 641 41
782 611 173
595 503 179
949 47 418
951 745 183
391 909 936
293 539 441
843 801 817
192 401 237
286 675 890
241 401 21
781 475 631
169 561 319
833 976 765
336 637 425
481 869 409
77 957 801
191 891 46
529 411 409
662 108 261
55 491 33
514 821 517
424 316 659
381 217 521
121 539 191
901 523 801
785 488 495
837 247 977
501 649 363
788 528 849
787 535 589
387 131 611
481 561 897
257 946 694
337 249 181
692 646 161
80 603 162
635 267 311
393 536 713
806 833 969
406 677 5
541 416 277
4 169 499
589 455 387
205 63 795
266 464 33
259 639 83
618 101 876
145 486 419
601 996 176
301 625 737
843 432 746
236 609 441
339 777 711
989 697 227
405 953 581
15 181 37
985 237 923
741 581 81
113 967 282
465 535 361
85 919 945
955 253 372
869 355 421
777 211 305
45 257 971
685 555 63
481 926 580
796 543 369
575 56 729
751 526 14
471 731 16
403 55 601
314 713 416
851 520 463
143 865 681
161 579 765
871 673 76
457 439 87
621 213 119
159 809 753
185 436 497
351 537 409
201 937 672
181 596 541
417 891 111
336 181 485
279 521 63
325 852 983
767 570 788
240 81 241
449 653 619
801 441 774
665 590 381
941 814 349
643 346 657
366 207 169
64 693 801
172 144 246
676 873 225
470 410 135
153 867 97
181 385 899
431 713 181
721 81 733
722 273 78
197 825 465
418 601 641
990 343 929
424 658 929
189 639 793
986 861 110
496 371 203
842 293 213
936 428 197
88 351 14
161 129 985
105 921 216
588 844 505
31 321 944
865 92 172
881 26 227
903 671 751
545 212 380
448 1 571
631 581 911
845 233 638
529 477 997
751 60 226
26 211 53
121 581 455
217 228 233
921 21 457
407 1 200
14 413 989
193 421 329
594 833 530
935 425 401
571 261 321
193 857 671
855 35 626
243 68 656
21 541 386
631 596 711
747 471 6
554 41 581
799 627 750
463 56 329
41 147 632
63 214 321
341 247 712
185 681 965
953 886 441
761 125 161
626 810 376
557 3 774
219 931 193
560 671 501
862 801 501
741 397 157
181 81 535
901 16 567
841 49 433
371 186 797
483 467 212
686 887 401
489 626 268
236 651 275
401 166 226
69 201 475
41 19 512
899 57 361
481 481 849
33 201 712
285 593 153
851 996 901
1 58 842
467 413 965
494 209 625
858 358 261
492 560 375
366 749 601
281 391 924
953 763 281
425 92 921
641 371 889
776 160 41
734 529 676
299 601 105
63 501 9
353 683 609
633 561 729
841 65 156
641 829 561
888 353 151
149 741 683
418 188 101
833 784 57
871 67 392
563 396 964
367 3 767
729 561 249
887 681 254
931 497 481
871 867 644
441 711 801
705 153 953
569 860 313
253 359 592
881 296 222
238 941 849
44 351 793
819 813 354
56 773 669
953 449 129
347 447 889
843 401 254
622 673 213
761 161 1
791 550 853
173 932 636
401 659 503
825 716 511
751 622 903
991 587 389
871 93 707
699 909 305
640 91 429
756 11 193
469 197 521
502 489 721
213 343 721
961 423 809
51 266 706
633 291 375
588 11 137
65 975 150
961 549 646
321 493 191
633 391 755
247 187 375
391 897 585
526 424 513
241 340 491
705 278 921
401 569 514
101 599 521
331 251 501
601 883 397
835 921 458
431 931 513
676 73 538
764 473 626
909 682 495
321 77 873
681 51 106
601 670 388
805 26 926
577 253 865
697 857 55
969 691 11
757 161 621
506 521 242
339 321 201
467 473 121
652 927 186
957 355 921
986 643 593
481 841 305
956 237 709
433 956 33
921 569 963
511 143 765
56 793 112
821 209 820
276 113 271
73 701 841
312 578 351
721 790 33
904 125 700
399 601 991
380 57 803
876 127 961
637 589 247
892 619 357
931 441 309
249 651 825
389 471 445
751 174 736
199 375 391
371 332 269
193 497 65
421 470 329
625 766 105
956 559 944
695 174 651
709 707 767
287 436 365
363 279 145
881 690 393
545 521 926
57 820 987
129 476 878
116 831 774
21 807 750
585 617 449
464 865 257
501 161 321
641 585 657
433 991 963
731 292 530
827 16 446
257 877 74
951 185 789
926 695 881
973 750 267
451 415 295
583 857 826
491 795 168
379 233 595
487 819 595
392 861 361
971 711 853
553 351 217
625 46 651
757 663 745
853 429 841
169 46 491
43 116 621
311 473 481
196 689 716
611 126 964
181 273 457
715 641 770
73 177 181
751 381 771
237 691 761
757 276 891
129 983 847
71 121 597
751 279 821
524 131 693
673 585 269
366 860 411
783 227 349
809 685 319
989 197 238
817 650 129
186 803 37
201 189 831
657 941 993
481 546 31
208 983 831
607 792 753
531 209 961
285 996 357
497 372 282
681 616 63
617 401 609
873 661 865
441 681 960
521 21 323
832 226 621
401 881 715
23 796 642
897 333 895
26 494 721
297 279 532
649 639 637
393 632 76
849 695 426
81 285 901
133 592 221
289 457 17
737 177 441
785 22 126
241 70 61
593 841 703
381 306 670
73 576 953
559 309 821
358 957 701
227 444 126
401 217 957
771 713 781
256 169 869
409 451 233
57 905 459
161 593 489
592 194 123
478 173 949
555 887 97
961 182 621
781 681 479
484 93 721
712 787 22
325 371 898
721 721 421
123 728 773
676 285 888
977 581 254
821 131 914
476 64 261
377 313 950
719 285 59
440 817 505
701 375 313
81 701 503
910 627 557
817 550 176
641 289 206
333 877 713
135 310 667
87 747 719
121 5 497
629 11 948
951 337 221
249 294 441
684 19 841
946 723 757
636 313 51
721 417 383
681 891 891
466 853 89
624 529 271
625 866 875
782 341 547
809 720 886
890 86 474
331 895 926
661 785 543
505 321 72
166 813 530
351 683 533
783 793 351
673 575 803
155 881 231
597 373 716
277 115 601
209 891 144
953 791 670
311 785 11
721 851 180
158 221 310
953 612 596
321 483 171
666 621 903
675 926 525
618 200 126
368 336 560
429 624 281
641 587 909
7 201 726
385 442 1
981 361 663
799 401 651
36 309 961
164 201 991
768 771 485
491 196 161
133 905 133
953 703 686
320 881 196
809 109 476
854 261 836
713 371 845
51 886 606
954 195 949
881 641 531
635 236 386
890 261 289
417 580 463
241 651 976
366 131 997
376 753 714
797 646 965
621 203 306
649 476 45
211 885 569
68 782 266
274 373 261
681 962 649
481 326 101
683 137 401
67 949 481
321 743 851
846 29 59
433 940 356
488 121 179
933 785 311
841 22 359
393 401 521
677 217 323
485 601 639
695 89 577
291 485 826
6 991 773
801 765 997
612 315 112
871 774 760
430 169 521
247 133 841
631 113 449
41 101 597
257 1 514
259 601 249
153 161 795
816 361 480
79 705 463
445 593 295
706 337 123
777 228 329
85 693 921
987 197 894
223 909 126
571 351 397
386 596 537
63 521 549
42 803 965
164 281 17
437 551 622
801 463 971
927 151 397
521 117 551
365 769 39
121 721 939
49 12 542
491 493 900
975 601 513
342 854 643
91 985 641
245 305 305
726 973 835
165 157 883
941 921 353
916 593 625
1 93 873
184 921 941
41 127 306
709 421 185
961 361 297
223 37 136
885 49 75
626 355 97
424 829 313
796 932 873
489 758 165
641 751 101
226 273 503
869 471 283
880 761 383
967 783 510
749 637 569
675 945 216
401 509 393
15 1 642
811 941 511
485 521 409
971 781 961
173 83 601
201 215 854
733 443 581
674 961 291
65 821 217
689 614 985
256 511 553
993 531 460
193 827 581
617 31 829
835 186 441
853 313 461
113 791 532
26 273 745
896 437 456
459 981 531
399 117 609
886 581 959
917 967 601
853 533 736
609 923 975
505 957 693
201 238 81
541 585 619
583 841 151
885 201 928
89 41 35
716 305 457
177 587 381
966 41 434
697 985 657
76 921 13
121 926 737
961 941 411
409 283 418
973 481 351
854 375 299
816 223 271
455 825 109
860 173 961
881 799 566
712 861 1
757 833 358
586 729 821
49 50 435
975 921 380
73 670 751
489 806 641
129 51 505
349 257 351
258 715 243
310 379 205
345 669 721
45 337 121
101 801 581
251 25 6
691 19 41
971 526 239
429 872 751
700 3 733
962 574 365
132 549 907
876 819 706
449 695 98
284 641 285
201 11 77
181 283 293
154 707 261
313 832 781
426 244 542
771 137 564
968 235 649
683 905 101
673 521 937
226 857 323
634 881 537
185 225 30
939 585 901
78 976 149
433 681 751
751 801 49
575 408 770
877 285 1
601 901 31
608 825 661
417 685 929
630 493 379
990 509 321
82 161 3
818 448 95
90 201 117
49 901 313
81 47 187
201 953 385
278 401 577
41 616 616
657 1 665
483 427 773
480 826 392
493 292 102
381 629 741
217 583 801
857 321 571
327 105 557
626 951 591
886 461 465
889 411 817
609 1 985
981 517 477
537 637 925
915 545 201
641 962 943
377 247 927
865 907 281
471 223 659
331 463 449
895 381 619
329 298 459
809 601 829
157 557 634
445 773 549
871 433 5
480 90 232
566 376 199
561 621 427
343 1 601
877 433 409
651 425 785
251 541 403
620 661 458
176 728 320
944 629 511
321 893 195
523 983 429
897 254 425
810 697 206
907 209 791
369 921 776
758 283 493
945 331 551
126 597 437
214 61 651
273 829 240
948 506 493
494 41 807
265 153 57
943 911 301
807 113 525
282 906 799
37 421 71
905 953 345
973 756 26
59 489 751
961 531 215
782 121 433
768 900 971
901 409 535
651 119 11
606 943 437
67 311 955
182 661 754
901 203 583
85 883 996
739 149 981
41 174 569
737 521 545
806 251 665
677 841 286
792 873 671
945 796 7
70 798 836
801 405 856
901 534 296
361 163 107
491 473 997
631 173 635
681 121 601
527 401 431
359 776 281
747 57 601
361 217 21
341 777 856
556 661 581
891 199 186
481 661 683
801 731 311
665 241 601
33 236 14
816 305 676
317 826 744
651 419 641
219 759 521
525 298 268
121 123 917
271 21 709
701 759 121
412 1 121
446 149 685
653 692 82
753 892 213
79 561 332
377 199 137
166 585 465
155 221 415
668 711 209
171 805 151
101 330 769
745 689 865
561 537 841
96 502 371
981 181 361
643 966 473
761 776 716
877 503 108
316 828 325
282 376 28
345 73 381
25 194 444
395 624 408
863 390 561
2 649 131
505 219 383
621 825 310
126 396 781
56 380 713
697 811 47
567 451 681
697 227 928
817 825 571
830 235 957
395 761 881
526 173 45
841 746 495
549 949 632
397 781 733
281 27 561
253 565 959
626 261 415
475 101 742
809 401 695
385 161 854
614 46 36
449 938 803
886 673 501
301 796 357
215 228 376
797 391 597
957 579 215
601 119 971
933 137 984
637 21 731
483 476 598
567 98 987
833 860 753
867 951 965
549 701 777
362 793 427
352 375 510
275 513 343
301 651 309
501 989 536
869 451 761
706 217 73
425 662 835
598 850 766
537 562 40
250 259 592
272 743 875
501 945 477
537 748 825
825 171 765
321 540 477
730 108 190
495 601 461
322 881 490
231 713 611
683 781 26
670 728 47
543 623 825
901 331 209
460 409 675
470 481 801
429 301 646
497 329 513
201 691 181
917 99 211
361 553 37
946 601 320
899 640 665
45 287 409
737 151 961
213 359 361
919 261 699
1 489 161
1 217 111
363 78 907
33 274 833
588 887 113
441 807 705
959 873 732
881 693 341
376 251 678
133 89 263
750 816 701
58 521 277
83 269 570
521 390 538
377 445 513
622 151 465
281 461 407
415 217 787
337 489 147
453 729 365
570 661 809
871 137 853
503 60 346
837 845 28
957 997 525
717 681 295
501 953 611
155 911 926
129 711 741
450 490 330
776 951 73
441 739 581
722 301 321
393 601 201
41 401 201
191 576 726
681 1 961
866 536 877
869 801 601
121 443 580
803 141 769
761 225 194
533 891 796
15 122 761
113 425 161
463 61 616
816 185 153
719 461 993
35 365 710
387 949 651
471 331 961
357 29 107
747 821 114
877 424 81
561 985 394
964 157 33
335 926 501
811 561 626
551 159 441
126 475 697
180 153 151
682 41 113
317 887 777
893 700 691
936 611 882
337 39 775
411 691 996
275 70 601
694 401 405
897 685 293
3 457 767
101 581 190
677 621 601
823 393 827
885 89 933
340 857 829
440 951 751
209 768 799
921 928 657
485 96 899
755 701 105
302 306 715
827 41 801
279 641 489
569 880 69
297 363 349
261 797 63
331 725 816
475 971 241
918 43 573
833 586 594
981 713 881
69 301 501
101 260 655
710 117 321
601 657 761
731 69 581
701 372 752
501 563 751
610 747 191
713 231 841
883 230 509
394 228 649
726 803 197
371 486 815
279 433 805
141 449 261
958 921 621
573 132 286
761 199 789
827 517 751
488 869 297
1 41 199
267 817 465
501 306 633
537 617 827
616 295 412
921 271 381
221 401 983
441 603 484
642 589 137
781 702 521
747 223 466
631 93 651
101 33 137
921 841 118
718 511 126
149 537 876
878 689 468
809 951 818
714 466 583
923 685 211
905 801 401
455 201 317
349 849 741
885 775 351
377 61 84
174 637 206
389 343 739
197 651 841
925 23 411
87 301 286
855 753 493
511 393 25
586 929 126
651 688 711
861 81 161
901 341 861
396 748 47
126 311 41
151 693 521
153 244 891
945 957 873
371 325 477
246 36 669
129 281 787
245 919 749
929 537 7
30 446 244
965 451 89
279 891 769
548 917 573
957 133 425
517 609 809
295 635 377
766 871 49
421 341 810
728 293 946
921 831 66
371 309 449
561 865 881
685 29 801
71 985 161
567 365 137
168 525 791
579 801 704
1 214 401
338 181 693
925 733 943
461 337 186
191 319 793
965 200 929
826 611 871
37 194 314
377 674 854
115 273 827
605 355 471
901 537 485
929 117 29
96 651 97
251 401 911
110 288 359
97 173 461
521 351 529
345 113 159
723 409 751
689 937 978
683 186 572
534 213 473
453 205 801
249 250 701
506 311 713
553 344 957
263 273 240
353 425 609
835 587 919
585 166 423
112 465 588
673 953 951
927 541 183
351 221 721
93 214 461
367 471 326
513 245 739
597 230 212
409 373 717
499 149 299
801 789 11
517 121 281
653 488 931
35 871 111
561 766 337
160 150 450
873 217 343
757 956 225
379 226 99
939 753 605
654 609 640
161 571 413
683 660 183
649 16 819
889 771 537
688 783 301
741 931 785
265 821 306
677 856 123
319 951 673
593 864 991
449 687 41
971 57 778
551 895 341
139 93 793
333 461 836
11 601 750
749 165 27
460 471 49
201 535 353
243 221 777
196 179 456
692 826 264
441 497 857
866 753 137
413 409 351
521 873 680
603 916 109
853 579 861
229 241 105
419 170 179
327 193 793
327 521 158
464 609 836
163 721 123
737 729 715
9 597 273
97 926 757
522 246 633
480 65 705
15 145 278
483 467 201
89 616 466
21 25 301
88 774 801
805 1 145
41 961 321
303 313 968
961 859 774
377 581 827
804 371 161
725 713 901
378 694 61
705 361 625
227 223 461
13 305 793
549 217 620
377 683 741
139 889 723
485 146 711
276 105 639
11 866 205
51 564 856
569 671 77
811 717 569
381 576 929
258 177 327
721 3 331
57 389 141
753 726 615
145 508 781
821 711 928
716 250 800
953 44 753
401 176 119
135 345 291
801 567 1
294 275 751
968 543 51
751 81 230
452 655 342
991 889 167
81 351 302
806 9 461
41 521 203
701 155 509
761 881 876
412 371 97
127 351 945
365 311 145
397 751 11
384 481 545
717 549 669
460 409 877
22 846 61
792 287 351
257 189 236
246 166 325
163 761 481
549 561 651
845 181 35
656 73 951
726 51 303
399 711 589
731 881 721
975 269 271
332 574 599
699 961 957
352 330 361
901 451 403
679 839 721
681 647 153
361 9 8
458 142 791
335 253 221
987 114 577
367 879 881
490 741 193
449 821 940
394 954 77
807 695 277
359 101 973
261 925 303
911 626 769
802 911 886
177 801 611
616 409 977
146 519 305
329 131 801
665 376 989
111 489 876
123 257 391
294 913 983
445 364 536
966 976 853
873 197 169
965 353 24
741 161 877
879 589 759
369 553 313
121 921 507
657 281 313
966 92 705
317 487 985
851 953 994
449 93 426
611 547 36
57 483 409
351 723 829
577 695 435
529 790 555
459 309 533
944 938 71
393 559 347
215 711 689
77 809 145
96 1 21
158 353 587
951 819 101
909 1 851
641 465 403
921 385 471
357 351 306
885 701 931
717 39 851
811 225 850
302 829 997
226 50 275
209 67 669
321 871 864
382 882 963
578 436 801
276 26 161
121 273 53
115 551 129
719 181 215
985 115 237
273 281 440
501 885 425
649 839 825
668 457 746
241 4 817
601 911 606
559 104 686
560 97 66
60 867 877
941 589 385
156 206 619
393 51 74
891 361 744
587 979 642
331 485 713
899 899 456
543 509 516
297 564 741
606 982 575
764 595 152
663 684 329
116 441 917
619 360 791
724 21 211
537 303 169
721 701 53
205 62 469
384 361 701
783 81 337
843 969 325
437 29 357
207 617 562
311 941 297
121 537 949
754 777 414
271 869 1
701 313 385
154 1 17
501 181 329
807 149 64
413 207 811
246 453 953
93 998 619
464 451 66
781 361 688
370 497 171
646 728 449
441 976 265
125 723 951
489 191 951
543 225 668
613 181 61
415 645 553
658 779 41
608 435 501
421 75 911
709 182 655
897 204 684
496 795 892
811 926 111
260 97 299
209 221 321
17 641 67
491 841 145
107 569 887
577 201 511
233 169 583
149 601 889
609 26 91
951 459 897
7 309 587
361 299 201
641 799 519
163 173 231
18 766 337
999 931 67
481 800 88
51 253 111
961 637 645
435 1 337
1 601 401
591 295 950
599 961 489
285 849 689
901 170 931
673 293 778
326 161 817
31 271 829
785 855 356
717 858 880
422 344 47
223 822 841
401 981 178
529 612 121
373 469 503
222 161 254
379 248 752
529 902 17
501 712 408
63 337 17
670 80 369
681 810 141
259 209 685
729 881 35
873 851 230
361 243 733
841 960 548
881 191 221
373 659 126
453 816 588
45 980 75
737 347 691
316 573 275
333 834 373
484 463 249
761 445 417
723 481 292
725 437 449
407 452 985
736 121 611
119 508 626
551 419 569
925 405 329
753 903 369
630 415 96
191 971 895
620 681 905
248 557 934
626 33 937
131 790 493
470 321 825
521 897 313
976 249 501
203 965 177
805 865 113
541 177 69
195 559 861
395 317 289
258 226 463
963 293 681
661 9 268
541 918 385
637 636 521
436 81 263
61 310 239
251 298 389
211 617 459
281 573 374
791 647 561
601 905 633
726 273 757
876 899 963
550 161 96
306 361 162
654 245 757
863 451 774
401 429 417
286 673 683
431 147 887
151 825 991
701 838 805
556 183 431
670 554 43
456 661 211
505 651 204
648 113 9
193 53 274
793 676 339
571 109 761
424 101 261
567 997 35
115 793 492
549 746 241
405 447 661
313 465 215
4 723 105
526 361 423
961 113 625
778 329 393
53 605 667
297 125 549
670 712 73
429 119 791
646 663 82
1 861 761
683 445 504
497 13 364
826 521 361
681 1 716
251 773 847
318 141 895
141 481 316
301 601 281
191 68 909
828 401 17
81 51 393
653 253 340
733 71 607
328 629 769
62 915 679
815 529 285
396 473 445
976 813 388
340 951 875
609 818 869
377 701 729
481 218 331
536 797 322
97 281 187
251 313 11
301 57 344
110 400 9
681 177 661
894 985 721
917 711 996
251 839 869
490 912 118
213 73 553
922 371 451
281 691 496
322 260 167
784 219 201
951 407 235
73 757 234
116 731 417
303 698 917
861 781 571
311 309 163
208 500 585
693 382 70
709 701 793
686 81 346
886 389 809
750 877 621
833 689 118
82 619 975
405 785 673
27 349 978
801 155 926
314 397 869
809 649 953
264 401 99
843 524 810
917 551 348
281 241 267
143 727 937
296 361 499
553 373 839
362 529 851
961 808 288
817 89 149
581 64 1
416 349 121
376 609 11
841 631 589
154 457 489
176 65 373
275 181 661
221 65 151
113 232 393
555 280 409
276 385 53
417 667 499
451 565 996
49 903 303
636 222 166
465 294 805
917 313 661
209 916 904
321 701 601
307 145 481
376 400 538
631 866 403
273 945 674
309 737 817
824 558 885
133 826 181
488 525 512
841 801 586
27 95 42
923 195 939
318 177 753
797 657 83
581 261 869
801 185 561
548 230 749
661 636 601
489 329 581
305 137 777
981 129 961
525 435 800
225 338 161
721 407 345
361 73 261
563 755 943
221 225 959
612 217 596
895 553 521
745 646 953
65 915 305
651 462 284
479 949 911
989 475 759
1 253 813
681 471 959
390 605 331
551 835 410
861 227 149
633 669 923
266 65 116
954 253 655
317 206 321
285 61 39
431 623 348
51 501 756
721 953 151
447 401 481
799 886 859
829 871 607
249 107 409
233 435 293
908 569 369
137 129 857
563 748 505
45 371 988
15 521 31
289 157 358
627 673 325
866 89 271
796 712 210
217 191 882
731 826 41
117 429 975
145 169 965
211 95 905
141 637 676
233 113 778
628 701 976
838 981 593
249 649 365
981 441 809
213 6 740
956 902 681
667 917 89
441 153 769
633 481 501
963 337 845
999 321 105
481 341 65
586 38 257
283 585 326
533 41 358
81 259 241
875 782 339
857 821 675
381 729 260
745 216 315
813 722 1
144 721 361
61 431 161
37 989 974
351 627 713
611 132 57
414 746 393
299 207 398
136 131 945
45 501 361
903 331 391
776 543 441
329 661 911
59 93 94
377 381 879
497 632 286
477 123 269
975 551 996
820 801 615
745 129 253
11 702 199
976 602 565
481 272 617
645 976 610
500 323 461
328 73 861
79 917 886
45 630 769
231 406 305
277 538 775
514 899 817
483 541 211
409 603 626
545 563 109
841 41 221
274 91 71
361 989 827
656 218 585
201 863 964
441 449 324
576 73 20
171 349 561
829 601 399
893 481 526
393 635 271
385 861 823
777 985 36
875 272 591
145 693 759
201 861 369
201 65 934
356 136 801
191 950 81
697 586 87
740 341 614
247 194 816
895 371 91
727 165 500
671 333 991
701 791 561
777 811 553
331 569 355
809 309 502
463 221 53
361 577 801
181 791 191
403 1 297
609 323 161
530 507 953
515 9 289
695 47 677
543 403 713
132 415 887
796 754 888
53 61 728
262 177 102
341 126 456
37 121 678
461 799 246
366 77 857
926 953 591
988 288 611
86 627 812
917 823 972
989 467 177
826 42 188
297 549 841
256 333 103
41 681 85
926 665 367
186 626 256
522 133 796
385 527 577
641 913 914
126 97 571
325 648 963
863 641 961
825 579 335
729 761 817
311 713 301
143 601 801
209 813 5
701 301 561
671 970 293
605 449 337
266 961 45
999 982 149
103 601 825
96 489 497
121 657 901
494 356 21
181 55 741
374 196 119
567 132 187
965 281 367
477 81 297
404 273 526
611 47 773
466 643 876
403 827 958
3 106 89
107 474 945
541 401 37
281 489 441
949 690 258
897 871 776
577 41 41
626 481 536
611 742 19
444 757 456
13 545 825
297 211 877
872 663 1
766 249 701
849 809 3
144 633 155
321 529 561
96 869 501
729 201 385
873 896 584
916 323 417
276 998 231
181 687 793
888 163 916
839 419 615
257 131 652
158 429 226
371 461 601
225 61 973
253 671 816
393 869 765
429 359 497
601 951 421
929 1 491
416 19 997
601 161 993
397 476 787
804 494 438
968 897 471
81 353 934
225 259 133
47 25 989
551 813 501
409 947 123
406 726 959
958 189 513
400 31 901
921 331 11
795 77 138
57 162 441
197 681 369
199 941 801
929 207 567
953 953 167
180 126 698
752 99 162
444 267 483
461 771 409
611 689 497
453 833 623
680 371 764
497 801 1
89 795 369
530 685 51
746 731 869
237 511 193
412 273 709
961 586 681
150 897 513
105 151 421
61 529 507
905 117 293
786 893 865
81 367 294
665 485 655
903 971 768
528 901 913
721 89 105
417 532 141
17 171 427
333 496 157
793 783 581
574 719 879
861 155 961
966 65 65
991 741 241
365 543 811
471 794 205
345 242 566
45 614 749
172 239 273
171 526 321
532 341 541
801 65 708
443 801 306
146 241 530
842 813 45
817 509 316
907 21 215
49 331 201
889 334 569
138 769 935
771 497 394
29 793 205
986 319 935
83 703 25
41 705 711
636 705 303
1 983 417
337 167 365
475 892 114
581 77 79
451 449 701
319 455 229
217 69 287
431 218 651
956 538 161
253 540 977
581 377 121
491 401 67
785 741 81
235 805 101
901 514 1
505 853 816
308 676 653
496 147 291
821 901 73
261 321 313
368 761 817
871 351 905
601 565 209
585 401 929
826 641 897
865 163 437
229 176 747
972 785 409
930 26 373
977 945 187
901 110 205
751 655 918
570 776 437
21 393 856
405 41 152
113 280 221
701 449 768
719 371 397
