3795
390 401 190
961 705 281
370 461 701
764 839 526
521 997 415
25 137 706
747 211 925
841 604 167
41 509 61
106 869 341
408 725 633
479 789 102
397 687 465
494 475 123
201 117 321
907 477 358
541 609 28
816 409 361
301 946 371
345 241 837
283 41 185
192 476 138
663 965 717
576 277 511
211 999 961
996 887 346
401 997 987
570 793 17
601 185 663
921 894 13
931 452 876
521 717 521
153 617 246
901 891 665
405 105 793
126 117 849
645 358 1
582 163 980
745 721 991
433 831 357
669 247 563
701 320 81
773 516 917
981 871 531
743 520 625
853 179 155
331 505 913
554 535 660
517 501 737
585 111 713
405 665 357
614 388 139
579 294 649
45 617 789
153 291 121
173 973 611
39 488 123
232 199 673
206 298 461
633 535 400
825 637 826
222 821 965
71 498 652
265 596 690
31 662 471
756 177 201
611 937 187
157 841 529
969 957 593
542 791 475
855 961 486
701 151 973
149 641 489
401 191 288
689 919 657
833 359 884
376 393 277
616 945 176
129 13 915
455 792 434
107 73 626
873 257 541
457 969 523
601 392 45
794 769 97
461 528 201
840 777 797
495 131 570
743 381 133
747 153 685
187 969 641
345 451 721
1 943 705
628 415 237
447 57 863
617 937 725
114 593 528
220 822 514
993 884 303
134 513 960
91 226 333
703 1 726
114 541 791
520 527 203
209 326 614
711 1 645
375 441 709
619 297 583
601 491 836
391 941 559
911 21 495
429 503 737
921 672 860
217 771 741
424 297 921
532 867 409
777 341 953
860 961 17
963 181 701
553 626 679
609 561 97
451 420 219
489 526 723
559 975 861
667 369 77
129 741 802
885 177 41
865 90 649
586 21 761
809 703 501
81 21 731
33 485 427
881 625 786
576 372 529
562 123 992
601 861 234
881 187 473
974 826 775
561 281 639
131 611 337
251 525 820
861 128 837
779 280 641
204 54 21
243 333 86
657 441 585
491 55 406
401 883 295
201 719 547
25 616 271
641 541 165
866 384 795
721 437 603
353 692 971
417 38 985
81 533 349
376 361 685
635 961 699
416 421 519
979 429 309
676 353 85
686 9 866
873 647 25
594 741 379
337 33 105
466 212 385
981 721 386
890 616 301
759 702 921
14 263 795
836 701 379
217 53 705
540 167 76
60 211 717
251 449 41
696 982 305
118 461 729
184 627 124
402 261 811
601 779 127
971 363 461
543 776 67
363 751 849
487 301 781
756 912 809
931 574 1
596 239 540
341 729 77
291 950 454
201 763 417
941 225 386
493 211 268
831 111 785
632 645 751
877 857 3
274 253 659
524 113 47
85 812 497
739 934 121
1 313 793
401 431 701
493 287 354
526 73 923
411 501 641
191 491 131
962 153 292
469 999 176
311 134 686
640 477 832
121 989 661
601 801 876
357 729 472
119 875 123
157 792 344
791 557 916
575 76 677
89 131 23
49 401 162
754 332 333
253 116 609
242 529 328
912 56 772
800 345 569
241 17 255
201 665 631
81 491 801
895 81 216
490 11 973
261 105 225
781 961 195
383 573 449
425 641 555
221 776 241
349 728 279
201 210 926
931 51 823
751 625 405
212 971 859
5 469 891
131 421 510
329 377 691
425 701 293
949 226 121
401 761 313
409 1 557
521 618 555
501 897 251
768 315 425
235 769 993
722 41 901
957 834 957
536 459 904
419 912 859
217 6 201
588 375 177
151 291 303
638 456 681
241 663 273
737 501 925
848 201 64
481 41 601
17 275 31
113 875 81
589 509 511
398 249 634
301 231 436
251 459 571
917 833 294
93 713 62
801 556 939
681 115 830
969 601 359
831 221 269
455 849 591
501 217 189
820 985 158
37 181 751
241 628 716
706 921 130
867 17 193
276 385 11
426 269 520
719 201 547
431 33 767
417 585 929
356 111 789
985 35 911
658 660 216
481 902 301
561 172 385
703 537 801
670 841 926
524 525 277
886 581 905
41 468 126
941 52 28
361 419 871
487 886 551
1 226 613
960 487 582
209 509 213
85 786 989
865 913 561
851 921 792
465 526 77
171 205 436
113 89 105
121 689 249
658 921 721
47 985 700
703 225 698
22 841 177
325 576 34
917 485 328
837 997 846
306 709 321
812 921 650
401 919 311
129 511 717
63 763 941
971 976 576
596 870 737
810 437 953
201 181 649
267 701 604
726 957 111
876 759 526
513 808 475
562 264 76
992 532 453
978 871 883
921 90 192
701 901 771
535 451 456
221 226 459
522 1 482
53 463 807
387 557 947
497 19 53
749 617 489
245 619 686
11 656 271
950 197 191
390 265 109
877 303 916
735 549 740
581 849 948
668 641 41
629 955 513
389 833 186
721 9 379
128 801 969
631 553 915
801 737 432
189 342 305
94 262 391
405 83 415
207 386 840
816 305 291
108 540 554
250 61 877
111 306 238
178 560 490
508 917 451
717 141 542
697 768 797
230 353 701
401 108 501
166 31 871
863 613 895
79 918 656
641 751 29
361 450 421
465 965 502
326 851 633
886 453 205
345 853 261
621 355 929
91 494 1
241 553 795
999 41 239
159 583 621
127 50 33
939 11 673
626 401 233
601 809 691
791 629 738
401 545 994
701 629 427
156 601 861
225 845 932
471 886 753
207 463 676
689 675 177
602 625 989
216 303 293
201 801 825
809 89 429
386 765 635
993 277 501
779 57 217
270 471 492
525 67 764
39 859 41
393 826 897
826 280 616
502 641 981
252 1 915
585 451 961
324 205 38
636 286 495
876 50 571
556 749 310
81 629 695
881 542 801
281 687 735
123 973 485
651 3 251
926 431 301
370 825 533
361 573 25
906 801 651
531 983 226
817 800 729
547 977 784
151 252 831
741 601 307
151 476 66
113 451 41
586 361 451
376 505 225
591 995 65
521 473 97
111 109 276
759 185 801
391 890 538
97 476 716
26 460 817
948 777 877
239 192 755
561 464 334
361 855 71
66 383 673
177 405 82
380 489 949
232 677 59
851 177 657
126 65 431
931 381 461
336 975 732
641 636 916
266 526 193
497 716 361
761 665 370
688 9 856
786 17 281
961 993 55
288 701 61
539 420 161
111 841 385
455 684 69
760 225 84
1 353 941
373 36 817
241 476 374
226 961 126
93 263 337
151 78 357
886 799 693
314 216 241
386 371 445
300 217 959
73 433 961
114 65 593
367 616 730
599 778 860
871 201 476
289 471 225
57 501 339
521 255 645
931 245 629
349 881 269
281 144 17
194 946 713
401 875 281
965 333 539
926 697 185
218 531 229
723 129 375
202 303 66
599 1 742
601 665 566
37 251 929
201 921 381
341 119 645
485 363 262
83 265 289
330 509 11
295 909 487
610 581 831
632 371 25
513 562 353
597 51 520
321 333 625
453 5 353
831 383 266
321 517 901
117 651 86
896 623 151
51 201 192
657 837 865
181 713 881
262 95 869
999 515 913
441 41 583
116 892 559
845 473 949
689 479 941
739 377 926
861 401 567
284 647 717
552 577 925
271 437 189
599 846 349
246 687 831
525 177 459
670 1 225
945 641 463
101 649 265
907 229 665
633 829 997
657 851 699
593 766 787
233 916 401
571 765 501
357 745 46
597 811 582
215 1 61
665 341 181
65 229 757
551 837 157
157 119 775
905 217 607
239 501 441
471 121 705
888 321 101
505 890 25
270 505 615
335 701 833
997 766 481
196 905 29
576 20 831
761 289 201
961 831 941
346 909 45
394 829 734
501 673 718
951 171 959
601 941 1
903 101 711
807 569 965
351 513 663
427 260 722
974 496 606
989 31 4
595 137 551
129 756 147
712 431 37
1 64 594
89 599 791
180 525 801
344 501 9
76 71 983
245 767 811
165 115 559
970 534 418
831 929 1
332 739 626
957 39 847
581 1 837
573 326 323
605 978 339
537 813 713
206 532 829
869 41 526
699 145 649
251 621 381
351 903 241
769 867 633
326 221 352
433 507 561
721 418 457
817 641 476
385 921 153
366 556 276
454 116 134
752 551 561
257 496 638
25 957 176
581 850 713
557 481 8
361 921 694
661 659 657
562 75 751
121 809 415
782 201 897
378 753 462
495 753 434
781 677 721
901 809 463
453 181 109
662 550 27
248 944 321
607 927 965
589 556 371
257 877 893
177 726 301
129 496 366
89 469 786
481 538 431
955 785 497
761 831 467
278 201 433
525 61 461
333 379 911
369 826 907
501 480 182
851 221 937
563 65 439
385 177 768
95 138 347
823 653 137
8 401 337
555 830 375
125 969 81
171 653 11
713 385 849
541 171 922
87 953 957
755 776 746
209 226 161
401 840 893
406 966 237
129 57 476
669 953 203
909 335 900
473 817 869
811 958 271
73 653 897
341 753 653
601 891 835
477 373 21
571 289 353
801 629 629
906 717 233
1 259 701
285 723 105
628 391 608
709 126 385
527 501 616
729 37 409
317 248 41
924 649 781
1 753 631
321 713 565
78 557 105
243 219 801
31 504 905
427 265 353
889 320 141
949 649 999
743 381 907
441 559 866
505 391 800
427 221 400
10 25 965
501 461 921
597 456 368
185 915 241
841 237 382
201 425 409
39 162 123
923 984 301
990 461 314
177 599 249
191 137 217
988 265 541
581 403 637
206 941 6
509 848 117
216 776 939
231 313 395
229 321 121
257 120 79
441 65 997
441 83 197
745 528 406
690 876 81
11 487 257
486 433 137
660 931 501
426 881 399
193 886 1
751 259 147
63 901 251
255 362 449
505 539 849
490 278 109
229 407 385
287 736 864
597 105 20
371 177 110
889 38 643
601 289 971
311 279 15
359 653 525
524 385 506
693 896 716
473 117 182
115 813 197
156 930 401
903 1 646
161 833 87
387 227 495
93 343 41
633 1 273
11 236 331
266 79 540
341 63 345
776 225 640
711 811 601
569 459 111
729 369 425
473 273 408
828 625 169
755 275 977
181 759 620
66 866 741
12 50 209
866 706 577
273 441 873
373 435 427
512 237 129
485 979 481
126 892 391
803 550 93
927 749 150
429 150 811
302 183 836
501 939 383
721 821 983
121 121 329
929 742 210
613 201 85
121 760 153
181 286 639
851 613 914
235 114 85
131 321 737
249 209 137
216 369 937
181 153 923
231 513 39
905 881 325
269 290 841
513 961 91
768 857 561
447 915 641
851 433 376
615 121 318
232 755 983
936 659 118
433 601 621
623 581 653
535 592 502
245 47 693
511 103 282
885 286 363
977 202 671
637 704 651
353 152 17
313 521 131
638 443 152
796 249 159
578 765 375
161 893 406
913 765 993
840 815 827
571 111 130
499 804 649
92 825 831
977 136 344
579 981 347
572 749 619
561 881 697
393 879 766
53 51 116
871 625 713
435 47 536
40 671 319
889 849 287
964 97 651
890 241 791
614 761 927
470 958 81
201 149 421
486 517 113
781 245 221
760 209 401
951 896 155
555 426 585
761 258 134
785 549 128
881 815 625
667 289 341
561 749 801
415 601 226
241 1 871
793 871 800
869 761 103
541 521 751
479 297 729
863 120 657
937 427 156
73 376 450
481 201 471
30 976 22
385 38 631
335 913 369
261 723 649
731 401 11
389 601 620
627 969 297
59 71 112
907 865 721
425 271 481
615 284 183
671 525 53
473 577 801
931 827 391
441 300 89
614 745 465
540 565 975
594 481 935
751 175 715
168 841 104
329 195 101
217 376 729
111 911 745
676 881 760
357 81 447
389 65 431
450 244 952
204 951 297
231 220 857
804 351 951
646 971 121
46 776 441
257 289 600
185 265 511
999 705 866
81 518 114
917 951 509
906 496 93
947 296 43
801 509 914
291 964 337
494 14 876
231 737 589
216 83 89
625 505 441
443 46 989
511 145 151
796 265 711
701 245 706
89 165 779
529 584 775
401 961 145
361 480 277
161 901 891
367 611 551
471 305 285
858 969 543
901 461 252
953 196 502
817 605 581
323 746 811
340 601 71
23 421 905
683 205 441
345 985 881
471 131 384
77 221 337
316 561 601
369 468 393
176 761 293
985 769 36
313 131 847
145 835 481
417 821 791
308 825 58
911 866 766
619 911 345
416 825 231
181 141 751
215 107 677
721 153 249
217 713 751
489 501 525
825 534 589
954 756 827
191 817 592
33 946 121
673 643 241
783 361 825
793 41 642
721 637 453
897 584 457
277 433 305
133 735 433
276 416 569
769 463 1
623 941 820
57 251 464
542 427 801
33 898 853
6 41 181
441 651 137
679 922 801
785 920 425
659 406 401
306 593 465
173 348 777
433 641 333
40 217 201
947 521 656
71 839 492
397 701 636
849 1 861
351 497 555
697 773 205
155 262 201
511 21 520
115 502 403
541 980 617
21 309 281
756 271 637
953 338 444
141 746 6
626 372 276
105 875 102
839 585 191
306 496 774
196 761 303
668 1000 385
601 171 249
261 348 295
599 466 109
137 191 377
151 711 745
195 545 401
251 145 86
54 851 209
143 335 395
997 778 949
117 249 99
249 751 293
719 251 5
16 133 241
81 740 128
541 925 493
501 97 111
705 529 501
113 551 12
633 381 73
934 998 737
131 113 793
617 161 625
901 847 401
569 51 945
380 552 201
951 25 561
877 801 27
421 441 982
661 446 151
25 588 786
706 773 223
143 815 441
996 617 781
881 259 721
343 542 205
729 216 69
311 389 59
402 803 776
651 29 214
930 666 735
106 593 433
824 243 771
461 646 617
151 114 950
495 97 306
111 496 456
806 344 494
182 739 887
561 973 139
416 368 126
675 403 1
888 507 451
537 460 796
307 476 869
637 189 37
410 861 801
603 289 457
460 698 397
170 839 249
351 686 921
802 109 329
205 736 495
821 297 35
485 475 21
194 282 81
811 657 837
665 801 37
692 121 176
401 439 51
557 468 971
83 897 22
863 453 960
856 551 587
677 317 914
150 691 17
272 825 196
721 401 753
811 236 634
475 473 161
449 887 137
513 167 800
785 746 91
862 509 901
55 585 976
1 851 29
354 821 414
605 461 793
169 877 1
549 320 917
999 292 754
241 545 609
201 1 849
409 321 357
866 249 405
61 511 751
722 811 577
973 18 560
141 217 8
951 165 941
804 561 651
123 739 155
960 351 331
765 451 86
126 809 742
353 269 1
945 611 704
893 618 711
943 681 985
330 139 31
81 47 296
624 281 369
169 1 369
324 113 417
655 701 444
425 1 380
581 731 467
752 359 405
540 538 31
173 698 467
70 281 997
178 717 495
627 57 731
480 897 451
294 121 509
205 376 203
991 690 276
13 712 181
989 932 783
295 937 125
753 389 329
485 936 937
107 61 881
831 566 846
773 995 41
521 58 829
151 21 265
429 981 584
137 738 869
29 466 851
241 633 412
511 601 758
673 683 49
721 577 841
839 983 701
259 560 822
285 938 1000
713 586 604
881 101 361
991 75 201
486 721 831
164 763 201
646 528 12
329 124 301
817 335 341
307 535 763
637 793 493
277 801 763
564 359 948
543 751 833
293 792 321
905 607 130
773 508 861
162 257 101
521 247 995
201 891 773
981 837 49
523 598 797
966 5 121
161 721 607
352 601 894
889 305 801
841 542 101
911 494 251
447 2 881
325 885 450
545 904 359
50 543 931
491 439 717
179 322 183
951 856 401
901 525 245
375 809 279
961 421 285
649 479 487
891 251 669
219 401 441
733 101 468
277 897 789
950 681 121
38 633 855
351 353 56
89 237 201
254 464 647
131 867 282
661 719 721
93 955 861
121 777 226
801 541 146
873 845 491
779 811 135
195 650 525
961 41 665
753 699 111
208 176 336
954 351 141
337 873 177
721 451 775
625 97 633
130 421 219
493 753 533
275 423 705
153 621 792
324 163 750
799 1000 627
351 305 221
21 666 487
361 3 376
908 152 165
719 97 158
225 999 161
951 852 223
756 781 601
584 983 881
935 825 309
590 414 761
178 389 887
113 441 601
967 225 160
781 863 277
565 873 561
851 476 441
130 105 735
101 485 25
411 756 219
426 481 471
785 917 631
776 919 617
385 607 325
425 532 901
765 401 419
611 611 354
154 535 817
177 641 315
401 805 801
766 583 325
779 457 521
501 841 837
645 885 801
879 649 801
751 840 901
269 926 97
601 577 848
985 648 725
145 551 733
978 224 619
761 210 808
881 441 767
311 696 117
195 911 489
401 98 14
335 901 439
845 889 983
431 843 301
453 921 281
663 844 651
923 980 937
492 24 983
593 137 748
806 654 881
193 259 161
969 293 971
829 901 569
713 47 933
73 745 908
921 851 343
717 452 175
421 801 649
621 397 681
816 496 329
321 357 151
814 1 411
763 561 884
8 801 969
287 398 373
929 46 605
338 831 345
945 711 831
559 889 837
568 461 849
801 253 652
267 261 613
156 621 101
793 159 297
841 913 353
277 419 485
274 307 313
667 784 401
336 822 493
561 696 929
48 362 647
765 232 737
505 191 771
1 121 446
1 809 224
905 260 317
911 749 582
513 120 926
391 917 125
299 757 489
361 704 819
720 135 328
401 590 246
84 526 616
401 538 353
829 976 891
603 587 705
425 217 273
467 359 474
227 631 761
540 404 285
418 225 479
269 7 457
825 599 449
905 952 313
849 860 846
277 121 904
666 716 811
901 7 253
367 176 305
21 847 533
697 233 371
11 281 277
183 917 946
201 171 241
651 221 171
223 657 440
373 226 799
601 176 251
533 641 501
791 193 496
74 991 321
413 688 87
536 482 351
668 661 476
641 761 633
937 836 896
801 953 907
121 677 693
151 497 471
239 546 201
571 657 126
488 654 329
461 714 579
919 49 809
56 136 921
485 206 633
397 931 102
351 55 948
135 482 881
718 17 817
485 605 377
579 801 619
815 401 339
198 793 657
513 375 471
596 5 437
921 651 321
436 289 89
529 433 565
533 961 688
791 209 211
923 617 946
409 566 21
483 381 41
822 817 473
57 955 721
11 688 689
665 505 280
601 989 193
725 436 991
228 112 595
657 453 649
276 992 391
642 725 761
559 794 9
389 686 731
442 295 927
301 21 808
523 108 501
35 205 351
656 196 143
369 571 221
406 686 245
184 633 61
576 485 321
389 974 481
745 592 965
651 153 294
509 764 435
13 146 30
496 365 137
895 465 776
1 805 721
693 746 795
377 121 761
481 348 241
260 817 501
385 171 409
616 157 881
489 271 484
841 311 71
577 887 133
909 901 901
237 491 1
201 569 123
176 806 504
94 567 311
417 643 930
233 976 398
977 135 293
567 633 501
425 326 417
697 889 880
22 117 601
947 851 921
520 193 372
449 427 807
129 295 347
511 701 912
355 224 985
364 966 546
536 501 676
941 774 476
865 589 721
517 201 594
376 551 745
185 241 889
982 661 251
953 49 49
351 601 439
865 513 803
395 61 614
113 657 97
657 298 369
127 205 521
933 787 476
295 663 409
351 271 961
375 348 403
281 676 533
179 449 737
553 1 221
313 211 185
289 481 453
324 333 79
885 81 111
546 979 401
626 850 433
255 433 505
861 612 282
808 611 429
94 403 380
996 271 373
500 44 297
851 715 136
65 476 613
747 803 631
15 739 376
561 189 264
689 792 753
81 247 833
51 861 995
433 493 141
41 453 412
206 601 71
207 936 481
921 480 421
14 222 961
909 916 784
808 111 77
841 473 483
593 337 691
582 776 665
902 818 81
267 921 653
263 433 523
731 509 361
210 465 785
986 354 213
543 729 545
169 440 541
219 1 329
709 201 479
121 991 513
926 126 661
537 681 809
632 681 996
141 677 649
619 241 326
101 929 541
209 289 121
491 59 201
961 951 86
179 319 717
177 855 909
335 876 313
943 126 881
111 655 390
955 408 565
369 969 81
787 896 431
859 467 571
225 583 845
137 905 551
825 145 521
961 842 93
201 151 812
807 351 201
485 889 104
779 219 525
186 633 89
505 523 943
781 631 722
681 717 21
391 257 804
33 475 631
677 23 561
350 637 685
595 657 897
321 87 884
209 881 289
221 809 115
841 792 513
52 727 301
848 917 33
875 985 569
145 282 232
305 577 83
517 57 816
225 413 845
850 998 915
104 107 101
517 18 233
729 11 179
449 421 395
716 497 449
721 395 244
591 418 326
907 639 715
199 59 862
393 731 373
298 667 606
464 251 921
136 673 717
59 641 801
281 705 675
801 409 826
320 286 773
201 263 961
853 309 776
121 411 429
807 761 822
504 790 510
214 169 168
863 153 173
128 285 173
980 122 114
146 265 609
985 555 661
112 594 891
357 796 975
152 176 345
985 477 201
241 978 705
756 491 826
30 922 839
611 587 446
904 297 887
685 476 41
46 827 701
801 673 259
757 461 931
417 954 769
75 473 585
631 62 995
561 3 881
185 881 636
891 255 766
185 211 152
66 126 821
660 331 101
813 887 620
581 401 549
957 365 11
541 881 369
360 89 697
45 983 770
933 808 796
451 913 322
769 181 467
316 201 629
150 241 981
706 325 602
693 318 716
236 393 849
121 557 379
281 769 721
309 176 751
296 749 201
136 256 676
393 661 367
741 891 861
7 911 39
709 876 1
381 100 557
894 481 329
557 951 537
695 409 481
527 847 421
961 705 919
619 549 913
501 163 881
163 191 1
802 996 347
255 554 141
741 466 804
846 265 295
913 347 754
700 303 994
253 687 835
254 959 343
694 935 385
735 121 491
489 691 81
385 713 146
601 151 700
725 744 987
63 316 937
134 931 121
1 861 646
151 731 465
561 181 511
297 650 477
477 505 979
801 357 695
111 78 437
426 157 145
51 900 585
63 331 221
420 1 305
303 627 221
881 1 221
821 97 646
11 571 501
681 561 737
353 967 893
249 57 653
923 665 608
385 785 530
461 816 583
453 983 112
478 771 906
399 767 432
14 893 313
626 413 505
214 479 14
406 186 101
357 757 169
415 441 541
510 627 113
855 299 247
994 995 151
318 660 176
907 161 993
529 221 637
851 891 945
201 3 327
75 921 153
863 899 453
430 781 553
561 1 685
265 336 161
505 658 447
774 71 522
173 742 803
75 865 241
293 609 77
323 881 292
683 360 585
462 953 29
361 200 973
25 515 951
972 841 334
385 171 97
445 462 751
71 360 537
801 507 765
925 869 321
966 497 801
955 549 226
549 1 769
1 657 971
126 667 316
657 384 490
851 135 551
803 666 250
427 311 25
661 418 396
969 626 923
609 257 641
219 951 891
751 918 205
499 988 706
261 445 96
899 956 601
773 721 401
789 697 303
923 641 451
739 606 230
126 99 407
329 449 217
441 631 805
851 776 416
797 633 395
471 917 251
557 461 65
449 731 943
11 578 881
55 735 446
721 305 691
951 766 323
168 841 331
355 636 584
57 695 473
653 725 361
65 53 666
777 61 425
695 871 81
581 102 878
55 59 937
345 201 461
41 303 721
270 854 417
218 589 325
26 899 553
771 111 25
733 299 661
644 785 121
673 757 735
831 485 89
435 401 885
734 216 305
289 116 601
105 125 601
961 345 505
614 278 421
791 283 934
977 601 201
967 645 564
291 212 771
703 185 585
297 469 901
284 742 805
762 124 835
627 336 733
296 119 676
52 953 141
470 141 351
457 397 661
711 33 851
203 15 617
97 889 246
921 815 729
843 861 371
929 897 171
449 977 923
53 361 43
617 171 524
9 359 306
41 676 593
109 998 417
644 160 841
807 167 752
669 703 641
411 92 201
337 499 876
837 91 719
801 342 447
855 826 441
25 579 513
839 555 493
617 327 596
780 321 705
801 297 753
625 638 151
645 961 942
165 926 358
181 81 321
562 67 717
751 273 679
573 908 641
575 346 856
513 901 789
93 577 541
208 745 224
477 897 519
407 865 571
506 995 896
929 139 249
579 694 201
867 620 981
117 25 721
630 476 549
803 736 31
861 625 677
559 241 336
641 1 977
51 961 926
836 907 991
592 361 611
861 822 585
941 606 38
471 555 741
803 671 621
325 348 31
3 615 23
579 720 136
281 211 651
492 737 1
699 801 811
863 623 159
537 751 41
111 889 203
389 636 471
523 105 561
101 945 766
681 961 837
83 861 61
551 607 851
129 21 863
513 715 373
727 932 295
863 799 865
135 890 457
529 251 1
595 61 301
237 59 877
139 1 409
926 249 949
233 215 931
397 831 30
321 161 617
690 411 768
804 235 649
974 107 444
680 901 590
147 761 733
863 1 217
256 130 729
934 961 991
426 785 785
89 296 179
531 731 766
729 465 840
663 511 674
241 966 841
860 58 361
681 864 251
430 223 377
602 761 769
976 251 476
22 113 55
176 521 557
571 667 963
121 39 831
641 889 35
823 461 716
93 481 737
705 320 665
225 875 203
813 339 982
356 437 408
550 601 273
935 101 713
985 709 601
833 136 35
25 616 681
21 861 614
418 718 895
246 517 1
421 687 451
219 497 538
609 776 811
785 125 795
901 923 981
621 685 503
833 216 821
157 9 733
626 311 681
671 881 947
321 377 323
563 29 665
665 441 751
165 176 857
176 929 268
833 735 693
263 633 928
429 993 793
736 796 301
300 801 192
186 55 553
754 127 609
33 127 35
429 4 192
877 290 561
756 849 371
985 336 322
247 986 817
515 924 365
341 985 537
749 985 421
965 495 241
233 490 404
935 26 395
543 141 705
228 489 401
201 121 785
501 335 301
631 388 76
374 907 930
800 607 273
121 553 441
241 956 401
769 457 383
251 691 249
126 701 751
462 339 991
57 881 273
642 281 807
451 345 301
241 537 825
801 258 321
986 969 513
433 138 941
581 177 945
296 111 481
449 58 227
130 972 349
737 273 556
265 113 906
879 593 309
361 153 915
629 401 951
73 831 353
689 603 831
25 703 827
868 349 93
630 876 654
408 901 633
201 917 197
1 350 67
137 249 337
241 313 873
513 637 201
873 695 800
9 148 305
651 129 127
265 606 825
361 623 391
375 586 966
18 849 802
437 805 193
201 953 699
584 621 126
490 601 701
561 561 690
579 798 595
432 961 77
171 665 769
293 845 69
231 178 726
733 221 626
154 566 958
253 737 363
324 383 241
151 497 1
168 37 401
257 725 929
565 952 4
357 393 476
660 671 172
273 333 709
465 11 373
277 137 721
237 673 863
396 565 221
429 906 289
933 595 256
289 524 251
50 161 426
97 87 969
21 947 71
211 861 879
601 25 229
393 355 377
180 27 481
716 758 333
101 558 25
311 726 493
39 85 865
365 437 703
217 711 851
627 96 789
992 481 313
521 436 429
877 881 738
869 61 616
11 779 896
61 641 269
337 345 952
81 72 637
315 702 139
458 385 829
687 761 213
881 985 851
895 381 321
119 663 41
985 955 328
97 281 205
401 842 307
296 341 497
231 121 161
171 873 381
591 461 5
835 782 209
501 592 662
385 341 888
75 713 513
78 1 111
597 366 784
676 694 546
401 593 772
785 893 635
389 444 173
910 985 20
283 886 964
645 753 568
812 216 293
750 785 269
820 401 631
53 126 489
282 211 355
9 958 806
26 167 49
475 177 931
117 836 721
1 779 701
626 576 481
451 31 458
126 725 726
596 59 641
844 586 801
336 405 33
498 35 721
551 220 185
373 789 977
201 155 317
141 431 764
855 857 562
314 199 617
645 173 721
310 833 209
846 197 596
297 580 126
376 648 353
143 279 929
626 976 715
701 414 726
901 412 577
131 175 401
248 584 187
901 685 507
203 361 441
321 709 774
611 165 669
781 929 921
322 733 863
285 357 556
249 805 200
145 707 961
611 899 395
121 961 201
329 413 684
984 426 631
480 139 246
375 881 653
115 851 701
376 81 353
877 479 365
361 186 5
758 797 876
241 493 489
601 639 821
251 696 173
201 89 411
805 386 819
133 913 947
5 241 545
685 277 713
385 375 101
710 909 221
881 791 961
490 863 369
81 281 850
437 901 813
204 571 751
921 817 265
913 139 914
297 266 373
626 401 591
905 891 597
609 503 608
881 289 981
25 441 728
294 93 511
626 809 551
881 18 809
566 117 697
493 358 105
669 135 596
573 560 723
751 381 121
9 831 865
487 965 609
251 697 713
693 7 531
505 572 29
390 517 596
206 858 779
778 493 153
723 401 925
855 996 263
176 301 213
686 662 401
169 950 968
333 279 777
843 73 361
241 577 155
382 776 91
313 285 521
924 973 539
423 65 49
251 788 21
397 865 501
123 473 551
57 806 997
521 894 17
41 885 636
83 880 936
143 116 893
401 175 399
461 465 911
676 152 468
735 941 658
18 601 771
781 553 591
529 607 619
397 913 705
763 601 701
385 346 840
368 223 831
533 426 661
956 685 497
221 546 345
751 941 467
790 671 535
424 865 323
481 455 681
329 754 593
717 173 761
478 865 213
97 151 961
173 420 662
345 413 941
393 225 581
201 101 581
881 185 975
371 951 861
265 733 107
209 165 666
134 441 890
382 301 401
717 850 601
577 119 734
916 175 236
445 593 973
626 854 497
451 472 903
857 284 821
202 715 617
360 957 591
101 801 85
609 697 773
155 689 18
256 831 551
951 21 483
625 227 672
253 308 464
375 251 529
89 249 51
229 365 447
107 525 409
606 841 836
775 31 181
91 501 560
611 817 517
373 105 180
788 453 650
740 196 662
957 188 24
919 757 481
976 437 425
481 719 401
107 318 443
735 981 855
209 713 929
941 353 522
817 425 841
571 539 1
897 349 1
649 86 275
477 87 730
701 15 179
823 526 517
35 945 315
168 811 277
17 721 503
230 261 391
362 205 979
601 401 823
641 721 883
879 649 171
785 393 805
586 658 306
9 991 384
395 601 601
449 313 201
925 250 387
133 5 624
625 667 11
729 831 956
649 281 931
449 989 401
817 856 90
325 121 698
442 664 891
421 11 873
781 337 865
841 62 235
626 365 447
876 651 181
601 721 313
201 123 511
865 521 529
339 537 599
373 45 729
721 883 283
52 279 216
481 690 293
777 326 625
177 93 777
889 312 753
845 724 931
133 593 943
113 647 342
121 467 686
319 376 885
31 175 139
603 225 138
189 595 402
329 102 796
258 377 73
541 734 41
199 321 241
521 91 450
193 93 657
86 391 859
741 801 61
741 313 449
146 617 705
968 121 243
539 767 571
239 126 807
538 5 226
557 572 549
111 657 716
521 221 635
281 966 220
12 803 577
637 909 741
289 813 206
618 601 151
491 618 194
553 841 541
749 665 185
753 410 131
49 115 585
569 525 869
451 327 270
192 981 433
733 617 59
313 242 908
521 667 302
369 269 596
526 65 363
409 929 985
8 365 951
815 787 323
601 111 51
306 436 41
209 1 385
479 998 679
926 163 588
569 45 454
329 920 833
417 214 241
749 605 901
431 500 221
739 313 353
425 411 814
116 246 513
205 961 581
61 721 625
442 521 51
686 617 303
861 441 784
127 525 105
641 331 479
90 95 481
307 518 616
354 97 216
333 117 845
156 101 137
488 825 201
601 188 440
727 681 861
457 625 893
741 821 191
805 464 721
461 160 921
687 682 327
181 997 761
645 209 481
860 232 379
511 801 293
171 63 736
972 873 801
609 158 344
977 207 495
1 621 681
193 349 300
220 91 611
92 618 780
279 913 841
21 1 497
533 431 441
441 29 123
588 211 329
556 38 98
392 745 199
859 81 219
321 513 47
337 427 737
889 941 524
105 986 351
804 821 839
938 925 649
561 381 449
183 653 509
290 137 409
550 861 606
423 99 273
833 531 601
611 908 701
310 476 881
605 661 725
64 73 669
145 201 81
503 867 368
441 423 13
405 492 701
456 359 989
848 631 681
581 233 184
606 508 995
821 841 241
251 502 1
523 253 16
204 778 765
129 421 884
985 337 25
215 625 660
7 451 331
862 817 908
463 304 380
229 649 939
862 927 961
130 623 424
555 285 183
961 846 31
91 631 781
282 631 74
833 376 134
145 937 695
1 491 621
633 896 963
857 861 603
601 52 590
873 549 663
947 847 973
77 24 683
969 837 169
896 489 261
209 417 561
719 15 491
355 817 751
840 557 721
282 168 325
249 889 576
729 661 569
483 623 73
281 551 796
186 641 916
21 294 432
896 117 817
606 353 532
572 91 937
966 635 641
126 48 981
31 959 451
464 709 369
87 797 90
748 634 97
836 679 155
817 81 876
559 159 113
489 861 671
326 556 791
752 189 155
937 843 160
167 152 292
456 561 613
800 861 219
163 401 166
343 441 601
356 985 401
962 9 171
961 123 825
505 640 791
297 265 146
801 91 527
271 516 87
373 831 126
987 258 801
801 50 998
512 691 6
997 431 252
430 179 970
465 457 332
223 526 501
334 509 841
757 561 993
193 825 196
531 261 853
401 251 51
601 437 50
175 741 226
263 803 665
454 221 697
5 862 989
935 875 938
81 291 461
81 565 589
101 123 228
932 983 830
561 335 793
401 831 545
248 661 466
186 327 186
61 936 661
652 229 801
271 881 439
445 649 941
725 637 929
995 721 421
167 479 386
390 746 841
729 433 488
361 629 230
891 47 684
83 669 268
873 793 302
343 365 129
956 80 201
873 167 764
770 992 279
511 93 789
151 189 19
389 293 629
196 929 325
81 261 761
367 120 483
117 65 369
741 209 183
395 409 961
818 694 796
507 845 655
571 301 629
247 357 844
123 83 593
194 305 938
901 437 273
653 662 287
902 862 764
265 921 598
129 326 576
927 901 703
487 121 203
137 685 926
401 111 441
801 940 521
281 711 633
620 56 516
524 828 173
196 657 373
21 919 165
881 38 161
919 219 507
37 1 505
62 512 44
865 380 277
345 359 576
181 825 881
627 457 196
967 896 641
42 663 597
701 777 337
282 357 616
405 849 649
601 516 275
507 577 243
502 533 121
305 371 47
729 661 455
228 435 606
351 118 517
849 596 729
145 573 558
817 40 425
720 996 81
316 241 961
373 506 549
7 11 617
88 566 989
951 821 134
633 976 819
139 681 936
531 127 201
401 811 78
669 777 41
97 287 415
151 76 809
436 4 41
201 1 697
663 377 880
866 148 284
801 733 91
839 33 410
436 57 691
970 309 823
533 617 813
841 901 826
527 386 841
593 509 833
351 301 173
981 829 926
536 315 41
761 151 361
858 673 418
965 241 601
45 241 17
553 973 915
333 829 26
531 97 197
779 510 335
521 505 843
303 201 832
233 501 330
835 237 581
374 33 289
985 681 593
993 725 771
81 431 722
137 651 231
421 227 265
301 809 623
907 493 39
371 433 59
356 661 535
440 345 827
363 720 819
891 768 971
821 287 872
321 443 455
825 17 897
235 81 891
613 346 113
814 420 235
588 716 561
249 145 369
439 909 861
47 793 305
873 146 883
737 849 751
651 190 319
861 89 121
197 816 108
663 419 673
288 301 737
105 847 387
816 674 845
721 23 766
946 679 401
846 41 836
458 681 1
749 945 892
606 213 651
49 907 303
938 181 349
479 380 805
451 539 657
301 716 225
526 541 641
916 501 21
820 281 801
316 841 461
716 906 148
186 93 141
843 629 705
693 322 332
246 267 368
80 751 929
937 293 866
489 9 840
361 521 544
158 294 901
753 477 113
205 955 19
925 417 101
516 440 77
437 56 188
539 801 686
797 455 576
439 430 29
439 985 911
357 469 675
509 131 1
738 751 229
905 681 376
123 1 282
592 11 937
891 588 885
273 173 392
781 865 391
361 157 161
126 281 509
609 1 605
161 151 259
205 525 887
731 410 301
56 226 557
517 735 731
432 205 152
83 389 251
192 653 31
968 201 645
929 921 713
934 933 581
33 941 209
115 886 246
991 873 873
943 876 2
993 533 357
84 316 758
941 116 238
202 385 363
693 361 519
685 181 65
9 327 63
449 716 957
121 361 1
526 246 621
649 831 729
102 492 217
525 188 130
81 409 29
547 97 745
149 1 156
561 670 31
590 551 421
737 251 773
345 441 685
361 251 948
876 196 109
601 554 89
631 584 522
276 551 271
551 201 825
236 193 233
355 781 242
488 295 771
881 173 975
553 121 977
409 321 136
189 929 636
998 361 977
656 431 815
391 401 172
161 799 89
569 967 754
984 653 712
401 89 201
711 338 73
303 925 735
308 941 474
31 646 945
432 753 481
953 923 476
679 667 276
401 465 327
417 77 653
603 481 323
143 259 87
101 356 141
291 11 877
616 201 325
820 83 594
55 701 375
755 681 377
337 817 884
713 415 753
631 271 417
84 963 780
418 1 389
526 436 193
129 25 193
97 979 216
597 641 564
665 969 683
707 251 89
68 915 651
47 650 693
767 308 241
473 323 881
817 81 756
520 273 852
421 493 949
659 736 234
284 883 729
311 525 611
244 331 938
769 977 373
757 721 411
305 71 841
465 609 508
270 556 169
901 753 305
465 29 121
149 520 708
153 689 787
891 737 25
801 541 39
658 561 936
671 135 923
392 843 425
802 781 107
344 552 113
661 441 569
513 896 292
565 289 537
602 633 186
390 21 689
201 393 990
337 754 735
726 401 209
669 831 75
761 505 320
599 761 911
653 166 984
881 309 482
113 981 607
651 615 112
401 751 981
130 146 385
664 662 986
991 47 521
701 573 657
83 715 55
751 897 345
458 201 771
388 478 921
289 668 347
123 225 589
907 323 310
329 137 999
529 473 17
462 629 730
66 346 631
826 9 396
341 301 839
51 387 251
361 736 988
481 79 657
461 11 749
682 641 849
536 199 160
574 480 258
961 711 283
16 91 991
269 387 411
719 261 57
554 876 51
386 951 664
991 126 439
913 622 883
434 331 787
793 60 411
91 753 219
422 449 597
745 159 77
265 541 738
159 319 222
707 864 511
97 249 391
713 526 676
339 663 901
617 867 507
983 147 983
333 745 467
167 151 49
673 542 963
51 173 574
269 97 264
695 416 261
82 579 491
97 509 670
37 803 5
520 1000 891
731 836 351
672 76 436
701 681 117
565 491 806
985 321 45
121 951 405
841 847 545
553 719 761
518 337 697
667 980 998
41 535 251
834 551 842
409 633 355
449 771 509
895 76 359
585 817 611
836 5 419
576 745 793
523 537 817
498 313 201
227 179 3
776 129 223
650 941 859
797 801 909
631 584 103
701 926 497
599 903 231
169 985 146
827 377 361
153 715 345
489 53 499
804 439 985
681 388 601
604 246 179
342 965 495
441 204 166
571 561 265
131 220 707
95 78 929
111 665 545
303 34 726
736 185 67
826 345 372
91 429 284
719 349 844
489 616 871
573 547 951
302 389 80
249 762 621
97 361 689
258 65 977
644 875 481
949 505 45
397 601 787
693 821 929
669 373 861
777 825 498
31 981 921
489 176 804
537 111 985
500 783 611
761 536 561
951 913 450
414 251 361
305 754 231
499 81 546
361 385 145
463 918 308
857 847 229
181 353 276
839 376 801
841 688 465
581 490 894
801 277 623
415 188 321
561 985 337
551 895 721
834 887 439
705 121 782
89 171 71
131 203 847
529 194 855
225 164 641
753 731 308
833 886 65
421 333 163
537 904 247
305 446 401
79 235 882
123 673 15
611 711 361
313 741 67
137 639 537
739 176 365
353 633 89
556 201 682
873 401 413
642 625 114
705 8 779
902 873 297
20 521 621
822 204 177
905 231 585
745 17 801
535 459 997
37 417 409
445 585 342
513 427 285
415 393 777
601 689 393
465 260 537
451 641 161
81 985 585
901 11 631
307 423 661
503 155 761
720 766 101
285 842 401
450 80 976
155 471 909
709 863 689
376 865 145
176 321 7
321 981 605
215 779 111
779 123 537
201 473 681
399 537 1
353 529 70
372 377 994
575 965 265
966 393 732
103 204 271
89 351 15
977 621 125
339 157 758
165 871 928
49 677 291
321 397 614
830 639 369
531 695 173
953 651 923
481 881 489
290 37 581
52 201 961
861 43 815
317 930 782
244 701 909
257 523 406
113 817 501
145 451 3
872 501 121
461 36 321
351 433 109
181 625 487
755 334 665
777 499 839
593 289 301
656 781 897
900 489 701
537 273 496
921 730 913
421 162 762
596 547 777
926 713 656
607 463 501
1 545 429
480 866 761
666 881 26
561 860 273
115 247 313
374 641 400
774 592 916
619 821 505
713 57 281
819 879 73
875 711 201
777 925 685
671 508 813
806 631 246
626 633 137
761 393 801
997 426 115
237 603 204
183 611 821
373 541 253
817 744 412
877 551 321
155 73 593
733 202 132
64 832 870
263 155 701
501 427 473
404 74 311
191 825 919
874 848 769
621 656 635
823 251 403
386 674 281
669 201 887
492 311 865
205 617 61
126 77 45
547 551 900
543 365 527
569 319 861
55 651 291
917 480 447
371 805 507
806 521 52
255 145 703
331 103 281
115 311 315
196 501 68
329 388 351
441 42 269
977 37 961
817 741 121
927 921 781
581 437 394
355 69 236
747 701 1
722 631 223
253 188 913
741 249 697
181 914 905
436 593 304
449 525 412
241 796 721
26 100 175
179 961 54
161 991 637
73 933 323
125 675 369
409 985 667
127 869 449
721 97 836
757 478 121
535 935 745
449 305 486
477 246 238
101 809 941
658 916 841
969 509 113
305 410 760
383 697 609
641 49 837
501 421 761
131 861 680
653 433 192
184 361 451
377 323 37
188 312 51
369 376 59
401 322 529
139 606 925
311 429 900
536 800 257
517 883 657
306 183 653
426 959 813
471 781 665
310 193 487
163 715 591
557 421 126
460 749 441
251 585 899
877 830 186
864 226 405
677 661 999
774 157 573
884 801 667
492 973 773
946 129 97
724 231 531
161 459 606
963 547 197
985 662 974
796 951 673
703 13 514
732 216 949
41 801 1
653 681 77
897 306 93
591 515 836
666 558 1
393 545 265
877 765 208
250 450 523
551 158 569
982 831 161
649 89 965
903 219 395
671 695 457
41 365 433
228 952 816
633 677 398
65 688 376
561 779 675
925 723 988
945 458 988
665 242 951
457 237 526
659 185 524
731 76 386
577 231 879
693 515 473
553 81 25
985 1 993
230 870 789
701 729 825
397 103 71
682 626 867
131 867 921
841 656 76
806 304 376
214 185 365
25 71 781
104 177 962
521 47 617
743 421 53
177 711 932
3 246 141
958 119 505
305 961 31
223 51 526
142 811 241
679 953 913
936 101 641
501 856 1
545 1 576
144 975 131
9 460 955
347 637 177
425 212 585
214 261 859
247 401 338
419 776 256
68 119 581
29 909 576
363 164 537
94 103 585
45 307 81
708 166 237
999 595 251
943 545 995
806 681 551
161 397 320
838 801 774
501 862 776
295 925 849
149 781 301
575 9 533
527 821 57
929 231 805
895 369 933
345 211 305
102 628 941
897 967 816
801 451 230
365 457 533
531 112 189
585 46 489
181 529 151
907 809 472
874 826 73
439 693 1
83 353 741
495 115 770
937 407 265
259 441 833
526 858 601
891 831 209
641 353 281
433 497 449
719 81 549
641 612 211
409 577 266
755 817 587
889 501 133
670 308 697
997 201 776
211 461 797
653 928 794
747 346 751
895 509 71
431 921 836
366 936 346
255 862 21
475 81 797
629 706 394
425 713 321
11 229 761
572 846 67
265 311 213
980 413 556
216 451 961
325 689 264
803 787 264
409 246 669
460 43 876
737 561 1
126 172 580
111 701 733
841 966 572
301 865 317
70 881 806
105 601 913
349 71 801
733 276 392
104 551 881
521 917 411
821 569 877
899 751 781
521 166 774
833 497 607
49 413 819
678 33 161
709 256 633
651 951 77
637 801 141
475 275 881
626 691 721
736 313 463
345 676 151
725 108 993
135 911 681
116 885 615
573 289 252
893 326 361
701 166 553
969 878 409
785 742 329
553 198 255
868 58 501
807 564 571
911 136 257
101 805 970
686 145 917
306 714 761
809 753 423
564 161 425
722 1000 884
901 281 491
268 9 322
705 457 857
224 501 323
63 349 549
526 251 561
911 953 557
106 969 177
271 221 453
784 785 473
261 201 780
603 232 39
647 638 329
157 991 904
591 881 411
113 46 522
344 560 613
1 967 249
753 30 730
428 333 786
335 406 771
719 161 161
151 606 876
677 521 833
656 349 703
71 449 789
985 357 851
541 315 536
263 698 153
823 589 903
821 656 511
201 103 383
561 857 439
341 811 721
404 991 946
251 71 412
770 381 372
401 421 49
376 921 555
927 299 653
419 706 7
516 41 70
786 276 944
928 92 267
201 951 969
249 817 507
764 365 251
419 192 687
626 393 721
457 496 540
797 79 65
790 392 348
191 908 646
911 1 357
981 69 531
263 151 693
121 901 261
739 664 890
281 156 379
577 454 105
776 940 461
931 585 81
501 901 989
226 713 263
357 298 842
23 488 313
684 586 793
599 241 381
405 103 897
949 811 226
211 85 992
429 916 131
386 466 476
48 941 366
101 819 903
861 335 1
997 977 961
977 501 190
396 1 383
536 546 541
936 921 761
199 151 248
139 653 265
793 306 285
414 514 675
284 240 313
697 401 577
425 867 954
186 26 501
389 609 154
511 701 161
451 445 979
910 921 45
409 871 11
488 747 699
503 627 35
665 451 41
420 925 721
296 896 839
375 882 605
387 129 521
621 929 761
681 493 89
623 863 589
403 865 824
751 813 502
307 291 187
861 321 341
436 65 687
757 569 95
910 752 937
65 783 89
329 281 55
953 241 820
36 937 556
147 311 633
589 371 16
837 183 193
289 361 501
26 246 586
561 561 81
19 276 763
257 828 14
663 596 785
101 769 905
244 274 425
393 669 193
461 752 268
112 581 51
389 281 961
245 255 14
481 690 5
725 959 211
285 521 5
825 511 153
302 476 395
171 947 297
51 737 271
393 845 725
901 750 516
21 68 134
111 331 737
539 548 714
851 392 513
615 461 526
826 329 226
829 601 781
239 915 453
828 226 685
683 371 569
209 353 209
625 521 676
150 525 91
814 817 76
481 395 438
481 751 807
441 918 748
533 363 641
389 661 530
671 523 253
821 793 526
351 419 199
1 951 537
461 285 647
201 105 25
391 721 465
417 425 277
491 1 751
693 957 901
339 776 765
86 604 371
757 569 50
969 879 188
697 658 257
929 575 37
337 259 726
661 879 749
730 429 568
880 520 441
692 238 686
27 77 753
13 263 219
252 596 523
261 205 606
201 666 885
513 168 510
943 474 233
76 867 425
741 81 206
605 280 947
781 675 493
926 361 711
871 801 71
560 401 301
371 724 642
135 592 769
884 383 261
431 867 376
843 631 757
311 772 143
646 311 45
905 69 649
149 123 241
161 501 291
941 335 641
287 500 637
31 918 237
301 451 441
701 221 79
685 465 241
196 251 652
365 332 369
512 929 765
428 581 525
881 901 873
457 621 221
351 737 467
921 757 501
11 101 251
52 673 765
332 77 276
211 427 961
689 138 655
417 197 75
477 573 565
387 201 333
509 709 714
67 462 129
141 391 595
616 601 795
695 416 940
71 521 185
161 920 681
615 85 793
191 607 18
81 50 161
861 893 101
593 569 203
441 403 603
777 833 803
285 59 750
376 805 252
221 41 739
981 931 275
708 825 33
279 536 177
193 19 374
1 465 342
121 45 321
381 691 701
356 99 363
115 765 995
581 31 497
905 349 446
261 308 769
641 352 371
891 926 857
82 593 277
391 521 857
151 505 851
794 513 137
1 542 189
237 805 654
66 608 578
331 313 257
633 829 451
323 711 474
812 381 929
984 661 931
297 959 595
333 21 225
725 817 265
981 49 641
582 759 653
486 251 281
513 921 409
226 281 101
67 38 412
955 757 21
621 520 371
617 61 173
387 175 691
736 863 221
809 818 649
3 834 207
24 201 293
393 969 5
801 461 345
1 569 507
549 433 815
181 105 211
608 627 169
1 165 345
312 473 346
761 147 887
245 232 585
501 587 286
473 651 717
538 581 589
441 201 48
785 561 938
561 600 521
952 621 727
214 545 159
337 537 121
301 161 308
183 376 377
165 809 1
52 775 958
81 121 628
894 787 361
351 121 185
845 384 743
617 405 65
829 801 916
715 161 549
889 935 831
867 521 765
716 438 571
769 257 243
738 121 101
626 145 112
622 273 481
250 385 177
241 285 439
517 393 139
403 373 158
549 341 126
263 905 581
793 269 349
987 665 133
241 542 149
406 534 149
411 542 51
981 999 899
221 405 121
157 33 851
358 791 116
585 311 441
121 245 752
321 616 795
819 895 670
436 881 33
861 307 724
216 731 936
85 581 601
431 190 281
810 181 308
153 701 349
921 461 389
587 737 681
93 69 593
673 249 253
21 220 744
725 353 911
761 331 812
217 6 44
861 267 923
767 611 467
213 195 198
365 327 319
291 145 945
375 247 877
208 281 113
953 124 161
177 661 149
41 539 393
233 293 433
114 749 795
45 635 988
287 761 101
676 602 561
933 831 188
815 122 201
465 925 829
1 347 801
61 218 505
809 82 300
118 641 839
201 443 924
879 491 133
275 946 611
59 661 353
572 440 301
349 189 501
268 569 31
885 131 249
457 105 233
401 301 967
947 413 16
769 350 104
750 293 721
655 929 441
251 41 321
651 263 356
439 521 123
321 49 20
247 321 653
621 839 595
531 361 420
590 837 395
567 656 130
813 569 341
179 581 121
97 725 805
711 229 481
843 851 133
891 795 882
301 131 210
31 51 126
918 681 657
749 71 781
881 326 566
412 789 559
451 861 213
975 701 971
641 229 173
55 566 749
458 43 625
841 429 346
81 374 885
809 346 187
841 453 699
77 823 996
483 983 51
87 806 416
846 251 129
967 769 761
161 426 321
474 493 273
502 407 549
831 791 77
176 85 531
989 550 616
437 781 681
731 371 667
1 787 965
91 833 225
983 13 96
841 469 180
38 89 411
498 1 677
375 531 780
59 101 369
1 547 901
16 396 908
505 444 457
195 633 411
233 101 945
579 413 21
317 27 673
614 225 961
103 433 866
677 715 814
303 680 517
703 298 321
837 849 151
734 261 205
951 573 586
37 560 635
313 735 880
130 97 805
711 657 952
905 833 196
111 186 757
757 633 193
991 920 667
2 319 895
31 364 973
69 713 441
395 835 305
254 625 461
969 257 257
537 81 585
915 777 938
129 689 861
169 657 695
521 741 774
276 989 903
841 627 669
987 271 537
241 1 21
901 941 981
262 707 649
66 842 33
513 181 84
573 333 577
473 89 71
238 825 601
193 537 93
291 643 519
855 21 817
729 123 485
961 81 717
160 23 844
411 333 316
147 377 707
781 46 821
38 489 51
946 632 122
538 945 569
261 267 657
317 707 846
784 693 841
800 701 791
476 390 525
225 723 652
375 501 700
641 245 129
641 997 1
506 213 1
733 216 491
105 473 408
291 505 575
262 753 531
885 311 797
601 938 840
46 253 467
355 701 749
482 155 403
399 469 893
317 988 636
505 605 171
761 491 649
284 446 636
587 334 717
237 223 76
265 406 363
25 513 857
747 449 321
897 441 769
21 776 681
316 179 781
351 775 991
886 665 353
455 147 536
124 831 461
751 525 460
