86
8401 2499 83
234 2186 35
1438 1334 23
4638 4219 22
198 2681 34
3200 2596 92
5960 6856 84
1061 2303 38
8094 3928 70
7752 560 41
5390 5364 46
9018 1980 38
2061 4264 33
8093 7009 67
6232 5232 83
2172 8067 38
1012 2327 65
8803 8872 29
1130 5873 97
2828 4883 62
2364 9096 91
3492 8404 100
4574 760 84
4677 2390 96
2147 2974 67
7998 7358 57
4147 8746 98
6429 1038 84
8267 8105 66
3373 4372 39
2294 2736 12
8236 3472 22
4912 2528 45
294 1029 73
2768 5855 1
6733 9169 86
8585 5599 27
5684 4062 81
6911 2296 45
6580 3552 73
4643 5123 84
855 2820 7
984 1922 94
2190 243 99
8378 8709 55
426 9651 20
1389 9191 34
8159 326 61
440 5780 29
1795 1685 74
1323 1021 49
1880 5744 31
7410 9846 40
5041 2758 52
7238 9703 9
2600 6535 53
9632 224 59
5777 2871 53
952 2699 84
5926 9815 78
7405 4964 43
2385 3488 50
247 5445 32
9547 2351 77
3967 2651 41
1561 5275 15
7653 7292 33
5 5724 40
2536 8052 81
3239 3965 58
7934 7331 91
2682 9304 77
7806 4812 39
4107 2680 62
7517 5779 71
2266 5573 67
8263 3118 16
147 7263 98
3471 3640 75
2920 246 38
809 6428 64
8311 5464 83
3563 4361 72
7722 8350 94
4480 1967 6
8744 2968 83
