74
360 371 88
937 709 94
805 229 76
496 398 12
222 122 55
880 444 14
852 703 32
866 315 91
909 115 38
858 372 72
428 249 75
567 696 57
91 435 91
242 275 55
311 448 93
214 859 42
296 379 25
857 369 14
525 968 22
576 356 97
850 723 17
737 802 14
131 799 79
488 100 10
317 274 32
940 883 70
733 473 33
733 453 73
135 821 56
277 162 35
7 908 15
495 385 33
506 870 74
303 705 43
114 726 46
905 663 40
170 191 37
854 275 81
484 299 42
886 843 41
577 407 12
99 705 75
328 3 91
951 772 29
920 804 52
348 245 55
135 980 12
948 339 31
41 914 27
835 320 14
494 220 19
562 178 26
706 724 56
142 865 62
898 882 66
244 82 65
836 456 9
640 759 90
392 182 92
21 353 62
83 248 33
270 208 28
281 629 59
509 859 42
136 335 50
316 65 79
517 170 73
770 935 52
45 473 55
681 320 9
358 242 32
409 61 79
335 526 21
497 360 7
