866
950 6672 71
4642 2222 95
2489 12 16
6151 6842 18
997 1714 73
8756 2921 1
7146 1273 67
4718 3428 48
215 9773 28
8779 6700 53
8153 5305 41
2443 5705 17
597 1702 92
9581 1425 28
7968 6920 73
621 2700 59
3060 540 42
8006 2983 2
2766 6186 56
2439 5412 74
2418 1253 5
6355 5413 40
2912 1212 100
6763 9608 54
9361 2397 44
6367 9563 36
763 5722 30
3800 8017 50
3107 6379 62
7278 4144 76
3197 6139 42
2434 9872 40
6919 6950 42
3735 7927 87
5573 3013 46
1344 9501 20
9876 1655 61
102 3779 86
7745 8078 56
1563 4067 17
6916 1904 57
1379 318 46
7319 1183 74
7029 9993 50
547 4989 92
5404 4196 83
1221 1327 28
1255 8194 94
5784 9465 48
3545 3286 77
9069 8606 31
6399 7015 15
2163 723 12
9249 348 26
6811 7041 36
7401 1299 44
5016 6289 3
8456 9178 87
1658 7229 77
6765 5600 29
924 8758 52
3580 2807 70
7543 1558 8
9705 849 38
9533 2847 94
2543 2345 96
5364 921 2
6303 4191 59
55 9684 17
8774 6245 78
8320 2456 10
4417 3000 10
8452 6652 93
707 3287 46
9524 918 50
4267 4021 45
8563 9329 85
7759 8173 88
9281 5075 30
3089 635 34
7805 6421 11
5979 4121 82
7497 7273 63
1674 7669 9
1140 1012 35
9529 2839 15
6652 1223 90
2428 5664 18
574 1804 17
1365 9852 22
2772 7581 25
8010 8327 30
641 2121 91
5913 6464 59
8755 4969 52
2315 8640 10
7599 821 63
7073 4797 38
5964 4929 4
107 391 9
6804 5183 56
8827 6568 83
9967 4001 97
6615 330 46
4734 4395 87
9475 2047 41
9737 342 55
5972 5846 43
7996 2010 48
4157 4324 46
12 5307 83
17 8448 84
250 9210 47
3764 5322 59
6763 2324 9
5694 5814 71
9820 7424 81
5505 5918 53
7177 5800 8
3644 182 74
1882 7668 38
4943 4920 79
8370 2403 48
2390 5135 82
3355 2221 32
734 2019 33
3034 7884 76
1775 2664 19
9029 6175 44
9302 8393 16
7925 2420 17
4077 6574 24
7492 2769 47
3902 7330 16
8311 5504 45
2886 3682 1
314 515 28
9132 1294 51
7678 9336 48
2810 6355 87
7686 15 73
5535 3794 42
9645 6208 47
5632 6504 71
583 638 39
5162 3280 13
4794 85 70
9204 6561 81
8627 8351 43
8915 26 26
5962 9852 96
4241 4318 98
4964 8690 85
7773 3208 91
3627 6903 92
842 8864 80
1187 7274 7
2386 6552 29
3875 6088 35
5455 8783 50
6375 1988 5
2708 38 36
6552 7594 75
8382 7884 84
6672 5682 6
5525 1293 36
5648 4030 71
4886 7128 68
9919 3709 68
9861 9517 87
2282 3971 29
451 6501 93
5801 7258 99
4107 4061 32
1708 5160 10
2150 1660 71
4748 4059 100
1639 9875 44
5967 6470 16
6260 4014 28
81 4648 28
1079 5777 3
8952 8425 17
7106 3984 93
7716 2990 11
1639 99 86
8472 4175 12
9311 9649 88
47 6888 63
4798 1783 95
375 6868 76
5953 3773 41
7902 189 75
2277 6589 92
8061 8076 88
963 3992 11
3758 9626 64
4810 4159 52
6033 8145 49
6735 8419 62
4615 5985 58
6118 3458 58
8934 7135 73
6184 8371 45
3229 9041 51
1052 1086 88
866 1054 80
1483 1683 16
2258 1671 78
6162 5243 80
9409 6975 97
4230 8951 30
2190 6868 93
5667 125 92
9387 8073 90
9288 7075 16
2673 3696 99
5366 6465 84
6513 5205 100
2586 7690 11
1337 7599 32
2552 6840 27
7229 3480 73
30 4700 19
5440 4946 86
1729 9764 77
651 1073 7
5847 2938 95
8120 4465 34
3525 5202 12
1891 2387 76
1176 60 15
1177 5430 46
5560 3655 68
2233 9605 30
9537 1350 96
7418 8669 32
1591 4397 94
9079 9815 26
774 9094 59
5567 3450 52
7668 1616 76
2393 7750 100
1026 6673 17
8451 9723 42
7009 196 53
6106 4083 93
7531 5167 78
2549 5551 66
6512 6970 4
573 560 28
8774 4325 20
248 8406 95
9818 2724 60
6430 685 21
1374 6769 25
3766 2043 65
7982 1237 11
4507 3377 23
4832 2827 32
2917 2526 47
5788 6636 11
1245 28 76
6187 1002 47
8253 2374 86
2882 8898 81
3228 1739 19
6118 421 37
1304 5302 31
8838 2003 41
3906 2269 2
257 5628 67
1772 2686 98
2132 1178 82
6943 69 52
5103 855 49
4454 2085 62
1785 6064 50
3549 3248 93
5507 4589 7
4695 1077 28
8608 70 55
2693 5929 36
986 951 23
8532 9703 80
8652 7841 79
1106 1978 72
601 2711 57
5064 5039 73
4998 9238 74
3492 7973 2
5800 131 48
637 7530 80
8073 8087 91
2184 1378 30
1134 3878 67
9131 8759 87
8748 6237 57
4950 92 72
7614 633 61
4384 564 52
1024 2710 2
8508 1815 94
8162 3934 1
9841 3209 97
1498 9905 44
1530 7555 23
998 2463 25
1280 8058 89
9025 4136 30
3453 8327 14
3815 2581 87
8336 568 64
6683 6941 81
1360 4887 8
8413 1803 65
7892 1576 30
3460 776 44
1680 2359 2
8022 6163 34
623 808 70
5473 257 10
687 1892 15
9941 1385 13
951 125 96
1972 8281 34
8396 7183 40
7850 6072 98
4507 4306 68
9791 2046 80
6880 2493 93
722 8170 98
1640 8542 46
4269 9343 29
8877 7821 4
9650 4180 3
1687 2165 89
6446 7565 3
9378 6185 56
1023 6369 45
8265 3137 9
5651 995 18
8690 6352 8
9985 8366 55
5638 401 22
7275 5319 46
9815 594 68
6328 1174 61
2130 1042 74
9308 1986 95
6945 5564 47
879 5520 24
4673 3996 15
837 1804 22
5619 2822 10
688 5958 62
2861 6191 36
2499 1660 5
864 5227 100
2327 1415 57
2486 2047 70
9682 8191 1
4946 200 90
986 6511 14
7386 9181 14
4278 2759 14
8300 8392 62
8504 7445 3
1092 2776 81
6393 4950 90
1857 5358 67
6338 9206 81
8538 9747 23
934 635 14
9428 323 79
8471 385 34
642 5800 47
5655 6733 82
2209 9634 80
2243 7267 63
4997 7580 51
5308 6566 48
5756 1298 31
7802 84 20
6088 868 64
4028 7953 43
5337 3571 75
8625 6049 36
6390 232 60
3184 8999 44
7244 6492 29
7484 2955 38
3042 8326 44
5293 7559 97
7059 6820 84
1726 1969 45
5884 425 39
4642 2293 33
1201 7599 90
3742 9562 53
6482 507 50
2258 1109 7
5084 8522 80
343 5974 74
6249 7240 14
9267 6151 66
4202 1977 23
3426 6293 65
2028 1460 51
5831 8197 45
4679 9872 16
8054 2808 23
9573 6528 22
3994 9787 67
9802 6304 2
9888 3911 97
2842 9928 10
1181 2727 33
2265 6532 2
6575 9459 42
9818 6447 7
6514 1250 39
1418 6236 34
3171 7422 32
6328 7262 96
7769 4062 4
7580 8313 65
6806 6455 97
728 6074 22
1305 1920 1
2069 6554 30
1306 7274 19
3687 5205 68
6465 3344 8
1630 9781 27
8053 40 35
6576 200 47
161 6351 66
1612 89 96
3162 7427 10
8653 6463 9
3316 520 54
9808 8131 56
665 3357 34
7194 8452 27
256 8795 91
6370 527 1
7929 7506 83
8625 5759 73
5473 5014 80
9114 4752 59
7907 6819 60
2449 8734 2
4562 9541 50
6703 8451 85
8930 9061 8
7137 9057 2
4220 2636 58
84 1296 66
1706 4714 80
3764 696 42
5331 1954 15
992 2337 17
1302 4846 95
8717 1728 5
175 8288 47
3277 5592 80
9493 2069 12
2949 6299 37
1016 9147 82
3091 6636 11
2919 2643 87
1243 9359 66
9589 2767 90
2166 5283 53
4755 2844 23
220 849 53
1334 909 37
8349 8181 90
4108 589 31
6227 1795 76
6047 886 35
6741 864 58
7606 4363 38
7379 2379 84
1751 1336 88
950 5863 1
8466 267 92
4899 7221 7
6033 9241 18
4596 6432 28
1377 9857 6
7866 4715 64
2905 8418 84
8121 765 11
7992 222 88
6683 5474 68
515 5294 70
1025 298 51
3535 5556 54
8130 3976 14
6048 7091 29
8439 5096 66
7632 6172 96
7936 3085 93
7634 7792 29
2766 5625 65
9390 8026 87
2035 5375 73
2354 5321 37
5923 9452 90
307 9327 8
8618 938 72
783 5743 44
3521 5387 47
2894 8384 97
3193 7903 6
393 9811 6
4837 2706 34
5179 8181 63
6456 3043 51
557 3629 42
5891 3345 65
5156 9525 89
4160 1018 67
867 1976 57
9209 9158 59
873 7793 27
2873 692 91
8885 272 53
2323 596 28
9595 2366 15
2062 3065 23
130 8447 100
1983 4919 22
6398 2534 59
4274 5585 67
1940 6709 39
1842 7500 62
5872 5730 24
4280 3382 6
3566 1398 99
7643 6028 46
2564 1873 70
637 4941 12
4601 3241 77
8743 3961 82
2611 8012 24
7801 7217 39
7920 4478 4
7412 9179 84
6629 6398 17
3286 3890 5
6650 1040 12
6890 2940 30
4619 9726 15
336 6654 80
7335 5164 1
71 3570 3
832 1167 63
7214 6638 43
2654 160 34
6603 8301 4
2097 1658 86
9553 7556 59
3253 5047 31
4723 2593 64
778 9931 50
443 8114 60
8498 4421 87
3306 5444 50
1586 1145 8
2385 3150 89
4801 7614 75
2125 1099 24
2152 7290 93
4532 1636 49
2854 828 3
6446 1810 95
7839 7975 43
1836 9163 36
1349 562 22
7788 9755 83
71 492 74
4279 7676 10
9135 3274 9
8033 9544 20
190 2067 71
6801 1135 79
6623 694 23
7660 1563 38
8455 8705 96
1508 8648 59
693 4613 44
6976 7581 45
7080 3729 60
5363 1138 98
530 1668 6
6653 7804 98
953 3008 33
8497 8010 43
6500 6855 31
5821 810 15
7227 3994 43
5575 7118 41
6548 8152 28
6354 1059 54
1735 2163 6
2727 6630 35
2397 1440 18
7119 7583 59
8504 8600 83
2491 5043 65
8351 2389 84
677 7641 83
2459 6951 39
2962 2855 2
7108 387 5
3439 9837 2
7301 5453 50
6059 5365 23
5394 3150 42
3455 6664 21
8484 6911 83
3266 8138 40
6146 2614 10
5771 3260 96
5594 6171 31
811 9962 34
3887 492 84
1667 4514 22
5110 8400 18
6206 7615 53
6643 8197 93
4500 69 75
1269 7899 71
8563 191 95
1645 765 35
7378 2108 14
8137 6755 24
6750 6077 49
7127 4574 46
4929 6743 16
7848 7512 43
2444 4786 9
8950 1696 53
854 2013 92
2135 9784 4
270 6732 19
1170 692 67
9212 2852 55
2999 7155 47
566 2712 20
2665 7292 23
73 6673 62
8128 9808 62
9104 8763 49
2590 4173 85
7299 6979 38
301 2175 2
1011 6038 40
8679 2808 39
957 2651 91
7288 1952 75
7673 5354 25
6662 6422 22
3671 349 96
8262 6548 6
9851 8665 66
2519 4451 17
2308 876 50
645 547 48
8305 9439 75
1370 7980 38
8798 2642 88
4117 702 56
937 6320 100
8291 396 11
8695 6319 46
7140 1143 75
1781 8851 96
2352 6291 29
2370 2740 61
2109 7278 90
2106 5167 64
9802 2520 10
7426 2591 30
5987 5101 100
278 5796 19
640 4785 21
2321 1033 61
3338 7766 6
1026 2140 43
2607 5617 17
4084 3645 84
9526 427 91
9946 5731 64
1957 4994 62
1341 8363 49
535 926 64
6201 8532 55
7783 9011 3
6625 8269 89
5476 2235 33
6504 2261 94
3728 7667 75
1323 3753 33
4407 9763 92
5464 6197 87
3869 6735 8
178 9976 69
2442 3467 86
7710 7604 35
1495 3081 13
214 4309 11
7231 8757 47
719 5491 92
8831 7338 23
3793 5225 85
357 9709 74
8221 9517 45
6880 3738 93
812 70 95
8457 1799 50
785 6902 13
5729 9485 83
672 434 39
2489 8103 75
9177 1026 33
7736 6705 17
270 5942 46
2032 5921 63
8164 8248 42
103 9957 40
1409 3926 86
3007 9730 87
9563 5095 18
1537 6204 34
9858 3667 21
3592 815 93
4547 665 2
1068 7443 49
1340 6671 10
2704 109 20
8449 1927 1
2637 2447 72
8195 9184 5
9813 4593 91
1933 9532 27
4128 8731 94
4751 5816 43
9229 7001 22
6235 9054 92
6630 4112 43
9197 6627 10
9953 8731 42
2934 1418 6
5988 3462 40
3176 1921 47
6537 2940 18
4462 4062 69
5176 7067 90
6899 38 3
8937 948 25
7315 2124 22
2798 4673 47
2267 8992 23
3308 1857 38
8643 109 26
867 4413 81
2667 5560 91
5391 1113 2
7728 2899 88
7625 5582 9
1056 3292 39
3984 868 14
3494 4067 29
1324 9563 54
6511 6876 47
9079 8921 61
7836 8370 71
5188 17 34
7011 7106 81
4757 5097 27
7801 1311 88
2251 4475 69
3116 55 20
9899 5849 94
1146 944 91
3680 2930 74
2420 8515 28
4494 2116 100
6769 977 35
4188 8152 6
9652 2723 80
3514 1024 78
6256 2473 76
1540 7952 91
8711 578 67
3379 7727 99
6774 1711 95
2064 1376 16
2765 3265 58
8531 746 100
2809 5772 42
9163 1626 14
9332 1000 21
7568 297 91
8053 6818 48
4603 631 2
6274 2017 17
332 406 66
1541 13 80
3859 7461 100
1814 6113 61
6019 5796 33
1040 6503 24
6534 7187 100
7424 5898 8
9216 506 55
117 3202 24
4221 3451 48
3757 2127 90
7808 4788 21
1706 6753 64
3421 3056 25
632 1190 45
8570 9532 12
3074 2999 31
7122 1992 17
7550 4532 78
4382 7365 5
7165 3156 37
1440 2732 65
6849 5733 80
5053 9865 2
4149 6316 76
3658 6222 30
5168 2458 77
6137 9396 27
6438 3514 57
8259 2874 86
8885 4359 35
9422 8848 20
9950 6628 55
7109 3664 56
4303 3053 73
1792 7346 1
8710 5392 29
6544 5632 28
3425 980 2
3830 1189 76
1104 70 4
916 7992 1
6443 7869 65
390 1030 2
5057 8615 84
5794 363 63
9464 4982 38
2994 9921 29
5185 7102 28
2687 867 13
5656 6511 8
9939 10 8
2129 8245 91
1273 2376 14
