98
745 932 17
281 26 88
648 80 78
409 51 18
361 708 90
940 969 71
463 540 22
370 195 34
905 621 90
575 313 63
394 330 62
38 203 1
617 222 61
605 801 31
872 154 8
83 39 89
37 251 41
758 817 29
193 120 95
810 9 63
737 365 49
258 571 7
923 64 14
288 422 51
9 246 31
363 611 52
907 949 97
854 690 12
853 840 59
160 292 56
781 172 56
444 690 87
741 583 10
479 356 62
694 214 8
633 10 54
905 44 71
194 210 57
673 838 19
703 52 67
939 891 42
823 766 33
40 199 91
573 492 41
144 136 63
65 977 74
230 227 50
429 338 47
547 966 24
227 462 34
418 400 56
544 495 91
828 48 81
982 281 87
773 139 5
118 467 81
745 980 79
369 702 64
895 394 92
522 613 64
923 765 19
521 276 41
781 781 61
486 475 63
283 32 89
217 195 60
831 45 15
195 484 96
214 58 17
572 642 34
977 320 41
740 108 70
910 712 81
416 181 25
376 347 82
580 847 46
898 870 31
550 903 63
375 545 29
629 33 16
968 604 60
696 212 91
889 124 46
979 772 13
729 31 90
842 441 35
561 82 63
368 467 95
405 124 82
444 23 15
559 443 22
706 374 43
32 363 85
439 85 4
773 312 12
578 205 99
101 601 41
847 829 55
