3615
191 569 418
626 343 728
501 316 246
721 313 451
386 763 323
181 637 1
731 506 449
179 275 597
82 496 345
636 101 31
773 829 468
969 760 481
326 321 107
809 741 329
347 231 429
601 401 712
527 5 401
638 663 601
166 497 787
519 576 878
148 769 77
591 449 943
662 572 121
381 909 619
753 9 389
41 936 1
841 333 121
569 905 10
401 653 268
675 89 157
19 116 793
795 501 1
889 749 697
354 583 329
307 89 321
698 867 805
111 162 89
297 361 872
857 289 993
205 244 554
121 179 74
56 141 849
486 457 397
436 244 604
867 601 961
129 147 641
449 953 331
451 680 763
177 250 481
982 393 506
699 183 245
489 361 456
89 361 289
187 697 101
495 235 751
941 31 645
105 121 641
601 311 281
223 855 81
672 635 303
801 492 841
741 621 447
929 217 723
901 985 849
91 161 877
161 548 216
647 251 339
393 767 795
295 561 913
170 6 592
585 454 645
809 444 23
163 718 121
221 355 549
761 97 661
173 957 873
428 439 601
275 77 115
794 401 982
660 177 374
245 620 647
419 573 234
651 566 430
661 741 941
452 236 61
326 127 955
491 81 945
615 627 713
351 408 645
121 583 402
153 361 148
255 641 962
137 478 233
823 897 956
857 381 749
603 361 329
921 781 623
504 601 376
767 80 782
676 201 301
317 517 209
197 278 784
927 891 673
241 763 741
798 710 436
821 450 569
736 437 253
194 605 577
521 570 801
577 801 551
66 313 967
537 887 397
207 431 185
181 241 365
252 713 176
844 195 794
371 112 235
631 248 782
978 939 96
959 191 40
217 659 595
561 442 923
497 602 791
611 741 241
51 697 809
818 691 611
746 349 778
807 886 649
971 546 526
925 937 925
340 17 409
454 216 397
857 182 345
164 987 261
425 214 257
746 93 989
663 686 429
601 336 649
876 31 681
921 451 258
981 326 956
909 794 581
770 265 261
587 501 667
306 177 651
861 361 248
899 218 649
146 273 215
707 321 909
956 857 89
481 169 105
321 501 195
901 665 191
600 525 361
289 163 337
941 794 905
513 241 132
9 1 601
561 278 745
549 473 321
201 431 335
643 73 875
515 181 325
33 65 765
622 182 481
751 809 483
181 549 990
994 805 126
365 25 421
85 833 226
321 548 269
673 545 201
448 621 457
656 641 949
411 459 961
31 873 226
67 576 921
210 601 886
357 714 402
221 989 845
507 481 568
698 666 761
361 441 501
449 665 321
281 403 532
801 1 776
169 393 607
61 58 389
351 921 601
286 681 342
215 8 53
905 551 281
224 865 489
592 42 889
271 737 471
390 417 551
425 496 598
656 751 925
5 961 713
485 41 145
537 496 723
305 814 793
753 475 454
159 227 101
825 343 726
577 153 136
981 281 231
537 201 547
772 566 96
151 613 69
146 130 529
67 251 982
177 417 67
397 291 275
401 777 463
835 34 851
551 803 63
262 553 995
657 41 661
993 924 937
41 770 881
677 315 806
241 177 361
390 211 673
713 128 131
101 281 701
893 741 121
761 61 397
501 850 27
241 707 513
729 571 164
620 697 981
308 213 819
495 889 874
431 178 575
413 617 771
87 956 366
92 135 300
745 137 451
939 297 3
371 39 100
541 979 441
51 148 366
321 937 951
531 446 345
321 121 306
201 686 561
921 201 886
603 971 826
129 291 241
684 45 548
970 751 750
619 866 749
374 263 753
7 716 347
201 13 551
555 932 245
201 667 742
276 897 163
954 3 909
953 585 800
711 721 217
375 905 921
438 858 922
331 821 217
393 329 871
63 583 96
411 181 655
491 916 297
625 301 847
281 782 385
407 681 669
709 471 191
913 129 217
992 937 862
889 277 525
83 429 453
137 783 129
905 719 191
362 627 918
501 241 522
905 43 207
1000 806 66
487 91 120
569 965 233
513 204 291
851 623 241
207 402 385
119 501 357
588 365 161
561 236 717
251 561 569
347 453 411
41 601 759
721 305 621
289 978 107
481 132 641
273 225 205
243 825 243
565 677 126
393 819 167
255 301 789
671 915 323
775 51 513
880 101 451
497 713 578
926 161 769
359 389 897
945 732 151
246 101 197
611 855 669
551 817 687
845 276 354
935 80 355
425 871 865
165 129 915
99 344 313
385 521 201
509 442 931
309 401 471
960 294 668
8 721 601
296 199 617
209 104 1
473 649 629
289 293 681
401 292 229
153 115 696
195 803 817
129 101 521
126 500 225
789 137 777
105 689 675
29 763 195
159 193 479
421 673 873
79 273 901
589 251 186
321 189 792
140 329 981
757 609 834
646 742 254
105 996 794
241 87 819
629 461 181
701 979 37
422 48 715
446 886 617
949 590 106
138 555 271
637 293 516
84 694 681
229 428 116
541 81 817
180 234 857
77 496 31
256 345 953
585 201 161
291 27 969
901 581 413
451 791 827
997 601 931
513 41 289
489 590 173
231 413 978
253 395 596
277 399 197
873 665 537
529 460 691
936 601 621
141 601 329
546 971 21
511 401 31
819 261 606
265 261 209
205 31 653
149 601 127
609 396 289
656 585 733
785 273 847
681 667 481
43 819 476
823 571 664
423 241 931
45 41 251
179 132 901
823 401 449
731 1 227
46 709 705
422 591 729
469 163 905
666 811 957
305 780 944
966 187 141
226 715 199
807 809 961
15 35 347
433 841 309
561 826 704
421 141 132
825 353 702
721 583 871
890 205 896
763 415 761
358 625 844
416 601 16
183 369 998
752 419 985
534 7 429
948 60 63
761 472 97
319 73 332
201 89 251
460 523 721
201 665 626
153 501 359
996 976 574
575 225 219
226 523 91
500 977 793
992 776 315
221 121 907
8 991 566
349 668 317
217 183 555
450 601 448
18 144 991
241 161 263
769 998 841
150 408 161
97 393 593
298 819 417
161 303 225
133 937 926
251 706 76
513 340 73
377 261 273
146 569 421
69 885 686
200 331 749
569 681 497
621 376 915
41 44 281
241 449 401
29 279 537
145 617 851
865 217 336
630 601 803
96 733 896
593 561 570
577 431 617
401 306 801
73 771 230
501 625 301
273 832 433
861 329 713
443 434 193
267 828 117
711 596 809
997 491 473
70 451 329
765 141 251
591 57 404
49 805 415
873 83 881
716 903 237
889 795 546
701 405 41
61 981 771
257 50 537
614 931 15
497 689 632
665 301 461
734 102 135
85 551 49
944 663 427
517 426 887
229 822 912
640 916 39
719 217 77
350 256 801
328 226 801
481 796 921
482 162 76
117 593 59
441 871 398
991 546 635
205 327 289
591 549 617
1 841 331
3 341 697
17 901 955
477 395 157
781 590 231
625 699 280
64 615 282
326 161 578
829 11 1
153 391 781
556 841 976
989 776 676
401 362 673
852 876 101
10 321 760
75 950 916
161 136 262
324 526 803
975 202 1
113 251 659
941 68 951
37 465 40
731 25 561
977 312 976
5 801 901
721 581 140
827 903 663
237 816 356
921 761 503
765 349 305
718 845 595
945 962 364
376 345 465
883 216 235
711 889 763
251 377 727
250 601 681
52 246 243
236 789 119
518 490 973
477 288 89
151 105 41
517 287 390
89 396 311
462 391 641
475 315 719
561 561 277
141 665 841
889 217 172
327 733 591
411 147 981
729 501 753
662 59 201
1 941 131
443 340 373
433 563 569
93 69 499
851 799 109
903 81 109
81 824 871
226 41 797
851 816 345
711 971 827
481 945 579
316 251 591
763 817 87
787 383 777
590 63 363
1 257 807
19 45 39
217 401 428
814 11 103
691 1 618
157 228 725
165 728 547
208 790 959
785 16 969
201 281 909
521 356 961
193 931 79
879 837 522
569 381 258
737 549 66
721 451 317
321 193 301
323 847 557
751 501 721
597 278 575
83 328 173
881 194 798
833 127 271
693 413 441
435 521 987
537 677 357
153 959 929
937 176 601
999 709 990
117 340 351
737 221 611
936 161 687
833 57 329
489 705 657
119 933 857
591 303 401
793 9 265
737 404 89
879 23 983
641 465 749
241 566 758
154 474 117
630 123 721
472 599 401
73 873 301
225 818 911
353 676 513
985 774 977
553 241 250
236 847 663
245 447 57
745 812 189
851 69 740
621 121 601
675 921 668
731 361 602
617 65 691
101 81 431
163 881 1
611 647 581
271 225 681
1 827 865
71 977 548
31 114 461
401 993 945
394 429 959
457 875 536
671 793 968
877 1 221
301 150 61
215 681 650
711 210 977
67 777 295
761 738 828
405 238 786
257 211 245
753 769 559
216 581 328
916 35 631
260 41 585
36 450 137
545 211 445
487 894 962
641 961 581
124 41 7
746 693 809
376 307 169
145 169 265
909 49 546
677 13 601
626 585 288
326 625 568
351 617 655
301 629 533
610 436 945
435 715 709
165 137 121
359 378 842
456 451 481
664 289 757
41 961 593
676 529 634
371 965 985
235 571 921
801 685 367
261 493 69
721 421 117
470 571 487
976 367 721
735 731 253
536 383 911
641 293 479
21 945 61
713 886 897
209 275 351
112 25 225
511 219 258
121 156 757
975 336 389
241 33 438
351 776 472
573 765 251
991 262 871
631 657 609
729 301 819
405 753 569
131 593 737
484 193 656
31 188 810
424 383 207
345 509 131
1 405 126
465 273 846
825 337 461
627 596 975
351 696 197
589 785 457
63 172 649
665 441 655
881 518 216
205 470 435
503 67 79
596 921 631
826 397 865
5 401 91
595 748 306
569 976 668
523 385 775
249 858 517
421 525 527
627 787 19
621 29 286
590 922 451
169 667 153
847 133 510
386 689 337
775 817 511
933 60 456
397 26 1
581 673 957
969 835 146
686 161 341
793 217 789
739 441 5
169 586 427
541 257 499
89 15 441
341 401 525
376 305 707
261 934 801
449 41 937
31 599 381
958 152 743
821 65 697
277 34 421
849 890 689
569 245 371
208 129 889
369 544 369
113 859 555
723 501 831
945 990 313
267 1 836
370 713 926
229 613 476
46 915 809
111 175 501
293 521 471
98 16 199
513 791 81
913 1 57
701 471 300
346 57 882
1 765 238
925 720 201
821 841 171
291 475 501
187 325 456
758 961 249
821 477 427
417 765 977
702 173 683
405 231 251
53 369 41
913 965 501
148 341 730
929 12 635
1 501 81
127 249 873
59 672 885
260 697 557
153 593 469
689 1 822
765 888 521
653 1 801
351 546 47
176 418 249
857 836 401
630 849 395
235 576 955
865 409 653
972 793 650
487 143 257
469 547 476
71 701 616
681 654 358
1 709 311
279 129 485
357 988 743
726 489 196
245 801 337
159 126 259
270 447 138
740 671 841
154 938 269
276 520 201
337 87 73
41 769 871
326 721 447
433 847 885
965 595 85
129 965 526
429 665 637
886 227 921
977 663 767
771 538 299
41 469 569
321 119 994
143 735 381
527 355 403
253 156 873
641 137 677
49 588 521
241 175 93
210 281 137
541 344 520
111 786 958
489 447 615
925 818 806
907 681 941
580 345 802
1 291 837
809 155 435
970 361 881
629 281 721
937 79 575
461 267 541
965 77 829
151 1 217
401 184 71
397 205 736
901 637 473
169 850 981
577 825 171
173 963 489
357 771 98
167 393 951
901 673 465
457 421 893
247 12 311
176 201 867
767 271 757
341 40 147
785 926 97
373 561 988
809 63 601
369 837 86
921 938 722
955 861 403
996 553 321
334 241 667
417 162 937
801 381 867
129 485 285
627 501 435
934 13 5
537 281 617
639 33 242
421 933 529
861 401 52
589 869 433
105 341 565
489 481 108
101 94 269
129 893 261
287 66 833
961 261 177
120 431 631
305 819 265
283 968 801
401 515 268
641 313 234
984 705 937
681 265 673
177 142 557
753 726 126
451 27 411
833 809 761
696 181 491
1 609 551
639 536 253
401 635 461
507 673 501
449 763 94
137 785 783
776 519 535
276 641 401
291 637 498
113 451 865
573 881 601
471 825 776
91 343 886
1 17 196
131 541 827
622 57 341
96 479 9
121 740 569
684 257 121
409 995 407
401 61 365
326 776 417
449 831 338
641 139 143
841 829 935
315 769 607
281 932 489
914 43 573
519 398 143
499 707 449
893 321 269
751 947 549
521 805 705
790 321 297
283 466 681
586 59 227
413 543 509
477 641 963
695 893 517
906 821 820
533 857 133
451 172 625
864 456 926
145 910 997
57 32 259
164 193 10
202 90 366
193 431 57
57 21 32
561 284 873
217 883 973
69 14 171
961 914 725
221 351 865
409 501 730
246 825 641
457 669 319
678 169 761
121 79 113
193 61 885
277 263 881
202 59 553
482 814 517
81 426 493
569 86 151
244 809 297
177 589 274
601 941 273
589 694 645
284 873 286
803 951 626
525 371 511
832 226 158
761 711 817
724 886 910
649 318 401
501 505 166
981 401 771
143 721 326
905 610 95
586 771 501
945 609 46
862 919 841
357 193 833
719 551 703
385 141 99
241 181 364
651 715 429
96 195 1
53 712 884
892 345 81
111 915 921
21 400 521
93 897 290
125 21 36
291 307 351
6 569 607
537 54 33
585 289 361
194 177 2
517 697 580
551 690 969
407 281 649
249 696 756
549 956 1
163 109 36
452 259 973
684 525 229
634 425 391
350 741 467
232 876 518
801 916 541
869 546 623
839 697 845
859 152 545
405 769 397
305 391 328
969 386 439
676 481 277
912 251 132
125 484 766
591 219 321
271 191 479
601 169 353
51 71 257
293 590 561
212 32 339
785 377 521
111 637 773
931 129 969
963 407 553
417 116 459
737 81 668
817 427 45
165 383 247
913 105 385
874 561 907
601 431 39
523 825 51
194 171 361
378 221 448
51 825 941
271 939 781
561 293 56
721 951 829
669 614 447
313 9 881
353 131 32
225 647 935
498 963 641
409 167 829
209 816 635
282 187 21
410 819 151
47 631 137
238 791 601
97 49 175
932 975 628
97 530 941
963 1 71
161 83 413
657 289 373
673 710 515
262 620 777
731 289 441
134 296 285
736 297 566
235 166 950
104 169 709
951 892 34
429 641 877
147 331 550
681 479 663
697 892 219
613 576 383
945 781 775
897 511 291
256 957 611
577 391 831
197 597 461
837 262 746
167 811 643
870 836 126
61 782 936
981 841 351
391 564 957
166 1 45
579 826 697
296 520 244
487 1 14
59 801 794
506 134 443
510 417 586
61 911 221
661 817 57
182 346 121
196 719 794
765 161 626
38 854 367
587 711 373
961 156 337
859 294 433
501 684 651
339 669 51
321 417 885
871 325 67
241 409 196
318 223 369
465 871 849
1 171 291
581 253 497
645 927 626
709 601 361
591 44 971
191 201 395
665 361 707
717 855 721
147 557 314
869 750 661
685 9 89
549 363 265
22 1 713
208 319 418
133 49 144
740 141 993
261 778 211
353 649 358
71 785 769
427 641 627
316 241 233
105 717 657
192 161 993
736 663 25
941 415 801
865 21 705
526 356 13
521 554 617
289 373 689
849 807 697
345 657 919
129 198 650
493 650 361
851 521 581
705 301 5
603 973 33
321 387 247
601 442 297
339 830 36
947 231 114
121 881 466
209 230 131
970 908 321
557 289 430
137 946 542
971 633 465
145 41 511
861 185 605
465 115 529
877 553 665
911 697 990
671 511 463
514 313 935
815 516 25
538 751 114
29 681 995
1 1 281
492 1 96
181 257 161
46 746 613
395 906 953
191 233 877
257 577 97
236 896 859
305 739 600
256 526 954
577 899 177
321 335 633
529 81 448
971 479 33
921 933 901
691 259 601
281 813 611
49 526 361
738 438 694
243 948 219
129 780 683
1 878 576
220 249 63
921 441 138
799 753 251
273 746 1
897 777 259
17 830 46
373 201 1
594 93 661
309 585 289
733 93 1
97 403 421
433 591 33
251 696 87
977 37 846
639 787 832
178 945 336
519 257 62
129 181 845
297 46 401
457 451 343
621 145 619
915 434 395
389 581 674
909 30 226
233 155 476
686 539 419
297 426 257
35 184 591
345 908 115
37 553 97
731 795 751
101 398 222
103 769 754
16 157 451
357 415 400
956 396 31
135 521 920
530 429 495
818 913 734
485 689 595
521 511 809
989 569 521
91 49 681
901 673 381
901 716 581
953 240 669
133 181 621
421 349 37
25 967 467
626 402 593
901 510 429
531 653 513
993 981 37
257 689 391
676 194 412
450 534 301
387 997 672
411 589 151
281 15 677
91 562 129
591 855 800
692 58 935
857 222 828
261 465 385
947 369 882
993 993 871
221 862 641
230 601 21
392 401 781
441 749 341
469 706 564
89 81 975
31 49 849
635 157 526
797 887 665
69 859 139
41 708 388
171 310 423
943 329 41
404 366 999
802 613 638
881 421 801
614 473 961
431 753 371
689 841 265
981 871 345
797 1 857
859 812 845
409 721 796
929 371 681
188 493 23
771 773 485
493 602 449
457 537 631
74 785 971
601 612 551
622 684 258
883 813 111
319 271 931
85 401 521
857 287 96
257 272 706
611 851 661
753 433 711
172 161 477
569 151 477
233 608 815
231 365 725
473 970 145
687 141 831
950 713 27
813 137 49
564 761 289
657 985 288
907 156 385
117 36 201
877 669 444
229 486 625
345 311 494
745 93 165
997 19 970
95 211 603
65 912 101
901 26 577
701 41 253
59 226 139
781 401 586
749 554 201
384 232 376
671 501 187
746 141 585
926 342 301
585 367 268
681 136 618
141 612 290
851 520 129
577 417 683
101 473 608
761 153 761
6 585 651
817 421 3
687 638 687
515 213 321
457 301 713
241 79 243
585 959 665
815 145 281
863 771 589
58 927 968
23 446 15
895 1 263
197 367 457
796 825 536
985 154 131
91 1 784
952 443 839
768 419 441
789 531 455
473 529 608
349 989 522
481 40 822
1 36 593
617 909 867
219 217 181
821 731 631
889 5 672
191 665 361
839 869 705
501 467 145
165 107 548
335 414 493
899 441 404
411 545 969
241 9 732
935 301 128
41 229 786
296 801 451
69 825 505
516 532 41
881 907 301
498 101 594
577 976 871
81 401 505
38 497 461
316 934 417
783 657 139
490 685 181
368 487 941
885 857 867
687 648 257
17 191 201
73 711 890
828 518 813
137 378 85
321 455 822
237 573 517
968 489 822
383 543 467
755 901 169
625 619 833
873 887 465
953 231 913
213 301 701
509 977 441
613 917 471
153 311 255
671 169 469
745 305 233
281 81 1
269 841 435
5 101 65
711 41 392
161 504 889
773 935 646
57 29 775
254 205 1
993 281 620
124 142 251
459 566 167
423 55 101
706 205 96
671 101 463
81 87 371
23 670 161
325 848 923
411 8 931
751 34 85
691 866 751
793 990 501
216 977 64
47 473 167
211 409 680
271 519 301
297 337 241
263 422 265
461 985 849
943 757 203
953 41 15
298 904 129
301 578 481
155 941 961
544 92 845
169 701 627
13 437 940
793 737 223
591 105 318
769 356 201
773 496 612
481 561 637
459 886 813
460 907 905
597 601 801
341 251 1
718 37 663
625 477 904
687 747 81
412 631 369
99 577 115
320 116 64
705 442 356
901 617 214
61 353 993
427 545 221
676 396 873
657 491 616
726 48 807
33 427 521
849 979 350
191 265 9
533 717 897
653 176 781
487 499 177
271 901 312
321 861 157
242 401 629
393 181 666
791 523 496
89 51 191
246 925 709
671 636 487
321 981 948
708 1 191
397 184 842
705 665 293
713 718 569
144 377 185
355 822 621
165 977 303
88 40 753
785 589 793
969 745 589
469 359 637
807 956 698
191 41 838
713 97 181
781 368 289
191 651 872
201 597 571
621 968 653
1 755 558
107 885 819
736 363 982
173 196 388
341 729 189
981 571 571
226 906 529
632 19 505
589 422 963
195 53 781
97 457 669
959 961 201
249 528 954
156 535 236
73 464 476
392 135 727
865 132 241
471 291 533
751 785 14
520 664 717
226 201 303
377 491 951
798 313 534
257 513 517
812 325 336
981 829 697
632 406 793
547 82 280
989 75 37
81 803 272
671 161 27
754 605 671
211 261 571
936 51 79
720 587 881
181 374 556
621 165 76
591 107 689
261 241 557
201 621 457
62 764 405
797 194 331
941 907 23
916 586 676
741 961 628
339 296 492
991 881 977
745 207 265
206 609 43
217 640 252
263 983 237
561 213 545
952 573 303
598 31 160
801 751 553
858 521 829
382 707 452
879 537 499
853 509 201
448 891 205
265 666 773
902 450 963
273 109 542
17 601 21
409 937 321
282 557 609
375 368 743
622 588 881
791 372 789
759 80 651
25 937 974
649 25 201
659 921 836
409 770 971
743 366 194
133 213 511
416 757 81
203 965 650
321 653 582
755 129 94
129 771 969
745 605 892
1 232 690
471 47 51
302 543 207
16 403 126
847 241 977
299 720 529
861 998 469
417 719 751
277 251 849
957 112 562
943 979 97
859 299 161
265 487 1
368 941 711
465 126 419
996 17 271
706 313 51
829 697 71
811 534 55
276 745 596
241 183 867
1 897 61
606 457 861
648 83 8
876 681 791
641 601 141
869 546 836
749 9 200
224 931 644
349 743 361
781 417 305
436 716 771
906 991 721
381 985 497
929 564 891
361 497 675
766 113 277
953 564 965
475 731 550
453 801 201
297 553 293
521 137 709
703 241 206
161 126 589
900 953 823
837 201 74
792 913 321
601 730 117
804 322 617
599 287 377
369 745 397
633 551 298
81 781 841
415 314 899
480 275 471
913 204 941
821 239 701
649 56 49
765 917 613
115 397 1
559 971 641
113 208 985
138 384 293
173 249 457
633 374 562
654 471 889
193 567 539
839 433 115
136 697 573
531 636 101
507 337 725
393 557 709
741 401 218
201 601 545
369 9 605
49 686 581
361 703 811
529 989 351
601 378 175
611 590 681
441 675 847
785 731 141
153 376 879
670 441 91
833 621 387
61 637 881
818 767 294
751 777 351
890 681 564
249 201 49
785 477 248
416 131 276
501 385 545
445 683 657
765 461 967
546 982 231
313 894 433
816 271 751
601 766 848
209 271 81
971 937 474
405 866 701
601 869 277
401 790 561
911 413 389
273 297 71
724 855 701
532 406 299
509 746 780
719 670 937
801 410 228
923 216 517
195 341 256
474 109 882
59 139 761
127 791 832
389 528 192
931 713 418
581 614 817
36 747 357
651 23 41
659 113 492
176 962 152
758 937 921
431 421 545
70 451 455
217 617 569
161 795 935
913 158 358
235 841 174
417 151 579
245 741 440
135 256 731
310 36 905
588 946 146
501 289 896
369 415 237
618 161 497
501 827 929
426 972 651
401 290 507
961 379 81
377 635 869
201 713 839
201 545 78
635 105 619
437 832 326
393 331 593
41 429 972
387 560 193
946 905 767
966 916 749
289 59 502
876 511 859
546 589 29
349 441 156
341 92 280
319 985 251
177 801 35
17 773 214
771 325 678
804 27 209
401 369 357
853 437 581
460 481 783
976 31 935
723 557 833
170 656 85
704 789 296
317 129 761
1 503 331
621 802 377
885 127 327
981 756 461
281 863 633
147 155 65
888 681 761
557 622 86
181 512 293
610 138 313
331 586 489
915 328 862
617 157 746
165 711 827
339 146 876
971 626 256
464 509 91
973 41 376
443 951 200
741 105 165
172 353 945
975 412 877
365 1000 134
913 373 801
473 457 733
241 459 213
541 787 561
193 955 476
545 585 501
483 129 841
527 779 551
612 890 324
423 730 241
647 1 209
395 43 971
538 499 418
985 921 181
705 161 623
353 680 708
451 241 926
651 91 133
691 975 201
561 185 5
357 261 793
750 769 631
572 195 431
664 545 369
725 837 409
625 801 291
561 921 7
498 167 233
287 898 822
85 66 401
309 157 431
442 297 336
282 316 723
717 569 192
699 914 11
33 166 654
601 356 224
561 445 406
331 445 563
557 811 109
841 955 861
959 365 657
361 546 611
639 757 317
597 687 349
335 791 991
223 225 113
61 281 321
542 567 94
571 590 937
93 325 361
933 681 559
270 891 180
430 77 55
501 445 414
198 465 308
619 213 1
243 601 238
434 929 866
441 229 126
505 409 309
614 717 585
697 933 753
875 301 978
219 283 369
981 899 121
281 181 881
337 295 510
204 139 918
265 997 806
208 402 101
566 871 801
839 676 106
71 119 769
293 153 377
401 981 740
669 309 360
669 188 205
305 773 758
873 311 563
375 805 764
901 789 536
857 821 561
401 743 453
379 355 955
726 657 734
933 585 843
441 537 121
490 979 357
941 924 611
970 252 40
939 337 388
546 607 229
425 357 499
392 818 266
152 4 989
603 704 137
662 997 229
105 921 363
21 831 833
267 981 575
721 221 53
937 297 444
151 901 594
161 633 481
441 315 351
671 542 766
626 565 213
827 781 293
689 185 880
284 395 207
143 77 824
661 325 330
361 774 439
893 614 267
791 289 721
42 287 99
204 685 673
285 201 308
301 353 376
234 521 885
707 549 336
826 875 873
601 785 977
251 361 264
569 9 733
537 231 340
484 851 217
797 671 441
551 473 128
882 813 235
1 541 356
701 757 837
474 901 731
921 457 807
108 896 84
151 941 657
377 134 29
884 886 506
118 76 797
188 279 601
914 121 367
507 193 999
302 821 33
3 727 517
995 410 291
885 241 165
544 361 666
450 746 81
218 335 401
725 743 858
681 537 241
476 415 922
376 593 847
651 275 749
937 59 9
441 176 47
69 501 209
298 316 246
196 467 217
105 173 149
464 333 23
87 825 241
109 956 975
221 409 456
639 411 155
70 78 152
506 393 257
221 841 601
177 201 713
18 659 369
761 876 1
943 739 337
777 861 601
977 102 185
149 901 521
690 735 973
503 971 476
916 51 623
915 556 106
778 865 785
465 297 921
847 429 341
954 804 244
62 824 833
241 921 673
713 248 157
231 249 835
121 476 138
891 576 1
521 126 657
681 300 806
527 889 393
368 253 14
33 700 263
773 1 837
531 987 155
489 795 17
815 926 273
561 204 997
557 425 781
721 871 489
31 968 101
1 293 137
834 593 225
265 205 830
926 297 589
780 149 43
481 281 781
227 395 357
828 457 181
217 113 471
696 579 161
257 668 481
27 1 461
618 761 113
601 659 821
145 990 297
541 909 380
641 29 688
888 959 88
965 157 25
601 971 355
158 523 206
801 433 626
401 699 1
739 283 73
713 831 471
355 862 465
66 707 154
471 700 799
781 81 375
984 699 633
426 786 865
921 810 788
636 41 772
171 325 817
667 141 734
969 201 141
715 369 247
161 737 505
283 173 529
404 801 865
961 114 633
827 379 205
881 790 487
997 691 113
163 914 717
351 573 777
709 526 745
305 117 476
516 305 203
165 487 405
542 921 641
961 569 177
513 375 291
379 65 919
393 49 737
942 306 609
150 471 641
800 381 545
256 221 273
858 802 33
710 121 621
521 338 8
681 401 884
801 245 356
195 17 501
217 671 602
91 57 129
841 631 400
117 393 57
809 489 279
961 457 489
723 637 816
692 521 403
477 415 817
830 621 955
854 229 54
996 297 415
571 42 200
145 321 111
746 921 263
147 517 699
607 5 301
333 501 391
249 402 891
797 821 356
731 574 58
51 931 985
281 217 1
435 689 651
929 731 192
741 967 825
857 401 849
411 717 137
345 451 377
831 324 49
140 361 573
226 230 133
821 989 443
251 606 815
159 325 737
121 486 130
542 777 40
567 1 567
777 961 147
223 809 744
171 437 323
286 991 865
857 445 526
909 585 761
361 711 501
582 169 371
1 915 106
570 42 641
152 299 724
103 184 385
665 659 226
378 194 546
81 33 21
889 229 101
17 377 701
933 151 105
906 975 891
525 201 721
207 242 897
961 81 346
703 944 18
117 359 969
381 585 971
188 989 833
985 921 761
161 611 985
424 379 289
249 149 781
937 760 277
585 817 271
963 976 129
313 881 825
241 843 321
11 234 581
449 154 431
837 411 697
797 175 911
832 775 677
113 473 824
841 129 684
737 513 966
316 123 317
500 313 713
1 437 145
107 227 501
883 615 945
587 161 453
246 50 348
321 341 817
636 591 141
661 397 742
855 191 736
375 903 529
599 401 603
517 502 129
801 16 378
119 181 480
577 696 881
681 240 161
626 852 354
925 491 233
361 988 1
101 111 951
321 581 461
809 491 371
736 273 751
185 496 296
881 429 386
216 620 710
691 111 197
761 1 401
145 956 90
360 246 305
864 257 957
633 561 336
633 543 121
478 437 585
54 395 113
58 877 703
508 891 18
761 233 379
481 857 926
286 857 165
531 906 281
513 25 481
529 3 798
523 102 481
68 569 794
600 721 51
445 589 33
781 905 646
37 337 589
229 523 331
121 265 648
371 673 849
768 921 261
939 485 909
730 1 521
376 70 762
7 559 643
366 903 951
243 265 511
161 445 901
969 476 457
868 683 981
913 261 435
26 225 1
126 155 641
276 35 391
169 783 431
841 791 718
601 337 868
177 31 979
767 561 523
880 743 541
825 60 481
601 521 553
281 919 340
903 611 81
399 451 681
524 212 945
701 235 328
801 789 195
325 329 525
418 666 947
81 921 605
133 270 9
153 784 845
777 621 977
21 433 242
383 305 585
561 5 69
987 17 621
1 292 91
20 361 1
677 567 68
463 697 281
114 183 21
673 381 631
313 721 750
17 760 113
613 545 793
561 47 65
157 492 329
568 63 209
973 353 125
138 102 145
306 875 415
953 313 393
187 633 905
751 268 938
143 313 180
562 401 550
476 505 497
933 774 975
551 673 831
831 809 363
592 619 697
393 851 9
65 81 571
561 941 109
993 465 417
85 815 997
31 889 517
901 465 281
549 700 601
213 946 236
214 129 805
38 357 297
159 420 119
825 263 51
721 49 326
968 821 184
283 201 185
926 186 818
96 543 777
443 95 266
169 881 845
441 351 65
281 342 222
945 527 361
65 73 171
51 565 321
751 367 985
679 66 996
876 771 621
161 363 711
163 533 223
681 473 85
424 495 213
609 105 174
871 306 937
369 597 221
425 193 317
374 141 598
516 881 926
553 2 956
447 547 885
809 74 968
765 111 857
949 825 968
701 554 377
673 225 502
825 217 771
583 686 563
776 65 126
510 873 586
489 781 893
17 39 282
865 897 458
47 161 482
477 41 921
601 634 236
549 664 639
521 977 769
557 45 571
821 541 657
968 512 591
74 685 161
737 929 696
151 619 315
306 604 3
383 897 543
612 681 449
8 825 65
445 257 413
529 417 950
419 651 205
901 537 889
931 353 211
533 90 991
989 168 875
870 177 889
486 933 725
693 640 593
136 861 768
989 601 7
831 617 673
480 351 663
535 838 465
122 809 129
79 25 143
969 443 899
433 141 449
638 515 297
323 77 451
206 833 593
668 332 24
508 913 512
123 680 1
777 236 233
885 513 5
670 391 257
321 169 576
989 103 688
393 793 326
48 937 679
86 347 191
579 815 289
417 329 585
901 787 291
209 211 681
363 495 314
356 945 401
146 345 21
437 714 117
369 593 553
5 200 225
346 495 265
897 673 4
601 405 565
843 181 104
527 351 116
219 257 553
241 482 631
300 263 567
590 276 177
721 105 430
425 105 695
906 564 731
127 957 157
443 257 535
143 141 433
931 452 593
747 679 801
641 16 794
383 237 10
409 393 817
22 992 541
627 941 969
81 391 711
937 869 146
177 813 389
249 578 183
431 143 656
815 9 901
437 427 389
637 249 863
887 905 351
299 29 675
805 889 839
395 306 185
809 766 193
81 257 311
651 575 958
403 81 711
561 95 773
876 276 705
606 611 353
793 68 174
361 385 601
297 46 437
521 417 512
129 931 676
488 789 301
687 765 9
829 359 385
792 745 451
526 91 5
675 961 285
601 353 866
567 988 855
251 425 905
700 241 737
351 233 201
641 401 766
271 289 321
549 495 450
491 767 375
706 966 53
537 439 417
773 521 41
521 33 174
297 971 725
445 745 449
625 699 61
584 781 721
402 845 11
381 709 876
881 121 165
221 861 43
161 413 676
175 957 106
605 537 605
237 741 152
427 243 229
441 89 293
776 909 63
343 735 842
669 251 561
981 801 82
792 393 321
601 25 977
541 885 852
531 297 649
925 307 865
273 657 315
281 777 105
897 209 989
296 941 1
547 421 178
386 917 517
47 990 91
901 254 179
763 301 697
956 796 891
785 165 876
807 149 113
987 761 814
906 87 1
139 901 981
985 253 241
125 537 561
817 513 337
132 51 315
987 114 557
444 568 831
125 611 809
270 661 429
247 69 343
938 755 991
305 287 158
961 56 959
111 197 256
103 985 477
341 156 976
671 926 296
955 163 41
123 748 746
577 99 801
765 803 117
925 595 16
289 1 357
68 638 753
449 961 811
285 670 21
732 479 573
977 529 289
997 317 901
343 689 185
406 281 283
162 681 752
769 651 861
771 275 265
435 873 51
253 651 573
314 173 957
86 311 401
843 311 166
711 130 638
142 201 26
142 36 909
541 691 112
324 121 139
65 684 329
201 361 768
839 121 617
153 215 365
529 905 557
968 481 373
633 713 343
685 805 477
286 201 876
72 598 41
653 833 817
271 151 461
989 961 613
265 771 859
665 526 651
773 181 761
270 295 177
793 913 990
500 388 191
665 391 817
167 645 272
791 701 179
555 755 559
61 953 464
533 73 328
777 276 952
821 121 436
425 480 526
75 881 157
649 315 636
201 464 673
813 933 927
781 983 847
477 661 222
31 551 251
677 214 389
353 121 190
692 359 1
497 825 213
381 767 821
841 317 996
129 721 277
361 351 625
68 433 249
425 464 787
989 141 851
797 708 833
171 41 399
739 869 875
398 993 992
647 575 223
289 341 732
956 37 687
497 376 521
181 130 51
351 63 18
557 783 439
1 865 741
571 674 33
329 830 399
941 952 105
217 201 421
389 110 461
909 198 233
890 39 705
284 951 955
941 550 629
265 951 707
123 28 473
582 418 901
293 858 284
416 577 233
516 61 351
569 970 61
437 865 507
881 841 59
901 25 23
242 779 491
81 361 915
725 657 889
591 591 785
781 61 313
447 382 561
661 723 752
69 677 816
662 428 529
309 131 825
56 437 367
721 273 838
229 417 425
571 634 421
551 821 621
901 841 777
261 7 409
231 904 197
161 611 585
988 789 54
475 687 311
617 40 376
161 193 32
932 281 273
815 787 321
368 513 987
451 937 248
533 341 386
445 781 793
549 200 793
286 177 977
531 915 551
141 985 777
261 77 81
952 161 741
753 80 803
771 661 69
716 217 369
177 329 631
271 61 608
886 864 587
891 584 731
651 843 619
503 31 293
985 590 773
573 249 937
222 563 535
431 592 277
361 961 946
341 401 713
417 805 65
585 631 776
121 857 871
597 753 851
483 682 431
361 657 449
489 285 351
531 237 974
769 868 305
121 621 915
356 833 401
41 131 279
617 71 41
377 749 37
157 432 1
958 199 529
925 26 833
707 685 137
86 826 607
537 201 291
521 851 550
973 401 99
709 859 553
281 71 571
671 751 393
627 489 931
352 291 787
69 404 959
727 101 953
617 201 606
705 281 114
893 681 556
975 475 58
101 846 537
181 127 851
331 461 781
601 777 489
321 807 261
759 203 681
681 392 838
318 719 470
829 641 841
564 601 650
531 281 971
321 236 157
193 361 371
16 101 376
501 330 440
926 799 681
29 446 398
32 941 857
687 991 612
80 641 417
213 401 597
861 471 800
895 961 953
889 929 381
192 735 845
553 965 685
591 430 401
357 129 91
704 864 536
476 91 307
889 109 277
881 361 465
203 953 289
464 71 602
285 547 921
73 651 550
73 831 661
541 339 187
373 877 521
451 121 17
321 624 821
407 94 489
601 151 181
1 581 935
41 676 101
97 885 537
65 57 183
549 201 161
26 988 247
831 811 961
729 909 321
673 317 491
701 251 501
601 998 361
344 185 481
431 927 973
130 256 641
923 771 506
273 341 343
461 115 868
357 261 233
189 642 163
851 649 785
193 634 644
131 201 773
981 199 258
925 63 171
539 561 541
801 427 599
943 546 662
525 841 801
697 707 83
197 855 121
501 702 311
364 31 295
155 391 773
559 150 166
277 236 201
745 545 439
610 409 307
57 417 540
731 709 883
975 521 61
889 505 314
581 875 774
227 697 775
439 505 497
993 413 330
529 103 18
23 381 288
648 299 811
370 608 21
361 351 201
481 703 215
707 451 761
501 955 241
957 282 628
633 81 337
513 297 161
432 279 797
563 806 929
148 521 888
205 227 455
961 982 439
379 9 211
49 751 17
699 876 58
10 241 155
163 341 153
145 189 69
644 969 729
418 264 253
121 156 101
188 49 569
89 677 196
497 733 899
962 334 1
601 899 677
961 831 531
746 661 219
377 241 49
747 354 542
810 81 459
521 345 601
671 376 195
255 516 81
121 270 347
429 361 741
671 333 477
467 751 160
259 705 241
787 901 426
701 113 107
421 856 109
558 386 801
802 126 137
449 26 157
401 849 61
272 106 465
191 536 569
297 523 732
623 609 144
141 41 810
551 577 705
225 771 917
389 78 805
632 589 715
211 401 153
425 576 207
181 246 579
960 186 149
41 45 844
523 573 601
521 84 729
25 655 701
365 211 681
610 645 567
106 654 959
456 143 769
41 473 372
621 325 879
996 259 486
606 311 57
385 503 581
923 9 127
294 747 459
705 421 731
81 781 447
815 881 695
834 49 53
257 721 749
917 354 561
987 66 375
177 769 93
535 976 821
485 162 297
57 5 501
981 395 41
467 825 481
671 568 829
436 321 651
479 993 909
589 651 825
481 721 924
172 272 725
961 1 269
875 851 210
33 257 771
56 690 113
783 57 196
811 561 782
511 432 106
161 761 289
469 245 256
45 919 181
907 681 481
761 155 761
917 737 890
906 209 756
835 715 61
639 112 115
313 773 127
39 946 566
596 1 581
239 605 561
333 202 257
511 605 736
521 881 330
849 927 485
213 711 257
810 51 503
476 601 534
389 741 913
641 351 546
481 124 117
117 831 536
161 469 745
5 501 801
57 637 671
97 765 265
1 237 957
712 374 365
517 651 915
646 245 1
616 488 61
113 601 635
416 461 465
976 841 726
831 356 817
382 951 511
682 823 689
553 927 29
632 421 101
581 672 777
297 281 705
851 564 611
659 649 387
305 983 103
61 572 54
811 521 479
68 407 376
229 637 161
401 466 265
625 318 235
933 813 265
365 117 25
821 419 911
97 566 107
861 225 79
379 24 961
166 387 763
656 759 736
683 401 117
435 401 847
677 458 871
567 611 593
497 541 482
895 253 906
995 151 865
555 936 857
129 405 821
775 17 281
67 161 940
351 773 417
992 641 101
731 991 131
889 227 945
555 285 517
657 201 441
737 591 936
331 365 995
468 239 561
475 47 401
801 327 301
526 826 43
753 841 21
835 708 161
801 721 591
9 141 983
564 893 127
293 521 411
587 551 151
502 223 607
921 53 883
769 511 503
425 522 849
201 361 557
268 336 907
141 574 9
496 675 505
501 841 633
41 508 601
205 531 751
580 511 197
979 931 425
681 537 551
246 649 397
929 137 441
449 777 761
649 917 441
323 341 595
301 473 471
766 679 374
711 701 777
866 533 185
777 971 425
307 404 115
617 281 241
523 708 513
917 195 201
901 873 89
801 836 957
351 784 196
751 725 921
233 765 334
354 701 431
118 601 411
126 515 985
15 217 106
3 109 801
119 949 89
147 41 765
515 400 609
313 536 313
49 187 177
933 730 943
411 160 890
12 952 794
767 213 555
213 503 853
5 561 825
554 861 521
91 927 614
128 805 705
712 455 989
999 181 153
481 442 106
49 861 104
272 943 324
663 801 81
840 809 851
495 70 462
227 849 695
39 528 199
909 737 441
221 925 829
948 568 25
361 51 430
201 101 801
561 882 749
542 533 777
41 312 422
50 335 559
825 905 97
663 381 77
944 329 259
891 717 117
901 241 166
803 703 11
781 683 842
811 800 701
121 817 633
265 919 987
340 571 65
545 159 797
641 681 855
49 365 247
541 372 815
665 521 3
761 96 877
581 341 857
76 917 546
807 30 161
951 741 425
241 218 47
931 253 34
743 511 41
976 729 293
482 741 101
85 801 462
317 189 786
995 601 736
857 705 510
109 452 382
722 29 413
161 833 751
700 533 955
721 981 805
813 124 237
785 401 424
156 511 471
271 161 736
488 417 163
304 803 511
269 481 793
393 443 201
913 167 561
535 777 696
31 89 256
497 368 56
573 315 221
863 293 182
641 694 809
966 57 977
41 888 177
481 997 71
731 258 431
967 667 921
369 507 325
89 373 142
229 611 247
985 157 469
49 898 873
371 769 843
531 917 110
129 199 406
381 289 893
12 759 675
251 747 521
451 977 285
641 925 491
481 983 1
33 626 505
819 41 259
321 585 311
985 905 245
501 266 990
941 733 663
401 976 936
321 939 242
127 94 7
705 994 113
941 74 26
111 312 110
210 643 281
627 636 601
231 225 939
561 677 513
755 195 17
177 690 981
966 584 726
226 301 371
835 237 666
111 703 891
401 821 129
378 687 81
447 865 257
675 827 763
645 201 529
111 171 942
989 846 669
156 483 81
405 285 335
493 279 873
425 235 321
964 241 949
129 417 857
618 421 385
505 205 595
261 460 361
763 845 888
421 552 651
217 891 450
644 317 978
109 609 148
721 371 915
203 301 81
870 785 263
913 491 611
593 411 441
939 712 351
617 796 342
687 621 968
176 161 765
847 736 305
271 661 321
61 587 801
203 165 107
397 716 476
6 141 817
193 214 991
857 651 679
581 668 989
584 434 355
26 989 451
326 559 441
740 760 206
901 521 518
803 93 629
1 989 445
210 496 620
337 461 685
501 649 801
811 267 577
534 733 624
965 203 394
841 747 94
702 626 331
556 549 881
251 286 457
391 601 12
51 538 801
756 390 923
565 401 297
894 519 501
689 761 264
566 221 827
485 147 489
431 995 956
429 898 381
325 105 121
206 414 176
1 133 644
641 691 716
824 661 82
442 479 781
770 641 481
431 254 836
581 52 681
656 69 457
21 395 983
601 976 193
451 73 340
635 703 645
661 941 74
279 241 664
11 441 123
849 416 521
971 75 817
876 305 557
136 786 990
4 673 353
441 268 101
288 336 729
111 417 101
358 801 165
421 96 677
464 671 825
273 349 214
466 600 941
964 857 623
819 649 656
223 369 811
744 61 897
17 777 164
936 551 941
36 410 905
807 201 221
932 636 653
565 616 88
985 339 931
576 61 91
261 381 101
423 161 313
171 935 396
130 143 491
661 534 292
201 590 81
405 593 311
45 905 375
825 21 183
922 581 26
844 101 365
63 353 509
117 665 952
354 1 84
825 721 979
575 561 321
476 976 987
857 89 833
629 689 398
425 765 521
289 481 605
422 241 310
611 786 252
466 177 351
332 580 151
201 531 104
13 801 811
921 753 210
105 181 538
931 401 32
721 409 131
499 777 423
681 321 261
143 25 435
589 351 507
700 844 941
911 471 73
761 726 83
193 356 156
793 559 36
545 708 415
705 183 977
638 207 111
659 201 777
741 101 401
61 940 55
7 313 429
309 933 348
146 354 946
225 696 187
741 480 152
173 441 937
396 899 274
991 257 589
315 631 905
605 419 735
431 828 1
9 349 837
290 294 369
576 509 451
993 126 957
165 548 481
806 789 355
66 849 813
721 537 421
270 817 581
300 506 973
741 589 255
919 617 67
399 289 868
357 113 821
661 631 278
21 309 541
640 281 225
495 625 641
977 609 251
463 531 867
338 339 331
331 906 843
651 296 421
251 971 825
281 881 941
59 477 411
959 473 549
936 601 361
631 151 6
113 797 873
738 847 103
881 537 773
159 267 238
117 854 261
253 397 825
127 425 104
1 501 987
973 305 191
153 625 423
695 813 553
111 537 425
717 173 463
661 401 921
235 364 723
216 813 992
829 366 913
986 56 573
981 186 345
29 606 545
450 263 475
721 185 794
962 280 171
467 961 358
113 954 1
716 501 249
971 321 395
487 601 245
196 477 321
982 981 451
819 25 151
801 196 553
33 797 481
889 801 169
105 442 657
236 251 51
671 827 449
791 382 151
87 786 717
811 804 771
856 641 961
209 329 259
41 571 863
953 276 831
393 439 981
695 961 613
135 1 993
865 685 386
489 897 601
560 785 901
769 777 160
43 97 77
161 469 981
550 720 613
513 157 465
251 209 209
1 531 101
876 351 729
121 920 601
608 333 726
59 668 599
451 283 709
375 181 185
85 151 541
835 653 956
326 189 81
586 651 940
1 465 15
643 384 620
208 794 221
745 682 689
455 176 821
465 959 400
917 225 671
498 676 71
440 697 669
936 615 51
806 323 77
911 361 87
201 989 375
965 237 181
606 531 49
113 745 335
455 633 993
876 275 446
553 615 221
398 707 613
881 905 65
998 676 633
591 297 847
321 441 753
186 651 825
638 771 1
541 486 908
251 233 27
714 57 773
95 290 73
509 297 445
949 851 586
385 843 628
825 329 811
845 551 605
964 397 10
445 461 520
613 145 693
581 1 383
930 70 909
661 179 585
27 343 382
929 521 687
551 885 114
931 748 641
497 801 721
873 713 378
151 993 891
937 61 896
826 356 81
859 830 169
102 824 57
817 117 601
161 238 119
901 373 61
760 635 293
391 441 689
795 502 983
419 417 852
261 208 406
639 935 781
819 169 323
126 265 901
151 30 477
491 865 375
821 184 71
823 721 328
545 25 209
9 366 927
745 177 336
985 689 221
602 317 761
451 821 388
448 134 751
961 398 565
189 379 817
973 781 567
301 283 271
675 105 866
301 577 897
777 45 305
455 149 553
941 801 337
211 203 631
901 805 955
280 637 659
769 702 465
956 719 801
661 807 107
217 105 262
883 626 217
401 991 676
961 91 281
241 549 915
841 629 635
470 907 523
176 163 981
521 928 369
51 344 440
77 801 141
231 528 951
591 877 492
549 529 36
576 942 838
36 488 521
240 558 369
855 86 133
871 477 645
869 759 771
22 947 35
541 247 231
319 521 737
565 161 381
551 706 76
87 649 603
736 485 277
124 248 495
26 1 819
513 31 761
322 357 521
349 626 592
825 225 869
925 514 29
654 630 825
423 749 413
871 17 473
915 937 901
857 591 761
15 141 562
346 882 141
319 804 4
836 171 218
751 801 57
664 780 393
706 517 96
542 391 735
775 551 778
499 694 157
813 270 49
11 206 355
486 924 775
484 826 591
833 747 856
570 3 241
627 467 35
573 232 561
880 353 972
361 221 863
659 177 731
161 65 483
497 561 867
51 301 901
982 218 725
921 61 479
680 303 118
537 61 191
17 491 270
201 41 527
37 83 47
417 474 174
609 429 531
451 163 601
431 259 707
438 888 809
891 163 45
551 941 141
281 111 869
59 167 549
84 969 649
905 761 777
1 252 893
501 197 606
276 791 837
711 262 801
791 401 5
879 953 941
105 404 112
497 625 161
35 133 159
945 121 889
1 78 781
882 818 175
122 107 125
490 303 443
537 893 869
255 940 391
428 116 254
921 601 536
412 369 957
749 596 541
930 901 843
721 410 589
901 309 784
390 173 653
29 63 135
81 51 803
801 25 246
201 229 521
941 606 858
171 787 47
241 911 433
405 1 311
531 546 497
931 937 245
701 601 285
626 53 265
829 759 761
441 525 753
789 273 821
192 63 831
982 961 576
141 139 682
836 737 816
19 682 686
738 418 705
901 545 323
539 139 251
585 161 95
209 235 139
727 565 429
756 989 821
367 254 37
365 572 856
489 752 894
876 479 422
81 65 201
611 237 417
312 801 45
681 209 601
162 402 947
643 41 936
957 641 706
476 267 900
374 532 181
729 779 11
113 137 442
233 437 819
101 733 311
473 820 925
867 617 277
233 724 580
825 445 516
121 884 60
411 306 291
961 351 376
811 251 706
619 176 563
796 159 6
241 151 425
321 789 87
718 21 601
951 521 969
648 854 419
335 636 517
223 231 239
717 107 691
99 845 976
486 457 391
443 697 683
597 841 508
321 437 579
347 117 433
921 597 457
151 441 429
233 665 401
1 905 507
717 242 1
163 578 402
387 778 627
923 483 323
689 562 221
713 606 521
311 152 136
911 36 101
134 351 529
585 387 877
401 666 991
559 496 948
701 97 991
349 423 228
881 1 612
769 547 754
476 140 625
66 658 753
810 677 401
777 609 401
451 640 13
505 160 515
241 446 485
393 123 153
173 755 625
