3009
233 337 509
593 37 751
41 367 481
281 609 34
173 133 726
641 277 493
141 833 81
726 765 295
533 955 349
71 24 432
717 526 833
1 493 416
606 657 915
27 591 94
655 547 165
628 127 161
568 812 467
177 921 473
165 513 117
925 844 921
613 142 425
367 169 867
515 281 825
682 253 736
433 145 807
605 216 991
257 205 233
917 9 29
30 341 451
337 183 149
994 433 965
773 466 302
665 577 901
653 319 833
955 885 763
526 733 561
625 375 291
903 201 761
591 924 319
941 26 651
421 983 515
360 719 597
295 839 337
689 473 63
536 441 711
642 801 25
159 383 883
756 889 417
823 179 979
531 396 319
77 101 145
466 169 401
251 243 61
554 676 505
851 545 295
957 871 919
424 725 781
679 751 53
385 793 811
289 345 299
401 369 561
811 428 315
743 761 137
890 594 563
731 677 870
261 455 774
757 129 371
909 216 24
921 641 937
336 485 103
229 481 325
366 818 701
207 833 291
447 881 231
119 915 667
401 311 491
361 240 573
121 821 106
521 952 876
949 167 721
1 806 79
553 9 343
241 626 461
477 849 61
374 461 356
757 741 839
932 849 821
311 963 144
884 157 302
948 973 801
201 977 400
994 601 581
201 737 537
145 763 937
468 241 837
951 688 454
915 465 139
121 105 438
711 728 41
607 845 941
401 723 15
41 41 961
955 614 921
297 802 73
532 537 465
331 97 505
781 813 641
229 105 669
683 26 691
889 246 89
505 33 801
310 633 586
574 886 315
546 942 376
979 603 245
76 768 253
897 551 792
831 137 521
204 517 711
441 611 301
51 297 639
191 500 221
921 251 311
657 953 735
63 126 501
776 628 446
667 225 505
871 949 969
931 219 57
815 793 645
565 873 398
901 161 825
791 926 189
195 809 479
446 616 504
701 587 513
277 261 7
156 897 561
597 849 881
901 887 291
252 81 819
324 809 672
36 623 481
576 461 828
230 437 435
251 721 761
96 949 756
203 591 137
501 11 653
589 551 811
14 273 357
701 39 726
271 609 631
46 248 625
161 351 189
451 531 457
849 927 377
296 505 411
753 703 33
881 248 15
989 561 676
173 647 859
501 83 576
155 297 399
97 733 939
197 350 501
820 981 689
301 119 227
296 176 931
681 553 556
619 123 290
517 841 121
426 391 733
397 979 151
351 857 882
345 965 550
817 681 596
421 497 153
895 439 326
851 711 430
433 106 929
609 936 877
477 411 686
503 499 221
361 737 584
127 606 994
871 731 418
392 852 725
545 936 497
549 551 722
89 467 369
217 569 75
421 567 59
217 626 229
969 71 269
181 703 121
431 49 885
671 371 577
621 205 390
491 111 5
852 719 671
948 806 96
581 411 805
441 316 827
961 451 475
710 617 389
241 437 226
83 77 457
315 43 591
479 103 797
97 865 676
323 857 733
35 368 363
582 941 925
325 461 420
556 547 635
652 976 911
1 417 245
161 796 735
181 933 353
444 161 915
242 297 553
1 23 180
925 750 961
547 241 205
649 787 551
425 873 851
277 276 557
691 129 60
569 81 691
25 496 681
381 417 865
541 201 931
116 526 252
33 705 644
889 961 373
413 665 161
751 153 406
777 751 261
789 830 701
489 873 4
523 837 331
346 375 521
787 171 595
423 807 945
692 273 977
49 239 911
481 597 506
633 125 521
481 673 361
645 305 3
206 331 376
113 61 71
273 840 139
437 233 165
841 793 53
475 611 311
449 649 996
887 886 181
521 479 906
511 821 91
925 262 154
213 835 233
105 167 985
374 295 919
417 719 441
519 385 525
705 505 845
581 965 865
137 940 537
881 791 672
749 21 535
9 951 177
510 289 403
954 761 359
576 585 549
666 691 678
811 627 665
733 53 489
343 839 553
507 431 441
577 125 441
191 9 404
182 470 1
710 673 679
1 752 225
738 341 177
349 465 776
321 881 171
593 436 57
396 711 282
460 86 309
391 991 494
86 116 983
83 649 521
704 580 129
967 505 527
79 215 545
708 481 565
255 101 301
355 356 241
561 505 771
475 625 446
191 785 57
9 316 724
236 176 373
213 527 731
287 567 385
503 605 889
521 68 533
586 31 221
537 81 753
710 33 901
115 705 981
81 233 411
403 661 609
121 1 236
971 309 950
373 867 561
681 523 683
93 599 344
425 671 471
187 899 43
393 859 901
913 906 424
789 609 801
631 933 1
649 629 627
741 659 929
689 687 438
681 756 507
201 801 889
793 754 76
977 577 593
778 203 633
221 895 581
120 961 233
769 719 122
889 405 789
689 105 730
880 805 471
699 139 985
170 929 297
601 449 905
393 197 669
25 169 2
966 923 849
589 53 593
425 681 449
101 959 102
41 80 689
37 81 901
351 997 830
862 339 80
641 217 393
345 546 701
117 1 113
296 721 551
37 701 665
251 533 313
250 473 841
798 725 133
61 825 761
35 521 97
322 555 189
706 589 75
820 588 461
757 570 756
161 189 641
279 943 153
129 449 721
461 521 881
243 263 386
936 617 337
309 561 121
133 252 441
19 521 966
865 808 653
644 639 541
165 911 382
113 521 881
1 101 257
29 217 896
938 594 939
561 321 425
789 731 731
351 280 255
625 714 52
523 761 1000
411 944 601
929 971 975
520 665 111
905 290 806
175 537 941
681 151 901
393 322 617
441 657 113
593 401 514
150 986 345
465 161 975
853 677 676
101 901 928
665 573 398
361 871 67
551 601 319
441 869 677
876 357 281
381 389 985
130 385 553
577 619 420
931 222 34
779 146 134
387 343 410
971 819 703
455 556 994
799 645 20
805 921 893
640 565 409
932 543 141
626 593 671
971 745 429
835 913 542
139 132 215
553 253 737
573 597 236
941 907 750
497 996 666
991 923 905
184 161 187
643 319 776
173 317 1
751 303 61
279 666 899
1 826 22
269 212 761
351 425 211
64 491 705
117 640 401
910 126 377
669 313 993
371 597 17
421 734 781
101 601 17
777 101 239
949 369 459
405 106 705
425 289 957
151 369 306
747 917 930
649 325 661
99 961 100
335 579 426
425 245 927
315 47 277
905 293 481
161 765 332
811 928 801
601 357 721
531 777 813
625 11 841
680 376 716
281 201 641
991 77 541
146 349 241
581 876 722
173 761 797
416 661 831
886 261 740
194 409 481
601 199 915
76 171 269
547 781 775
907 851 853
343 761 613
226 746 251
336 5 593
337 137 284
637 65 651
117 773 26
558 944 655
703 341 91
373 31 306
377 201 55
820 457 235
546 345 273
711 551 169
961 738 209
409 416 441
550 801 275
103 5 121
442 925 576
251 601 705
540 621 367
521 465 243
651 993 351
845 921 579
583 671 281
33 132 62
145 505 957
669 462 223
801 596 636
777 361 481
981 860 991
737 764 509
366 177 256
97 886 349
973 250 641
621 587 425
311 92 419
81 707 836
635 455 399
945 421 856
461 901 489
121 897 445
821 913 720
334 321 41
901 832 421
252 305 681
921 473 298
399 403 206
981 497 593
281 699 593
787 857 241
797 767 398
777 41 65
129 981 684
857 366 193
777 684 425
324 701 779
75 353 25
429 817 826
461 513 801
935 65 839
930 901 279
458 205 493
975 177 196
217 803 689
735 77 761
933 301 841
184 1 219
321 76 651
591 545 841
121 965 1
329 485 881
601 1 513
449 9 965
916 457 907
301 120 957
553 893 229
139 681 965
25 806 786
925 537 1
411 569 216
141 409 921
589 401 953
901 16 283
625 651 251
873 201 601
513 182 297
349 929 825
61 809 821
793 661 338
953 345 759
951 472 356
181 291 894
853 76 81
919 593 677
251 353 768
889 801 461
741 816 281
931 209 597
607 387 213
885 590 993
331 729 91
677 645 137
801 271 401
23 569 631
941 239 191
649 278 289
670 129 601
889 10 863
81 317 885
81 821 896
801 139 809
707 141 936
31 953 645
397 57 643
1 905 320
907 345 732
488 581 545
621 357 611
846 962 497
21 966 751
769 86 361
69 25 719
722 361 263
233 997 815
275 9 571
283 841 892
689 511 916
673 73 289
571 1 506
701 165 700
26 608 708
330 745 763
281 703 577
511 979 585
763 226 521
963 81 845
302 444 963
201 716 901
283 89 279
141 169 666
258 803 923
940 740 333
56 649 89
897 556 481
889 453 774
478 321 753
1 941 772
601 275 159
29 777 825
251 544 636
579 425 137
46 321 649
195 577 714
899 574 259
41 261 188
686 850 993
905 865 473
441 577 951
379 132 79
421 33 193
531 689 687
654 449 741
333 915 821
818 961 564
889 649 691
955 875 969
81 936 681
415 23 217
835 789 489
201 465 81
781 567 472
381 665 493
81 945 500
39 371 817
597 336 665
850 609 694
835 701 915
961 117 794
685 961 683
426 745 681
559 852 521
281 210 775
569 555 361
454 943 401
970 561 747
12 93 129
550 31 664
806 490 97
335 819 527
641 336 849
105 987 887
955 831 304
547 767 443
76 720 977
301 41 463
12 428 743
425 444 641
657 411 727
691 721 365
133 1 341
23 945 21
636 309 249
668 701 892
636 951 293
115 61 81
246 243 606
501 870 881
601 193 732
273 77 1
493 437 514
401 333 625
1 289 817
771 471 641
878 97 85
825 545 913
511 109 466
425 705 351
365 893 121
622 57 701
862 119 127
441 88 909
609 741 121
41 325 559
79 601 521
201 593 857
225 675 58
331 161 393
225 27 919
549 313 427
1 175 786
886 331 59
841 51 772
636 471 433
834 517 270
501 601 402
371 401 834
426 389 356
158 202 897
743 917 576
433 661 601
101 409 283
73 309 501
777 807 834
315 70 588
374 562 211
385 645 551
322 529 241
489 767 687
521 82 945
121 153 401
75 729 653
861 25 371
255 985 121
406 931 422
191 896 45
807 811 81
717 633 353
975 699 497
953 280 67
39 289 105
747 954 907
647 737 595
121 795 32
747 801 977
556 273 476
61 615 821
458 776 951
666 559 315
624 383 593
141 81 969
657 726 921
1 23 217
637 971 809
449 453 236
253 513 672
358 205 673
900 444 861
851 281 500
111 61 371
889 911 817
907 197 863
845 903 680
184 94 881
927 505 54
633 561 641
501 913 240
441 476 330
881 970 283
801 902 141
941 336 596
550 185 967
870 629 369
561 897 897
239 530 548
152 31 351
903 383 821
561 373 221
977 982 271
316 111 209
106 951 245
510 926 770
885 216 211
965 185 726
725 381 823
320 525 722
429 56 246
825 721 609
635 566 745
99 641 731
420 758 323
833 23 145
313 381 165
336 593 690
495 481 451
793 950 758
620 991 411
368 863 613
1000 876 599
826 826 301
707 714 99
289 261 326
856 11 376
849 516 801
351 175 561
961 985 596
295 185 789
664 961 713
761 587 227
642 137 809
140 613 781
501 521 612
193 861 881
173 336 707
531 740 122
406 256 561
555 729 32
739 476 596
929 501 717
931 366 73
81 839 596
239 596 345
783 569 383
918 538 76
939 880 657
461 61 911
876 773 163
609 596 851
81 237 251
344 756 765
353 888 666
317 105 1
417 920 1000
865 971 764
580 303 601
501 252 367
121 691 681
643 41 701
59 765 177
824 554 889
809 507 358
584 69 166
5 353 103
861 113 451
385 627 599
337 306 379
346 688 927
385 885 409
891 55 71
148 634 681
640 481 483
905 277 773
177 552 676
341 11 489
777 607 353
406 991 27
267 829 103
521 750 521
566 509 498
856 226 23
701 384 264
401 15 925
516 227 983
189 873 889
578 55 879
938 401 353
916 421 553
101 393 699
629 187 579
611 445 77
557 847 221
809 456 992
63 685 953
681 151 222
677 769 760
376 735 641
400 427 568
361 951 201
61 926 853
873 577 1
747 499 923
201 41 936
513 509 321
599 825 227
472 546 914
170 115 484
701 129 36
500 161 73
45 296 257
322 381 441
551 201 177
907 225 281
661 857 104
345 481 963
83 474 526
561 716 47
501 451 366
451 147 64
295 654 183
985 666 985
339 301 249
585 926 623
663 176 730
863 731 451
901 741 561
665 89 147
176 683 553
383 499 905
646 455 823
183 860 41
909 401 195
683 89 125
485 393 653
633 426 613
861 485 754
929 981 636
623 289 397
859 275 149
971 537 857
153 357 861
649 452 823
839 21 913
838 885 161
529 514 909
405 511 119
815 81 849
606 219 438
31 833 411
893 85 871
772 535 641
181 721 719
169 941 651
793 273 31
271 493 801
819 975 847
413 345 321
957 497 856
89 932 971
996 289 214
341 50 764
201 63 258
731 311 494
897 66 765
701 621 737
970 970 476
961 537 91
902 171 186
987 376 379
467 941 297
533 369 521
73 56 279
445 630 939
41 1 793
429 207 32
23 675 131
449 377 921
359 345 266
347 272 705
669 673 469
699 1 262
225 645 594
449 157 464
449 156 701
959 731 165
209 25 821
221 653 176
57 991 669
129 401 631
351 649 989
71 425 911
978 51 465
605 140 319
679 151 905
92 725 969
311 749 267
683 86 940
391 865 967
917 945 539
259 137 957
315 696 657
451 251 124
581 916 811
286 773 616
897 381 141
247 81 201
487 499 585
595 461 751
736 694 641
665 266 825
472 859 503
709 73 828
176 244 922
811 207 786
749 341 508
673 637 297
436 947 545
665 346 168
41 244 939
393 660 721
101 30 741
39 261 899
429 887 931
385 751 307
51 542 589
41 611 633
141 25 841
627 520 97
718 333 593
881 54 361
353 121 197
221 222 320
519 477 983
465 827 581
97 594 405
801 54 681
241 665 342
176 961 193
401 698 73
251 153 922
519 683 191
521 11 621
178 361 745
584 791 489
657 875 453
681 160 71
650 351 419
820 681 1
849 3 291
621 178 486
473 351 225
891 261 121
926 505 625
825 153 671
330 473 360
417 21 49
323 877 951
794 941 473
973 701 567
676 242 160
451 261 174
295 334 596
351 729 467
473 51 806
157 655 543
625 596 437
495 221 881
1 577 822
917 197 673
112 863 820
646 229 317
19 929 461
389 750 783
395 481 878
761 601 131
433 731 212
833 245 771
516 177 143
401 521 622
641 479 865
732 461 851
201 986 889
947 869 827
232 532 70
401 41 398
401 843 453
51 851 993
933 827 949
341 301 179
826 681 549
921 497 491
567 353 59
881 239 945
931 93 989
945 831 823
189 172 481
633 703 38
305 520 1
401 103 77
149 505 307
190 129 386
347 817 281
96 385 129
449 639 815
177 211 751
937 134 401
669 476 401
23 791 236
761 717 596
780 839 81
801 797 100
841 201 711
216 377 937
448 532 486
478 176 532
11 236 238
851 393 662
571 685 147
595 267 729
117 246 977
829 695 161
825 57 655
711 121 163
135 673 722
432 977 113
897 700 105
675 736 164
781 202 235
9 443 141
707 986 523
711 887 970
516 481 321
815 409 498
987 958 758
721 701 355
273 961 291
349 945 105
961 897 941
465 573 791
746 994 626
395 781 424
560 256 689
618 309 441
941 796 888
623 178 843
116 166 861
901 125 701
386 113 62
329 593 78
787 625 126
349 558 584
361 336 786
729 881 221
268 330 869
635 213 961
801 81 820
483 116 243
176 127 747
785 557 601
561 613 393
669 697 439
797 805 515
761 678 826
817 205 435
705 276 737
910 289 83
789 301 729
366 647 307
945 727 661
689 305 426
694 329 531
813 29 261
181 341 729
953 966 836
39 1 409
443 73 3
231 41 989
123 125 525
881 408 329
201 523 123
737 187 24
851 779 817
230 696 709
951 217 638
153 897 435
31 761 153
585 1 776
540 537 161
57 529 689
241 125 281
281 807 326
665 626 666
397 954 1
147 450 97
617 361 103
703 581 8
133 16 856
694 633 793
284 120 937
1 507 536
361 906 743
501 601 426
379 263 771
828 46 343
441 607 433
881 119 109
601 961 181
326 353 551
637 819 270
234 613 841
333 633 209
201 321 271
841 121 698
109 625 677
483 675 873
939 26 611
321 681 585
7 405 611
469 283 707
1 524 997
633 342 73
180 639 925
138 768 759
300 841 50
958 146 26
397 547 719
929 621 321
673 251 253
161 167 149
997 657 879
535 112 161
311 25 958
585 771 616
860 971 420
526 896 573
142 973 29
565 821 401
583 676 851
641 397 127
279 26 42
693 309 131
772 163 97
786 832 841
440 150 472
295 301 37
557 73 409
826 925 97
745 659 601
713 871 400
311 41 151
713 815 728
448 369 281
128 181 352
400 453 898
833 533 21
756 825 69
794 421 540
241 24 661
326 781 825
533 233 129
353 382 611
319 685 999
981 204 478
837 217 56
145 629 349
21 635 561
813 381 505
68 86 865
221 117 997
213 425 661
96 711 963
661 65 75
641 279 67
561 213 131
591 661 291
549 215 649
81 511 994
771 881 850
258 797 506
461 897 801
369 565 266
383 187 606
481 397 148
428 797 512
411 462 161
527 217 897
423 213 26
733 189 116
344 513 151
501 209 977
240 161 871
776 207 265
562 176 472
145 658 50
861 746 251
865 75 897
937 953 484
255 645 796
161 961 630
359 161 205
425 819 893
459 697 837
361 260 571
793 237 776
341 539 233
836 945 476
889 452 762
585 641 751
947 23 615
659 438 761
538 74 343
609 775 491
33 446 641
771 514 550
201 734 109
135 101 196
721 171 206
902 251 832
269 865 367
147 657 966
593 881 393
390 269 993
233 805 373
85 295 65
297 467 229
457 811 295
935 684 276
944 844 113
201 6 225
197 550 521
851 315 257
242 719 586
45 863 346
925 657 985
178 357 21
421 970 684
209 707 161
421 801 886
741 900 969
532 217 256
271 481 869
401 466 861
736 561 181
313 761 74
9 251 835
771 825 147
966 956 93
482 710 257
731 575 201
465 884 129
484 746 573
383 79 493
429 296 163
673 581 923
516 233 624
145 829 901
393 576 899
485 403 105
7 441 137
607 465 241
50 905 653
10 849 326
17 300 681
177 626 369
415 25 881
678 381 740
361 346 155
281 484 943
897 407 341
80 193 917
582 711 742
944 371 147
87 1 23
469 236 445
363 953 301
251 301 229
731 39 161
472 196 37
599 578 265
577 878 753
751 129 905
635 657 413
775 183 853
151 653 187
846 649 577
378 569 741
891 143 836
893 521 710
369 527 100
445 409 153
385 815 81
561 381 833
639 541 979
865 893 257
609 467 462
321 761 569
841 595 41
765 273 631
961 43 139
771 238 961
59 961 664
615 425 257
271 741 862
162 609 499
1 901 417
551 409 541
717 57 119
209 281 249
601 216 294
651 363 99
71 245 461
577 349 451
89 1 331
409 631 149
669 251 261
894 987 601
401 921 211
881 809 365
907 531 79
455 1 187
653 871 407
513 188 493
941 785 201
801 997 379
401 161 421
473 16 673
652 201 58
457 804 576
99 641 941
345 167 921
143 865 473
745 465 897
351 681 137
89 917 27
721 433 710
985 821 785
776 108 741
681 801 177
619 399 377
41 633 252
594 263 470
811 197 426
668 936 913
761 109 846
781 301 973
715 831 561
284 696 829
529 953 706
401 251 986
183 744 865
681 975 501
957 95 284
305 431 965
877 368 739
42 275 933
526 60 790
528 981 717
361 215 699
579 941 184
293 335 936
335 192 313
698 579 205
501 987 341
745 205 1
906 793 597
985 761 91
731 601 336
741 735 385
969 641 400
5 814 841
441 91 221
349 501 689
891 481 401
917 923 691
717 393 863
887 131 239
786 408 721
81 361 937
491 71 876
963 207 786
398 357 953
249 681 122
719 957 715
111 93 77
776 241 155
51 635 267
113 641 989
257 255 31
611 997 507
41 18 951
505 896 961
859 929 929
841 881 961
716 334 285
101 745 299
336 97 1
945 116 769
679 973 804
778 786 282
183 117 386
156 645 441
27 201 319
969 890 31
921 904 656
290 849 92
496 161 765
721 555 521
281 651 956
261 126 244
517 67 786
692 317 653
242 756 301
18 517 771
513 798 337
321 785 262
430 213 365
759 41 766
761 115 531
161 657 535
457 125 865
609 873 831
485 760 434
631 215 197
327 227 871
861 373 986
517 537 803
268 14 73
921 127 111
993 387 361
542 112 653
101 137 81
29 581 317
901 821 925
127 289 207
203 989 124
609 461 41
661 217 626
365 991 861
641 51 177
161 137 247
892 85 401
238 387 465
856 286 860
15 821 904
76 633 393
281 747 12
557 85 529
131 281 301
666 111 201
668 501 653
997 169 171
471 685 157
303 823 371
736 841 727
656 769 54
251 711 431
609 93 511
414 165 458
888 521 894
165 785 289
551 526 703
591 823 177
385 101 73
225 305 423
481 301 517
101 198 757
1 272 491
586 525 476
107 161 109
77 786 801
699 521 901
266 980 637
294 528 374
843 855 676
37 751 871
981 451 366
601 541 575
531 382 313
836 231 56
874 667 589
513 761 112
4 385 321
256 867 493
865 44 786
271 995 739
879 77 617
218 861 425
680 457 611
810 89 825
585 159 700
370 869 931
177 924 305
664 541 861
296 627 397
183 347 975
695 501 57
709 325 12
553 274 341
481 76 553
921 376 89
143 571 379
960 437 46
651 489 673
697 556 537
225 89 233
197 853 473
89 68 145
185 601 401
1 734 936
569 993 729
801 751 365
402 771 31
241 861 509
17 662 736
623 478 377
623 651 481
53 711 849
747 821 996
653 172 681
381 481 714
509 513 96
177 816 566
613 345 941
837 795 569
556 865 835
499 591 573
438 101 681
317 681 751
1 306 797
647 272 649
737 899 166
816 422 315
81 993 65
184 747 660
219 509 2
577 775 553
774 621 177
993 417 33
913 682 463
288 317 171
766 891 126
181 896 133
489 35 991
501 843 3
345 447 965
753 481 401
661 701 296
804 345 169
129 681 266
484 46 913
824 601 262
201 968 441
595 202 317
25 661 61
761 274 845
601 901 356
1 41 649
873 943 97
201 797 741
985 488 396
923 285 619
523 225 773
416 601 102
961 343 541
249 505 278
606 591 433
369 143 507
506 41 383
889 496 515
297 853 357
206 233 525
911 474 633
881 209 121
357 461 289
59 725 349
675 249 393
281 330 147
894 929 484
2 356 764
301 867 381
391 305 121
621 669 691
997 649 386
273 741 415
889 321 398
111 221 451
896 338 546
603 481 137
633 731 337
345 30 426
209 409 472
353 471 583
722 225 505
215 123 793
813 558 705
141 715 101
908 757 289
265 77 156
898 185 861
805 775 653
522 451 49
207 722 691
699 961 55
230 937 506
897 851 353
1 821 601
413 616 95
993 443 741
221 49 547
446 177 468
75 879 83
535 308 921
863 101 281
905 461 823
657 979 69
14 105 342
801 676 811
409 126 171
805 395 231
981 612 981
673 426 261
647 949 221
401 408 283
598 124 335
36 273 757
741 166 899
654 845 707
965 746 97
383 216 93
361 915 713
626 601 581
239 378 133
439 873 737
761 925 33
195 206 665
235 644 786
429 696 511
876 596 586
510 621 743
281 626 831
651 945 476
811 943 816
495 523 401
564 133 189
151 437 5
433 689 466
341 96 201
459 476 251
831 321 347
177 761 417
551 508 171
857 957 26
927 71 637
666 300 777
2 945 521
951 81 137
971 326 378
505 17 829
383 753 873
241 1 718
281 773 829
561 446 752
461 705 444
221 617 383
733 1 936
137 352 543
201 528 153
359 13 733
714 316 529
557 323 905
801 234 108
432 741 541
887 389 623
997 635 362
608 761 7
941 801 921
806 436 896
375 801 976
829 369 821
1 221 525
956 969 41
501 881 913
803 246 926
226 345 821
318 213 425
511 757 393
523 410 968
124 857 235
750 449 561
547 561 119
995 226 791
577 763 431
361 961 691
173 976 957
772 955 152
31 101 926
761 891 289
175 716 65
281 801 105
441 951 620
11 14 451
889 207 840
391 1000 72
369 376 465
83 321 329
465 746 903
31 261 692
263 815 164
100 116 23
647 344 1
979 97 310
572 601 705
1 123 99
783 429 933
656 901 14
309 73 596
275 313 861
173 457 608
29 801 40
643 941 265
377 617 769
839 979 103
183 17 372
266 449 201
241 865 516
689 337 876
621 934 623
881 303 921
111 89 926
113 121 97
801 311 443
285 357 30
561 245 211
871 556 329
417 193 286
741 293 491
777 996 922
25 805 649
358 575 81
321 124 473
538 465 259
521 97 899
811 799 251
349 811 455
99 1 810
409 917 667
797 793 892
241 921 709
541 198 970
465 587 719
1 121 901
361 925 366
305 81 683
961 826 660
271 734 409
137 51 401
438 553 731
124 908 501
173 544 226
197 137 881
364 706 323
161 523 465
209 513 205
767 427 429
743 487 733
975 151 413
256 104 401
509 601 641
571 467 209
639 697 967
764 609 751
5 133 402
365 278 156
520 609 441
633 316 337
437 641 607
641 681 377
381 611 281
891 881 955
175 409 101
217 430 745
499 905 473
598 751 613
381 25 947
487 65 365
81 145 271
975 662 91
940 401 821
653 400 310
839 481 797
728 530 741
1 555 571
657 323 169
461 241 499
615 681 331
526 727 715
822 501 227
780 818 531
521 469 707
631 571 932
401 946 959
719 683 291
11 811 815
481 392 906
651 344 33
845 21 315
771 887 297
117 821 961
589 154 691
986 621 478
781 961 261
147 369 785
745 485 241
703 421 688
515 743 873
401 591 793
36 337 172
663 649 233
429 597 912
929 271 28
709 745 931
745 484 723
191 651 645
372 513 323
146 730 659
529 272 829
291 618 518
963 381 201
621 543 303
745 413 681
853 965 965
1 921 1
95 89 551
605 635 421
251 547 91
151 137 383
785 209 300
901 331 11
959 641 538
551 765 783
828 401 357
735 865 837
129 967 875
199 886 229
401 655 157
881 582 449
249 886 577
235 965 693
409 625 769
365 409 793
553 256 127
665 567 361
485 153 401
41 124 721
707 164 174
273 201 731
191 3 493
651 825 733
181 785 833
301 804 2
289 370 439
751 482 249
226 429 556
296 701 730
97 985 401
49 820 289
836 711 956
353 436 461
801 601 884
638 194 266
305 761 55
204 667 605
861 720 559
793 1 699
811 515 793
41 611 115
114 963 641
169 401 801
959 567 21
950 59 128
649 116 219
861 821 141
757 673 81
427 513 462
901 247 521
86 833 501
920 451 973
526 476 979
491 276 795
706 121 253
489 901 273
416 237 546
871 10 813
659 601 570
465 613 31
511 106 613
721 257 326
541 213 866
885 661 934
609 221 301
535 233 833
323 945 796
700 680 537
86 751 373
501 201 903
481 731 668
867 251 695
737 917 341
783 233 871
231 823 525
514 313 113
695 437 785
835 617 149
887 567 73
563 560 269
201 140 763
297 371 201
545 438 458
992 681 299
823 35 781
321 625 805
861 381 301
213 337 861
596 193 133
475 63 731
847 712 185
343 992 297
881 361 1
805 681 973
291 794 541
771 217 849
266 908 638
441 276 503
200 393 367
767 667 371
885 977 57
823 453 657
705 976 544
717 849 182
925 892 69
197 76 496
540 291 83
752 37 114
120 601 175
773 23 540
191 713 234
413 761 522
441 276 857
201 435 471
156 376 183
747 637 265
449 601 115
71 107 809
325 501 649
339 508 981
191 871 352
493 688 605
521 543 884
270 898 758
113 964 61
9 183 641
936 41 133
633 221 261
946 916 402
961 680 705
186 681 381
921 689 141
113 296 384
431 675 956
981 273 673
503 129 601
213 903 761
345 901 201
891 255 513
153 253 867
751 770 776
104 126 487
81 661 409
501 55 921
26 76 569
721 551 632
1 201 813
283 421 25
91 215 841
664 820 125
601 597 303
616 396 522
458 101 230
801 454 310
94 281 681
520 99 115
19 45 969
722 867 569
256 451 586
403 161 873
258 356 945
953 5 134
43 976 665
71 785 921
882 349 767
243 921 693
544 883 469
660 476 705
988 33 605
541 336 332
702 31 101
829 51 348
645 105 69
300 425 145
945 307 319
921 769 765
873 773 871
392 446 649
293 71 641
473 353 277
989 718 97
851 221 214
41 430 301
817 625 500
805 61 617
261 656 841
828 73 641
641 945 267
851 948 989
765 306 511
991 486 659
429 928 26
437 714 821
553 15 663
705 121 734
831 68 585
67 101 305
139 741 41
560 801 15
39 901 471
140 565 171
951 188 143
289 478 199
566 603 921
986 603 301
600 829 893
515 507 189
11 401 227
360 811 631
196 223 21
163 77 798
193 633 874
466 662 921
791 237 661
19 395 797
924 455 301
251 785 531
821 321 332
903 905 499
907 489 231
850 259 376
401 601 767
799 351 427
976 931 154
343 376 577
340 136 773
526 591 609
153 941 915
785 205 657
241 506 867
300 21 321
501 61 501
896 875 824
36 660 163
489 267 761
121 455 381
153 109 593
591 721 421
427 449 487
870 941 811
409 401 162
783 66 401
601 57 625
700 961 313
447 209 9
631 169 643
76 602 631
281 731 501
726 401 41
227 826 711
601 793 897
561 267 63
148 770 151
57 751 76
702 921 911
351 934 634
835 161 921
735 585 457
291 807 337
326 33 595
609 625 629
390 169 254
751 926 9
329 593 579
830 97 186
962 426 617
201 817 402
141 21 49
646 308 961
999 1 788
747 111 276
421 673 321
747 621 590
329 386 211
177 992 129
277 169 321
69 423 876
513 401 521
647 233 647
301 911 388
479 927 666
1 801 345
909 560 257
649 537 154
782 167 306
9 505 89
694 437 439
226 593 41
513 332 372
591 131 31
511 661 801
726 367 529
433 751 915
237 121 580
635 481 561
801 676 426
1000 175 123
493 444 501
157 272 170
538 761 227
110 831 391
758 791 226
661 181 545
664 601 133
851 602 481
618 675 881
606 761 186
257 751 743
185 667 41
569 503 842
720 42 241
991 841 651
617 1 42
329 877 579
386 273 597
702 463 256
887 497 682
122 846 889
617 889 737
281 169 141
941 233 822
955 975 697
881 603 701
45 176 481
829 6 918
505 229 85
677 131 201
558 262 145
813 911 498
105 113 753
889 401 906
986 140 668
254 121 769
857 801 717
661 517 587
851 98 397
713 361 573
331 47 979
985 741 865
791 283 879
942 105 142
301 883 195
132 217 3
541 126 817
138 142 917
851 433 33
817 614 241
271 233 201
281 137 114
101 701 561
731 881 105
638 737 471
289 220 516
509 572 685
889 26 239
336 461 889
903 197 335
235 45 87
999 475 917
126 391 809
976 226 87
414 61 438
808 201 839
941 561 51
717 908 616
31 725 994
499 201 889
213 921 916
13 225 71
728 185 305
133 437 449
277 993 789
710 569 361
641 956 337
593 390 761
501 9 751
21 670 76
175 443 740
919 262 391
809 33 383
999 233 621
108 893 996
233 913 563
575 377 489
865 656 801
243 701 631
849 301 571
346 881 885
89 532 117
780 763 841
189 235 580
391 353 177
433 370 880
793 941 223
121 235 601
917 376 161
914 831 867
411 92 193
107 119 455
499 965 241
499 633 657
302 568 167
881 447 151
404 638 96
181 256 521
17 267 931
422 726 690
251 661 601
976 542 6
193 129 269
753 974 761
129 231 605
803 51 516
313 201 255
601 235 31
368 881 381
13 500 691
191 901 881
578 621 925
733 923 127
408 256 941
274 603 234
470 15 929
608 300 461
31 385 487
7 233 925
671 792 781
493 744 509
961 620 1
753 192 182
945 739 251
135 864 401
177 969 642
215 691 769
633 111 853
621 76 274
491 644 187
822 803 542
276 875 505
979 369 65
741 969 181
403 14 141
321 239 151
988 1 801
273 936 806
29 39 737
593 501 841
185 779 829
439 826 381
257 1 973
457 206 345
970 868 161
449 285 903
941 361 961
429 573 475
746 685 401
713 376 331
927 561 834
81 949 801
230 465 851
666 768 351
55 269 85
365 301 241
548 396 542
717 879 775
526 181 919
881 437 913
353 226 172
417 693 651
709 154 831
753 415 929
931 625 480
376 691 195
933 121 241
165 568 907
927 589 733
361 732 181
801 497 535
705 43 494
277 401 425
821 632 621
777 475 513
75 945 259
147 131 757
169 971 859
681 529 485
865 25 321
473 663 856
473 373 601
681 363 121
15 733 67
357 907 275
761 197 215
733 301 766
175 569 681
985 201 886
168 942 449
229 367 245
403 501 161
706 937 743
665 689 287
336 858 267
459 81 71
383 603 577
401 91 129
494 668 392
954 31 869
455 865 781
935 602 331
545 679 697
657 401 993
986 793 1
871 601 141
696 194 189
129 541 101
271 705 35
223 698 401
217 449 753
79 559 13
441 996 857
331 751 105
205 409 569
427 849 656
785 237 679
191 669 668
463 51 371
201 252 958
921 621 607
777 202 416
525 397 297
941 461 585
601 992 126
136 581 841
1 521 11
733 103 817
489 353 601
846 901 266
729 777 16
183 977 164
181 157 145
541 451 561
661 464 985
965 915 569
991 683 357
992 572 550
261 731 365
128 385 537
583 269 221
598 292 681
411 51 641
258 507 168
897 485 626
902 83 997
577 665 517
916 787 37
811 151 389
655 113 506
215 269 751
397 957 121
741 971 427
313 867 405
49 561 133
793 750 459
921 501 301
81 418 929
107 571 986
733 176 953
922 981 855
601 513 202
721 496 593
268 200 863
501 666 465
182 921 546
770 141 241
991 852 541
953 266 521
381 373 341
321 228 80
884 109 859
81 904 913
41 481 491
539 112 381
176 585 143
166 134 993
739 1 385
285 626 783
235 609 433
74 346 151
726 206 625
470 310 241
467 366 453
224 813 835
263 831 253
57 161 481
761 187 153
475 271 629
501 477 73
681 705 889
647 401 576
257 391 786
881 339 77
963 679 634
476 291 169
81 793 961
591 276 794
819 174 934
293 2 645
456 539 263
873 716 61
63 511 699
947 331 164
750 911 296
841 755 355
504 419 481
599 147 53
321 371 761
581 193 811
673 166 299
205 58 997
11 899 483
131 611 549
937 873 705
655 473 325
412 634 131
172 80 19
66 460 693
751 481 95
963 535 545
757 857 127
887 881 841
238 377 84
501 425 66
523 11 16
161 126 700
808 641 177
966 681 533
591 631 525
931 36 543
44 224 466
661 304 681
786 124 53
313 689 908
329 957 473
676 49 261
872 1 577
938 873 885
286 946 521
331 129 803
537 207 241
809 520 725
750 794 571
201 951 282
807 303 286
877 783 451
821 641 836
853 585 872
165 232 944
892 479 18
439 689 246
766 337 961
488 21 450
333 457 761
112 501 890
341 369 561
21 937 582
717 53 633
681 196 680
388 9 9
344 773 411
117 697 307
732 5 671
46 695 671
445 395 114
408 381 745
649 478 813
281 613 382
673 677 235
901 649 409
777 778 751
81 295 441
234 152 395
499 289 674
793 393 157
551 301 89
979 377 411
977 682 200
905 227 720
301 747 105
401 287 663
263 961 87
41 826 616
33 633 529
146 57 186
105 996 78
911 392 809
680 753 797
554 139 225
756 295 227
966 177 421
17 789 193
56 765 279
393 460 404
893 798 255
376 233 408
676 906 363
517 745 305
835 239 577
561 436 505
219 901 241
25 780 283
681 68 353
69 180 883
391 342 613
953 951 221
979 336 756
1 587 78
146 869 813
619 463 837
255 981 251
461 321 605
303 477 981
561 77 268
497 183 149
293 181 721
384 685 524
484 289 321
391 281 529
111 671 601
457 532 547
317 816 819
553 58 697
986 161 273
3 20 21
641 183 305
101 199 813
218 846 789
861 328 107
201 335 593
921 892 289
625 537 681
837 749 32
751 347 241
537 23 31
176 317 876
325 371 644
704 307 635
578 966 191
671 427 174
475 777 761
506 161 713
907 1 791
335 307 960
176 501 777
188 945 321
601 29 471
465 219 544
281 865 979
33 771 861
521 401 349
775 465 97
833 31 729
982 307 1
451 801 139
335 501 884
961 835 867
686 773 585
982 587 206
953 49 535
283 665 199
685 226 277
806 316 151
408 841 539
721 991 385
460 281 390
505 885 398
73 821 593
1 251 378
690 981 165
274 541 97
269 963 661
747 937 15
496 897 413
255 456 1
795 825 577
95 597 857
439 51 93
927 534 882
626 393 191
547 417 443
281 977 21
609 879 651
996 168 353
888 643 138
429 727 335
242 218 476
475 780 961
662 561 333
876 795 257
150 683 918
860 157 125
281 769 529
252 661 145
598 980 34
613 43 601
985 801 981
481 117 848
71 846 617
622 569 443
713 241 233
948 381 271
573 902 50
673 613 704
397 879 457
281 676 380
301 333 615
561 59 761
393 431 683
121 618 301
248 86 611
501 525 311
173 621 206
271 169 26
329 93 769
901 233 876
213 472 274
329 250 394
251 435 241
319 691 321
41 299 379
321 207 715
231 801 417
2 303 903
919 321 89
140 520 727
353 951 183
785 216 477
366 789 999
461 680 815
163 751 770
237 793 255
560 160 226
601 559 230
733 869 251
31 937 417
789 727 178
388 599 794
729 534 473
717 357 289
277 535 894
421 68 57
313 132 729
363 653 853
531 405 927
116 3 567
441 884 813
844 353 491
441 553 173
147 761 217
1 912 281
353 842 481
951 900 565
632 723 892
689 341 804
323 426 918
528 916 273
673 941 553
891 445 997
881 9 756
533 142 206
793 457 236
651 647 442
121 125 767
577 61 561
267 313 4
521 827 208
801 506 349
457 477 789
567 15 891
635 921 434
801 501 298
476 25 649
253 221 521
114 861 529
991 311 375
712 545 51
749 760 41
405 121 771
436 409 441
599 649 716
181 456 661
822 381 651
557 268 913
249 453 232
425 621 555
665 1 631
291 271 937
351 472 576
615 261 635
953 659 549
241 377 309
179 447 972
791 769 965
860 580 561
441 830 851
50 61 996
353 486 41
134 557 646
677 473 727
403 689 384
881 887 644
183 993 306
642 71 195
431 97 51
979 751 226
795 501 631
321 870 100
617 641 153
321 41 319
365 173 521
505 51 457
490 1 150
601 654 171
861 725 615
351 359 417
17 801 677
616 162 813
961 276 305
871 495 800
221 651 959
45 609 361
341 341 311
274 967 494
961 570 17
129 831 15
957 73 291
981 759 351
193 331 369
961 169 523
805 849 941
521 337 115
973 157 385
997 901 689
57 59 105
59 693 925
425 39 133
851 704 131
161 957 454
751 776 986
261 651 426
285 361 614
441 325 17
915 200 706
104 321 509
328 384 382
719 713 867
497 860 917
277 671 795
964 81 242
907 481 639
473 527 53
817 354 202
77 289 601
753 71 65
701 196 853
706 226 991
655 315 711
393 109 257
1 248 871
41 207 177
309 33 832
111 981 65
953 621 841
879 831 79
753 601 181
321 697 5
606 593 89
977 21 59
673 411 816
687 1 936
228 34 920
877 574 41
396 901 211
236 953 17
793 426 881
81 697 211
101 691 537
681 321 313
993 551 250
216 685 291
47 479 818
611 949 861
312 363 917
597 744 906
898 397 26
687 790 717
949 759 641
801 578 197
105 176 623
274 184 296
884 251 373
473 251 425
465 751 841
579 111 313
761 977 421
521 520 164
849 795 17
975 677 513
73 341 655
899 551 952
719 221 745
901 521 801
201 351 337
725 661 43
151 345 661
759 281 949
566 741 399
691 123 233
318 26 13
676 519 201
752 535 826
53 109 736
182 202 973
605 943 635
721 123 741
529 697 421
283 869 465
751 403 705
57 201 411
289 16 11
126 673 501
697 934 601
713 445 457
987 475 581
985 813 241
929 672 876
961 270 180
927 933 930
565 531 351
773 756 372
406 161 97
817 298 721
145 689 400
230 366 721
793 76 601
702 585 45
207 4 191
761 274 144
511 202 894
119 397 298
401 9 378
657 520 263
963 39 77
997 485 197
28 741 76
785 693 533
618 299 881
741 873 961
158 69 455
445 553 41
373 241 469
745 849 262
611 198 617
309 499 993
851 993 385
239 81 7
593 291 393
283 793 861
903 673 215
144 116 201
336 118 829
405 213 1
505 528 501
377 213 915
713 69 869
597 811 929
669 495 571
432 793 395
681 126 834
714 559 453
73 467 681
335 503 618
353 49 735
805 999 236
621 441 841
841 321 981
321 227 790
361 936 588
27 472 597
71 245 95
926 315 709
921 477 581
441 872 569
689 781 6
81 575 152
537 16 577
251 323 802
313 999 861
656 976 501
879 143 319
825 421 611
461 841 311
81 739 757
23 6 919
