3347
291 317 401
839 249 871
481 999 779
328 460 911
917 841 150
251 373 697
931 786 137
371 936 852
493 808 929
379 911 1
271 246 299
51 909 427
851 217 123
401 329 860
392 232 817
73 264 941
281 607 12
739 766 949
713 246 589
401 193 161
729 826 721
746 289 930
233 821 571
809 875 726
721 1 101
10 374 879
304 877 873
737 745 460
801 897 81
916 441 509
496 351 693
425 61 526
750 763 931
105 1 201
363 889 485
752 411 629
579 76 312
128 903 741
11 532 353
676 521 476
257 708 943
276 679 720
869 929 415
571 253 861
255 770 205
641 949 617
633 545 441
761 901 578
726 161 89
809 801 861
543 944 415
577 211 121
211 625 145
223 830 341
361 201 999
783 273 1
993 897 492
499 525 513
40 551 231
29 701 837
893 246 876
445 94 481
551 559 431
9 529 209
897 289 591
801 441 857
601 377 481
721 306 264
205 376 57
425 451 689
698 233 885
306 473 100
843 686 477
754 595 863
57 83 738
19 280 483
829 506 376
11 501 901
241 629 270
577 108 529
548 106 53
384 97 545
631 241 596
68 181 700
389 631 459
23 441 881
541 784 153
847 150 685
121 271 959
721 751 31
310 521 793
16 407 962
625 827 870
356 415 236
837 220 555
153 621 764
722 718 433
611 523 404
225 224 601
331 448 891
753 591 305
513 289 14
993 576 376
133 967 998
601 457 714
291 131 901
286 175 740
311 473 553
936 835 535
157 781 690
181 469 181
273 396 341
191 186 443
363 66 342
961 748 396
9 537 585
933 41 986
613 473 464
29 71 117
760 100 571
157 401 371
733 343 323
264 102 829
451 26 335
503 224 517
776 673 55
911 343 753
11 81 277
74 315 1
893 265 781
500 283 126
21 587 337
163 986 945
551 833 575
26 155 385
821 716 344
595 297 107
457 871 834
331 684 519
571 546 215
484 385 171
303 1 373
125 913 206
521 727 812
1 581 817
536 441 806
289 329 502
737 441 355
669 935 76
281 49 85
747 234 270
235 434 660
265 755 713
641 47 163
161 8 342
564 513 643
561 266 359
236 620 206
11 362 955
237 351 613
67 549 254
926 101 769
849 163 376
506 617 345
417 471 345
51 755 431
513 331 76
721 151 313
921 361 200
173 595 1
579 281 595
858 289 66
485 401 73
914 720 881
401 713 251
249 149 171
985 301 49
593 140 126
915 996 329
96 191 361
791 625 81
389 881 784
801 793 481
847 201 313
600 921 161
266 892 501
681 506 366
73 401 617
205 761 121
438 323 601
733 805 829
388 123 365
891 637 601
711 821 171
729 814 961
77 308 169
526 345 579
831 661 645
895 881 108
662 761 108
876 271 644
428 509 577
273 1 932
509 545 381
246 509 321
103 985 473
291 102 493
321 817 25
696 40 561
563 741 876
181 948 13
263 705 575
139 893 932
148 137 171
29 401 751
495 505 495
287 65 326
1 191 39
435 881 448
237 476 227
535 170 306
264 905 637
461 882 459
181 495 157
873 915 576
301 886 761
581 287 93
779 641 603
393 141 391
285 771 741
481 405 201
809 561 461
817 965 492
933 899 139
914 350 251
72 301 496
276 940 973
473 304 897
849 205 309
319 681 795
565 659 13
209 20 586
333 716 189
67 993 545
171 784 893
545 924 880
531 601 991
802 37 293
838 705 657
769 737 743
849 991 66
161 969 6
259 955 346
969 527 601
1 801 97
76 34 891
827 892 665
713 406 287
639 249 11
621 277 57
201 21 95
511 251 97
169 741 43
358 920 556
61 505 947
125 371 548
876 17 539
685 741 655
65 685 241
956 81 806
197 276 529
393 194 624
691 799 23
801 425 751
671 614 53
725 181 365
63 181 667
201 997 837
276 937 591
818 695 201
838 931 168
473 281 678
501 601 981
661 606 915
905 293 217
420 151 781
241 40 554
23 849 360
875 315 601
74 193 725
13 701 993
583 957 437
821 311 17
641 603 305
431 418 651
851 323 632
221 989 141
31 261 689
189 501 389
897 945 705
268 565 706
869 736 752
566 73 901
773 537 709
617 924 651
509 894 850
307 576 466
219 217 41
698 776 777
353 451 339
439 477 385
120 519 201
459 497 861
809 622 257
966 497 786
657 926 31
653 59 632
121 536 761
135 527 921
115 85 184
201 534 507
747 457 553
556 101 5
753 737 987
583 799 151
169 505 726
756 272 135
85 65 940
405 837 401
283 54 541
694 847 113
323 244 899
429 495 689
582 821 801
985 393 236
785 701 241
876 897 345
361 561 633
809 281 906
177 932 665
519 631 373
733 629 141
255 412 821
342 601 962
881 639 185
836 217 196
196 269 539
947 70 997
981 825 350
556 126 419
736 749 214
103 751 654
765 883 481
851 121 161
867 137 419
877 753 369
304 519 490
673 617 47
641 693 494
829 969 603
953 721 985
987 41 769
561 146 921
1 871 206
729 321 587
262 315 693
540 57 830
516 507 531
378 12 243
193 613 681
737 420 591
603 1 833
906 262 521
246 973 392
671 815 661
701 961 21
633 351 437
45 447 671
541 76 878
913 491 849
876 149 425
579 601 149
501 377 446
177 423 153
941 985 605
406 826 621
265 589 897
1 870 514
101 397 753
538 181 293
593 646 737
1 524 24
266 921 466
591 426 887
921 549 909
701 81 136
317 201 253
365 600 752
721 149 319
209 622 861
817 124 633
841 423 685
859 831 476
301 209 179
385 316 451
781 88 851
100 751 809
135 173 917
458 278 867
257 827 313
969 839 801
631 21 724
417 857 151
756 993 871
51 21 726
26 413 761
665 601 789
366 501 121
829 173 997
80 793 786
697 869 409
551 409 737
416 761 495
109 509 775
233 489 537
473 305 214
969 929 182
514 570 489
341 633 876
333 673 707
307 753 40
22 45 471
792 869 120
857 599 121
783 324 398
901 651 921
702 251 205
7 576 291
494 897 36
1 426 392
641 605 829
325 313 981
713 505 502
380 296 577
441 461 977
993 610 345
31 521 696
57 11 685
481 241 777
684 57 551
430 701 797
441 955 946
605 483 461
216 388 825
945 403 690
396 721 76
303 241 1
326 66 757
391 937 647
577 274 956
225 406 802
39 626 289
221 945 763
761 753 670
881 787 461
907 202 227
83 105 276
981 494 625
782 91 701
185 425 213
587 295 361
161 963 511
773 492 7
451 79 473
191 360 833
953 553 651
101 353 586
976 831 693
101 536 26
25 192 232
900 799 531
27 463 971
46 595 849
201 686 276
539 901 921
184 907 31
685 898 51
137 183 801
881 953 262
597 769 105
761 281 755
708 805 977
881 331 553
31 589 557
33 892 401
897 439 677
533 25 721
185 287 920
45 4 969
956 356 525
486 809 737
51 529 271
529 553 167
527 957 982
201 1 97
919 528 379
521 980 413
682 631 371
833 793 642
337 761 185
481 241 829
841 160 171
931 136 501
405 727 201
855 386 185
305 273 846
9 57 685
881 538 936
763 576 253
761 896 323
499 294 761
441 486 97
697 585 704
101 360 356
19 668 89
865 225 565
9 637 340
857 561 946
955 174 805
142 641 283
293 303 162
797 767 610
244 442 454
649 322 111
359 75 551
544 469 174
11 24 469
471 526 46
601 97 841
402 500 813
861 876 913
868 273 585
795 310 442
303 114 213
601 857 11
307 998 841
897 11 421
846 909 577
841 525 993
429 817 790
986 421 361
829 341 519
848 21 829
859 206 172
93 576 525
495 182 196
425 457 121
227 491 131
41 901 731
201 458 5
49 579 930
523 428 301
887 731 1
337 891 937
810 747 79
583 849 903
873 953 71
550 31 467
841 425 117
513 273 361
273 287 602
711 911 474
946 819 292
691 471 221
901 646 745
559 656 822
201 485 225
41 80 830
281 339 641
910 983 167
57 373 300
37 1 620
425 135 376
536 321 804
65 384 521
804 782 149
112 973 866
731 17 97
597 881 956
65 385 316
465 341 9
305 649 577
729 601 585
365 261 959
475 91 331
81 883 185
801 705 161
89 203 901
131 493 891
511 326 257
500 521 703
629 676 461
801 441 581
773 813 647
645 867 710
543 785 350
441 38 430
574 977 993
321 49 85
623 105 601
527 828 560
271 477 603
297 991 369
436 776 1
679 865 403
714 755 917
61 841 528
202 832 807
49 491 501
818 59 246
330 457 961
73 477 445
743 116 437
112 1 793
18 293 991
983 395 212
937 876 881
673 526 505
794 53 681
556 502 441
528 157 1
515 320 81
829 997 295
326 729 3
201 789 849
484 801 743
261 529 781
997 569 579
37 551 886
393 312 39
527 27 745
702 496 730
816 929 9
825 523 671
201 251 322
57 401 817
308 529 221
237 476 199
877 581 789
357 58 775
835 729 798
55 33 120
311 297 457
565 541 226
625 387 401
177 95 789
793 905 73
651 816 417
85 125 921
25 14 135
1 801 161
396 393 353
149 141 155
17 546 81
187 1 717
921 291 251
384 761 559
795 877 929
593 301 759
324 569 444
200 552 223
881 741 849
666 617 567
841 981 778
891 486 886
841 281 591
820 357 757
297 745 51
767 404 559
300 843 509
941 73 903
721 509 693
799 651 521
521 226 745
443 247 585
338 290 985
229 281 121
830 885 278
356 977 777
754 106 11
379 403 517
742 35 449
350 791 796
721 130 966
102 682 101
555 293 497
691 657 761
796 616 637
873 61 982
141 554 596
475 562 145
947 276 813
705 247 340
615 293 855
620 931 249
96 356 911
501 374 102
659 785 929
171 661 183
801 544 253
927 328 727
565 489 244
643 361 989
293 581 691
559 302 839
201 18 623
481 404 989
849 809 183
759 551 818
201 998 111
397 141 197
24 656 401
297 371 126
371 996 296
670 753 361
481 946 286
861 49 826
589 991 996
476 846 237
285 33 181
51 226 711
628 311 611
697 585 866
43 97 753
897 197 658
876 766 226
537 113 866
335 131 247
417 793 211
109 957 201
451 941 951
795 381 677
526 820 473
893 501 863
609 232 601
371 433 62
281 689 613
641 421 701
97 993 791
465 991 157
725 9 623
57 231 293
345 214 836
607 617 277
341 388 561
153 593 935
543 271 221
826 601 511
214 297 151
445 943 733
549 721 561
265 41 407
722 673 241
325 911 921
321 88 26
551 741 889
741 688 129
376 221 536
731 383 371
961 368 241
161 133 647
676 841 851
664 955 797
301 751 679
701 41 613
501 704 487
505 911 341
727 646 16
849 917 593
339 977 649
200 621 531
293 171 620
937 249 866
881 801 241
413 781 611
723 223 666
811 233 464
140 596 857
176 801 331
651 351 816
415 933 301
943 749 967
72 763 38
469 347 645
181 884 619
812 691 165
1 893 433
652 583 753
929 957 445
641 679 681
520 17 649
27 807 951
631 561 541
184 791 612
685 389 958
694 881 431
660 401 723
591 495 217
126 563 449
800 326 341
793 191 521
16 571 456
517 351 466
385 1 251
664 659 459
37 509 929
889 997 501
408 993 41
619 647 985
267 184 409
826 281 57
516 721 74
376 65 329
81 401 735
376 677 809
605 943 721
749 69 413
320 107 161
849 449 184
921 902 904
163 433 257
5 50 847
870 631 753
81 607 444
960 435 890
695 393 201
661 827 761
847 855 959
418 237 822
375 737 868
161 621 61
618 31 786
381 721 216
715 223 593
746 569 729
550 345 707
185 946 680
393 661 144
521 457 276
886 863 431
501 193 100
201 402 143
309 501 841
30 371 393
629 690 46
31 597 626
79 585 145
131 921 411
971 301 991
601 312 669
801 877 326
515 101 681
918 916 326
409 939 227
837 21 709
889 325 401
85 571 657
681 289 141
241 986 281
919 351 480
133 789 439
857 925 831
937 948 949
453 404 151
144 623 593
474 624 81
481 794 977
141 103 170
254 31 253
268 29 98
130 385 337
47 491 583
561 892 23
66 151 1
205 206 719
925 585 201
457 261 21
291 201 192
570 473 455
915 610 839
993 355 45
329 895 490
945 813 209
959 369 889
768 249 310
389 649 717
821 65 891
921 613 621
369 296 41
739 404 740
251 633 621
641 79 1
9 317 221
833 28 59
809 980 125
305 722 121
663 529 413
923 743 901
129 916 423
751 161 145
953 4 157
191 861 49
985 193 617
521 586 807
951 171 310
496 663 585
737 832 15
598 421 849
217 404 45
969 681 711
333 929 885
81 13 93
651 615 909
721 689 951
13 3 551
876 112 321
409 385 991
885 318 841
141 221 516
561 356 629
27 545 105
74 441 995
593 925 897
370 1 818
286 149 144
361 953 339
96 195 93
919 713 326
300 561 765
41 535 75
225 222 600
721 73 267
217 886 676
374 215 115
233 656 269
709 924 180
671 359 601
801 657 441
158 493 274
211 1 982
833 345 497
991 458 819
153 301 601
557 378 755
516 200 987
566 481 471
933 139 921
397 101 212
197 409 312
7 595 261
417 617 177
485 331 1
966 568 297
977 382 601
737 831 753
601 401 506
156 601 636
211 665 756
16 506 711
692 301 811
311 585 57
196 963 863
935 249 618
555 581 948
841 641 985
609 709 713
81 910 623
609 667 651
23 221 421
233 985 161
678 196 46
881 941 126
445 341 307
64 701 321
345 893 8
551 229 623
303 531 806
551 25 46
975 372 610
975 471 776
467 842 626
737 1 409
521 757 914
9 525 13
294 329 681
343 265 879
653 366 516
526 669 1
261 649 531
121 203 781
181 519 997
585 361 581
915 587 88
821 776 433
821 739 135
189 201 791
633 758 973
121 45 655
771 276 641
156 629 273
957 412 856
749 335 617
95 203 705
499 371 355
606 1 745
321 499 734
789 321 609
264 613 571
224 337 485
123 81 217
254 251 810
237 991 11
474 851 117
521 65 921
78 274 543
888 785 601
453 994 347
979 249 921
321 837 253
566 721 869
545 881 18
148 736 635
139 171 838
637 821 577
645 873 828
303 867 941
369 419 215
293 416 518
945 145 901
121 236 601
405 297 665
881 501 235
1 955 881
867 802 597
628 522 181
849 61 385
471 273 128
641 839 817
801 794 358
776 351 139
876 979 537
421 926 231
161 929 809
940 241 175
281 51 93
845 25 251
305 863 305
409 331 534
215 151 921
743 417 283
626 293 676
337 387 312
561 701 713
521 753 123
871 961 469
865 422 277
733 759 169
765 49 201
335 361 53
164 571 836
659 482 321
737 489 601
93 941 908
579 966 508
95 627 131
979 875 141
833 921 76
266 112 141
76 973 656
285 149 837
931 199 649
923 359 413
724 425 805
1 295 395
85 977 476
607 331 995
425 813 833
421 49 101
359 356 695
26 566 671
185 101 545
427 191 571
538 441 921
876 750 299
717 501 547
937 305 428
535 721 858
499 527 621
681 50 609
36 841 382
379 853 632
325 206 370
215 267 953
641 344 165
941 829 493
333 41 621
151 991 282
27 405 721
701 587 241
644 451 576
543 826 956
985 806 29
906 533 391
113 1000 777
582 43 913
97 127 835
41 77 302
831 854 521
471 697 329
41 191 787
116 265 616
601 803 968
709 681 899
141 501 628
154 402 771
785 311 267
610 790 582
453 439 801
601 47 521
73 509 160
46 730 578
755 296 567
501 672 387
716 41 331
401 671 431
352 256 304
413 45 751
122 897 889
977 337 681
153 652 689
645 169 82
813 401 369
839 931 390
335 852 981
601 231 329
987 965 539
684 433 756
633 549 497
253 663 301
473 201 198
283 201 835
578 89 301
621 21 182
601 371 521
924 857 200
201 521 249
911 591 325
167 616 148
405 123 519
447 708 439
242 949 797
651 597 557
621 416 471
353 481 497
875 126 191
11 641 416
985 921 464
631 929 761
721 105 678
450 725 255
329 521 348
607 368 583
741 729 640
481 869 694
761 896 500
606 226 383
545 41 276
40 521 343
761 217 560
870 388 723
239 1 815
695 75 447
149 745 575
271 581 985
306 741 465
747 746 851
221 918 549
944 783 249
631 805 891
588 311 41
421 137 589
481 351 993
674 434 201
961 951 737
661 931 491
387 841 709
406 575 745
890 409 201
538 817 571
462 910 641
935 971 849
711 375 245
43 171 950
263 235 801
301 308 385
696 95 501
45 741 271
81 369 55
19 806 681
953 817 64
731 541 761
571 85 126
624 29 729
447 713 835
626 199 243
961 457 964
857 681 201
673 833 401
89 793 108
747 153 905
177 121 677
909 229 164
427 155 66
726 137 673
281 891 345
270 133 376
63 747 94
892 816 706
947 733 105
21 353 1
241 564 546
41 861 321
277 181 880
809 723 336
269 279 876
126 587 257
801 321 136
611 762 105
51 781 524
586 197 432
293 336 669
569 751 553
501 947 390
493 393 353
277 759 818
747 441 407
209 584 897
960 825 461
726 681 497
193 41 539
309 57 640
561 581 321
713 326 905
273 805 108
876 537 681
94 601 299
273 291 409
443 15 950
634 878 169
197 803 243
601 693 569
411 370 161
832 1 274
681 23 569
701 775 210
97 427 778
349 351 83
741 293 181
303 217 455
949 42 803
715 401 631
250 921 41
421 569 902
347 7 175
357 626 824
465 611 520
876 161 650
763 273 946
672 7 249
620 146 177
361 602 2
252 201 816
283 433 109
91 626 249
827 487 221
921 457 789
592 354 120
101 736 927
197 941 81
121 489 335
184 957 490
441 326 669
911 789 909
671 297 497
485 194 386
241 650 564
517 668 447
559 317 761
511 133 866
490 643 994
521 959 989
565 36 821
137 239 641
891 459 376
993 669 585
189 771 161
495 41 97
425 817 616
8 862 841
209 81 312
213 553 933
91 9 899
845 363 706
1 561 376
969 103 122
990 858 510
116 77 253
436 527 607
857 740 705
4 963 125
136 486 921
465 207 519
559 251 554
607 293 798
901 629 282
913 829 241
161 169 481
989 251 829
679 681 711
741 553 450
451 31 741
682 706 217
661 59 891
579 1 921
501 76 259
709 28 536
441 673 641
429 476 656
502 358 721
795 821 184
441 846 736
197 149 110
819 998 897
319 145 609
841 864 743
511 761 777
268 857 251
166 180 5
437 31 485
773 238 321
97 601 736
970 201 191
241 297 287
612 7 210
782 112 311
85 545 222
419 825 57
598 865 908
486 551 145
921 789 619
361 810 566
416 927 521
577 813 171
426 785 471
347 451 511
311 771 460
827 249 133
73 857 381
521 759 434
121 565 847
943 390 37
864 533 329
181 382 726
251 401 349
953 958 721
227 377 225
921 81 260
175 784 386
791 121 161
907 993 567
917 2 538
675 358 838
231 488 513
191 553 491
761 155 845
722 871 201
209 417 19
117 941 556
45 683 39
249 631 551
129 121 925
276 862 473
131 922 681
1 997 439
737 993 521
900 493 705
376 118 143
141 212 121
197 512 501
17 609 851
351 741 250
313 233 511
991 171 116
334 753 399
951 575 353
675 761 294
526 5 813
449 501 217
297 481 385
475 977 87
321 636 271
851 907 145
61 293 51
391 404 475
77 157 542
106 404 259
7 442 797
277 601 595
331 823 233
573 525 581
220 841 977
697 841 386
789 575 913
727 6 848
25 67 235
357 901 923
851 23 237
911 374 625
107 891 714
601 894 726
681 489 390
508 893 953
889 605 753
207 346 769
439 24 99
764 809 30
965 591 31
631 801 425
267 329 432
539 305 754
924 701 171
75 325 11
257 677 9
497 334 779
141 989 603
833 731 373
273 3 521
301 373 791
349 225 812
487 869 105
321 608 403
97 401 949
91 631 748
931 501 785
319 812 281
934 691 819
173 309 745
641 51 998
367 367 671
673 345 501
985 369 929
369 815 297
61 568 325
351 746 333
216 239 737
921 186 176
41 545 485
737 81 297
406 621 505
289 351 271
961 625 381
562 45 826
853 698 237
651 375 682
758 356 245
241 707 501
713 475 767
891 193 741
950 243 51
923 665 513
769 192 367
749 64 409
961 662 405
647 809 626
110 721 362
617 405 574
826 959 664
297 411 25
689 836 833
114 492 361
499 265 31
443 277 740
171 232 361
697 189 905
701 452 121
357 143 953
105 983 481
530 500 523
985 845 341
329 276 253
41 301 618
367 987 122
218 793 41
201 268 735
983 501 471
831 745 912
166 124 971
93 321 510
728 294 73
501 546 433
501 485 47
517 47 769
801 163 729
677 725 841
143 59 801
937 651 985
776 621 21
251 231 366
619 765 441
321 461 955
735 787 533
667 337 571
845 351 271
17 281 383
840 201 411
281 673 505
756 231 55
544 801 518
726 561 606
898 595 691
47 957 512
191 539 246
67 451 74
889 285 321
717 236 511
911 236 941
766 881 437
161 686 6
35 603 874
24 625 113
711 377 661
349 961 129
587 819 501
961 656 731
741 757 49
211 409 487
51 436 621
230 201 457
89 501 613
491 643 484
941 263 725
977 337 795
815 473 26
377 201 923
13 367 312
65 268 867
571 129 246
888 465 421
321 286 218
901 801 105
851 829 905
106 551 111
153 583 3
565 97 25
826 959 321
241 897 380
526 733 120
493 794 833
661 139 999
273 4 317
749 729 521
797 26 233
65 677 329
287 366 389
281 207 786
199 373 26
446 979 259
76 17 819
718 9 101
734 201 126
480 504 201
480 396 585
495 123 601
601 106 309
489 940 909
726 649 65
31 243 933
821 701 945
41 858 161
457 381 715
826 412 381
491 921 65
545 602 581
104 921 536
513 57 435
837 819 27
251 1 476
457 897 889
190 571 7
283 523 971
480 349 876
181 163 223
585 237 725
133 189 420
490 917 400
137 431 918
991 388 33
636 1 317
791 741 536
626 304 81
92 617 789
541 598 995
421 891 92
501 95 75
901 161 147
289 601 514
341 413 707
993 781 997
467 477 809
401 677 929
649 81 251
217 662 241
441 41 535
777 881 181
451 297 411
534 871 357
605 245 68
287 357 905
969 145 454
191 125 213
723 340 801
583 743 61
48 721 475
66 933 141
363 819 730
377 601 297
185 282 775
661 382 801
31 233 457
675 243 604
193 201 193
543 521 724
429 97 441
444 85 848
271 913 333
176 632 411
247 179 751
784 209 199
224 300 227
865 351 672
185 945 861
731 809 785
784 655 421
153 931 873
985 29 477
366 992 931
709 961 803
835 476 88
761 576 316
451 444 601
793 329 597
626 649 875
48 883 535
154 956 368
97 236 661
181 626 569
464 593 915
313 869 361
496 299 514
466 579 957
169 331 520
785 740 351
991 153 993
65 601 643
889 405 668
914 356 321
345 293 141
1000 400 141
497 881 948
975 293 646
361 496 640
889 306 411
829 105 790
793 621 5
577 983 897
95 411 781
785 453 281
419 114 74
74 181 15
707 731 43
836 669 137
47 586 881
924 516 247
933 215 430
1 153 688
449 823 52
281 701 961
53 741 795
711 795 737
935 45 511
934 491 273
121 71 361
221 751 161
539 267 481
176 144 119
41 651 132
285 165 659
781 225 261
869 17 401
433 36 36
597 701 905
806 921 686
962 961 640
435 351 577
227 355 271
340 495 289
961 768 648
737 945 815
353 336 36
28 997 142
665 616 453
645 351 248
143 373 229
296 201 239
835 65 361
328 429 761
400 413 967
925 935 931
458 842 100
901 21 392
213 625 507
853 129 428
153 461 405
711 795 105
333 589 817
136 15 657
572 585 45
172 968 813
873 399 537
791 533 661
405 837 501
735 754 828
51 622 561
965 142 894
689 901 451
67 377 219
641 306 745
504 281 963
149 761 945
818 309 871
958 448 361
849 43 735
401 951 961
319 177 317
121 989 505
233 371 153
583 947 626
806 739 89
471 18 103
268 382 309
493 993 141
231 595 401
545 441 721
651 981 381
305 102 861
604 34 101
201 314 656
281 437 873
249 833 833
661 747 966
719 751 401
865 191 177
839 926 811
1 961 476
642 249 369
369 705 268
361 57 633
327 541 281
63 997 620
798 636 617
656 355 371
59 546 991
56 503 194
29 835 675
417 41 637
729 601 76
818 181 695
130 798 325
371 996 322
301 311 679
971 965 205
751 17 511
587 441 631
954 501 199
885 39 361
553 844 995
357 99 943
89 875 136
37 727 426
465 256 242
369 416 942
965 115 617
825 934 669
566 981 433
722 441 911
833 905 86
852 152 759
169 821 226
556 838 541
318 915 506
851 916 501
329 343 411
517 725 185
210 541 427
115 209 281
545 281 636
86 90 789
129 501 781
291 301 194
802 969 519
189 369 810
65 548 373
531 235 512
94 165 926
310 128 616
545 911 329
371 773 867
521 547 605
416 831 854
985 947 118
401 29 496
857 255 754
191 677 860
875 576 9
63 241 50
614 285 833
309 98 66
302 685 743
993 941 36
351 979 781
621 983 41
633 353 955
251 526 689
385 681 201
59 633 951
733 270 911
497 175 83
285 624 132
646 475 864
141 953 392
393 825 995
725 297 927
113 141 56
897 919 127
945 387 25
457 994 853
313 681 452
156 911 297
536 466 481
229 914 893
545 306 35
985 941 220
897 957 441
361 485 589
601 830 261
395 56 818
145 613 413
401 103 785
901 242 249
381 337 690
597 133 222
701 194 151
201 791 481
871 713 144
925 105 981
911 25 273
881 686 7
895 305 635
522 967 113
176 259 631
751 311 208
411 135 429
749 49 936
293 169 106
27 857 638
746 685 585
697 701 575
21 761 504
986 869 366
431 329 191
121 771 56
773 812 553
193 58 485
417 926 1
787 501 455
946 189 736
199 95 849
783 714 889
764 187 196
333 365 421
226 703 701
25 721 153
177 645 971
777 401 241
276 421 62
816 481 161
701 217 99
401 35 809
16 311 977
271 251 281
706 461 585
705 97 677
353 167 963
779 777 616
479 841 915
864 223 928
31 105 249
938 857 877
345 961 276
907 539 53
586 207 35
701 671 661
113 753 25
249 153 266
529 312 136
943 81 101
748 301 79
189 956 534
682 419 651
428 559 145
561 992 841
426 717 169
883 971 315
777 459 501
336 391 390
279 249 745
348 633 206
183 345 41
31 369 940
51 611 885
981 337 105
229 21 56
873 545 901
921 937 613
765 343 26
313 747 996
397 689 965
83 951 321
766 969 942
789 833 345
371 897 920
729 390 151
845 288 201
861 669 741
999 521 806
221 316 618
965 887 575
811 571 505
601 844 131
547 129 861
306 495 226
577 353 225
856 129 115
476 781 40
673 111 160
569 971 146
628 771 739
365 801 391
314 845 311
122 509 801
119 658 326
731 214 929
35 545 951
201 721 893
500 655 7
146 506 375
451 870 188
447 941 176
731 321 117
911 554 796
519 761 753
628 857 195
634 357 986
218 513 21
351 361 291
801 472 951
230 736 565
405 861 835
763 741 311
661 821 973
481 797 197
253 399 545
515 199 465
982 448 313
589 765 152
591 889 387
881 195 530
567 611 889
964 1 596
406 699 36
41 393 51
317 345 729
895 898 581
81 539 183
224 124 670
740 57 801
686 245 794
151 57 14
720 356 1
828 536 378
269 698 489
36 479 573
71 581 370
702 122 737
43 688 299
841 577 599
181 975 325
59 76 161
702 656 233
217 408 800
773 102 656
513 255 601
37 381 346
63 363 577
312 591 239
505 73 987
293 718 715
166 673 978
902 516 939
586 993 811
194 261 815
633 151 817
921 214 223
281 695 673
367 597 829
507 883 389
1000 255 39
319 224 311
293 526 369
341 175 895
731 761 751
137 478 644
323 295 147
833 584 257
920 981 826
517 641 517
391 429 657
817 657 555
339 393 587
154 420 669
969 845 269
493 896 774
681 1 959
293 645 395
345 271 936
121 496 866
231 221 111
862 871 981
539 89 177
279 795 1
696 169 723
501 426 849
596 449 379
41 584 281
693 671 576
213 53 363
761 189 114
511 301 482
42 299 209
53 625 929
951 135 285
802 851 849
433 363 29
797 481 785
261 436 386
812 197 85
576 641 122
865 323 21
284 465 760
41 419 436
913 272 500
545 887 206
299 3 801
853 729 109
71 411 728
534 407 721
120 377 95
975 161 403
256 225 221
279 636 817
681 541 197
73 753 801
783 765 869
357 726 425
351 71 97
721 781 179
301 941 801
789 881 72
551 574 31
991 517 193
231 533 696
577 825 301
329 253 941
684 209 193
499 700 907
933 110 984
312 600 437
356 947 521
651 453 36
769 581 731
188 358 701
681 591 416
853 231 25
656 821 881
881 313 450
126 51 326
13 561 745
568 867 39
586 15 785
725 485 909
69 893 217
356 809 405
329 381 165
681 361 621
626 548 280
7 685 716
239 388 265
434 308 964
417 289 415
46 990 719
751 359 257
501 49 381
913 677 919
661 342 778
835 681 894
862 487 115
632 165 345
737 569 953
326 391 668
781 576 291
306 440 686
282 715 471
475 478 267
221 865 846
625 71 989
731 241 651
1 901 529
559 191 309
499 690 901
266 717 508
117 27 461
843 151 987
906 141 770
474 498 819
918 794 161
793 753 505
561 217 71
753 245 131
380 752 198
231 532 759
651 1 605
45 671 553
309 241 745
57 353 273
587 897 554
590 213 645
363 474 965
441 116 737
26 397 353
166 885 408
920 665 245
643 562 226
941 589 757
425 1 785
65 531 37
51 761 601
949 721 701
177 901 376
668 302 87
725 118 965
340 941 185
681 271 509
74 767 438
952 684 974
897 825 609
715 723 984
503 275 185
971 306 841
353 993 3
588 681 481
311 621 969
47 355 611
275 279 709
677 365 313
441 563 337
327 401 411
797 558 716
501 96 588
641 699 57
947 226 154
296 329 633
871 389 96
161 587 537
401 857 756
721 33 46
901 137 8
449 137 65
608 651 531
559 75 230
511 73 205
441 777 351
537 895 161
606 91 668
353 575 826
851 345 521
833 847 833
21 45 76
829 473 600
583 169 686
760 67 500
865 801 865
523 177 191
221 513 995
939 958 771
335 544 451
185 921 352
883 562 9
942 681 865
567 68 449
77 524 309
971 951 429
577 449 215
705 499 547
56 561 104
941 76 801
878 467 611
366 885 177
137 451 859
845 835 715
17 655 521
333 251 819
935 681 41
929 901 118
871 616 491
165 425 760
289 121 642
41 105 937
65 215 297
89 849 696
301 59 935
1 521 293
225 985 755
13 766 841
426 751 926
713 673 853
846 433 997
585 158 561
545 993 443
573 175 47
45 663 312
411 129 164
521 81 773
491 11 97
833 921 145
51 469 262
161 991 426
431 49 507
243 13 982
637 609 2
806 981 805
346 381 503
923 469 884
928 491 996
576 217 345
645 561 838
565 371 549
902 150 747
401 815 695
81 665 509
831 1 181
571 115 808
199 911 721
603 345 895
990 651 71
193 661 685
381 97 846
833 976 711
411 261 659
150 724 953
624 265 161
151 581 829
540 291 463
913 722 33
621 729 727
781 470 625
601 101 941
729 401 573
965 661 140
129 609 701
185 201 513
641 875 746
27 991 939
601 168 491
701 306 891
617 447 173
89 357 769
87 861 393
508 793 113
911 829 307
681 989 981
49 499 141
111 408 266
709 286 249
792 411 29
36 491 191
659 241 997
381 896 1
19 589 737
919 919 264
25 906 725
21 329 465
505 40 167
271 167 840
735 731 53
417 331 95
53 887 258
496 756 748
288 687 859
285 943 444
9 534 569
921 627 283
69 374 305
626 697 290
869 743 161
321 757 587
286 131 65
345 981 325
436 283 827
341 589 424
945 601 376
951 751 921
7 184 76
893 845 463
904 811 957
494 973 222
16 673 165
257 984 501
823 611 135
441 713 706
342 441 839
318 549 755
507 933 226
476 289 597
257 65 801
35 14 817
81 821 929
867 811 741
681 19 701
261 767 696
207 764 464
491 186 519
57 341 312
782 31 141
265 206 914
497 806 816
711 113 279
65 309 705
376 85 334
461 409 269
353 758 54
180 274 579
179 9 873
80 31 283
159 796 851
391 533 901
666 789 751
901 40 663
970 33 15
286 49 50
649 768 741
771 501 737
219 686 451
773 629 433
626 569 61
785 123 421
717 628 249
641 85 545
851 960 339
349 702 969
529 667 817
87 613 967
527 381 977
473 313 271
953 973 21
213 27 873
161 726 423
212 815 966
330 241 854
425 196 687
711 691 35
995 126 801
36 111 913
891 833 515
209 595 698
393 34 626
1 349 941
402 910 781
241 457 701
836 984 491
1 903 91
441 223 697
559 813 259
887 93 51
611 673 497
411 993 673
549 115 160
793 149 201
547 604 510
781 213 315
537 91 689
651 565 776
632 518 829
429 786 534
473 17 826
135 301 929
909 443 192
841 838 283
573 521 321
785 380 913
195 158 605
769 21 23
156 227 431
386 206 565
604 941 762
337 429 756
591 539 361
161 763 345
823 126 476
715 577 851
889 276 926
961 83 122
522 791 761
593 801 926
421 602 237
899 311 445
557 401 961
102 136 814
85 862 751
251 69 751
746 641 902
523 505 918
236 309 401
99 621 530
836 841 401
872 65 600
213 957 129
541 31 545
631 751 356
597 525 935
862 823 881
268 586 366
407 981 75
861 121 81
261 805 287
491 323 166
589 881 938
277 987 127
519 765 397
536 487 301
944 428 445
308 793 355
361 933 639
480 539 647
603 575 993
841 99 889
627 114 285
118 776 276
841 831 640
405 350 213
481 49 641
889 183 101
601 871 470
967 746 605
125 153 505
701 9 611
375 626 103
293 467 161
873 802 1
858 816 634
421 20 749
191 602 145
141 180 739
401 341 889
451 349 616
565 233 861
218 20 371
340 976 827
558 117 747
126 301 527
677 213 73
302 435 905
65 601 420
725 760 249
326 631 365
51 279 839
76 221 839
995 126 601
857 626 909
867 47 162
657 785 172
369 165 409
270 821 931
9 431 447
636 251 256
563 73 529
341 406 965
165 221 477
105 555 696
601 94 976
899 859 966
238 681 837
489 97 746
955 69 13
933 993 333
838 946 418
286 857 684
201 826 293
871 800 754
609 810 165
616 945 196
558 453 395
55 947 541
41 31 289
581 401 760
701 501 997
827 759 811
830 276 734
633 541 641
821 601 25
283 307 101
373 729 521
506 103 941
591 563 131
181 299 173
846 911 642
393 203 385
359 367 176
393 264 521
329 545 181
754 675 111
121 941 551
449 381 61
332 533 749
500 137 692
129 210 607
457 57 240
465 145 434
41 684 577
971 359 346
747 696 936
51 225 407
1 395 351
599 516 892
345 435 268
39 191 531
757 801 849
29 506 201
822 248 586
345 841 883
263 461 206
821 171 313
1 204 538
539 154 881
211 692 841
667 449 441
289 353 192
997 424 185
840 622 253
637 569 441
120 201 241
513 797 742
47 707 194
48 552 567
581 61 929
687 450 63
604 549 465
395 753 1
881 581 868
145 581 970
621 704 914
713 43 109
637 163 465
956 413 509
147 801 981
265 610 154
721 713 601
641 243 377
465 8 177
2 244 884
261 829 591
31 601 83
981 557 938
406 527 249
597 726 233
570 351 769
657 721 549
15 386 795
893 82 701
512 145 770
141 785 658
311 382 839
832 537 501
645 563 481
696 895 679
917 899 743
433 217 143
689 751 863
486 653 171
321 126 973
193 233 376
695 733 908
901 483 636
169 177 844
769 565 219
295 857 1
877 169 580
873 247 756
641 365 73
681 37 116
337 424 201
263 845 441
205 861 447
592 445 1
563 801 997
976 371 577
809 733 937
731 231 292
280 995 2
795 26 628
554 833 801
701 154 533
503 559 167
291 931 381
341 601 33
346 777 389
734 731 921
881 841 769
501 829 785
633 761 129
81 681 401
681 310 495
376 799 727
891 85 774
26 563 345
191 561 461
763 61 973
883 926 971
460 976 899
111 143 145
69 271 841
536 501 313
833 407 670
569 53 817
195 851 935
139 224 140
604 553 625
569 91 581
701 801 765
413 306 761
903 54 445
289 626 366
603 481 57
725 106 337
639 546 993
421 701 517
42 217 433
141 340 385
391 149 300
252 239 593
406 80 189
451 112 385
485 379 464
593 17 23
694 57 191
962 711 781
933 105 243
89 865 33
25 917 333
117 294 739
1000 977 829
1000 214 1
595 793 651
279 681 634
506 975 103
336 388 901
1 196 526
459 420 271
732 613 444
383 5 843
425 817 301
789 104 281
123 661 553
547 751 863
13 539 901
426 441 489
661 939 983
37 439 769
385 646 331
704 182 857
38 953 893
775 793 951
941 10 441
323 61 811
132 177 64
824 405 833
71 801 371
83 1 534
631 195 725
876 545 41
775 721 581
561 39 21
781 154 504
651 953 769
189 507 765
401 739 25
821 716 643
333 710 777
193 299 93
826 341 113
811 226 84
131 401 974
85 706 651
393 246 881
656 717 901
801 295 36
863 901 761
841 101 41
131 437 369
851 650 950
417 190 361
637 857 436
581 885 91
182 865 457
913 549 581
565 566 243
759 617 877
85 601 821
105 479 881
1 291 801
285 889 821
641 283 553
11 17 281
401 917 561
41 481 988
655 391 781
746 702 391
185 773 41
764 285 917
766 289 777
156 351 77
861 429 767
310 701 377
642 359 471
851 490 421
870 77 51
138 624 201
1 141 605
46 361 118
734 200 867
634 817 237
393 587 741
395 984 13
885 799 153
977 245 489
781 513 965
736 647 501
33 56 304
353 661 2
127 109 47
245 97 423
876 441 786
718 946 141
151 472 349
869 574 801
231 514 727
809 821 711
937 577 204
97 57 121
851 785 979
33 389 473
110 471 282
587 309 266
832 565 91
126 188 259
1 359 136
884 651 204
780 431 575
292 193 629
25 887 307
431 75 623
830 963 816
789 96 576
223 847 823
667 409 349
969 106 233
73 441 372
321 9 79
423 247 381
243 923 67
249 616 132
474 452 243
933 657 819
213 271 914
916 666 250
181 395 650
995 701 729
917 840 605
851 377 933
817 961 359
333 977 661
481 713 161
885 783 837
718 769 601
601 288 50
694 31 713
318 517 877
121 433 176
577 616 629
313 801 955
501 195 169
201 866 916
961 245 1
790 563 329
269 155 601
995 949 561
649 263 26
161 97 143
301 457 735
81 53 834
713 161 825
929 9 86
111 571 281
977 851 87
197 321 585
15 796 474
325 325 975
551 201 183
350 891 57
57 301 801
643 811 521
425 553 211
477 393 718
10 983 414
969 848 57
31 521 661
151 631 401
56 422 41
801 609 129
28 135 137
821 721 901
491 881 498
446 753 321
20 375 37
511 401 269
916 724 951
446 761 993
867 742 665
551 300 329
77 565 509
538 932 357
236 9 385
733 416 865
81 652 769
711 257 739
829 287 511
17 81 751
616 285 664
170 685 641
65 526 856
604 218 37
139 286 409
297 181 741
824 665 753
431 413 689
871 883 957
887 141 966
167 600 929
656 341 599
487 633 223
556 137 941
501 690 321
977 785 17
401 895 225
627 3 28
763 921 57
850 842 82
746 825 600
337 695 213
973 232 41
202 58 283
538 593 621
284 841 311
377 840 97
457 791 820
41 283 209
995 936 477
383 271 722
971 556 525
506 111 966
802 637 21
454 414 301
273 431 961
981 297 121
33 121 132
917 895 771
726 105 876
191 313 985
28 167 795
608 321 203
786 645 641
698 557 506
801 137 66
440 826 787
121 697 433
968 408 638
125 229 293
710 281 987
833 391 961
61 729 461
669 379 675
820 701 121
745 633 361
343 937 721
711 341 332
245 253 527
321 703 386
521 875 281
915 185 416
421 499 851
877 449 431
480 617 849
553 20 486
444 449 101
144 901 13
869 633 749
697 322 113
241 593 254
172 96 901
127 487 324
7 457 421
97 129 265
169 316 433
189 441 75
911 381 97
915 196 281
649 533 929
173 381 975
571 291 489
745 901 865
301 869 206
146 276 13
481 593 501
151 354 33
406 201 757
148 121 373
597 113 873
287 146 943
277 777 176
73 157 961
497 61 276
815 551 361
447 967 615
849 461 998
207 49 71
791 641 969
779 822 337
330 511 976
270 541 49
587 275 36
401 665 265
820 655 325
729 29 201
611 391 769
856 841 516
725 226 825
828 58 609
940 163 51
994 893 346
652 527 296
801 720 553
993 24 457
637 243 526
49 981 625
965 697 287
839 461 985
701 205 181
541 221 449
940 826 973
881 313 900
467 970 163
964 71 889
465 229 901
161 231 549
980 773 598
951 642 577
781 63 658
537 101 1
829 921 564
616 141 479
327 257 521
533 691 281
64 966 971
941 695 725
235 226 785
936 714 185
645 303 365
601 652 612
989 255 141
291 701 814
742 793 751
61 729 587
445 771 782
755 709 354
30 825 971
941 279 26
555 947 561
639 73 671
46 399 508
1 811 831
779 554 755
945 281 875
826 973 454
291 763 172
698 823 818
323 637 217
565 391 665
421 233 90
845 911 186
565 105 5
314 297 209
678 437 202
441 703 521
134 71 361
171 137 841
467 945 828
944 989 803
215 786 163
729 691 594
351 461 552
51 96 311
351 430 761
376 716 696
845 800 391
705 776 726
847 761 301
841 761 516
467 297 551
685 518 941
836 391 977
233 985 674
401 741 197
881 201 897
342 599 994
410 931 221
463 416 417
122 601 44
481 721 553
2 785 261
431 100 250
400 431 826
669 276 34
513 817 321
361 268 425
773 910 608
461 32 903
41 387 491
556 611 921
536 284 824
547 305 937
597 728 913
951 881 899
576 277 173
1 727 445
369 413 633
323 867 663
940 945 405
897 569 66
809 276 681
366 502 255
993 47 210
305 497 165
781 626 551
169 364 645
677 908 481
825 969 921
15 240 363
302 465 129
111 393 777
355 760 192
674 801 961
975 949 138
541 501 560
721 741 767
861 997 281
511 881 305
826 839 125
820 722 743
601 707 153
437 603 476
841 41 998
801 941 769
261 857 145
733 105 639
511 597 226
61 59 859
849 741 341
241 987 797
195 736 1
421 641 1
201 937 659
571 539 840
471 441 17
351 897 747
818 977 745
157 625 276
477 9 353
304 785 121
696 441 381
37 234 171
76 311 171
548 629 48
11 833 435
434 487 364
106 33 361
849 223 404
811 653 325
861 494 37
291 873 169
353 644 461
449 84 456
597 505 593
281 641 175
401 273 577
391 701 191
451 905 493
90 1 999
671 36 976
1 447 997
896 431 976
329 153 891
553 391 263
394 336 869
573 165 195
588 408 361
487 780 705
879 256 573
306 348 173
279 787 541
401 276 641
471 443 473
25 425 706
902 737 265
158 153 426
941 737 722
748 221 670
317 781 909
985 116 221
316 499 217
913 661 941
601 569 426
181 801 381
405 211 421
961 617 292
871 671 241
626 353 389
155 863 949
300 937 213
645 65 141
718 345 839
739 324 31
161 645 781
501 979 167
633 193 823
311 344 301
375 581 989
676 396 215
276 261 61
68 96 376
807 211 978
603 696 787
889 685 785
703 445 729
824 286 211
9 842 565
780 151 249
844 425 792
619 523 789
433 198 593
897 871 761
809 45 681
217 941 886
31 717 591
972 143 129
897 365 255
701 93 237
487 593 881
29 905 51
641 772 109
237 226 146
410 447 184
761 789 65
553 901 596
951 553 391
109 172 449
791 505 109
101 629 305
266 705 486
756 419 693
585 330 585
717 356 245
584 950 880
581 763 753
667 663 551
972 522 41
426 217 72
286 106 72
209 321 929
915 808 161
493 291 758
7 939 329
351 481 841
169 481 690
287 369 533
766 909 745
941 375 959
223 425 333
95 505 704
498 153 711
563 500 406
931 751 256
631 871 81
129 170 271
937 240 467
321 751 873
29 501 57
444 117 372
34 305 280
371 286 591
563 697 279
151 850 796
451 889 925
713 185 753
115 955 33
895 701 14
451 811 523
861 833 704
477 48 175
831 458 789
47 968 104
769 643 460
421 189 513
121 133 177
921 901 441
553 645 698
57 937 551
140 412 401
837 969 601
647 385 920
463 841 796
273 722 341
673 67 689
123 191 741
201 871 1
44 351 254
541 766 673
943 252 848
537 430 493
290 911 436
530 6 385
705 531 328
113 909 236
101 745 41
421 769 641
65 53 215
311 201 216
761 301 126
85 11 461
761 621 733
139 275 321
845 307 426
497 945 941
36 331 831
470 628 234
201 551 451
565 26 339
69 689 877
793 503 41
137 516 751
837 663 505
914 3 111
125 481 685
942 137 765
216 913 901
521 601 346
302 441 83
203 145 61
665 711 604
309 916 201
934 193 937
816 309 275
540 771 921
771 931 261
945 326 882
446 423 121
796 943 851
211 483 321
241 482 139
177 613 297
833 551 1
940 417 431
791 413 830
151 657 665
301 489 313
413 964 593
153 109 154
732 676 159
948 545 649
126 706 309
766 925 706
261 616 46
307 161 721
937 594 257
295 381 689
46 784 343
780 499 953
876 704 973
311 631 236
211 711 47
216 416 529
357 366 856
401 31 245
665 907 89
171 292 29
137 959 41
839 585 901
997 646 437
551 237 497
