3400
107 174 859
841 457 961
897 892 99
953 960 17
561 34 386
801 993 601
161 701 221
37 666 745
25 149 873
438 640 271
575 999 585
851 241 521
753 451 87
101 473 866
381 878 819
686 213 831
811 261 825
661 201 409
699 315 612
538 771 361
312 807 669
461 972 3
385 297 27
461 883 567
505 361 34
333 974 145
50 801 735
961 345 201
193 97 369
37 853 65
81 295 271
673 345 611
139 207 803
249 13 839
487 101 807
199 365 101
641 571 501
289 659 81
825 393 201
204 777 249
551 6 341
556 186 751
817 66 251
553 38 905
763 321 797
276 466 380
513 329 108
556 646 941
889 721 431
912 91 887
745 981 56
565 642 481
971 241 601
481 769 297
538 498 815
561 161 473
529 601 825
824 527 610
770 133 753
721 273 383
879 801 47
316 985 711
625 23 419
945 700 213
633 681 785
831 337 501
81 993 917
773 737 79
293 97 742
461 775 831
571 937 203
837 908 345
241 28 392
330 652 769
710 883 736
855 781 776
193 859 117
650 463 921
725 5 659
253 257 617
427 161 885
81 282 116
391 233 285
401 706 45
391 783 868
481 961 841
36 506 754
257 594 461
750 931 231
261 953 329
306 467 945
460 585 610
196 580 496
401 603 777
865 505 673
417 923 529
45 333 943
759 631 453
484 856 191
281 421 913
479 23 181
555 493 801
17 476 105
79 469 801
279 377 733
549 265 671
631 249 377
411 193 689
355 591 254
769 1 665
505 921 766
954 555 296
653 605 996
401 698 11
291 604 942
930 151 713
761 421 753
457 17 751
961 911 121
787 991 261
509 417 291
705 321 931
236 1 486
537 985 707
710 27 801
27 853 677
709 945 221
161 781 671
972 392 215
206 24 869
411 834 335
573 245 755
256 888 686
969 881 985
994 913 921
451 196 694
62 583 211
736 887 278
623 751 321
816 917 915
530 356 381
426 110 421
257 402 827
495 666 355
564 493 69
65 351 951
703 89 136
431 656 797
215 375 506
521 449 305
503 381 206
97 969 721
627 457 679
339 425 181
15 222 633
558 977 833
753 171 225
759 851 253
193 933 313
41 21 941
81 251 853
879 13 876
296 105 132
6 519 161
3 449 329
436 713 433
211 921 1
561 731 569
661 877 671
409 553 836
249 641 339
6 266 674
453 707 575
913 561 621
41 834 161
817 905 951
401 872 863
997 215 367
61 231 145
381 342 943
316 136 249
396 129 201
849 701 46
533 161 271
609 873 629
36 499 545
265 686 41
621 516 321
236 125 281
53 418 851
213 161 812
740 651 173
941 949 121
401 13 995
137 93 625
681 931 113
326 197 463
169 289 41
229 351 980
913 82 107
571 272 645
991 625 609
493 605 89
705 795 341
249 705 151
401 761 219
351 7 497
609 336 311
54 833 296
136 685 741
257 704 491
837 751 801
873 399 46
759 231 201
128 470 558
281 832 801
465 537 251
13 340 969
419 276 83
289 921 341
471 681 295
525 851 170
63 179 821
67 779 993
264 849 401
477 91 110
531 649 326
665 116 721
228 81 362
939 197 785
304 901 985
925 295 641
231 732 721
107 997 981
357 256 356
846 341 829
820 485 985
641 369 706
677 796 341
825 923 733
926 94 766
226 657 852
9 393 73
999 137 428
552 976 526
594 999 33
784 401 656
511 1 1
285 357 651
777 83 49
785 241 520
705 925 77
465 201 729
567 137 641
1 769 973
171 981 161
775 557 951
949 837 232
929 177 967
644 435 3
521 317 345
945 769 100
792 833 561
878 361 986
491 716 909
97 1 463
416 536 878
185 199 825
663 657 401
281 551 876
492 470 96
113 661 17
126 121 871
119 717 955
262 166 137
664 293 60
241 25 665
972 191 601
289 409 738
101 571 227
167 35 48
999 966 435
603 69 866
141 669 560
413 329 159
497 711 333
969 131 926
118 481 201
361 566 981
251 635 601
1 518 553
964 563 973
113 751 164
503 1 905
991 35 337
815 305 306
631 19 390
1 161 251
793 991 329
499 846 521
401 27 641
799 147 601
481 413 680
143 387 177
151 297 933
261 876 147
46 451 356
647 17 421
693 752 585
401 981 100
946 349 481
721 656 881
873 787 852
312 772 741
338 932 265
677 861 904
901 900 393
149 441 921
95 273 513
705 506 912
647 645 209
851 97 233
321 878 146
389 401 609
761 161 377
199 862 454
713 43 249
441 233 977
354 453 73
341 545 821
793 986 475
89 383 91
270 462 238
151 371 997
721 181 371
213 9 967
348 729 818
830 156 377
951 905 125
458 743 425
771 489 559
265 424 22
140 513 923
581 501 945
547 462 661
11 105 101
161 514 721
400 613 316
851 129 235
861 570 926
806 908 307
25 593 740
635 883 1
823 461 537
169 14 851
394 508 117
536 361 669
838 243 381
891 706 777
480 123 188
793 461 428
855 960 41
777 252 369
143 545 484
801 431 611
666 254 691
493 321 726
888 561 642
955 153 505
151 409 133
832 91 519
385 444 70
421 851 743
581 452 69
569 641 319
721 616 17
171 889 249
449 896 527
251 489 211
939 685 971
771 361 377
921 429 377
201 274 235
456 673 620
167 495 747
637 521 36
833 371 221
479 367 481
228 926 123
280 847 961
773 718 138
151 176 246
873 269 323
625 439 321
405 481 626
841 543 71
745 496 969
463 269 622
419 674 892
505 571 679
51 465 707
785 325 501
818 517 301
297 382 6
586 28 961
8 78 702
359 4 713
289 876 325
263 161 839
1 909 561
969 355 735
691 621 671
337 375 811
537 488 441
366 385 868
986 801 690
289 939 771
901 513 816
145 583 201
283 233 665
656 517 551
311 465 1
847 829 439
899 676 581
929 925 769
521 139 603
971 388 906
425 778 792
642 375 345
816 671 521
711 194 185
569 929 661
472 333 289
681 861 321
801 997 549
697 269 711
869 69 292
544 749 303
69 870 953
691 571 49
122 881 929
180 560 57
724 93 497
113 81 289
150 13 213
539 257 177
825 469 665
893 584 436
60 415 1
876 65 681
501 440 797
422 431 391
926 33 321
277 295 551
714 701 514
711 842 375
809 913 801
221 222 185
85 377 666
6 745 308
951 517 719
421 672 793
17 63 536
771 673 516
621 51 271
633 814 526
593 253 323
781 867 149
879 59 644
669 759 165
984 612 700
101 731 605
808 783 816
103 800 905
536 681 104
33 44 739
1 17 765
39 137 121
746 145 819
555 491 393
733 635 415
905 186 566
977 961 205
867 363 461
444 221 593
217 1 773
97 547 877
318 811 199
609 741 133
51 887 329
687 376 705
665 621 476
417 837 251
835 991 459
974 368 673
702 617 73
837 817 101
641 211 97
977 385 795
377 205 769
801 525 563
738 388 431
132 921 923
449 453 378
305 47 850
273 440 381
94 633 658
697 789 529
305 506 613
660 781 937
746 908 357
251 9 771
201 94 393
88 523 184
26 367 244
811 681 13
201 824 672
995 152 91
493 821 169
301 889 595
900 325 569
790 169 449
213 877 323
821 509 486
251 409 540
425 658 291
81 894 680
501 968 991
944 949 391
267 936 26
550 241 453
665 136 811
724 183 541
68 201 793
193 955 567
823 70 701
508 316 361
297 14 717
481 362 913
369 763 558
317 912 189
401 777 196
97 233 97
283 546 771
903 897 47
408 743 733
610 309 313
666 854 61
792 552 501
225 429 275
621 146 843
991 508 131
901 879 716
200 85 1
313 397 83
469 841 108
270 175 421
146 477 197
708 81 884
745 301 973
241 331 621
1 201 298
337 357 991
497 585 416
657 734 451
981 881 81
26 357 329
291 305 738
777 149 955
328 676 241
385 461 353
537 346 433
616 1 677
386 725 8
635 381 617
519 199 683
921 374 681
433 464 347
259 707 844
751 262 467
5 366 529
209 337 879
273 832 611
969 595 361
610 254 521
90 296 43
361 857 7
93 537 201
388 814 992
79 141 995
242 741 680
472 998 821
330 1 353
281 3 393
947 86 478
175 549 703
345 316 418
619 103 517
265 459 1
289 129 867
889 744 641
441 137 959
943 940 311
369 621 233
731 229 986
491 346 591
617 905 706
836 539 5
829 189 387
619 453 163
929 971 451
576 190 465
120 887 516
365 13 809
831 417 225
569 300 643
241 515 961
725 585 492
221 255 418
800 481 771
386 278 737
819 901 177
29 817 86
625 951 121
777 395 704
877 481 501
417 275 325
375 101 861
446 37 201
24 711 606
329 61 877
695 207 593
525 376 334
641 184 376
665 808 920
243 491 331
941 488 391
353 215 942
407 941 741
211 355 189
350 119 849
421 801 908
116 937 161
951 528 431
552 215 101
915 561 581
359 256 752
31 265 307
641 701 441
327 801 29
905 278 171
41 257 381
221 4 207
40 585 501
474 66 276
47 491 635
602 181 827
953 559 665
421 244 153
14 113 105
5 801 577
263 349 333
631 713 483
761 631 513
161 571 459
415 233 331
363 360 49
541 917 266
142 57 524
171 532 40
280 783 401
484 723 273
801 367 737
775 241 959
385 441 11
976 282 841
672 451 865
831 497 977
276 11 859
776 52 85
327 701 770
915 319 110
573 203 913
721 93 725
101 170 35
223 966 345
621 354 217
341 263 793
851 911 176
26 1 501
256 461 511
142 201 601
997 157 171
353 863 503
601 341 981
433 705 601
887 121 974
20 688 451
91 221 385
813 776 928
393 281 873
801 965 817
201 855 1000
177 982 859
736 873 945
506 276 277
865 105 709
881 157 109
526 755 651
759 401 949
609 1 891
271 319 416
877 781 666
733 181 46
993 340 321
301 742 943
441 17 241
70 857 69
199 623 88
645 975 409
244 482 977
169 300 577
601 109 866
159 531 323
303 903 301
601 473 779
169 901 405
1 805 869
466 405 305
729 700 777
81 595 697
831 633 315
871 131 629
251 695 648
411 98 435
580 276 350
221 155 241
27 59 577
976 253 283
950 826 441
724 522 321
45 71 810
412 759 209
857 401 405
91 281 76
765 291 89
305 275 279
62 181 422
545 546 141
166 221 743
509 988 381
644 359 861
521 835 201
17 196 495
102 533 685
533 409 616
491 87 999
265 321 773
153 253 369
817 526 224
444 773 375
697 760 867
267 83 945
998 631 14
465 869 565
480 781 251
757 233 150
633 1 261
231 80 201
327 449 984
693 229 233
161 723 79
929 218 709
136 859 725
313 379 51
479 151 69
976 195 214
789 970 357
241 901 256
611 360 760
819 429 77
806 561 695
739 150 984
654 53 596
71 110 801
141 686 641
701 129 917
799 555 361
201 401 201
871 481 308
1 2 917
39 649 743
67 702 251
155 461 345
591 495 149
207 603 153
698 585 457
741 598 55
277 329 166
849 559 616
859 494 256
581 725 618
808 401 457
747 731 445
560 677 461
863 235 90
134 283 398
681 92 453
357 505 121
785 515 499
201 537 451
169 189 479
32 886 711
209 113 416
611 621 809
189 241 153
481 230 471
785 801 601
881 439 862
402 151 601
959 25 617
606 74 799
331 515 546
409 905 123
446 729 969
824 36 570
631 858 885
746 393 513
723 57 985
1 356 795
337 355 315
876 676 903
823 641 337
326 359 11
248 775 105
485 439 941
317 40 963
205 125 617
896 921 881
676 41 344
213 361 549
465 895 146
158 629 313
621 477 895
393 131 513
663 224 841
571 165 192
319 501 521
459 526 698
441 591 467
49 91 782
759 281 943
617 455 220
125 146 57
1 891 801
745 393 84
473 673 417
191 721 945
997 737 969
181 926 321
571 862 26
938 857 809
453 976 281
91 521 209
167 612 262
251 761 284
391 508 151
545 601 37
960 270 487
909 769 406
165 913 261
660 905 326
95 584 55
306 276 997
923 899 991
401 521 705
401 742 376
20 57 827
571 473 755
26 853 713
851 660 585
721 811 289
861 331 632
589 277 590
617 311 751
681 378 505
937 927 412
120 167 573
861 74 368
593 288 29
331 347 326
250 755 21
321 665 411
450 968 761
318 386 793
306 671 401
601 369 577
275 270 759
633 415 637
458 241 589
671 424 665
814 321 886
521 905 655
835 955 777
165 697 673
965 941 337
48 241 453
269 505 921
260 351 929
1 965 953
433 682 876
121 953 561
452 426 721
196 588 216
1 341 101
225 25 118
181 275 209
998 664 553
855 809 980
273 981 561
410 977 363
133 815 773
213 646 655
1 341 947
105 549 104
675 333 223
189 407 317
161 201 835
128 615 401
261 739 777
637 319 879
449 876 121
856 591 416
432 401 998
545 431 449
553 813 561
71 361 61
903 806 455
113 149 993
732 17 833
632 111 490
401 5 451
843 946 43
401 821 71
703 1 977
612 437 905
212 111 457
185 331 845
242 481 83
999 998 257
395 177 347
330 476 501
660 889 577
932 497 845
830 919 369
6 377 623
611 948 121
692 64 877
816 875 785
543 559 575
145 296 393
569 538 829
606 961 582
997 353 299
209 426 539
925 354 472
58 766 687
490 241 497
861 1 964
991 614 1
796 875 81
678 326 729
783 751 42
776 151 31
16 351 216
697 529 361
886 514 101
682 617 1
49 341 153
998 373 387
481 305 542
889 887 747
721 921 911
769 446 482
569 529 699
611 981 836
889 135 169
30 16 375
116 863 761
54 544 381
227 133 461
317 177 403
931 525 381
306 73 201
845 930 165
552 871 909
401 529 501
341 253 746
417 933 1
755 301 381
175 489 126
321 521 159
437 339 321
67 741 33
741 370 413
281 674 490
181 952 537
805 563 161
230 633 681
252 126 579
263 953 337
764 342 113
893 137 190
81 741 491
591 96 291
713 936 215
309 236 332
953 960 89
228 17 160
862 827 876
769 818 621
181 331 43
731 64 821
691 416 477
347 561 521
137 599 863
531 353 865
547 569 881
181 421 531
501 71 925
631 191 1
689 1 977
951 633 861
614 309 784
527 205 897
968 755 709
759 495 73
431 189 499
693 654 997
51 382 411
622 46 582
371 867 931
321 211 529
913 465 849
416 996 61
131 677 449
513 511 400
92 489 873
611 97 258
981 959 295
759 332 658
316 597 869
349 547 946
913 918 154
881 3 557
649 691 925
736 167 756
913 537 626
591 249 993
841 560 765
936 337 577
910 801 882
233 557 400
366 839 948
17 191 309
580 651 455
945 741 822
165 1 913
241 411 512
465 889 927
609 985 683
151 229 411
549 614 699
964 401 121
501 299 286
180 786 556
353 647 651
325 1 231
281 466 455
981 35 520
477 851 919
16 253 783
393 131 889
722 485 861
225 446 173
697 764 845
391 19 623
649 634 455
421 783 473
581 551 875
521 761 885
444 677 807
19 343 839
878 381 657
833 17 680
193 153 671
323 189 363
626 783 297
453 351 291
17 777 676
211 801 193
449 233 925
553 901 288
523 432 684
236 149 901
91 371 650
161 149 151
457 234 121
950 86 423
119 953 344
753 275 345
81 421 501
848 869 336
413 15 951
323 421 735
729 105 385
385 861 961
130 81 161
537 481 386
866 953 83
665 793 398
641 198 648
1 793 442
258 381 321
689 751 974
633 631 718
181 696 775
626 22 654
378 9 33
57 187 941
305 231 464
820 657 479
161 334 551
98 864 489
26 513 405
824 507 217
381 240 861
355 417 104
1 593 484
816 181 801
958 390 621
151 801 561
619 405 43
692 537 181
132 701 177
977 872 621
169 587 195
883 781 189
142 349 627
826 849 677
232 185 855
497 233 301
137 466 889
806 69 787
961 715 76
100 249 995
785 542 109
784 940 126
657 289 225
922 206 377
471 226 801
613 848 872
790 903 833
237 399 801
578 101 176
521 1 761
501 338 793
421 701 859
303 626 904
838 378 9
259 626 233
793 897 701
967 585 33
715 21 293
775 325 29
611 649 702
96 557 817
659 245 553
892 431 545
305 822 629
973 395 181
315 1 841
241 857 59
593 171 217
959 609 881
345 839 365
566 408 489
145 713 105
288 451 779
953 953 357
233 999 626
327 469 694
69 1 649
597 25 833
227 799 557
721 901 882
661 251 977
701 383 569
548 650 185
649 51 575
956 685 252
281 676 677
661 21 679
180 473 883
737 397 976
961 789 516
421 143 951
949 441 691
43 863 81
756 853 181
45 1 941
598 500 745
971 513 257
59 827 900
751 281 51
777 880 817
551 130 849
277 201 497
183 873 301
97 770 65
107 812 448
16 183 540
53 701 385
441 196 649
447 41 881
435 177 836
249 790 41
549 583 211
800 601 616
953 19 721
625 591 968
1 751 755
177 787 771
497 969 76
601 9 913
161 49 181
1 439 60
189 344 993
233 686 430
801 661 56
223 465 353
405 303 726
53 753 876
926 915 403
869 263 836
881 372 667
601 786 417
801 509 868
585 105 481
195 331 553
689 903 692
771 845 25
421 317 821
188 153 466
163 643 944
937 706 644
135 371 841
631 521 100
963 649 855
989 917 457
617 687 604
273 301 601
615 580 791
830 316 989
303 369 491
18 681 166
321 193 891
829 256 212
153 186 537
149 81 651
661 531 421
445 713 50
655 6 597
361 960 475
601 243 42
877 98 665
911 84 101
705 627 26
315 801 918
955 913 271
626 876 41
35 876 101
1 88 542
361 653 779
275 776 169
370 649 25
967 587 526
933 293 865
626 822 1
281 10 801
337 921 865
273 153 781
881 481 955
748 511 293
561 758 305
411 681 646
744 718 213
261 693 875
663 113 553
295 213 619
701 829 273
121 151 797
642 789 817
469 132 419
289 929 179
951 177 357
336 827 91
976 761 668
37 347 786
876 431 969
146 231 203
193 226 774
701 659 648
41 186 978
687 677 733
341 29 181
568 553 650
341 213 507
46 125 651
389 743 5
57 667 601
265 60 410
273 581 197
794 709 751
581 191 663
281 266 961
447 637 333
873 481 940
803 638 17
159 75 251
451 389 121
641 939 641
196 301 769
280 136 861
111 467 61
881 201 993
931 339 125
608 569 591
496 287 473
650 555 669
581 99 673
589 503 697
584 573 5
147 107 505
272 295 981
569 127 805
799 501 567
626 621 17
857 622 876
805 101 225
380 577 926
91 793 459
576 921 681
821 681 723
169 401 787
391 275 621
629 143 205
935 937 607
521 821 520
676 453 851
961 133 755
190 301 801
383 872 761
576 171 733
813 561 130
431 973 713
193 447 826
513 162 734
803 108 663
955 757 4
837 25 377
861 686 936
961 711 241
477 201 9
350 740 733
793 917 345
614 448 166
753 249 863
996 721 529
144 696 93
997 895 225
501 53 718
711 346 461
549 158 649
975 1 1
66 257 511
891 625 833
26 581 256
100 661 654
37 861 827
357 561 455
481 864 793
605 188 721
101 751 865
391 95 353
17 3 982
556 191 325
990 561 131
437 447 281
957 386 104
617 528 977
585 336 516
114 585 976
787 225 721
475 981 384
33 97 333
237 506 917
313 752 9
877 581 161
563 245 277
406 913 601
301 261 401
203 927 3
187 211 606
136 78 211
473 190 17
641 781 908
303 921 203
631 724 469
715 441 501
329 606 169
831 958 693
376 738 453
37 380 209
34 962 65
337 89 437
687 594 881
843 207 806
355 183 381
809 565 555
686 376 174
651 935 919
471 653 289
297 403 351
849 191 941
881 921 857
785 84 153
876 59 391
889 909 531
1 401 741
326 497 529
495 993 401
24 503 120
873 337 737
704 484 33
21 361 893
1 851 901
301 681 670
253 13 665
501 110 151
373 17 724
351 473 844
913 679 533
617 713 886
369 514 279
421 701 106
293 401 1
441 501 238
178 209 436
365 837 27
842 577 881
905 619 745
551 287 366
401 921 451
901 802 328
76 41 921
553 214 649
203 401 799
705 560 701
517 431 215
537 33 407
908 406 913
793 601 663
384 231 801
209 225 849
299 165 135
885 695 125
882 351 152
226 601 291
955 805 209
417 124 345
1 961 149
946 846 868
661 589 696
141 297 55
678 209 599
841 895 256
463 869 841
173 115 43
821 157 875
601 41 383
829 774 401
461 59 477
671 265 810
913 120 111
85 268 849
791 115 51
695 721 889
811 683 603
886 351 337
401 283 675
967 603 421
929 801 176
225 368 817
338 795 797
701 347 559
911 736 397
302 816 869
273 633 885
861 51 463
271 336 554
476 543 616
747 916 787
791 987 197
585 601 773
601 271 192
923 119 521
761 569 513
471 520 421
21 253 265
455 1 919
513 297 961
264 613 962
414 345 801
351 535 617
165 621 258
795 769 344
126 897 49
27 393 601
1 56 301
595 386 233
157 425 1
898 25 976
273 446 157
147 436 697
254 722 973
269 303 681
796 553 707
391 331 455
697 739 853
217 506 821
551 665 63
673 979 896
857 476 65
418 232 739
630 881 210
391 945 793
532 327 782
269 341 537
661 721 945
251 462 901
262 207 157
275 471 671
437 745 448
685 124 329
301 316 663
31 813 633
151 616 706
418 701 465
981 397 826
150 126 71
521 307 761
601 677 611
847 476 606
290 810 333
796 389 975
156 821 176
851 637 355
13 785 412
180 804 231
801 381 930
801 737 181
767 727 639
232 291 203
637 26 491
1 455 737
853 638 597
776 159 473
833 47 85
241 873 112
771 88 573
737 755 691
41 105 951
477 78 693
201 1 626
969 299 631
161 126 689
833 195 712
441 628 801
741 397 685
901 81 89
172 624 801
973 401 381
568 341 666
679 251 169
667 523 795
68 777 783
325 437 341
118 393 837
665 756 467
799 492 341
451 637 285
605 38 826
651 581 75
431 8 41
196 161 331
913 236 787
791 470 387
516 496 606
954 125 171
547 744 700
5 77 241
679 884 174
584 345 633
281 773 141
177 617 563
973 277 577
751 545 730
751 333 985
322 733 651
966 49 300
357 877 969
913 741 176
81 829 547
5 447 481
249 139 298
282 361 281
225 519 579
749 817 101
831 795 902
741 521 26
151 951 706
35 121 926
382 261 941
101 663 421
89 931 105
881 414 253
557 913 251
56 793 788
601 607 811
123 17 569
717 945 1
550 379 359
909 244 837
439 641 837
59 22 668
1 161 441
945 485 826
929 533 125
131 416 487
593 573 37
905 297 861
361 632 961
513 427 351
167 911 387
385 624 297
797 594 214
593 503 223
289 329 886
363 20 161
121 478 192
564 594 217
951 341 827
499 367 679
400 234 753
545 651 651
43 220 581
161 860 767
821 776 846
201 487 551
697 708 25
138 481 285
91 24 290
99 916 479
996 161 25
305 451 831
361 278 401
83 627 169
613 378 177
187 97 861
884 215 788
541 345 630
869 473 257
513 345 281
201 276 233
503 121 289
894 211 969
451 880 104
691 663 766
399 241 941
781 89 573
541 742 386
726 937 491
165 157 917
71 939 925
730 541 156
881 458 161
29 753 731
217 962 49
261 130 121
341 81 615
543 913 461
939 701 633
2 977 961
411 701 570
719 805 159
601 590 689
901 741 913
514 628 601
277 956 288
193 482 493
801 738 884
301 499 56
10 617 501
26 682 616
679 996 189
471 431 781
602 181 549
753 51 761
1 15 676
666 364 187
508 661 383
859 15 121
991 817 76
991 794 199
590 895 37
51 627 101
251 523 439
834 754 991
154 888 705
288 21 17
761 741 981
831 658 618
89 162 355
825 419 161
576 57 1
961 463 81
913 996 171
159 865 739
541 107 97
793 185 439
541 356 636
438 503 55
751 564 931
241 107 997
543 61 35
829 218 751
557 676 599
345 226 606
698 334 936
41 489 24
1 437 123
576 297 496
409 979 268
270 581 911
581 525 901
197 666 21
587 598 759
681 162 529
241 663 589
203 303 201
181 179 121
481 621 593
751 330 609
605 591 106
834 461 27
301 97 365
665 211 791
32 713 775
512 700 587
215 475 271
312 4 622
718 161 241
353 332 83
638 108 843
273 222 189
390 295 869
677 351 863
108 525 661
961 73 272
647 497 30
840 721 641
105 515 351
958 885 639
601 316 826
361 701 153
201 981 616
957 370 566
220 141 411
513 318 101
725 993 214
201 224 6
217 675 185
609 101 935
610 238 876
237 345 823
207 429 346
41 717 237
997 709 693
261 1000 501
1 361 1
291 159 993
165 82 559
331 157 253
694 321 164
457 563 139
302 686 961
537 137 169
942 281 349
639 241 937
237 336 253
244 626 701
203 41 761
235 781 57
386 146 673
526 174 793
52 233 421
723 141 675
325 751 426
921 537 233
801 685 47
111 96 311
901 725 881
861 277 601
889 187 424
686 251 581
978 547 391
601 889 253
743 865 296
679 281 92
14 833 695
256 713 967
812 775 275
257 177 453
545 666 861
217 733 297
201 8 238
371 613 481
909 741 865
527 150 126
123 851 629
455 843 991
461 775 1
321 433 921
984 833 373
281 959 575
451 61 401
336 381 411
763 446 634
936 65 817
138 225 81
265 5 69
229 513 403
505 639 576
481 991 17
167 986 319
557 873 805
638 692 735
601 653 1
959 189 69
493 667 505
566 111 281
905 122 743
118 918 809
917 246 48
801 803 985
89 823 461
106 135 101
508 829 992
375 342 851
425 821 885
881 601 317
723 380 305
149 210 448
951 133 25
431 829 83
225 331 513
382 545 163
481 573 37
397 551 217
297 721 951
991 41 191
967 952 429
751 339 521
460 685 877
341 65 925
505 72 273
491 833 641
976 251 494
321 197 971
697 993 201
365 846 717
725 761 437
351 91 97
961 21 167
901 507 345
628 311 421
554 75 652
481 565 361
530 28 391
651 863 1
681 501 134
803 657 611
465 153 271
751 719 874
259 714 999
226 483 77
705 994 662
256 441 411
261 279 491
281 369 841
237 23 350
761 121 21
233 271 571
916 181 251
892 785 271
990 945 197
501 386 958
807 834 507
79 646 770
725 116 593
981 937 735
616 383 146
624 943 101
143 661 329
801 552 313
796 821 681
91 491 991
848 325 851
345 345 265
485 111 186
112 501 939
207 163 627
976 395 121
559 210 717
221 842 218
243 41 705
56 829 381
331 925 485
843 276 174
248 357 81
341 646 820
462 65 977
762 233 751
313 773 199
653 783 785
821 861 451
963 21 993
645 311 33
85 89 692
7 803 961
357 102 441
799 685 601
803 145 653
121 985 253
769 989 353
117 649 673
785 641 996
687 489 9
69 81 928
361 781 612
499 742 86
387 718 986
989 593 849
539 284 393
969 654 941
733 298 195
417 31 207
32 9 325
232 527 654
801 51 203
22 422 793
837 522 596
803 759 861
443 251 417
281 865 529
229 863 857
532 601 417
481 299 785
137 613 729
728 185 510
905 171 137
615 263 453
677 256 367
161 399 215
417 653 301
467 898 471
307 777 651
209 548 721
888 697 141
543 134 332
57 603 801
566 370 631
723 281 413
651 155 602
253 33 121
661 401 457
137 961 786
417 31 551
227 408 94
145 940 145
250 991 801
621 917 13
816 377 639
375 409 411
754 177 345
433 433 73
206 689 477
301 50 781
435 642 262
577 385 96
199 917 862
823 321 222
69 966 12
596 741 444
624 429 365
709 993 757
242 331 411
936 793 918
301 689 973
241 433 51
331 201 129
826 617 579
857 821 914
872 523 565
81 681 753
346 711 100
1 604 481
353 949 361
593 785 361
363 864 841
41 57 486
1 205 797
521 661 452
313 960 539
485 37 145
913 25 311
771 456 834
959 612 641
825 598 289
136 571 936
425 105 569
195 164 482
412 45 896
349 783 51
918 129 315
493 32 411
109 697 447
949 137 121
289 706 683
137 73 681
375 599 601
561 501 959
19 83 299
821 681 593
518 791 923
553 309 437
943 515 233
425 421 534
993 131 681
363 56 881
707 885 749
249 46 837
961 951 137
496 265 973
281 441 548
271 229 594
715 563 533
209 458 281
595 439 751
682 293 617
102 11 901
841 909 641
85 488 853
217 417 501
19 560 729
957 207 312
111 28 333
617 279 756
588 741 393
821 841 124
849 649 52
920 321 449
513 196 901
661 279 213
975 981 476
169 513 453
341 249 321
831 673 726
292 677 687
713 557 217
136 540 529
964 432 577
776 881 465
191 441 538
65 257 852
941 133 130
88 540 51
976 931 491
258 951 260
417 285 15
819 89 788
121 442 386
73 337 329
573 180 825
328 173 189
857 307 585
961 121 531
167 280 346
1000 403 751
305 943 364
380 487 259
681 360 741
251 966 415
364 924 1
618 245 431
49 734 513
249 265 639
57 441 925
5 935 71
809 745 141
642 186 386
531 373 385
821 865 216
969 541 713
386 351 424
416 941 881
993 350 121
553 676 667
541 912 489
351 355 665
495 273 61
677 651 73
543 365 846
109 705 163
801 681 623
241 223 805
309 437 564
652 1 411
877 456 911
75 841 129
501 83 367
35 905 515
584 656 735
153 39 526
189 302 946
571 356 33
677 435 977
321 501 48
473 733 681
484 948 801
227 201 445
364 864 664
481 326 619
228 599 423
129 996 501
507 575 908
173 957 905
215 529 836
73 425 660
225 521 281
541 589 866
626 704 743
489 612 89
129 701 577
325 296 735
331 667 137
601 351 191
583 711 76
673 325 536
509 247 304
444 223 991
289 793 597
225 163 15
635 345 165
698 256 437
22 593 787
110 6 449
675 237 765
587 97 283
306 81 716
809 557 755
241 393 514
15 73 158
700 17 805
233 225 477
177 361 25
273 503 519
743 449 375
465 809 805
285 866 454
145 161 173
18 789 464
382 619 79
351 683 501
285 579 501
41 371 849
351 575 561
454 67 824
250 731 245
850 44 93
131 193 675
945 731 881
73 174 493
93 931 201
825 491 821
534 413 581
223 520 58
733 39 801
731 896 89
509 313 501
481 367 53
665 920 110
976 81 156
341 61 61
506 913 428
881 770 215
353 201 177
21 671 361
309 952 618
385 117 546
262 33 257
296 570 369
341 213 897
999 79 537
757 21 81
449 37 666
167 765 687
341 537 231
440 681 31
349 1 83
885 636 713
845 538 291
636 722 847
132 94 441
521 875 153
366 575 446
899 753 522
449 221 741
937 414 208
628 437 927
529 778 496
774 191 478
593 914 233
744 235 521
405 373 231
551 155 746
411 817 601
951 937 643
71 24 902
650 521 465
79 471 817
683 290 114
691 481 11
405 930 901
176 249 993
37 676 214
191 942 790
444 772 957
821 689 761
975 993 201
61 527 196
201 838 9
645 678 201
121 676 161
117 594 809
331 80 141
84 951 121
361 938 486
663 201 41
850 890 702
223 509 265
305 336 417
729 593 417
665 135 595
633 413 73
326 527 705
225 7 401
21 809 51
334 753 473
41 805 291
524 792 30
341 356 633
757 332 469
15 333 187
811 1 581
969 236 113
777 821 767
653 941 575
290 431 353
237 856 272
513 531 596
682 457 795
330 659 579
66 565 375
631 936 351
203 961 549
191 769 831
766 383 737
916 890 285
499 51 911
229 329 403
682 161 479
573 138 551
441 894 51
122 29 1
705 665 905
921 620 435
341 395 365
717 41 689
486 225 937
701 41 802
973 329 876
797 857 661
857 596 133
293 641 511
807 628 289
305 186 533
621 926 138
587 667 301
815 821 351
291 300 610
531 126 101
177 5 975
221 412 481
208 521 331
426 609 779
46 33 5
799 545 786
447 396 813
245 221 161
418 201 376
161 416 281
831 1 370
861 971 65
949 301 53
873 305 811
981 479 216
239 326 844
385 397 675
829 89 787
349 43 876
285 999 101
841 275 642
527 111 919
441 971 667
441 709 601
201 268 221
421 1 124
221 780 189
417 517 874
165 979 257
49 728 777
153 457 346
805 177 521
105 1 441
277 81 169
521 706 561
660 796 149
831 911 928
785 401 361
456 782 626
889 393 456
429 665 543
364 953 82
15 297 73
437 817 121
149 579 948
305 766 165
893 905 712
241 86 985
81 5 657
721 696 801
117 631 649
853 421 975
747 668 991
875 631 329
613 841 995
9 226 161
801 336 567
713 897 201
41 881 278
133 790 33
551 231 609
701 660 361
942 677 339
732 289 401
665 65 561
487 814 433
128 506 657
321 101 141
645 355 143
304 101 281
163 457 466
901 762 233
25 209 308
243 61 552
807 852 757
861 4 351
573 546 528
97 837 867
51 725 706
587 477 922
161 957 421
258 470 725
694 705 857
225 493 757
841 561 872
865 637 338
258 285 181
30 376 273
499 348 861
501 383 593
746 544 81
667 825 648
105 857 594
623 762 618
3 233 937
643 485 409
156 945 182
868 903 755
665 825 773
609 373 791
387 417 169
411 495 387
337 413 193
809 441 126
156 671 31
825 236 221
611 385 251
749 802 49
721 887 640
35 112 606
41 864 409
101 561 59
521 683 81
522 785 909
937 941 100
656 110 136
951 237 406
359 722 25
27 526 436
160 657 312
300 554 795
682 481 624
881 691 629
601 226 790
546 895 701
524 185 311
873 321 427
517 673 953
632 785 630
532 81 953
676 492 905
174 68 411
673 573 91
223 370 357
265 649 380
941 813 75
893 493 3
406 49 126
401 706 806
840 265 178
325 897 842
63 801 399
801 107 935
726 761 443
641 447 461
73 651 369
949 713 364
109 361 825
308 33 649
742 961 199
185 913 489
337 257 651
166 472 601
897 353 285
276 703 100
51 378 679
1 217 849
747 857 671
33 529 789
707 889 690
872 33 79
671 251 959
92 294 727
905 785 423
207 253 887
401 556 21
364 842 393
415 237 550
589 603 157
249 463 25
473 297 76
655 469 95
538 205 976
21 741 727
468 961 331
337 468 681
923 509 879
639 506 501
825 266 706
961 541 391
579 561 501
901 431 794
5 201 751
861 219 583
989 769 635
416 522 632
801 569 140
815 346 269
241 695 376
369 924 693
569 488 501
708 336 451
641 726 381
521 509 711
531 209 773
741 908 366
713 15 28
471 297 921
471 121 468
541 159 21
920 163 493
511 827 361
843 529 901
715 409 33
790 49 937
725 97 971
577 381 871
177 921 403
287 292 221
974 449 501
971 981 733
899 412 417
391 513 521
9 871 232
313 361 89
280 121 555
670 732 836
132 521 416
641 45 333
515 688 391
601 49 576
974 993 777
697 820 339
109 371 476
139 827 697
901 170 294
805 462 939
427 753 412
965 737 626
201 549 555
671 777 483
259 501 688
691 865 401
151 9 183
303 979 634
416 236 965
927 704 25
536 245 866
776 280 41
761 601 94
254 997 861
153 17 153
89 371 649
873 441 851
398 426 457
543 526 206
941 401 996
115 357 235
891 797 630
169 880 855
836 837 66
772 574 178
213 193 429
598 961 435
999 302 877
765 947 985
771 357 739
435 803 509
909 175 409
146 439 234
855 896 281
705 339 525
249 733 842
65 986 66
186 57 638
578 609 389
705 397 441
243 57 119
903 257 736
76 206 793
584 485 205
271 831 43
541 385 995
869 593 81
489 977 421
99 266 302
791 935 601
506 531 317
376 301 746
841 651 982
111 828 324
801 633 145
314 674 215
951 129 391
831 509 151
313 899 445
505 249 897
823 257 551
311 676 976
638 389 743
574 455 576
827 437 181
773 307 770
213 734 796
992 598 809
965 963 637
97 620 69
1 821 453
66 961 249
275 813 600
907 299 941
951 941 133
221 809 193
989 889 651
233 263 987
585 95 605
497 601 387
966 696 81
388 816 759
541 861 457
746 714 708
637 657 425
87 476 1
801 293 101
601 328 863
393 486 201
401 916 611
51 139 132
685 849 521
177 366 313
751 399 911
211 397 913
913 163 334
853 160 199
209 474 269
705 25 983
425 115 559
889 176 515
123 308 629
947 294 164
125 576 281
669 337 29
385 969 577
337 633 241
222 961 213
852 349 197
65 796 649
914 875 806
903 207 397
256 369 235
696 769 981
681 3 17
725 289 1
917 361 364
521 980 999
912 165 486
941 241 702
911 601 883
309 1 851
121 189 973
33 911 731
997 285 849
567 881 645
231 438 505
964 105 489
167 956 217
385 826 939
865 553 289
281 221 401
481 372 203
493 369 317
897 767 649
161 833 161
126 69 314
429 766 179
667 67 782
997 345 465
230 489 801
191 653 247
349 61 199
801 148 601
873 448 815
747 593 545
677 515 607
119 909 725
939 854 493
789 426 577
497 341 229
851 574 7
767 834 86
439 1 66
39 621 317
281 232 756
961 720 924
901 205 73
641 230 465
505 857 414
102 861 361
345 741 505
449 11 69
271 627 609
473 20 557
589 703 517
97 457 406
377 501 857
601 575 521
947 718 673
148 501 1
699 877 398
360 293 356
11 161 301
537 743 288
385 321 219
626 775 363
337 481 687
406 125 447
459 707 757
699 457 1
1 144 661
473 961 787
177 857 251
345 802 69
89 973 457
476 709 751
522 461 193
905 481 585
633 571 401
411 661 384
421 811 441
823 345 511
209 225 961
729 551 205
276 626 463
366 841 148
441 625 48
709 121 661
981 715 659
644 831 121
379 559 517
117 828 671
74 817 555
401 539 153
668 801 701
769 740 381
357 243 979
341 101 811
21 810 556
960 288 316
949 633 801
781 416 181
270 385 771
581 13 607
966 731 10
929 410 707
401 1 771
441 677 462
425 829 625
907 881 504
629 121 235
817 540 13
741 36 89
993 117 421
596 576 91
575 477 596
129 947 886
295 494 108
231 89 351
460 351 441
517 925 521
301 330 774
921 801 446
931 901 581
935 386 816
139 951 651
781 407 249
406 293 877
801 977 681
45 675 203
981 785 475
281 484 393
80 700 405
26 245 681
361 612 582
81 561 561
918 826 631
150 428 261
521 869 351
747 919 276
737 750 175
881 799 989
446 174 568
442 353 661
297 313 684
281 601 25
584 777 337
705 967 786
351 173 271
964 25 490
155 717 534
453 666 697
732 427 453
33 49 485
14 201 209
739 891 850
341 711 99
37 641 855
272 217 79
743 101 405
212 381 495
206 47 321
25 513 901
337 489 205
463 523 251
585 141 29
779 681 651
269 727 823
830 845 536
589 966 274
501 406 719
736 453 337
617 469 461
198 801 392
161 401 777
451 29 905
441 202 585
986 546 633
351 343 666
886 33 565
147 903 648
388 177 551
801 477 337
441 791 205
563 621 121
543 321 101
425 667 305
375 405 743
597 420 685
465 911 149
496 694 483
387 701 289
801 909 925
843 260 756
494 191 667
226 390 217
857 338 501
551 621 719
225 380 611
822 73 569
535 141 561
872 861 641
246 391 901
63 509 336
477 81 546
214 137 824
275 170 921
329 680 821
437 643 415
481 921 1
886 696 797
387 569 879
984 446 909
645 194 914
373 401 451
441 486 823
466 651 189
253 11 207
489 829 966
100 326 129
774 485 793
953 181 538
19 630 229
103 86 528
977 901 729
705 290 392
537 493 620
353 948 327
601 149 505
301 651 873
501 808 179
411 981 526
329 71 376
370 654 461
567 797 891
137 53 651
121 281 465
841 886 751
671 938 71
129 621 449
257 871 580
81 543 604
728 297 240
901 681 681
71 281 700
189 201 5
609 513 1
177 661 705
986 671 182
156 896 425
245 620 243
894 151 55
831 221 257
833 379 727
21 582 917
138 467 251
307 557 1
785 677 805
698 69 111
805 985 895
258 895 442
188 730 811
752 87 901
898 925 871
896 309 751
953 681 477
81 676 951
981 159 666
960 661 688
732 37 446
83 313 462
699 949 371
299 81 254
513 747 287
521 136 89
196 821 630
393 811 901
237 545 992
913 301 873
14 511 753
770 545 961
813 986 261
669 176 941
65 499 886
551 981 867
261 841 16
573 932 981
711 481 855
438 239 75
551 921 561
593 932 735
878 60 73
741 574 86
403 55 351
339 194 445
57 831 81
657 201 598
826 690 126
175 104 661
562 305 21
716 458 41
66 951 196
657 744 902
451 457 957
313 251 701
757 153 955
321 428 747
583 991 221
701 73 270
176 126 381
419 571 751
669 551 909
641 19 721
625 711 970
377 351 393
561 885 803
537 379 606
201 370 41
545 891 389
661 332 933
316 385 613
781 771 626
521 617 521
107 77 821
183 263 56
219 321 976
193 880 915
242 53 33
27 916 241
195 210 955
472 969 169
201 226 953
740 716 733
341 177 113
353 861 501
784 784 1
561 264 773
921 881 659
309 251 167
418 307 870
372 202 39
297 601 657
489 510 771
497 9 627
896 546 377
402 819 853
24 585 569
257 705 861
801 268 323
716 941 228
342 483 27
747 671 268
201 59 673
411 422 909
693 626 28
156 949 769
151 931 753
66 101 208
801 761 549
737 931 951
983 160 951
335 466 619
916 74 869
541 937 1
437 737 920
291 591 5
341 263 491
810 338 393
501 271 631
837 961 773
572 751 706
216 720 555
291 813 121
417 645 119
625 234 110
421 41 511
30 831 698
481 813 453
327 211 601
898 273 343
226 11 116
519 810 203
945 42 573
494 757 300
11 451 481
241 529 620
93 701 265
925 853 561
841 857 491
865 821 638
163 493 857
790 617 295
195 908 685
831 376 291
869 784 613
971 128 433
347 117 821
529 281 57
529 384 297
569 656 193
39 555 991
871 264 979
100 197 101
287 753 759
143 461 804
553 465 321
197 599 620
761 471 811
497 605 509
977 256 380
441 2 801
186 352 978
841 649 247
986 295 733
721 409 681
829 483 567
515 401 66
743 235 326
773 921 695
791 597 241
235 409 931
355 23 671
625 341 837
38 525 468
321 617 493
423 326 10
801 241 81
587 105 137
519 391 273
142 849 1000
748 617 321
461 497 625
157 475 12
163 25 357
625 262 803
71 147 537
581 65 745
932 16 272
961 509 949
353 711 875
239 767 681
82 771 861
22 665 783
626 990 61
289 885 361
386 571 301
82 907 571
331 507 226
259 155 353
264 573 213
561 488 856
421 9 798
500 617 713
68 919 959
5 756 177
415 525 78
145 541 362
549 369 539
667 77 1
505 733 921
651 523 547
398 133 340
561 771 436
462 235 221
291 21 681
343 658 474
829 513 76
288 441 401
496 942 89
176 669 800
929 872 825
729 649 763
809 19 999
988 547 569
979 951 945
45 481 1
633 959 658
823 841 313
665 449 551
645 347 123
414 373 340
902 745 102
471 97 633
411 21 839
106 71 805
807 885 440
43 444 684
351 327 525
813 221 885
723 718 581
609 31 32
117 869 305
367 129 21
461 419 519
898 868 401
649 213 553
593 1 465
213 601 257
664 933 67
182 563 771
285 359 506
919 551 1
546 296 701
369 774 739
210 589 411
870 177 124
361 915 121
121 216 141
625 387 401
305 209 141
761 137 465
738 14 895
206 161 185
291 368 79
521 161 566
865 843 675
1 295 235
286 217 861
65 215 659
873 467 617
697 629 541
281 705 103
97 239 649
429 321 133
511 139 505
847 185 319
891 296 565
513 507 234
126 281 909
987 193 376
651 679 646
215 851 960
625 643 283
915 325 462
681 83 962
129 137 381
986 329 526
1 561 602
860 367 151
979 889 742
343 766 726
428 561 82
897 779 459
745 929 61
140 451 521
541 457 883
441 879 611
521 553 388
957 657 561
132 740 209
283 442 821
951 281 751
643 261 224
65 306 310
986 79 169
588 97 751
262 465 989
858 65 3
511 361 901
451 696 529
753 465 121
89 537 661
511 369 398
869 914 901
211 146 476
831 25 510
976 81 831
445 868 496
65 472 416
277 481 976
63 331 229
421 753 957
101 45 830
641 476 135
788 212 349
261 37 61
859 273 269
626 979 499
651 376 913
873 109 81
621 27 205
437 105 271
836 528 754
776 129 631
133 601 851
921 114 320
698 986 169
441 746 749
417 965 891
348 847 801
247 891 211
849 897 481
449 553 681
995 771 977
681 211 390
685 207 969
748 250 526
741 461 86
353 943 1
361 20 949
388 227 609
81 777 547
157 733 833
786 240 141
27 835 902
357 415 971
953 967 505
601 383 723
505 370 369
769 793 79
431 641 435
793 442 449
321 71 601
363 790 253
729 457 895
41 681 705
271 57 77
616 530 51
611 597 281
105 905 502
861 107 473
491 841 421
961 851 297
301 873 911
831 974 290
89 966 171
884 149 437
41 791 901
861 817 356
414 617 15
197 301 88
801 611 537
775 177 941
327 802 790
95 689 136
385 751 881
855 555 152
792 201 606
351 827 65
126 611 201
488 53 681
311 191 898
456 459 168
193 623 785
796 943 321
72 561 897
91 301 577
877 229 21
967 53 796
255 276 498
441 675 539
870 516 512
906 449 829
662 793 635
399 809 356
145 245 161
601 197 441
701 655 69
361 486 953
932 941 908
671 101 461
211 909 64
699 435 537
138 841 411
427 149 565
781 601 701
689 496 841
585 641 122
482 906 106
181 116 977
61 287 91
436 721 394
362 785 618
435 311 640
537 889 493
604 303 987
625 976 383
145 753 129
340 81 937
461 618 981
488 641 994
473 686 146
711 979 294
934 793 601
129 455 255
611 957 131
621 896 299
33 801 350
441 1000 521
153 925 400
825 165 876
817 777 354
991 181 10
919 466 31
281 666 772
626 625 441
975 809 244
972 406 559
59 171 710
785 973 555
325 721 891
183 1 111
433 361 48
907 233 503
39 209 273
817 737 957
751 600 297
715 625 919
1 314 597
737 25 181
885 92 851
305 801 531
107 969 556
97 637 841
488 326 664
679 17 212
667 611 167
401 519 795
106 901 233
101 982 864
116 577 693
181 256 941
577 745 801
699 481 571
376 211 183
139 605 561
89 281 161
416 291 541
11 631 331
623 173 525
249 881 649
531 79 841
569 854 130
912 465 487
565 489 601
898 101 278
879 691 984
269 177 943
467 383 857
