3838
479 131 825
45 861 217
625 795 916
337 771 831
177 1 73
401 780 499
551 185 351
601 566 61
437 661 195
245 321 326
257 754 791
614 457 845
493 601 761
357 258 146
879 141 61
633 639 471
722 617 81
53 1 941
421 281 21
689 417 801
29 466 235
537 729 538
737 497 57
41 244 150
661 609 81
501 926 576
143 806 600
395 781 881
613 907 966
729 521 945
25 161 668
25 412 241
339 885 530
19 945 968
729 212 905
312 585 721
98 966 881
35 723 543
321 635 545
947 292 466
339 829 757
881 851 55
897 954 201
201 28 365
278 209 161
605 661 921
649 921 951
114 341 581
706 917 141
680 181 979
506 253 951
751 153 79
197 275 801
415 801 451
437 211 579
81 77 491
6 176 101
581 365 53
346 223 23
321 881 887
937 1 206
676 332 691
699 57 718
889 1 931
306 680 285
310 40 621
745 201 261
995 601 633
401 839 749
866 779 183
591 850 981
441 986 313
681 751 761
81 189 865
923 764 424
25 52 85
713 19 285
326 997 310
91 273 79
626 747 711
224 329 126
633 15 49
425 69 562
601 897 539
201 648 909
201 343 655
394 355 313
44 411 481
153 127 766
995 377 751
414 357 109
451 719 641
825 931 406
571 439 344
932 641 501
715 98 297
425 773 767
997 721 781
204 384 402
217 251 815
716 321 737
397 405 703
336 557 874
649 1 825
42 111 811
785 421 861
251 94 311
825 464 544
209 871 505
953 595 646
753 921 671
219 429 609
758 127 927
519 126 257
278 705 104
65 473 893
349 285 919
527 605 73
791 836 561
51 96 899
201 501 9
393 476 11
305 465 821
353 821 961
90 537 600
851 251 657
661 661 183
321 393 863
126 256 269
313 830 317
643 785 787
555 821 301
561 311 581
561 228 973
684 801 257
638 146 489
705 225 476
371 401 770
838 201 871
697 594 120
705 912 194
561 830 349
576 965 347
829 569 1
865 811 969
511 307 751
398 265 353
929 839 566
271 693 233
551 481 777
261 777 980
143 721 451
671 521 296
452 441 601
404 721 404
603 971 849
673 500 170
593 303 434
911 811 155
257 491 789
631 164 463
354 401 137
535 196 221
396 589 871
301 813 650
353 807 679
269 585 571
389 577 249
293 321 903
53 289 331
736 933 361
893 551 193
741 881 663
746 627 196
152 894 250
49 216 433
710 227 916
601 386 681
741 821 630
98 761 149
220 273 625
521 294 590
469 951 979
189 185 907
545 301 89
269 821 896
141 647 729
429 443 485
39 837 221
805 76 264
699 401 675
364 841 477
600 589 1
433 599 477
320 525 49
517 171 783
435 474 301
393 351 555
1 8 193
401 606 417
381 229 395
601 585 185
681 491 370
223 241 193
9 322 233
410 489 297
193 697 241
347 691 761
497 587 273
345 69 834
948 72 361
26 597 348
49 287 162
865 781 569
894 426 561
303 371 841
177 409 101
505 775 272
843 180 215
949 724 317
144 222 771
901 671 14
469 209 591
777 549 430
939 81 933
761 461 917
741 220 661
481 195 163
586 436 741
207 935 957
651 736 453
391 718 347
603 19 305
796 517 135
293 281 693
236 183 181
649 231 11
528 327 207
822 237 698
141 13 561
18 471 1
913 543 261
370 656 593
891 277 546
162 492 227
709 806 777
310 745 61
80 291 441
995 417 295
744 281 776
264 629 891
725 771 913
956 166 649
782 475 83
436 589 136
138 511 333
943 21 369
249 81 705
581 956 237
721 373 529
701 327 41
672 748 707
865 606 421
440 381 992
265 89 729
421 542 998
21 601 107
121 133 2
947 541 696
561 685 87
276 123 385
35 311 581
802 235 721
152 385 557
585 32 801
5 574 957
531 409 319
435 333 683
697 601 458
782 289 873
21 793 449
241 165 661
506 537 912
447 821 436
441 878 542
996 177 220
973 863 751
31 21 352
127 959 28
397 509 577
865 796 236
633 121 136
505 896 75
151 361 213
801 585 786
634 56 169
795 976 425
378 739 764
484 492 416
572 309 109
1 33 141
37 695 141
721 145 899
373 215 612
266 861 403
33 121 769
347 267 833
421 31 959
193 171 461
451 452 651
351 700 621
317 154 342
777 501 265
501 785 603
888 1 153
335 833 137
449 35 510
177 325 553
181 711 971
667 370 67
557 81 305
115 29 787
211 538 665
891 419 161
428 201 915
133 151 339
434 225 255
145 66 31
356 781 644
529 988 797
95 494 313
296 49 887
601 673 521
230 268 145
521 53 73
165 681 95
820 811 76
881 369 919
977 241 769
531 253 129
531 537 293
710 775 186
459 385 328
929 141 65
551 377 414
513 61 878
609 872 157
867 985 390
163 363 973
553 491 209
401 513 633
131 427 703
880 475 366
569 883 373
369 816 440
826 879 970
329 399 81
936 975 721
978 691 20
941 757 541
641 321 453
905 541 445
176 405 571
771 357 941
730 992 236
201 342 611
789 848 809
593 361 755
606 155 86
576 211 851
686 71 519
13 928 366
169 648 128
353 997 217
89 478 689
65 402 755
436 109 38
271 567 713
935 618 511
777 257 447
761 359 900
91 182 441
225 715 40
131 685 641
949 233 161
122 377 35
137 601 824
745 611 482
478 151 721
187 116 42
691 863 164
891 307 62
58 393 905
824 941 466
595 465 973
463 29 627
485 177 401
669 820 956
152 326 471
490 787 305
693 201 253
721 991 944
166 499 457
952 209 126
827 292 993
202 108 728
524 544 281
42 933 461
157 706 276
759 103 417
281 453 884
799 674 529
954 667 962
527 181 145
333 871 369
7 77 819
815 865 33
351 173 566
441 668 673
126 11 237
774 653 931
329 657 536
801 99 56
467 545 944
192 607 861
481 61 401
131 771 546
461 421 465
212 107 39
81 265 77
963 287 956
231 182 421
318 982 397
339 641 497
485 514 772
836 521 993
600 856 234
826 17 739
173 914 766
2 476 226
632 455 589
295 561 78
381 356 351
38 169 611
361 512 361
190 109 45
157 427 589
769 654 468
417 461 11
955 26 667
441 241 142
670 161 405
286 887 1
595 299 463
239 629 465
673 486 211
251 513 757
845 801 401
673 421 409
269 66 101
965 317 61
650 635 783
75 833 441
949 119 946
881 473 842
51 743 1
608 699 649
971 243 192
245 806 753
61 213 136
55 13 161
122 799 39
476 873 545
817 407 113
979 541 191
218 515 205
347 641 771
297 853 691
6 161 768
161 577 680
757 957 245
251 898 881
682 740 116
110 551 111
400 169 513
97 693 141
984 569 614
848 846 757
496 970 93
360 719 846
333 289 397
841 686 361
157 369 41
361 33 767
241 53 797
78 901 369
506 259 343
911 521 801
674 585 917
905 953 282
657 364 841
37 981 820
853 288 433
907 531 761
905 32 498
177 209 711
218 781 897
196 517 951
965 769 337
749 577 471
953 79 824
901 813 217
9 786 778
675 136 496
586 752 913
168 551 851
817 572 53
837 444 814
897 181 937
626 501 865
967 303 938
360 447 787
844 33 553
261 651 111
486 605 333
525 911 145
220 241 936
313 480 520
482 438 561
701 528 467
885 257 418
764 245 372
570 665 977
169 675 641
244 891 695
613 264 655
589 99 1
821 784 929
908 61 576
837 771 167
979 168 951
545 432 678
642 51 414
35 381 571
621 606 559
22 945 371
826 420 595
994 777 223
776 153 749
603 511 537
626 567 191
621 316 922
285 186 376
481 27 960
887 593 401
33 15 1
723 433 111
601 559 11
507 621 1
153 52 661
154 602 465
803 145 205
795 83 297
918 759 55
274 541 483
373 297 781
554 869 714
901 213 14
645 801 662
929 829 673
835 467 771
57 821 521
425 565 238
413 553 217
370 177 689
421 623 329
858 951 421
76 153 673
871 450 75
249 813 828
721 287 727
801 499 525
593 157 90
801 179 779
539 241 854
276 33 601
121 329 316
321 695 793
17 9 471
158 889 187
273 997 573
961 691 261
912 576 701
771 581 161
825 1 25
613 833 398
251 469 281
16 401 145
196 167 851
901 97 251
381 630 831
510 741 325
539 599 685
574 641 575
793 921 589
673 147 929
49 191 761
957 577 247
449 481 737
241 798 569
403 480 173
481 995 217
327 243 150
211 593 86
25 421 191
867 457 275
165 231 113
649 343 129
385 601 809
631 121 417
697 361 385
481 631 501
180 969 567
55 690 21
22 349 241
825 247 373
315 222 809
400 481 327
116 104 229
933 783 565
1 73 401
626 681 315
498 423 726
711 861 974
421 221 265
881 447 789
897 441 553
741 923 571
769 753 321
709 904 346
726 356 806
991 665 720
1 1 785
615 8 57
852 577 201
951 660 498
761 969 305
280 459 661
276 51 631
800 665 29
223 53 741
751 585 153
410 22 634
737 269 429
288 201 866
679 609 49
601 373 331
129 566 333
579 906 997
237 795 57
342 936 131
963 201 374
941 369 887
125 87 383
937 45 943
797 113 721
526 129 340
469 181 621
781 946 63
687 131 136
649 965 717
382 264 328
686 648 718
876 985 355
225 284 622
721 27 588
951 546 533
347 347 556
615 301 126
753 961 833
34 709 349
511 329 409
806 665 589
634 427 326
861 909 986
639 331 705
305 201 661
691 979 571
982 470 333
356 828 153
173 249 41
851 232 681
613 599 327
711 374 767
421 908 726
401 963 746
483 154 449
881 409 821
481 813 901
326 37 485
971 463 519
793 301 153
171 114 801
831 52 646
57 927 661
801 235 261
867 109 852
821 418 69
497 691 473
436 711 757
21 982 917
361 767 615
389 481 681
791 791 921
871 213 90
993 375 707
837 924 450
719 650 701
267 396 799
446 294 663
329 145 104
915 297 861
31 389 576
517 459 977
569 526 521
667 55 161
849 377 575
105 141 701
439 911 731
753 11 131
857 299 47
722 935 801
53 981 307
975 681 533
432 561 748
921 150 365
153 803 212
101 551 691
521 980 955
8 681 195
257 541 445
757 243 601
510 873 651
757 801 529
989 196 975
33 755 753
223 140 775
441 49 737
909 337 185
751 841 426
121 21 188
437 191 156
978 957 401
801 791 199
363 988 164
51 169 579
481 167 446
123 195 353
569 826 485
425 44 145
662 71 394
271 345 235
389 791 151
264 249 27
329 981 723
222 39 942
67 252 799
260 188 921
653 357 521
81 511 183
293 196 525
779 825 81
301 801 247
753 460 526
698 160 129
865 797 923
862 931 573
504 537 731
370 225 385
751 254 337
121 17 621
753 599 437
701 138 471
683 381 311
786 486 25
207 201 945
689 636 596
571 187 688
761 503 446
173 326 713
459 915 165
153 605 149
741 999 911
736 105 282
471 412 432
53 529 542
501 351 395
896 882 81
613 477 846
511 227 373
741 161 1
471 921 673
93 163 777
873 704 841
746 801 928
863 173 41
156 711 996
193 461 461
435 301 177
91 713 221
921 177 988
816 713 731
397 141 473
931 177 368
322 706 803
976 506 313
426 818 995
993 539 811
731 701 341
924 177 361
947 869 599
686 344 785
113 406 351
397 391 870
711 726 333
486 29 800
651 789 669
133 251 737
825 353 623
559 918 546
65 957 225
701 484 569
113 126 701
721 155 34
581 298 479
709 117 481
475 141 653
204 47 381
449 581 9
141 551 161
281 745 705
715 402 841
601 447 501
676 569 93
769 661 817
761 601 300
273 935 486
604 89 349
660 421 62
439 235 783
901 851 243
333 196 246
59 57 401
545 357 698
825 526 585
81 722 621
539 804 709
503 748 673
739 465 949
126 581 684
360 101 933
506 799 497
435 327 46
757 307 631
756 121 681
749 353 218
177 368 73
728 841 233
639 740 716
505 475 513
776 991 529
385 395 683
225 613 654
471 781 136
317 283 817
941 605 452
564 973 817
539 581 305
256 221 761
626 135 477
326 261 541
86 126 777
1 625 727
446 841 771
591 551 219
444 675 483
693 44 341
581 746 973
457 522 982
921 955 716
541 81 827
777 637 651
801 215 691
865 461 626
401 137 809
841 29 220
881 65 157
211 853 861
305 401 873
429 732 1
551 1 376
841 276 578
651 705 309
406 444 142
709 14 257
109 89 993
345 161 391
953 501 345
191 681 264
229 585 921
505 345 548
801 721 131
701 961 761
513 184 765
613 609 131
297 565 1
41 349 841
67 288 757
638 237 145
288 651 345
586 965 981
377 153 297
964 191 644
381 921 513
241 884 793
825 409 983
384 53 852
579 743 785
145 521 869
146 904 596
232 817 425
501 224 641
216 593 345
286 781 987
742 964 279
219 551 780
729 853 161
13 729 418
385 366 546
201 881 839
498 596 369
669 92 697
197 3 218
541 752 681
46 974 336
673 11 753
252 25 353
687 835 1
141 78 847
281 21 141
880 791 657
455 543 682
953 339 365
643 756 557
751 697 315
903 140 695
733 395 533
737 125 697
221 271 217
626 781 221
111 27 800
441 160 526
231 801 753
633 786 1
408 985 381
901 683 501
241 35 333
721 153 129
653 113 196
931 401 105
976 41 485
799 568 289
300 965 81
969 479 656
467 389 277
757 513 117
179 851 485
896 451 466
201 330 326
929 877 471
596 879 377
751 787 885
601 341 249
163 367 275
329 41 917
301 481 99
845 566 967
882 504 41
961 345 436
865 810 881
241 261 501
665 825 817
751 861 722
921 991 233
657 204 497
601 641 909
495 573 77
280 596 851
931 201 121
101 379 104
249 1 900
358 301 233
281 930 691
414 527 259
601 337 179
437 138 593
217 876 775
153 198 151
186 85 919
31 536 957
481 313 91
324 307 969
41 363 972
381 381 296
511 33 536
175 617 665
381 705 373
195 49 993
381 774 977
65 319 668
429 862 185
377 768 465
359 641 299
352 61 271
571 266 512
523 730 22
746 896 8
705 145 654
885 491 933
362 996 982
336 509 917
480 52 111
115 977 257
979 864 341
721 106 411
163 29 835
617 229 7
941 647 769
825 205 822
902 577 545
897 661 201
279 218 891
991 881 49
123 557 675
797 705 359
364 569 435
123 752 844
231 111 595
271 199 713
721 525 31
851 5 944
861 379 345
518 526 145
961 841 765
891 951 361
907 809 31
263 869 521
872 52 243
853 851 823
281 471 381
745 95 134
601 526 661
15 880 986
50 951 861
921 517 79
24 743 689
451 721 665
145 854 265
765 724 479
981 491 781
258 201 628
505 51 294
234 122 421
258 767 977
260 873 925
737 126 841
701 666 494
797 993 450
669 436 876
790 596 734
646 33 569
983 191 249
796 932 486
789 381 369
812 193 801
771 632 112
501 16 593
713 649 929
802 921 971
333 385 499
752 618 243
410 401 813
445 206 497
26 251 677
323 140 761
441 121 265
671 861 263
890 626 329
877 467 339
401 31 971
736 75 476
353 165 877
281 152 885
105 263 94
141 391 476
556 493 873
627 95 706
30 365 771
396 699 944
449 371 557
757 872 970
501 413 71
123 513 59
561 541 164
457 386 829
918 555 881
929 651 556
181 921 761
938 631 278
799 155 189
673 139 501
473 772 615
937 888 818
771 289 263
33 841 579
91 289 347
818 409 873
283 641 101
978 801 853
289 186 356
947 897 292
37 881 731
648 505 561
501 445 61
668 497 661
617 917 862
766 669 966
441 777 351
121 153 804
423 26 521
761 549 137
826 561 357
887 817 388
60 883 645
501 201 763
776 81 703
353 291 112
519 601 656
737 513 477
772 661 47
352 138 201
207 346 277
974 631 11
266 121 413
241 817 233
788 795 657
478 41 751
751 876 493
941 314 376
811 244 649
811 368 293
589 129 811
575 327 123
1 420 977
101 959 793
881 662 550
281 305 417
545 938 211
53 79 581
591 15 940
31 242 211
735 402 189
551 571 104
489 241 438
921 585 841
557 441 355
13 121 19
449 268 510
881 282 276
981 594 768
327 71 881
453 1 209
702 831 801
336 265 457
14 644 336
467 376 969
297 465 937
673 789 713
311 345 603
327 125 477
576 689 456
525 821 649
577 380 329
377 221 482
623 344 433
466 15 51
907 701 441
571 621 995
737 673 501
33 710 775
974 303 47
989 373 81
876 531 510
251 991 41
841 558 641
897 798 949
33 394 651
313 169 162
311 716 1
90 821 661
93 545 417
121 178 401
309 492 323
251 483 267
793 929 257
531 251 385
351 449 681
949 297 895
901 989 649
631 923 856
555 751 641
126 727 741
38 975 777
205 121 788
311 579 657
142 100 525
137 1 570
535 281 997
851 681 531
177 661 154
677 123 522
33 801 889
629 465 181
213 82 379
851 597 737
339 301 197
700 516 396
330 681 527
337 373 167
877 765 561
517 255 969
266 467 237
255 411 63
461 901 407
961 721 756
408 653 806
613 996 405
257 869 691
359 626 461
691 925 748
824 52 955
233 521 790
21 561 337
237 688 305
688 751 351
172 861 969
553 961 795
526 478 55
90 427 721
837 159 1
97 887 524
571 61 889
287 801 701
61 232 585
962 333 633
55 463 41
489 736 157
826 705 281
725 231 541
108 321 811
185 389 531
809 904 481
601 327 717
137 801 562
810 993 281
851 677 701
577 411 919
166 933 825
817 85 899
241 713 311
387 105 213
721 625 297
905 820 71
387 966 351
563 389 324
547 44 151
543 169 79
722 732 917
581 10 636
271 437 173
681 692 775
297 597 597
211 362 998
345 971 501
473 251 301
449 761 39
311 991 137
433 488 709
61 296 737
576 276 309
759 429 296
222 470 281
969 401 149
293 651 569
351 283 581
229 933 115
263 65 496
637 301 877
483 512 349
631 437 871
475 795 687
412 436 635
251 251 85
246 487 405
37 131 896
268 935 353
421 766 651
953 246 315
730 593 597
991 33 321
101 31 967
164 779 331
421 199 96
457 643 467
568 851 563
263 485 881
835 209 39
871 465 551
282 461 73
297 36 421
724 590 59
281 468 579
884 666 337
73 932 45
725 349 773
371 761 78
743 77 92
131 416 9
289 803 198
43 276 558
705 223 723
665 561 735
55 132 325
908 845 284
781 302 814
672 678 476
473 26 343
787 836 621
829 181 215
841 463 189
493 529 930
221 877 421
488 376 51
314 921 677
247 201 483
199 717 433
751 52 411
321 328 910
937 97 996
914 416 237
403 385 465
81 972 813
961 61 439
971 663 29
461 313 91
45 315 146
51 801 473
997 971 537
361 139 660
315 978 933
293 532 29
695 961 519
61 217 148
106 493 279
681 356 173
284 722 217
688 79 656
273 387 307
333 640 956
185 507 397
739 873 571
649 241 973
385 626 673
445 17 382
580 894 651
415 282 661
121 541 401
900 76 507
473 230 579
831 453 926
165 149 176
717 858 665
118 101 203
947 263 685
601 659 185
433 151 901
606 275 139
319 689 681
616 881 915
111 585 45
640 101 339
819 871 431
211 191 596
957 139 701
341 613 130
585 510 155
429 287 321
262 577 89
437 341 317
517 476 49
203 881 180
181 505 437
537 16 69
736 212 877
289 171 201
160 196 901
882 363 645
437 250 389
907 526 161
306 921 657
529 153 316
669 368 899
713 233 665
900 640 869
135 661 75
766 750 623
876 909 415
76 905 493
3 174 501
391 92 281
265 841 190
971 240 797
9 146 694
708 907 141
41 809 964
621 71 963
937 650 161
787 745 85
621 408 603
904 641 649
421 821 317
620 307 559
581 913 544
891 861 929
509 801 641
63 401 711
195 485 511
5 781 377
540 406 180
894 221 189
123 853 602
291 340 686
601 485 935
1 289 951
143 686 649
705 209 316
694 615 227
701 469 625
996 647 656
13 501 449
553 725 641
941 417 20
329 316 701
56 294 626
44 601 184
761 454 288
457 79 5
915 99 738
540 169 681
529 751 857
550 719 389
841 65 51
881 793 57
631 229 661
513 481 166
363 761 1
237 986 865
609 379 37
447 937 40
865 837 793
577 753 687
105 896 241
505 456 41
201 785 711
895 569 959
257 341 81
309 67 831
48 935 501
271 887 497
394 265 347
274 314 653
97 649 361
47 152 850
892 193 915
614 41 512
680 301 759
24 200 337
745 293 260
201 976 415
797 869 501
981 661 276
407 409 972
395 804 51
899 13 871
553 297 505
279 625 283
537 639 672
246 651 581
641 236 391
449 932 279
566 998 541
335 656 924
900 201 383
985 71 33
899 301 689
326 116 211
62 186 729
673 829 751
1 461 713
473 527 883
634 117 99
978 666 99
613 33 747
65 996 217
909 219 351
151 327 957
383 361 143
934 334 761
595 45 297
316 803 1000
651 897 209
509 1 550
201 787 777
981 417 311
221 65 801
405 161 542
733 661 463
797 457 47
269 448 313
637 950 33
357 153 526
1 996 615
187 353 335
241 276 69
953 773 661
783 761 481
221 915 533
315 13 953
949 90 761
737 41 448
917 77 545
347 237 396
373 81 913
666 345 401
257 81 609
561 29 754
645 9 961
581 221 976
589 637 613
539 513 303
686 217 945
261 297 403
541 561 592
301 381 413
271 3 945
199 980 873
400 685 561
156 891 625
401 459 151
291 746 4
567 787 301
551 591 220
241 417 95
562 862 881
636 101 391
959 762 959
615 21 121
677 875 149
776 931 833
987 537 712
301 402 998
121 953 401
185 441 414
629 861 945
906 637 326
276 661 867
92 877 651
141 745 971
5 647 181
945 985 786
60 46 985
291 41 647
881 151 76
495 561 107
349 841 166
356 54 486
366 801 908
89 617 791
348 699 15
256 306 130
586 661 49
839 205 593
836 658 165
667 448 37
804 396 407
427 787 125
581 202 29
768 809 314
606 706 81
525 361 86
836 191 973
47 584 701
254 481 601
145 723 913
529 531 829
429 906 309
249 821 601
881 654 965
341 525 173
909 291 872
437 705 46
11 829 516
610 718 927
608 797 267
947 173 16
377 915 847
319 993 845
671 571 929
860 261 971
577 377 210
239 908 376
661 337 866
737 635 541
736 437 601
318 891 721
738 711 986
123 110 176
40 817 361
947 851 921
721 1 509
409 404 141
716 987 611
188 676 592
1 391 45
891 973 251
505 701 301
899 1000 831
79 616 689
158 989 101
425 141 241
333 487 921
885 41 377
57 577 65
601 755 479
801 241 511
257 425 509
666 336 309
53 82 481
241 546 288
526 573 625
351 645 650
288 657 58
779 705 305
486 793 557
414 61 633
861 951 181
573 169 531
545 61 626
513 61 376
281 140 861
193 736 469
766 189 819
851 235 422
805 841 37
963 307 129
557 322 169
1 959 225
721 793 677
869 742 177
306 103 337
465 376 969
69 581 219
400 51 699
941 381 441
61 371 683
793 449 214
41 13 775
9 81 409
243 349 171
145 141 307
833 213 348
45 255 770
63 548 957
787 81 716
950 241 826
281 385 516
502 987 265
82 979 473
142 433 110
614 906 547
259 635 283
861 533 961
166 5 541
889 833 169
658 325 673
454 320 748
593 161 621
329 361 1
277 425 223
249 937 201
25 359 603
841 737 961
46 783 363
705 601 121
155 68 421
593 114 889
614 893 26
769 150 821
753 351 213
851 725 251
661 241 696
421 996 199
478 583 1
113 684 915
107 1 761
472 731 446
141 549 139
187 646 261
797 932 801
521 473 313
95 295 447
38 921 317
801 817 330
577 63 511
159 765 693
758 409 976
843 196 26
381 897 389
397 394 466
933 677 801
435 890 496
849 754 385
911 417 687
169 949 429
577 814 777
805 488 738
639 921 28
545 976 993
367 733 89
761 139 497
1 963 505
841 534 726
470 781 653
417 271 297
77 901 39
677 940 44
951 785 301
721 211 361
67 595 537
699 241 233
469 538 461
705 381 222
267 901 517
557 414 157
692 841 701
181 952 916
9 613 761
691 227 969
239 515 210
401 35 205
641 121 683
761 702 846
145 949 451
957 483 207
907 809 921
550 926 781
706 123 835
354 745 581
737 121 143
849 213 761
32 209 41
441 823 65
901 1 375
261 557 233
246 668 987
321 776 673
469 995 825
221 899 193
926 702 411
141 509 126
185 415 511
145 561 176
881 160 421
141 179 141
35 271 923
328 366 283
962 64 89
321 908 599
436 421 48
920 115 743
974 321 957
409 951 705
461 571 229
281 49 875
551 833 126
313 809 621
609 479 909
865 777 289
331 545 273
11 223 681
171 437 432
729 425 10
77 624 369
321 478 233
648 676 863
941 389 460
331 761 251
657 272 903
81 73 56
763 905 201
391 758 37
401 626 243
833 313 245
561 33 619
241 733 96
416 7 279
545 851 567
977 654 465
129 17 742
951 238 158
891 601 729
426 941 711
177 29 993
801 560 673
309 546 436
951 1 819
851 945 193
588 243 356
735 701 457
161 513 601
586 885 996
35 609 857
133 246 891
421 520 191
505 153 653
14 608 297
653 204 389
321 671 19
1 161 292
45 491 187
401 491 646
808 221 557
108 599 561
867 126 875
459 94 134
665 925 771
133 585 475
799 992 301
777 29 833
725 116 716
735 845 757
128 319 975
233 239 93
921 69 337
721 89 369
1 471 105
409 376 641
33 941 31
587 7 846
625 201 1
129 95 977
109 525 177
711 41 457
257 825 683
789 920 221
357 85 237
745 666 537
411 73 313
873 751 921
51 761 873
369 367 717
894 1 611
233 381 621
415 213 126
81 883 691
842 837 676
976 401 101
710 981 688
620 719 46
577 767 451
245 141 961
476 986 917
14 163 641
938 457 673
759 340 909
225 21 446
673 791 268
173 301 282
461 462 305
16 706 241
793 740 333
46 149 277
506 441 715
452 637 544
166 751 781
468 461 459
913 909 581
209 741 741
927 881 121
401 55 336
775 513 417
793 236 981
353 941 861
881 829 478
376 615 244
198 825 873
9 483 787
281 377 481
387 492 9
559 748 859
841 263 734
266 86 681
846 859 521
523 629 593
853 851 90
1 84 405
551 417 501
259 501 419
41 247 261
937 676 231
799 109 211
274 541 889
165 919 29
401 201 149
953 355 737
117 199 41
27 924 941
636 209 680
871 973 913
401 943 852
231 753 945
212 368 931
376 31 948
378 105 819
258 605 297
485 61 925
921 568 620
163 186 153
432 115 193
737 4 378
877 418 497
237 944 335
321 603 343
167 761 15
929 49 57
185 506 136
241 914 241
261 473 581
768 641 891
911 295 477
679 405 3
593 232 816
382 681 394
244 241 833
517 361 11
33 768 161
753 25 245
249 901 393
846 551 821
358 17 233
813 193 273
346 901 457
17 431 511
331 845 887
141 242 727
106 985 391
473 722 651
627 41 645
340 237 789
161 90 505
994 8 255
801 259 424
563 493 874
773 379 283
699 777 521
399 321 301
751 137 789
561 421 513
113 629 545
376 499 643
518 376 894
484 801 449
735 227 537
579 606 585
371 641 21
241 711 751
201 607 801
289 213 924
911 656 299
757 821 689
491 310 441
241 45 861
321 18 846
138 881 986
583 817 555
817 383 825
148 81 94
234 517 39
889 3 866
921 390 933
420 873 239
757 591 69
963 361 665
277 586 366
161 771 394
938 462 934
291 45 501
576 693 201
901 21 113
668 207 257
223 863 961
151 916 776
1 247 744
800 301 504
873 723 281
731 73 345
217 223 951
439 25 529
256 655 691
897 178 951
297 225 620
813 792 617
26 327 674
257 681 321
377 769 341
681 529 613
75 393 391
749 393 31
976 425 481
688 206 361
691 734 275
821 46 335
201 771 537
425 551 341
23 701 713
93 476 111
484 393 559
131 664 905
775 153 586
951 169 436
505 101 316
615 979 241
51 721 236
241 172 327
849 998 581
506 829 795
641 793 743
481 561 725
261 851 151
881 665 853
689 21 76
817 209 159
665 362 473
972 379 943
657 601 25
657 373 31
633 3 131
125 822 889
591 268 678
731 633 4
205 327 425
326 699 637
49 6 900
136 86 698
231 63 552
71 223 773
193 16 361
134 409 16
225 126 872
665 481 396
536 324 345
550 73 689
528 571 573
291 310 167
50 101 241
917 398 534
506 709 109
713 1 561
711 504 593
991 741 671
98 564 201
109 921 602
366 951 126
104 297 883
448 938 313
44 737 121
722 989 295
617 216 901
217 705 419
135 341 303
247 301 768
341 257 626
906 565 401
51 807 551
382 775 687
718 35 24
13 968 558
468 156 951
921 81 637
514 980 673
111 374 198
151 984 885
249 621 685
76 340 681
431 451 33
589 135 737
43 1 38
265 59 603
879 695 463
762 505 861
817 471 136
51 369 852
777 981 567
389 77 461
801 401 155
289 411 728
924 354 885
148 477 702
565 693 417
649 157 193
412 337 971
887 345 569
809 410 47
454 151 760
933 187 141
511 801 507
677 748 705
511 619 53
235 970 141
575 105 393
187 193 613
303 427 621
193 365 457
862 211 33
641 933 969
866 501 759
425 693 330
697 383 695
824 49 101
697 391 361
41 1 978
701 130 9
258 105 941
127 1 751
311 541 652
881 201 417
617 485 964
94 991 801
2 597 837
891 66 351
486 227 123
903 38 141
769 173 232
537 20 321
189 195 727
513 781 1
381 113 137
429 897 941
977 113 997
385 656 151
198 889 264
526 882 721
234 1 801
769 151 209
693 336 61
996 491 87
238 454 815
371 774 436
57 741 711
65 319 441
701 551 945
326 324 141
193 511 689
736 641 293
445 677 721
293 984 335
321 281 583
993 853 953
679 798 571
801 478 545
593 351 400
81 892 916
901 168 275
45 813 513
617 609 749
16 636 264
321 835 82
202 353 501
271 969 181
571 453 109
251 941 665
717 513 507
105 234 300
772 993 341
551 474 673
272 355 251
839 442 281
721 755 25
246 341 621
836 841 461
991 441 677
661 562 201
139 305 765
238 243 329
775 213 465
401 880 182
213 891 911
35 699 465
417 159 33
881 521 145
937 201 867
761 447 65
1 51 938
118 169 554
630 151 177
531 754 137
541 489 766
928 89 432
715 751 751
354 126 835
85 540 677
89 504 923
938 553 951
12 335 133
527 169 41
881 307 57
685 451 890
20 173 101
781 921 449
917 461 484
579 792 492
637 293 1
441 219 181
601 791 677
221 47 587
286 903 384
161 513 99
477 201 788
65 441 375
63 681 1000
184 155 546
24 400 206
15 960 828
141 281 291
692 751 973
333 321 205
429 126 757
661 873 433
561 629 545
71 143 90
921 651 909
145 61 461
805 475 233
681 614 933
937 981 682
127 441 201
657 694 551
461 251 629
76 501 9
171 859 201
766 883 637
626 407 481
691 571 801
671 391 869
961 437 673
237 491 913
546 346 34
551 777 356
465 725 75
441 373 983
191 122 477
193 577 476
873 705 821
719 45 696
229 405 189
21 563 775
861 948 586
499 461 410
842 964 245
611 177 463
321 515 667
207 358 9
674 571 177
736 421 191
69 137 251
797 405 689
229 121 925
781 237 637
251 63 825
693 969 801
960 633 652
103 746 19
201 310 783
505 651 121
759 548 71
745 632 297
991 419 961
121 561 526
425 893 910
169 796 975
585 437 1
545 997 570
681 189 26
83 798 80
266 701 779
171 230 353
61 717 1
289 537 826
233 409 515
246 137 301
351 681 641
641 561 633
866 91 449
524 285 597
653 633 213
453 406 893
690 847 194
119 184 963
913 983 176
785 727 469
965 246 792
976 173 419
127 911 201
37 761 246
218 395 441
501 34 434
1 521 311
55 83 407
153 274 485
141 101 365
595 83 377
569 341 262
268 737 355
871 481 69
887 282 376
953 845 686
201 545 136
182 891 125
313 885 291
116 635 753
817 121 941
1 153 565
682 952 667
745 497 211
569 910 813
646 553 480
961 881 502
819 476 375
897 790 671
899 1 611
645 504 187
849 545 785
161 513 846
712 486 677
243 337 705
761 405 25
826 401 729
462 837 361
431 411 20
93 801 935
295 561 61
266 949 989
81 574 756
554 921 540
465 913 425
840 945 379
756 511 851
973 680 692
577 777 999
613 9 187
511 743 965
299 436 91
771 380 57
989 754 209
587 921 825
761 241 67
976 276 53
521 481 355
241 445 44
296 671 449
203 286 284
1 133 981
251 601 421
721 849 872
504 461 429
888 994 256
481 285 411
395 775 377
603 421 131
455 411 717
928 221 445
1000 742 426
244 637 5
541 115 529
569 177 373
179 729 849
789 441 320
847 234 161
336 151 361
242 81 505
601 657 281
561 3 155
746 695 97
862 647 726
13 317 41
773 417 521
221 576 713
958 768 65
969 991 195
4 681 355
685 167 689
701 925 292
31 301 751
687 976 767
148 613 577
548 993 657
499 823 804
422 752 409
491 811 449
229 342 767
21 217 236
56 82 715
53 881 656
255 337 583
101 703 528
353 57 937
326 337 912
361 60 536
231 9 401
870 545 409
490 461 356
165 905 281
183 606 773
765 929 441
114 345 730
401 292 6
89 193 157
401 141 323
935 476 761
611 345 889
741 424 942
949 499 13
757 301 935
787 324 545
475 391 5
620 853 503
997 307 313
605 361 221
961 953 901
716 161 461
906 116 641
649 401 548
785 55 855
877 501 751
949 169 288
666 379 664
911 102 396
172 167 447
982 353 88
512 389 613
174 257 739
686 532 681
781 401 281
620 463 341
121 415 498
464 186 549
16 521 341
865 201 672
733 961 451
55 313 449
262 464 881
716 955 377
275 737 868
269 36 776
852 309 273
164 201 161
597 745 830
209 201 607
296 789 853
146 29 85
223 117 333
425 860 793
161 847 746
881 329 713
1 736 621
513 485 710
917 986 171
881 170 974
548 141 454
695 105 64
526 961 290
385 769 648
685 94 135
438 281 183
191 269 191
341 169 432
713 455 385
937 205 109
331 961 674
669 167 626
805 625 7
686 155 575
199 94 393
965 429 274
369 945 705
965 527 271
843 189 776
976 381 774
387 481 883
193 697 875
252 363 426
130 173 274
755 132 239
72 23 521
833 761 657
427 949 257
579 211 991
81 947 641
653 501 154
486 498 349
45 981 324
977 111 550
745 577 448
561 207 936
569 443 430
253 801 707
976 60 231
149 777 96
514 876 181
905 809 587
309 11 729
81 353 681
776 289 559
425 351 889
761 844 913
161 653 933
553 551 417
861 311 567
10 246 552
117 523 221
965 113 135
109 139 688
277 977 157
810 31 706
929 63 609
369 806 373
214 766 960
251 769 358
679 366 204
833 731 461
689 865 793
527 11 286
879 1 433
783 696 511
755 181 657
552 948 40
928 952 223
400 611 105
851 817 705
787 782 491
121 893 265
79 793 691
510 948 480
233 816 683
201 537 620
721 281 291
293 233 576
577 868 111
962 357 751
579 379 611
426 319 252
35 501 621
497 376 981
789 121 777
526 11 951
437 969 501
841 167 357
976 545 326
637 430 385
199 888 457
701 703 358
457 668 441
412 568 441
256 941 137
825 106 607
417 717 785
172 966 215
461 899 294
119 476 81
497 561 844
361 841 353
33 181 366
537 921 353
141 277 501
777 56 751
720 952 609
693 729 69
41 761 308
130 16 552
73 739 321
353 989 730
848 541 257
954 905 361
647 945 87
349 539 490
37 554 215
693 225 775
729 831 761
83 411 566
460 789 491
157 101 701
386 521 506
185 305 751
999 87 239
631 739 109
337 819 106
901 975 79
137 246 913
641 635 173
769 425 948
767 639 994
573 193 803
622 465 421
157 291 587
83 129 721
75 573 306
683 541 137
51 501 105
299 385 21
269 795 753
529 773 693
480 553 893
580 481 897
201 420 745
865 924 209
105 809 940
753 861 829
619 331 671
937 441 17
187 242 849
326 976 541
800 720 171
577 171 459
393 703 943
353 313 401
151 778 137
585 911 353
433 766 961
651 989 549
143 76 520
521 397 901
556 707 1
815 457 709
52 746 427
941 397 558
122 601 847
902 347 736
858 679 873
79 857 312
518 491 561
353 521 721
274 161 583
761 376 931
721 805 423
633 384 593
166 691 39
80 403 327
776 847 529
240 801 751
72 2 96
82 289 881
341 841 563
559 338 960
702 41 108
300 901 561
965 711 930
201 997 52
21 633 460
742 966 841
139 415 639
103 321 5
959 849 967
136 236 231
259 156 424
89 583 542
147 265 340
393 702 55
449 131 361
891 451 261
195 293 857
994 601 209
177 565 420
205 877 314
796 521 129
41 424 295
291 771 908
209 625 737
113 215 639
622 757 545
165 337 615
439 765 841
345 123 881
509 434 455
628 866 897
521 161 761
868 251 276
945 807 101
428 55 21
348 355 465
41 441 627
622 171 39
475 607 759
713 638 166
1 1 883
537 688 794
941 287 641
88 648 286
371 232 502
778 445 725
817 601 537
249 787 213
81 661 13
591 944 17
561 711 611
222 574 931
73 921 989
430 360 607
177 936 458
499 883 457
41 761 871
921 901 920
621 126 9
302 57 303
701 893 195
309 851 91
157 221 488
864 808 49
945 842 457
701 572 234
544 561 401
77 967 271
128 41 465
353 129 642
756 881 693
865 551 621
819 237 969
499 603 540
231 329 104
534 777 759
52 873 97
81 719 296
765 557 779
255 505 946
788 959 836
691 271 909
197 714 737
485 617 321
176 193 450
553 686 89
396 73 463
681 189 696
725 641 936
367 817 997
251 991 809
653 117 229
281 801 169
991 376 631
1 637 883
884 501 959
824 129 562
285 953 761
765 801 201
313 81 176
713 309 569
761 809 313
936 541 736
226 461 319
238 592 151
201 631 531
521 653 4
689 409 680
771 773 273
913 481 779
192 869 621
953 922 303
741 176 443
199 601 651
133 289 664
388 941 568
355 627 289
397 4 922
760 261 441
401 49 289
8 861 506
1 7 571
571 75 941
257 69 939
393 219 944
486 40 221
743 121 51
491 281 721
939 260 536
805 743 733
225 525 297
427 823 217
122 947 916
61 645 205
388 337 201
466 551 401
780 284 369
841 163 999
893 876 656
91 485 313
930 75 330
326 883 323
307 271 814
533 890 681
6 847 533
751 101 161
377 859 516
225 135 773
483 806 628
947 111 466
723 895 409
769 513 76
675 277 937
378 666 117
900 302 994
461 677 355
929 63 527
601 205 253
113 393 417
738 69 497
688 262 201
653 576 445
245 663 81
989 501 118
281 831 693
177 913 135
326 703 650
538 186 101
386 521 616
951 961 85
101 681 277
975 596 456
997 573 209
271 737 683
978 17 591
356 429 796
806 236 26
581 237 261
444 765 981
97 217 601
893 793 685
506 176 25
738 249 468
801 814 609
749 798 705
530 285 501
511 616 665
661 457 213
758 5 131
867 209 99
209 939 994
377 489 590
81 316 481
497 27 777
869 950 184
245 17 563
41 849 401
177 701 17
3 793 645
517 101 11
469 566 521
893 691 262
121 129 916
945 100 891
426 981 301
409 551 86
227 909 471
748 324 349
225 496 33
676 640 224
563 505 75
787 73 670
261 821 155
183 605 601
811 761 901
451 45 511
30 513 457
601 968 966
249 389 341
450 101 546
101 125 441
175 985 867
745 64 97
791 191 357
224 987 517
228 185 123
337 411 709
698 449 209
521 45 561
236 13 745
626 199 5
679 581 607
581 940 421
769 846 761
541 181 953
433 387 826
253 183 369
737 89 749
57 319 1
776 253 697
461 296 611
624 206 441
646 83 781
921 696 438
93 521 821
5 616 141
621 990 461
737 777 851
865 26 22
756 855 53
650 299 120
261 1 168
525 777 928
41 708 925
987 521 125
878 319 588
859 10 895
231 789 943
642 301 963
944 761 27
97 739 801
641 997 285
57 561 377
323 779 319
17 17 882
445 203 681
711 924 96
689 917 711
424 249 673
879 820 463
761 161 866
326 821 151
747 178 57
413 965 746
201 201 629
577 102 96
31 61 239
907 175 96
57 92 243
827 916 901
351 626 286
351 705 165
657 24 183
301 441 937
501 281 363
866 421 385
241 115 974
139 401 525
577 669 753
105 786 121
561 768 569
705 581 368
673 70 329
345 471 5
79 76 373
713 646 81
921 517 874
921 471 277
377 233 223
493 751 41
91 857 493
165 860 11
181 865 43
40 111 922
591 31 831
130 575 642
881 492 821
742 999 723
312 897 411
470 208 233
811 377 415
403 639 313
825 441 907
95 731 55
751 285 62
441 505 583
365 839 39
289 401 911
459 264 89
901 351 421
971 51 731
57 909 469
57 233 75
921 281 93
156 54 177
215 90 217
218 796 252
229 545 297
515 649 253
556 677 987
764 345 501
315 747 569
305 429 941
1 561 401
423 285 237
753 903 293
1 449 102
832 33 746
877 211 309
950 87 568
21 776 521
859 825 81
715 569 807
33 547 446
271 681 156
727 319 257
951 427 94
118 181 837
541 377 191
433 829 901
793 93 217
290 51 535
56 25 511
335 917 569
849 242 126
272 319 113
943 257 598
951 951 595
263 565 681
132 71 841
779 976 251
33 625 611
721 603 365
385 942 489
313 101 281
161 521 435
660 655 59
232 689 827
251 427 956
977 314 527
1 554 586
824 997 753
862 485 20
497 957 895
587 135 195
780 2 527
482 361 434
967 776 1
921 301 887
486 649 748
366 996 552
673 663 383
697 341 17
393 877 849
449 5 459
987 47 551
337 576 201
886 513 822
410 61 411
811 955 713
739 210 789
465 221 344
9 861 467
971 267 959
401 52 8
127 929 991
449 323 621
543 946 440
236 116 726
397 97 971
497 181 393
152 18 321
205 361 81
434 716 211
191 332 761
641 853 701
666 626 409
339 573 621
320 473 309
107 931 771
926 609 625
705 801 792
85 851 861
901 473 723
181 813 1
659 700 581
65 671 1
766 955 256
853 129 597
17 609 457
545 693 781
712 187 752
285 968 129
701 498 35
785 287 507
421 851 853
129 391 679
431 695 74
861 91 456
997 843 243
26 61 101
587 712 225
65 5 611
361 546 607
696 881 468
909 567 288
131 336 865
274 288 641
921 929 774
913 689 729
17 201 393
715 637 901
621 89 461
1 455 43
737 737 704
275 494 415
617 225 275
969 907 526
243 966 686
315 601 111
770 856 839
111 991 901
951 178 540
165 81 273
937 561 303
15 555 215
205 891 692
939 203 900
484 361 233
637 301 695
160 476 281
645 76 41
991 898 19
537 350 451
633 567 224
964 620 545
91 401 629
354 937 991
426 913 795
989 939 689
822 135 265
653 21 1
151 971 582
736 201 97
961 755 185
251 390 306
940 82 723
391 35 309
758 539 673
256 425 757
224 175 103
834 373 705
64 13 977
53 837 582
441 557 199
521 86 590
992 441 741
429 751 186
288 428 993
1 819 359
315 303 367
621 618 391
749 49 880
906 62 891
51 419 341
361 723 196
218 530 705
549 294 235
326 1 901
419 193 903
741 393 977
281 581 757
37 419 321
720 412 100
851 41 422
411 476 596
81 369 485
279 521 800
743 706 16
461 154 981
101 111 134
89 51 968
101 56 626
837 785 885
641 849 151
561 609 579
299 85 921
334 102 503
995 479 651
911 853 157
66 586 201
709 445 181
609 508 568
150 60 76
126 441 991
391 229 761
412 201 306
201 313 315
589 11 785
267 653 560
681 934 311
454 149 537
389 77 1
101 185 326
782 645 551
1 417 751
716 449 305
771 12 489
463 41 236
12 657 581
17 528 181
97 745 533
591 128 123
358 315 481
885 101 786
417 604 956
656 141 361
665 993 436
241 688 71
990 685 865
119 961 849
112 86 977
133 661 461
785 843 101
998 395 797
609 951 620
654 171 486
681 254 716
5 187 401
979 1 729
689 205 1
729 539 781
167 945 251
905 849 441
271 185 193
622 312 903
129 237 556
73 477 894
569 83 875
317 140 791
991 462 85
683 929 281
409 483 268
842 402 801
693 635 77
201 473 369
97 421 418
265 221 743
709 135 601
118 538 99
301 209 227
607 549 183
723 565 957
453 505 31
375 376 645
449 839 114
249 209 993
629 41 975
70 576 379
667 771 396
401 177 455
551 20 674
353 762 801
741 527 961
381 85 440
950 980 346
665 422 633
541 811 249
151 178 706
143 243 441
501 139 781
368 646 901
119 425 559
600 743 72
172 225 65
91 73 580
337 569 484
399 934 223
72 501 936
849 177 737
830 272 576
1 319 719
981 454 872
839 505 801
622 515 886
401 715 319
129 813 73
153 904 220
244 881 711
313 451 609
891 571 931
685 153 783
911 774 838
245 589 81
193 991 1
142 291 121
575 612 927
81 125 953
929 73 707
541 521 191
554 349 853
164 147 73
265 488 281
713 576 403
665 321 563
928 841 293
935 233 408
537 822 295
571 630 211
13 126 993
671 286 827
89 566 1
336 130 963
657 16 805
333 980 255
851 467 786
22 777 369
650 714 635
891 77 441
56 881 745
914 284 216
759 361 93
320 241 66
229 579 825
60 153 993
181 49 471
326 469 747
521 57 891
226 103 921
81 187 283
108 611 929
63 315 720
81 276 365
261 702 449
73 989 236
573 353 841
649 502 514
404 236 753
855 321 421
891 782 834
576 339 626
385 990 745
173 951 181
165 766 296
551 51 161
908 401 989
501 481 359
129 135 37
443 361 76
781 306 277
101 975 821
83 20 881
477 509 241
301 51 781
867 361 321
968 745 378
37 613 480
906 751 176
473 751 391
292 841 501
849 345 703
785 658 437
896 163 654
826 64 388
188 320 617
593 53 167
891 521 633
296 703 473
581 908 981
234 93 405
347 700 984
731 757 41
542 380 744
277 784 46
517 1 251
895 195 661
29 421 671
675 825 399
177 604 858
91 456 81
427 894 965
276 240 531
533 313 705
143 931 977
66 393 213
195 18 866
825 908 537
624 586 651
701 401 551
163 317 131
355 629 426
9 817 628
931 944 885
626 506 256
804 987 686
723 297 137
471 1 951
855 909 235
461 159 726
560 381 753
164 986 127
756 171 137
749 289 92
509 799 1
839 66 375
742 754 309
968 996 241
727 571 161
497 889 194
50 186 147
161 469 986
941 849 951
593 329 129
326 579 227
557 717 637
332 321 549
153 329 237
975 161 241
616 491 601
460 164 981
785 234 617
641 243 281
881 225 873
493 71 431
85 9 815
101 7 484
217 121 230
877 737 913
633 977 11
888 121 781
731 411 601
486 492 301
29 353 583
449 481 813
337 795 808
472 761 976
465 101 701
625 801 36
263 613 249
179 367 291
578 190 978
943 1 881
909 128 313
301 848 646
41 376 21
331 317 775
896 482 377
141 809 99
279 364 304
436 575 533
443 129 231
871 61 350
151 162 659
953 141 841
447 711 887
701 629 481
886 376 941
165 85 371
273 41 541
231 635 231
211 158 976
887 680 326
861 141 1
753 584 402
609 276 161
281 91 670
578 785 386
729 603 1
225 473 131
376 554 641
209 1 487
157 715 571
599 209 472
158 81 493
470 351 512
485 93 622
333 261 617
537 574 96
937 381 249
257 353 466
281 565 731
271 521 606
861 461 873
255 585 401
555 595 337
865 145 51
661 755 351
1 977 515
985 921 237
679 19 691
141 956 551
766 848 641
211 131 234
401 989 376
945 306 969
681 33 311
919 161 14
713 969 345
706 417 844
860 396 289
264 278 678
593 719 693
839 341 833
256 976 41
211 979 662
461 666 159
747 324 926
73 786 189
8 441 711
263 11 694
65 76 41
41 941 891
870 25 701
781 915 853
140 235 67
837 832 234
493 876 211
288 169 513
441 241 92
249 881 971
757 368 577
134 241 265
53 627 975
639 493 89
521 571 273
841 101 389
381 856 353
305 582 89
977 401 161
841 1 661
987 251 265
112 641 240
559 616 79
292 499 391
144 787 1
831 305 673
861 521 515
725 611 21
53 703 551
841 19 541
800 333 167
216 815 232
733 1 19
107 34 321
551 583 457
681 923 729
629 81 135
307 331 2
41 550 731
891 489 745
956 601 677
273 780 672
993 45 855
671 276 143
533 171 41
985 773 826
337 298 865
303 11 55
13 673 685
29 965 421
65 751 969
7 345 526
44 529 384
399 351 689
255 653 841
376 571 121
981 516 825
797 601 38
201 113 846
759 183 921
627 761 899
464 173 753
13 207 301
391 305 169
361 17 726
27 944 573
315 668 705
777 886 593
146 681 289
661 813 951
701 21 753
842 865 41
461 742 707
601 351 694
698 916 866
341 837 833
241 611 37
725 785 954
576 911 3
84 193 549
249 41 497
481 11 371
297 813 797
647 449 391
294 213 145
614 905 191
641 435 941
218 601 289
473 742 568
629 129 551
651 196 653
385 89 867
609 457 689
924 989 727
33 850 85
741 466 657
468 181 889
801 287 939
737 59 35
297 481 333
537 5 765
595 773 813
556 217 501
89 275 41
564 1 906
391 837 333
295 796 393
995 153 966
121 161 231
514 43 147
101 51 676
457 355 58
91 676 281
756 23 493
334 801 697
423 281 509
569 689 760
681 836 49
659 17 481
560 277 398
391 549 376
6 981 729
665 681 723
459 396 217
221 49 449
571 769 208
921 251 531
329 69 641
281 817 275
1000 646 293
1 441 785
314 937 985
266 683 676
150 881 273
282 319 889
529 307 549
111 801 277
385 275 966
179 751 422
1 651 31
801 441 231
481 959 481
801 606 577
78 486 323
481 526 717
647 457 525
143 857 607
145 97 141
126 181 336
639 145 151
97 681 796
921 484 277
409 453 510
248 593 1
63 221 760
300 501 76
961 979 975
225 350 143
986 713 16
917 655 561
73 785 547
905 345 289
887 299 571
321 463 627
647 96 36
761 631 185
461 337 416
705 966 776
431 281 301
405 749 405
371 569 566
487 553 877
73 337 401
153 109 127
788 671 661
963 320 401
713 139 335
985 597 217
907 251 683
394 441 441
631 537 136
841 647 27
184 882 489
951 253 936
49 194 591
193 41 65
421 597 601
31 850 297
193 98 56
78 185 877
253 969 184
425 201 343
261 26 577
993 951 609
48 988 851
435 225 265
432 785 705
895 133 501
871 943 897
991 513 217
73 601 916
543 206 924
510 641 423
185 505 221
197 79 207
993 429 536
901 507 677
361 487 872
529 367 935
297 793 229
517 641 944
446 23 109
425 476 514
967 907 487
801 737 451
827 279 425
957 607 273
853 617 79
221 229 266
651 945 866
309 17 366
782 401 303
11 261 759
277 886 262
24 553 501
609 451 251
641 471 841
509 891 913
657 54 499
650 857 559
561 435 290
627 558 291
731 610 549
811 103 21
11 493 96
453 281 605
973 54 284
382 881 137
557 473 31
841 970 669
106 633 929
270 841 233
777 169 1
180 969 353
455 438 324
833 409 9
105 665 85
909 557 193
677 569 183
201 991 684
131 231 256
702 17 629
850 301 579
893 265 576
625 307 161
719 693 675
76 568 600
15 136 957
485 401 185
371 127 331
309 71 961
447 793 45
446 443 897
69 377 962
747 853 646
389 308 751
541 498 153
431 943 229
222 271 763
281 967 514
299 412 837
789 945 596
218 961 11
201 255 708
281 579 128
481 778 635
571 213 289
401 956 221
130 589 449
641 688 215
323 161 283
421 253 601
374 321 267
829 203 297
507 387 427
557 667 410
567 327 447
23 467 1
201 561 6
696 889 741
569 469 907
561 189 673
969 561 401
595 99 241
862 241 945
706 202 899
41 891 640
487 121 281
611 241 841
438 313 171
499 693 815
669 393 129
381 667 719
219 157 123
887 605 599
340 697 816
393 823 368
645 1 889
601 390 791
918 757 145
738 156 2
34 205 425
379 737 383
191 589 926
676 241 419
