3926
232 467 674
265 125 63
377 723 607
53 633 471
468 619 881
792 422 65
1 628 786
224 421 371
249 377 633
972 101 209
581 231 547
951 317 717
321 51 869
467 226 683
625 361 221
3 113 97
227 308 747
898 581 53
116 589 311
305 279 893
33 220 562
605 543 41
324 301 148
178 457 416
55 704 265
251 267 21
272 876 345
251 741 827
625 251 689
481 21 81
786 257 845
353 70 372
838 515 863
698 453 761
757 249 484
596 731 481
526 131 751
189 606 885
669 432 461
634 529 94
221 323 315
455 861 881
203 265 689
351 829 566
467 275 591
529 353 624
705 555 679
521 541 24
773 51 843
799 223 251
23 356 997
11 741 573
469 138 561
750 35 813
767 193 102
185 921 653
741 709 325
740 641 283
553 4 181
209 589 609
544 621 528
884 349 385
267 9 896
44 789 370
739 757 301
738 741 307
374 281 586
545 993 33
609 716 61
400 643 1
913 81 956
112 237 127
965 411 342
126 679 500
501 471 620
81 485 331
134 389 279
548 897 689
921 814 571
392 293 921
50 286 356
779 477 425
649 228 221
407 171 793
442 121 875
353 165 173
496 491 576
169 489 101
557 141 116
483 391 605
761 544 27
949 233 693
113 961 199
977 47 475
37 31 981
901 761 676
62 348 46
429 221 91
189 978 211
468 782 441
597 391 865
817 159 871
926 529 969
585 956 526
407 627 917
541 289 148
15 968 93
29 369 257
541 601 469
225 396 1
476 653 208
166 626 908
921 8 241
918 472 241
815 773 683
75 874 476
273 281 249
991 481 414
879 45 25
105 59 81
337 121 151
557 701 489
465 14 395
761 145 861
18 41 1
499 61 871
457 928 841
109 601 81
841 319 561
776 761 905
184 193 881
9 639 351
681 743 49
53 281 13
987 623 264
527 901 711
975 881 290
785 251 34
426 421 913
417 241 535
184 482 124
849 83 118
729 416 648
245 703 96
736 137 921
821 940 41
96 919 501
949 581 981
397 932 535
977 996 699
156 635 243
149 487 801
401 185 991
833 723 225
471 976 702
611 957 425
956 839 657
876 799 286
22 261 231
856 12 716
225 447 809
751 921 251
661 601 966
292 195 366
442 409 465
437 319 25
333 729 521
23 67 298
589 995 930
770 251 917
545 707 129
156 257 613
323 879 327
951 157 751
585 279 214
670 801 611
413 57 412
171 696 675
137 129 701
337 198 513
195 721 429
49 127 813
665 673 165
761 430 741
141 303 893
361 279 925
408 401 885
174 641 221
73 614 681
276 695 99
433 415 9
172 461 769
717 237 919
761 921 645
531 981 931
861 601 269
842 729 433
529 472 269
901 569 691
277 196 901
705 769 282
297 441 297
793 241 417
101 586 925
217 873 941
173 720 277
925 461 379
553 487 678
729 25 749
401 355 469
249 776 269
781 741 487
235 625 63
196 385 392
741 329 484
875 41 1
907 655 259
178 532 391
995 117 127
751 684 393
201 703 578
846 657 364
341 151 375
906 271 623
117 553 541
491 861 40
27 121 195
801 608 541
370 486 777
33 681 497
209 598 309
253 273 2
381 374 804
173 451 444
701 411 197
201 683 117
791 373 401
17 26 700
86 409 283
841 431 417
423 492 55
425 819 293
401 798 596
350 318 726
737 996 81
617 863 692
851 447 608
530 706 570
485 801 671
821 361 236
746 533 787
816 349 156
876 751 251
283 261 741
754 981 568
521 610 390
346 217 861
217 310 668
359 453 71
408 821 230
449 713 825
915 737 769
371 405 765
10 533 185
373 641 465
62 165 453
821 301 101
731 936 701
961 398 531
693 652 434
726 671 312
93 147 451
837 648 193
19 543 455
745 397 391
611 361 676
773 955 529
561 418 687
596 576 341
921 114 401
451 749 880
533 569 126
803 377 242
727 810 707
606 328 168
569 137 683
971 529 777
641 437 825
636 349 244
131 595 748
932 128 313
663 365 851
61 571 913
525 781 531
408 791 583
16 777 942
373 677 497
941 225 309
639 961 37
377 249 345
697 81 321
147 703 481
865 807 185
209 381 90
672 357 301
402 841 449
234 184 702
181 217 303
29 898 496
985 882 651
761 449 294
881 605 6
869 473 765
151 845 141
521 475 481
317 226 873
221 136 41
44 333 377
472 125 926
533 747 435
475 966 437
705 701 835
667 177 341
930 353 81
95 681 801
385 197 557
502 705 946
471 281 1
376 281 773
197 651 656
435 195 85
101 593 621
963 19 449
897 550 841
909 319 153
201 721 379
261 379 273
445 43 593
317 44 781
423 586 111
196 229 667
721 396 782
1 242 793
249 100 686
123 961 826
539 761 230
465 142 478
714 51 643
667 691 701
365 137 246
741 13 841
665 553 794
165 761 126
616 828 617
969 989 617
825 281 549
481 391 169
409 625 481
695 523 481
721 321 446
983 219 601
545 889 27
364 229 209
298 281 862
69 858 1
926 701 41
735 805 251
829 11 61
553 208 253
996 311 790
951 561 169
196 243 467
281 401 800
699 134 333
301 875 51
166 773 853
316 233 441
1 377 15
871 783 630
681 653 721
401 890 785
959 895 551
405 149 78
505 552 611
356 226 733
425 781 341
346 906 269
589 609 411
978 896 593
266 41 551
121 191 57
701 37 985
246 321 437
200 34 31
81 876 241
856 233 991
149 433 113
723 473 841
987 633 601
590 398 622
341 477 921
791 737 93
981 207 845
396 876 535
201 133 481
347 361 891
531 321 771
857 617 845
306 717 641
501 246 51
541 541 861
934 557 476
177 749 941
328 852 673
565 737 603
107 401 351
923 786 257
707 581 441
465 67 481
54 382 257
917 731 669
459 335 435
921 745 38
710 941 994
579 827 426
257 101 281
521 935 481
341 681 976
241 401 705
439 153 413
529 751 901
269 441 6
740 315 929
136 121 893
291 513 101
419 921 726
374 163 357
901 990 25
559 639 937
969 376 121
752 101 565
675 581 579
951 387 512
326 907 978
936 281 985
396 391 876
373 384 592
651 951 662
137 277 9
191 873 373
371 885 505
265 899 343
289 766 641
961 373 777
343 101 769
225 713 131
857 561 795
343 81 395
109 696 145
561 698 885
600 961 865
406 481 168
676 727 829
677 580 371
737 667 185
16 439 521
353 64 419
1 521 191
678 381 401
946 667 401
641 157 881
361 707 953
397 216 288
983 911 697
771 479 921
278 113 737
489 886 95
950 46 11
153 481 138
13 519 73
357 337 401
608 441 341
874 108 999
897 843 635
121 641 428
523 348 863
237 401 881
273 849 82
901 484 699
873 441 621
766 515 69
696 231 793
817 485 254
48 801 637
548 757 577
15 339 673
33 668 781
963 251 553
275 254 336
661 925 316
439 57 171
470 371 35
70 846 353
237 467 61
633 643 551
616 21 721
853 905 661
468 516 303
581 381 536
247 903 809
447 901 561
677 641 449
521 769 641
191 201 585
712 601 457
781 511 507
151 566 529
409 969 161
103 521 757
973 993 431
457 801 417
233 443 421
16 741 589
885 629 801
242 681 811
97 409 865
807 825 827
841 505 1
271 693 214
401 531 657
957 373 135
749 46 753
411 731 114
869 868 264
9 925 782
117 776 996
143 62 929
215 427 853
781 329 676
106 845 126
435 41 26
681 521 479
588 565 681
613 726 681
751 996 181
261 66 589
502 441 16
986 377 41
332 725 910
549 165 186
561 691 916
661 200 38
743 181 524
381 171 321
53 397 361
349 781 503
593 529 913
895 872 831
361 401 209
700 701 281
669 221 481
669 926 856
415 636 558
449 945 561
203 363 241
841 137 971
980 641 383
36 411 369
415 246 514
966 1 230
163 697 587
829 297 101
547 306 681
876 245 359
321 549 603
181 851 601
871 341 521
476 55 55
581 187 682
45 449 413
655 341 161
1 141 921
115 993 341
511 481 723
708 245 508
113 768 671
621 809 281
151 932 95
265 25 556
336 19 264
639 404 210
817 411 730
781 265 773
69 821 929
48 156 387
946 17 520
707 713 401
516 98 349
226 761 605
496 63 473
891 335 23
833 631 881
609 17 41
146 576 177
58 241 117
841 525 880
185 251 791
199 421 135
349 323 153
688 72 606
505 666 436
777 249 69
633 667 97
384 217 145
49 749 737
941 385 534
935 261 662
217 961 813
521 441 170
365 265 681
599 439 123
781 551 53
594 447 842
561 607 361
570 171 955
705 109 276
309 261 209
482 681 506
336 671 401
19 56 35
69 466 933
907 347 675
897 785 863
369 989 391
257 533 97
189 281 385
773 521 224
339 195 86
696 782 628
81 25 927
435 961 195
934 449 483
169 909 601
751 431 729
639 241 201
909 764 951
672 787 293
501 241 51
294 129 673
901 429 289
386 310 178
609 690 255
289 171 665
255 713 340
537 366 186
333 335 9
371 970 441
14 661 92
577 351 301
623 365 83
441 529 781
970 310 25
411 226 322
46 334 867
621 501 816
621 105 701
981 761 516
311 121 951
863 321 647
700 712 137
855 832 216
741 496 761
451 305 651
969 49 257
39 151 687
705 777 984
39 715 441
906 847 265
105 756 501
536 201 426
879 450 161
281 753 425
241 293 761
465 333 691
41 503 173
361 415 528
977 481 56
654 409 395
942 251 181
318 343 929
739 625 81
335 125 951
461 297 589
836 655 644
481 183 355
912 537 871
945 786 631
593 876 833
157 492 559
731 497 771
65 764 929
52 239 393
518 573 346
141 715 769
705 311 785
617 477 197
371 479 641
817 501 969
981 452 841
169 879 921
706 377 276
139 423 321
961 609 41
365 863 393
51 371 757
126 281 655
476 14 571
681 764 461
463 953 806
947 621 321
558 724 640
22 210 551
551 832 271
135 237 649
992 41 726
513 448 321
566 272 801
841 324 456
692 769 726
881 801 544
731 421 91
926 911 290
493 665 301
262 686 626
141 421 873
633 625 663
776 713 679
581 591 690
252 65 133
209 370 598
839 182 40
745 667 216
490 921 316
705 921 714
421 983 673
936 53 201
921 163 879
749 359 639
909 376 701
889 786 554
181 977 595
799 535 646
615 775 38
315 936 101
552 982 644
44 575 953
281 405 450
516 865 911
878 542 103
576 13 65
773 245 644
204 713 351
691 761 845
391 801 187
817 302 825
531 875 447
87 671 706
417 477 681
527 432 787
833 884 449
389 199 221
917 949 137
369 51 9
987 600 604
946 709 636
461 806 181
357 657 897
453 121 276
81 611 231
233 857 529
506 991 86
935 264 397
243 333 311
49 203 445
908 593 359
771 293 939
706 749 127
961 281 531
41 221 631
619 517 33
525 233 862
299 441 417
381 505 666
317 527 465
325 978 745
815 735 256
281 29 153
951 817 297
801 418 221
490 489 578
785 245 111
225 895 767
893 868 873
777 817 201
101 772 294
431 265 682
117 357 315
946 791 486
387 859 367
422 597 57
253 296 393
876 209 661
795 599 585
221 641 693
593 225 93
865 749 625
25 901 177
56 863 758
681 240 854
274 225 866
249 385 441
919 825 581
776 837 276
115 959 974
966 111 771
230 916 121
677 111 1
319 593 45
791 841 806
356 381 897
575 561 944
521 181 677
453 985 797
48 63 409
41 751 769
693 321 527
470 651 257
134 521 529
135 832 257
196 196 293
72 371 381
853 769 153
361 837 696
780 808 401
435 866 506
825 357 247
713 941 875
549 373 91
733 129 181
465 251 801
786 876 524
537 837 807
586 417 976
371 387 311
882 337 801
291 889 822
677 613 148
441 789 671
633 93 789
986 849 179
113 893 566
971 145 79
261 193 97
640 358 445
731 327 979
731 673 961
655 937 1
177 537 209
305 331 841
223 489 873
91 722 558
289 498 870
511 113 643
146 505 53
729 438 800
217 416 435
151 247 578
694 179 485
756 581 81
888 739 26
33 535 76
431 181 679
401 377 521
187 761 861
171 802 396
877 333 181
33 801 925
317 588 451
312 548 525
101 745 601
771 813 33
151 21 61
743 99 966
535 120 721
441 947 965
849 52 945
577 871 31
961 504 56
51 426 768
848 6 615
8 236 285
681 651 396
703 621 61
857 181 781
566 557 293
841 793 865
501 65 775
31 314 865
211 549 161
525 245 117
891 857 993
694 493 265
901 138 583
681 617 665
206 119 813
595 301 404
341 193 371
891 673 854
235 989 130
199 609 579
51 209 151
591 845 201
805 889 61
931 393 890
450 338 863
113 132 753
893 435 801
221 951 887
770 301 153
593 492 857
201 189 951
125 288 85
125 389 845
891 943 213
964 410 603
661 794 794
300 525 451
801 807 409
299 491 511
526 641 802
99 777 552
517 999 413
777 547 917
669 713 757
705 485 325
293 829 179
471 577 661
49 161 528
721 156 31
562 195 57
926 511 961
819 561 431
132 415 449
16 89 919
499 617 193
1 654 81
413 14 513
924 719 409
437 881 801
861 626 1
821 458 27
910 32 506
845 827 835
902 881 69
181 377 505
401 122 457
961 763 918
81 301 567
689 465 897
193 65 122
611 689 236
13 741 573
361 421 501
294 173 106
271 290 175
768 619 785
7 112 969
31 101 309
502 952 568
261 291 703
407 201 661
257 566 970
699 953 357
402 498 185
265 111 895
139 151 641
434 189 149
189 437 931
571 121 921
501 126 284
473 211 71
945 261 855
506 200 449
661 62 577
673 864 822
763 893 881
61 379 828
763 881 857
737 445 961
833 829 682
976 883 697
345 443 377
598 205 534
281 344 985
529 766 91
276 175 737
574 135 451
249 739 141
560 83 361
961 625 33
481 894 440
126 789 923
297 465 737
285 361 426
217 969 742
549 681 351
11 892 637
545 551 991
417 341 50
245 101 121
246 164 290
721 716 193
145 433 376
465 595 316
223 467 781
824 604 113
745 503 677
649 147 423
871 189 251
148 595 35
428 1 197
826 201 211
273 145 73
777 547 328
836 669 481
481 27 305
141 132 696
463 961 571
102 52 337
533 381 787
681 13 65
857 304 192
709 869 1000
98 296 577
477 851 243
239 1 779
989 947 983
451 205 688
429 501 536
54 834 596
421 293 21
771 545 913
737 821 931
201 785 701
721 208 391
506 297 568
71 265 218
473 545 745
1 865 441
227 187 874
895 201 262
23 606 877
661 305 45
713 921 469
896 201 526
960 393 777
407 131 364
729 315 909
551 145 669
261 892 983
277 959 775
960 391 228
301 593 316
777 417 195
903 124 542
312 705 251
187 801 493
166 183 957
505 876 824
362 827 261
817 976 863
801 519 101
111 216 529
113 9 918
193 776 393
252 248 607
713 121 390
649 73 858
877 164 821
969 329 951
590 429 29
185 961 562
449 858 385
756 958 601
97 253 409
733 27 231
900 649 747
961 553 509
120 846 693
275 269 517
277 751 971
436 425 99
263 133 996
165 295 637
131 393 581
297 45 209
777 421 676
409 461 266
876 297 89
569 76 193
559 271 821
741 959 837
881 320 466
115 344 455
430 188 924
351 687 486
745 680 896
981 261 534
945 171 118
276 601 925
545 145 980
519 525 905
351 226 704
226 413 232
801 381 177
289 640 837
385 643 927
161 889 718
496 953 996
251 961 555
849 188 453
500 984 516
941 289 380
801 609 941
193 566 425
361 631 344
629 901 658
277 61 311
813 877 41
892 1 721
471 946 873
697 113 657
880 389 289
565 686 653
578 611 201
906 710 716
397 702 63
745 56 174
985 226 265
81 680 421
238 927 214
1 351 375
285 791 741
505 712 57
527 209 313
837 501 787
585 986 581
823 978 701
521 991 286
643 359 863
942 449 669
693 714 81
393 737 941
879 471 955
493 480 368
157 14 467
321 203 129
457 995 292
763 386 826
501 586 899
732 375 96
247 577 113
321 561 899
501 217 219
667 631 505
571 97 501
45 834 390
450 221 221
789 372 481
351 126 969
401 56 281
351 48 873
691 54 501
425 11 1000
396 399 277
105 896 2
356 741 601
937 635 181
707 993 601
65 825 704
601 967 401
263 449 97
868 593 409
237 453 9
415 585 557
927 319 266
566 72 701
563 709 645
241 775 981
771 224 901
721 325 778
303 266 713
831 481 905
286 373 158
62 896 603
225 238 959
326 284 865
315 29 81
161 641 767
483 614 95
601 369 991
416 535 235
949 369 944
572 920 896
560 511 744
11 353 443
409 849 523
286 67 465
13 513 511
561 339 798
932 376 665
808 603 401
705 76 401
753 435 741
345 544 705
948 151 626
53 679 75
419 499 274
687 220 427
949 717 545
800 69 821
785 985 550
91 111 45
897 885 529
887 757 256
601 598 725
574 169 855
80 177 85
791 502 161
868 321 20
176 393 216
53 73 625
106 687 625
661 977 556
390 839 741
179 830 815
476 273 217
777 844 89
1 721 993
709 126 857
993 369 501
413 317 401
624 751 416
960 601 165
337 125 801
593 980 594
920 800 241
531 681 841
517 274 696
837 281 386
873 761 967
801 351 725
611 26 517
842 143 925
225 735 881
639 401 691
395 158 580
661 707 989
589 61 474
361 682 1
361 95 959
159 407 367
627 613 745
731 482 701
831 871 641
630 545 1
531 189 145
569 924 287
815 266 989
833 691 102
241 197 901
971 83 3
593 417 131
869 554 931
989 401 659
901 393 11
545 237 493
459 801 761
373 973 976
961 701 964
161 257 545
388 129 881
76 777 1
841 68 785
429 757 675
307 743 913
337 201 259
842 561 710
456 821 376
424 283 657
123 251 529
79 239 817
281 825 751
626 81 97
367 761 177
734 865 451
797 373 751
772 16 897
301 621 516
771 641 143
321 301 980
314 947 125
581 126 674
105 695 406
763 288 706
871 553 87
921 736 630
3 401 201
953 57 154
401 471 529
128 931 657
893 439 433
856 505 206
691 871 744
723 71 568
903 121 456
281 527 920
258 528 442
145 361 181
1 867 671
346 288 798
881 284 788
277 985 45
431 370 969
213 996 709
17 12 214
846 545 411
623 359 911
529 725 559
609 111 664
836 807 563
588 888 609
943 478 843
561 956 601
518 175 713
723 369 131
491 861 915
325 625 666
105 137 361
709 516 269
501 434 356
969 9 449
456 871 603
467 60 529
841 801 185
871 327 622
957 649 525
673 351 687
181 321 105
835 17 813
666 527 524
202 521 657
185 401 636
835 676 353
479 989 388
727 109 996
75 697 753
377 283 606
3 271 451
647 823 689
310 478 265
433 555 601
480 42 53
639 697 728
136 262 387
416 102 106
637 445 329
489 745 657
259 821 601
461 245 943
224 89 561
503 83 566
46 531 233
857 493 454
384 559 33
896 42 323
651 569 385
265 887 81
701 816 893
798 401 598
961 951 525
461 323 181
931 691 565
557 376 480
776 1 1
586 505 741
332 74 344
809 561 757
919 351 248
401 201 321
689 426 348
905 613 161
231 101 531
197 561 907
435 588 999
73 720 790
881 551 556
657 185 65
879 496 581
525 675 479
873 106 748
911 564 19
855 933 717
610 241 765
873 609 328
201 122 841
198 777 756
129 903 337
549 720 797
993 632 511
793 341 51
551 593 629
525 429 177
361 137 343
376 391 217
669 147 820
941 111 520
833 514 877
649 153 373
41 801 433
361 776 969
501 881 1
105 577 648
37 688 986
501 767 646
712 511 49
751 203 241
477 956 433
721 176 867
861 481 233
809 683 112
21 165 217
338 727 453
40 211 103
289 211 837
673 456 348
773 752 627
83 249 717
876 882 232
901 601 25
289 649 576
53 554 97
311 131 587
915 757 25
269 99 9
787 872 806
808 781 575
641 163 491
801 473 171
892 336 589
431 909 705
941 121 723
191 1 274
339 940 5
333 117 300
289 201 522
199 921 340
556 153 913
163 71 701
268 416 11
157 329 626
475 874 614
587 451 123
959 86 437
394 241 670
927 965 895
461 689 505
99 428 993
95 541 691
182 980 859
71 474 835
551 9 409
433 436 563
781 929 986
314 253 516
822 634 957
157 627 681
847 967 241
581 237 393
241 585 346
749 377 144
758 33 165
240 205 157
671 65 341
309 326 841
975 701 841
809 823 262
943 306 82
522 357 42
73 360 271
401 973 573
1 405 359
564 352 621
445 201 607
401 827 394
17 663 164
941 860 806
92 674 237
629 493 916
397 685 561
649 249 885
385 677 282
928 921 298
905 220 913
958 217 381
166 921 730
157 61 655
320 249 261
553 501 846
509 923 347
105 451 249
131 626 705
577 126 81
812 153 473
931 321 493
366 168 621
233 435 441
145 321 801
421 105 979
297 101 445
149 75 621
246 361 405
3 982 745
929 540 617
156 963 994
901 797 529
335 462 187
501 839 788
36 381 865
592 193 476
152 16 571
729 611 651
25 942 101
317 619 951
557 721 339
913 669 11
421 591 6
113 921 521
936 326 793
821 381 706
381 26 341
37 561 615
137 979 201
264 49 711
311 205 136
851 53 884
401 515 345
811 661 106
441 729 897
101 465 20
805 57 514
639 469 871
981 407 101
508 157 161
158 681 141
677 377 785
699 690 37
583 745 201
305 701 273
775 409 480
189 441 381
240 371 192
766 289 342
491 141 41
424 190 557
393 77 821
576 565 165
678 581 585
121 963 465
866 190 284
727 813 882
563 736 13
25 656 829
209 584 697
212 925 507
81 853 230
479 876 483
226 79 839
933 735 946
765 331 536
953 771 697
155 865 257
133 981 705
753 33 587
195 631 929
961 850 245
67 601 679
868 936 345
749 431 592
377 209 367
268 431 1
129 402 486
661 671 995
522 1 125
253 946 457
129 453 401
814 776 975
493 271 499
351 856 1
476 19 571
364 733 111
66 686 839
281 901 113
16 631 13
697 657 317
401 819 610
61 985 921
451 214 899
1 101 561
621 881 201
690 9 201
736 377 401
69 216 33
262 401 305
679 829 511
796 141 1
302 553 401
525 586 481
631 669 257
897 791 613
175 641 51
49 845 933
164 691 981
505 187 520
271 130 255
31 543 402
119 666 265
844 869 958
31 587 456
145 675 270
912 449 539
921 999 723
615 177 81
449 923 103
99 15 335
677 454 409
641 55 445
559 927 289
33 87 667
912 361 717
127 405 603
571 331 505
685 109 817
153 875 641
801 541 812
734 33 231
842 465 738
68 716 77
361 201 291
465 805 836
797 339 156
633 453 987
371 217 449
173 965 385
889 361 623
437 669 729
55 301 641
481 534 456
657 546 77
811 733 126
879 944 581
120 705 611
665 337 11
361 807 601
51 86 991
625 756 103
487 65 815
731 838 790
525 461 517
977 343 969
909 933 121
581 841 554
891 119 168
497 167 839
101 225 745
330 982 672
855 761 271
553 118 935
87 651 735
813 793 100
511 345 571
576 891 105
625 531 177
331 701 1
246 105 305
605 641 865
465 891 468
903 707 336
385 491 35
99 868 233
26 87 497
778 546 296
93 89 686
205 12 105
981 711 491
911 259 292
226 143 202
817 466 911
816 817 649
861 335 494
681 804 70
292 800 177
535 375 401
693 641 689
805 89 113
157 731 667
999 751 697
496 833 998
521 958 186
157 747 915
651 753 747
634 533 241
101 808 705
941 59 291
851 871 497
684 920 759
785 823 569
587 893 631
426 496 540
12 126 197
81 699 833
309 793 288
898 769 597
489 201 906
364 235 839
972 241 521
117 77 426
626 913 651
397 421 32
657 485 707
595 131 246
473 833 777
569 760 53
691 509 821
953 371 301
77 673 843
524 221 97
167 393 926
619 48 285
985 717 641
137 321 185
829 701 32
459 856 53
152 33 333
650 339 641
791 27 549
803 381 721
495 735 759
71 290 901
483 544 333
851 363 50
901 549 907
688 393 961
293 27 305
282 151 192
601 276 469
719 88 515
104 321 186
688 873 953
121 582 481
961 41 577
345 529 203
157 397 557
313 501 857
199 75 777
529 360 219
126 815 41
241 891 401
651 526 515
526 254 451
609 391 202
168 983 463
511 325 535
626 708 981
737 289 201
401 975 751
3 135 501
283 316 315
467 876 20
497 89 21
861 911 416
156 921 189
268 929 879
2 155 737
790 899 833
751 624 700
940 737 283
569 765 914
553 303 178
529 171 477
531 9 326
359 521 221
397 161 695
715 910 936
25 329 489
291 689 131
766 722 956
954 827 111
371 93 406
171 41 352
761 501 144
343 791 586
133 593 800
309 81 181
133 126 889
701 695 393
222 726 384
609 133 669
751 674 632
740 113 985
899 951 323
79 239 365
322 943 397
209 120 26
750 363 595
11 53 521
315 756 946
226 145 877
830 331 998
697 157 691
633 751 133
425 929 601
781 925 197
323 673 104
676 788 299
321 270 691
596 100 345
809 701 951
665 832 71
514 520 301
706 901 109
151 630 273
483 872 597
392 362 301
505 941 833
281 943 929
841 507 251
37 601 246
958 751 643
815 379 279
421 317 218
602 817 813
557 941 473
508 960 646
44 956 502
249 151 799
269 681 164
633 362 721
377 603 501
131 921 395
437 496 713
942 31 902
885 801 173
509 193 605
441 158 350
941 423 449
169 711 812
145 193 499
716 825 935
81 252 396
625 453 849
40 653 721
313 869 751
800 699 526
147 905 781
261 490 81
876 828 72
733 809 953
393 36 457
416 159 766
461 817 911
161 281 936
406 513 405
13 917 865
411 669 166
291 421 961
631 996 142
891 294 809
118 900 101
987 113 803
521 465 961
557 849 193
107 861 647
969 691 353
953 433 823
961 977 366
680 951 689
341 28 97
365 310 321
411 299 781
764 679 823
486 701 739
377 209 401
251 172 10
826 89 589
635 221 225
889 153 745
61 722 577
301 207 461
71 745 526
306 11 421
281 91 831
885 671 131
141 757 45
121 967 775
176 61 985
79 842 281
769 969 117
545 431 158
848 851 363
355 460 441
713 599 535
476 754 729
274 1 981
759 665 101
981 16 534
788 506 265
38 553 285
547 65 783
770 586 575
51 233 125
131 357 880
750 757 791
785 351 568
751 304 180
897 601 579
977 332 969
833 276 191
310 871 376
525 296 129
601 529 326
16 504 985
103 223 589
862 976 111
641 9 278
227 486 417
27 591 857
781 953 97
432 84 548
585 119 801
563 913 739
227 851 397
825 791 399
526 86 701
661 169 617
63 833 86
955 417 927
36 311 145
261 969 521
81 819 437
641 231 242
453 181 836
243 385 657
376 249 665
928 83 393
977 99 552
721 237 263
633 696 177
294 55 571
926 955 781
550 185 375
566 139 17
742 769 536
946 203 961
304 653 221
596 319 307
203 282 166
33 217 826
626 811 611
181 953 376
401 537 674
44 568 967
41 813 856
777 786 253
587 841 68
617 769 29
505 631 550
805 219 665
121 987 786
551 809 601
899 459 28
315 113 815
131 776 857
188 141 301
270 825 289
381 996 77
985 281 961
334 170 140
156 897 279
289 629 963
566 346 552
291 538 881
6 801 189
23 981 309
150 168 751
139 721 484
137 901 165
361 247 505
903 453 299
697 124 981
218 29 597
879 757 427
332 497 805
917 449 149
987 173 563
217 545 816
881 554 213
101 352 618
615 936 801
959 559 916
969 101 401
865 415 433
194 941 416
771 902 690
776 276 588
264 849 721
477 143 251
841 881 856
495 601 461
676 549 882
237 253 715
788 480 515
685 561 206
564 976 901
384 950 525
17 115 319
123 157 317
181 799 931
617 359 57
740 970 331
696 633 643
406 141 324
968 99 181
153 105 823
651 401 666
9 501 203
26 722 401
572 137 896
386 523 469
769 359 51
373 763 331
141 498 889
937 820 811
760 621 642
26 808 788
931 190 291
721 201 391
185 279 247
61 779 85
143 406 808
141 321 580
386 391 844
539 49 37
241 988 957
135 1 175
786 695 406
730 837 968
620 561 255
211 401 401
57 26 106
914 187 57
461 546 893
105 127 1
441 705 742
291 347 53
421 845 956
353 101 849
385 5 543
153 281 632
811 569 844
572 549 697
954 425 481
235 977 601
729 681 157
543 927 829
537 671 141
751 732 401
721 902 653
713 577 961
641 707 184
753 541 291
715 745 14
236 701 53
161 767 801
105 661 1
331 280 696
689 992 425
13 341 881
417 636 927
229 273 771
807 219 554
118 954 943
657 785 661
976 241 85
976 822 609
480 589 971
781 199 784
786 993 221
409 491 183
852 672 588
639 37 227
377 775 583
829 230 535
946 131 545
485 185 599
55 831 133
909 441 230
216 973 469
237 843 449
497 61 551
51 359 827
494 432 591
576 734 13
501 553 121
776 354 561
780 849 233
875 206 506
1 26 633
731 465 641
1 19 96
794 601 937
161 223 893
483 395 439
641 376 126
809 333 526
591 112 205
109 718 421
701 337 521
558 976 721
61 9 89
585 346 529
333 883 751
521 86 613
941 321 311
169 921 347
483 905 553
129 283 773
203 351 521
425 75 1
937 845 671
563 451 893
708 751 134
616 609 563
723 818 785
101 344 73
482 769 273
137 383 671
801 966 721
105 793 850
401 20 996
700 177 376
854 102 433
303 549 775
213 449 304
280 281 651
539 550 669
890 479 875
228 886 881
50 341 648
521 671 335
699 518 937
756 721 185
901 491 102
113 813 733
763 277 340
515 451 309
888 898 453
860 483 488
81 497 201
601 660 41
1 971 397
296 481 142
393 513 645
107 167 55
357 441 761
195 473 401
957 725 501
448 345 833
678 281 369
641 289 953
257 149 347
51 889 200
553 856 351
632 375 388
331 39 528
803 481 231
41 41 341
73 467 565
971 341 485
719 231 273
851 261 512
589 231 176
831 248 901
281 875 587
746 441 423
911 161 505
219 113 941
41 751 179
507 370 585
278 611 59
345 825 716
593 901 825
492 392 569
101 831 559
276 879 669
755 193 209
805 202 17
186 961 783
699 415 253
137 629 285
589 453 953
95 833 887
401 366 404
81 512 519
615 121 855
181 681 144
675 945 93
196 129 997
825 622 873
865 150 911
863 129 515
1 611 680
445 497 757
551 413 351
9 417 561
881 894 611
912 141 811
28 785 969
142 81 98
441 577 469
125 623 893
997 337 826
1 105 93
726 891 281
367 486 874
756 170 293
981 305 329
811 997 549
545 506 424
751 163 596
241 405 561
913 225 89
691 419 601
253 797 351
209 271 566
965 633 742
761 471 833
891 133 322
41 761 761
646 256 813
265 335 491
676 645 153
249 51 561
961 313 364
301 303 545
274 309 717
266 113 964
309 817 729
351 659 1
251 827 225
97 45 561
653 941 883
453 237 44
817 709 521
955 377 756
41 106 151
661 653 671
348 361 891
281 150 41
601 407 2
851 947 77
347 796 241
715 194 211
612 161 308
415 501 134
177 489 591
145 757 209
129 416 177
940 801 43
753 801 376
165 654 903
765 760 726
109 705 9
489 499 547
676 161 509
753 497 587
889 96 9
891 715 401
701 113 777
105 91 816
302 357 961
441 241 266
945 1 714
731 700 86
41 561 482
751 361 89
891 885 927
617 837 425
259 78 451
551 310 721
739 623 257
473 791 473
119 281 529
6 553 726
822 875 841
126 709 951
601 821 951
137 79 913
921 21 598
653 728 303
681 431 625
281 964 289
236 437 761
621 110 808
665 433 479
445 728 524
861 388 921
59 39 833
590 951 506
217 784 685
887 753 633
377 819 985
601 161 943
443 331 401
831 155 63
776 236 1
359 393 805
225 608 601
814 296 951
473 501 77
605 181 459
41 590 55
801 997 465
449 609 681
733 559 540
511 581 547
576 681 217
323 287 889
477 601 627
555 571 202
521 689 311
865 808 145
31 603 272
938 425 63
981 424 761
26 111 825
65 665 309
141 1 63
546 313 609
178 776 214
857 349 717
761 408 881
881 351 653
890 921 457
431 825 296
828 651 731
465 705 544
729 673 887
421 861 39
719 393 983
313 137 441
441 796 55
830 580 238
561 111 113
625 349 965
31 447 641
941 656 357
891 501 793
319 376 801
111 927 545
273 245 981
609 736 382
991 637 961
4 658 743
59 935 993
161 603 27
839 889 133
927 865 525
761 247 165
21 674 571
81 226 301
201 838 6
321 175 339
397 991 437
814 926 176
841 445 497
931 427 577
511 857 781
931 353 601
182 987 274
905 199 681
571 858 723
286 787 427
826 869 331
15 853 11
933 40 421
145 325 813
430 196 606
881 593 437
297 111 161
850 365 626
713 49 782
361 1 641
161 801 380
81 977 951
830 788 521
257 449 337
217 77 29
661 697 653
601 615 601
591 324 851
863 768 926
145 701 266
301 275 797
705 976 377
251 521 879
805 811 316
48 176 463
536 293 477
417 465 219
871 283 661
991 537 903
169 229 246
227 481 285
553 946 331
269 550 645
292 279 277
226 345 47
527 109 62
551 883 601
647 610 563
740 341 349
273 4 986
81 483 561
743 356 457
275 256 481
266 155 499
909 425 897
460 533 698
941 129 89
104 871 403
577 931 181
429 921 894
801 651 285
131 985 867
651 595 613
99 402 231
431 231 935
91 841 729
409 926 488
977 317 337
373 643 401
141 289 161
561 345 939
643 385 246
193 225 650
146 651 25
235 504 911
385 41 891
993 169 438
849 99 139
341 375 245
81 137 301
739 935 539
493 75 463
221 479 476
561 992 585
439 240 341
257 689 97
110 815 358
621 177 866
308 386 522
541 209 427
377 871 391
541 206 996
249 851 276
521 13 80
518 921 145
161 608 365
201 656 159
991 741 431
211 55 186
107 523 177
540 873 953
871 116 129
527 101 326
665 501 801
241 771 113
922 116 862
651 869 425
25 793 98
637 161 713
599 207 521
144 736 83
999 21 149
225 1 800
14 928 541
286 395 849
149 720 875
886 333 297
869 801 677
171 605 767
549 889 419
308 207 224
485 913 781
929 577 998
609 979 145
193 876 496
957 9 973
679 176 825
101 81 725
881 901 311
729 722 103
829 499 895
303 529 954
241 389 635
591 1 171
849 481 137
744 991 160
676 801 27
651 684 977
934 633 526
353 670 101
111 251 265
97 589 11
120 745 522
651 415 961
555 126 361
731 759 953
491 889 149
474 350 924
616 647 339
607 239 796
21 656 861
163 527 263
773 41 495
1 886 1
223 881 40
705 511 400
561 881 711
176 109 697
457 757 421
196 95 697
596 497 792
851 645 57
557 341 589
105 317 159
593 397 813
443 289 480
855 593 41
449 36 826
301 249 903
319 881 521
286 736 353
729 225 117
1 369 921
809 653 177
251 393 215
661 491 691
883 87 551
145 273 243
541 903 331
819 463 171
114 457 237
231 741 569
299 812 837
425 318 771
321 985 605
57 301 201
981 33 45
541 175 643
521 481 441
184 376 497
794 485 919
789 193 376
801 911 566
339 417 426
897 868 934
352 961 812
853 641 925
877 53 819
165 1 481
873 965 289
61 996 278
369 401 731
601 679 937
929 929 705
137 401 913
285 121 466
746 9 221
361 1 51
25 689 983
465 785 775
144 491 105
793 731 893
447 113 953
142 1 649
121 641 721
687 331 311
815 608 77
10 620 787
56 443 807
807 35 218
657 929 746
866 951 551
601 403 881
412 611 285
806 361 257
611 121 251
181 943 423
488 581 33
764 363 943
295 171 574
561 413 993
241 201 191
929 641 955
551 819 733
504 1 919
147 341 806
489 496 876
781 181 988
285 57 11
183 574 641
721 21 801
115 681 432
731 93 545
767 816 306
760 81 537
396 256 688
637 618 339
514 160 276
379 77 30
29 337 769
617 193 455
193 35 157
396 909 801
485 633 601
177 689 561
20 820 121
281 140 430
27 361 990
833 437 587
776 133 235
409 847 353
917 321 758
381 255 307
127 259 621
636 74 133
324 861 954
519 349 361
399 873 461
304 151 696
534 411 331
901 721 814
817 746 315
571 436 7
909 691 452
306 855 583
142 831 682
843 149 726
961 41 75
509 140 97
901 915 121
393 135 825
593 101 597
465 381 578
379 51 925
983 29 877
937 906 519
815 835 955
227 77 397
313 958 977
943 781 966
639 593 641
513 481 457
689 149 137
382 622 334
691 766 955
201 913 974
726 223 19
641 501 495
335 869 737
731 224 561
289 897 401
309 441 937
166 807 699
796 676 69
274 474 709
495 606 483
3 81 393
5 851 266
559 89 129
64 22 257
206 169 497
691 973 313
86 841 313
917 871 749
651 881 181
817 841 41
682 343 926
544 914 563
689 307 779
13 371 270
177 193 671
439 681 654
897 641 5
791 89 683
939 378 209
801 276 329
267 378 831
642 586 809
407 851 567
449 575 304
611 103 924
693 917 309
130 257 270
271 472 173
81 741 313
253 521 501
751 933 735
313 841 141
350 797 389
117 269 348
841 25 233
541 521 803
277 207 767
404 201 641
270 453 397
1 345 881
870 923 801
614 699 497
4 199 329
367 821 801
449 441 460
941 901 726
325 667 196
245 404 412
773 433 69
494 33 209
876 577 781
260 723 176
551 103 637
570 533 905
729 11 299
789 153 921
851 916 793
776 89 2
121 821 776
337 591 291
289 995 961
969 176 869
721 659 857
419 431 588
285 154 601
549 281 750
841 261 731
749 345 636
251 865 681
341 969 790
481 613 441
149 49 769
381 262 901
305 47 28
551 14 226
575 44 216
651 487 560
415 135 711
289 201 57
369 753 634
765 196 626
433 648 177
47 456 797
159 777 669
167 421 715
762 576 129
871 227 651
425 345 144
971 873 246
476 581 451
945 529 577
881 65 371
650 1 658
781 275 713
548 849 58
736 517 390
331 833 201
402 717 761
265 887 321
493 913 795
643 568 41
49 91 81
337 970 895
601 126 762
673 477 711
417 885 881
836 537 378
193 726 580
481 857 745
587 286 173
400 754 487
409 26 5
183 205 481
637 681 48
425 94 793
49 785 525
251 416 113
957 273 507
861 551 644
161 583 736
911 386 345
6 718 69
63 961 337
535 971 651
681 999 13
601 918 823
352 201 713
166 455 509
147 116 721
1 246 167
901 114 243
129 257 897
625 424 929
926 942 977
653 227 721
501 885 241
888 16 249
667 630 321
15 1 501
208 773 128
261 529 983
991 716 481
23 146 624
327 818 451
461 471 508
142 812 626
15 877 268
771 341 36
471 536 786
559 593 616
751 609 813
225 636 377
996 881 409
781 279 663
715 161 421
200 931 731
477 936 833
458 9 190
935 175 862
659 616 384
993 837 171
481 825 971
221 398 68
875 409 11
196 577 217
69 230 481
687 601 13
297 864 580
553 11 130
665 361 337
35 611 905
739 331 822
549 431 782
209 627 711
319 354 878
829 699 133
155 490 141
585 884 681
156 261 992
41 681 851
466 787 729
623 488 431
252 601 630
366 191 91
643 774 873
331 1 182
846 609 516
494 948 81
841 831 237
50 471 469
511 36 951
385 921 21
995 61 13
342 61 345
921 15 165
581 957 903
531 906 231
115 644 177
585 646 432
976 257 734
31 461 789
33 66 559
295 515 865
979 241 308
549 445 814
481 661 749
37 205 153
721 405 121
805 786 976
307 233 611
779 97 251
99 961 567
241 445 357
741 441 910
877 85 28
371 929 697
108 121 40
356 921 663
571 441 643
791 666 36
292 921 502
97 200 228
25 890 478
802 110 751
128 671 201
459 95 957
191 791 111
969 31 97
289 556 874
618 751 561
649 817 691
727 273 9
133 83 488
340 585 337
633 321 681
511 946 281
630 837 547
967 533 644
770 923 476
353 289 547
749 223 356
633 395 456
833 114 627
326 421 212
998 983 873
153 941 243
142 699 633
176 658 669
833 420 253
965 305 625
625 361 113
589 1 153
801 987 813
264 971 320
21 979 240
489 881 437
291 377 841
968 866 512
421 644 158
279 785 759
745 225 105
465 721 401
179 187 841
401 287 421
941 691 488
705 10 830
556 269 729
469 426 909
676 109 315
161 735 168
809 847 329
699 829 172
709 953 31
121 293 765
625 226 377
853 33 679
342 669 451
276 287 801
141 501 12
13 541 806
789 751 537
849 385 599
313 146 621
594 113 291
294 725 413
662 563 305
858 785 106
359 87 303
21 301 895
409 953 6
349 396 1
690 97 441
465 735 477
413 210 129
1 785 493
409 553 17
428 620 804
59 681 321
826 406 395
285 213 101
937 126 809
922 255 451
652 919 43
963 850 493
591 939 561
793 823 529
836 273 451
341 947 530
862 531 257
727 221 865
470 933 645
747 64 289
361 3 831
51 964 498
133 571 728
376 133 543
701 177 631
581 354 411
769 29 669
735 769 779
222 146 655
33 13 579
126 15 861
201 322 621
537 53 157
257 497 737
489 451 666
235 633 202
270 519 317
377 246 545
1 721 625
827 795 280
801 801 905
543 89 553
881 42 336
609 57 243
771 677 501
470 558 913
869 212 65
408 913 381
876 266 764
101 825 637
983 821 361
785 992 777
345 770 281
271 302 505
239 105 835
367 591 658
613 633 386
533 949 586
921 604 578
113 313 865
381 149 481
133 125 29
92 817 144
561 474 422
851 416 49
598 342 863
49 859 436
556 358 114
701 289 166
975 582 148
983 266 977
707 247 504
178 194 71
681 281 823
901 355 697
847 761 151
881 396 231
987 897 293
481 622 402
776 733 386
314 745 68
569 753 551
444 270 677
91 335 377
164 17 789
505 779 821
107 848 639
787 241 74
141 222 163
129 376 956
843 981 9
389 897 413
92 576 801
801 985 593
106 181 298
151 856 561
207 260 607
736 278 278
909 367 697
978 229 201
31 429 575
457 558 353
171 773 407
107 757 431
773 82 617
29 663 871
174 857 145
211 521 161
833 653 281
565 775 849
873 985 762
385 996 321
497 81 464
933 150 516
957 343 31
51 1 945
547 343 946
719 760 493
547 403 244
129 961 391
799 691 117
866 702 393
316 93 926
531 826 550
212 861 113
541 764 116
181 603 789
621 709 216
561 401 484
18 126 17
651 670 713
85 356 640
106 288 157
935 336 551
806 186 507
520 216 366
697 863 693
416 665 609
881 801 419
903 117 251
256 113 838
575 949 886
580 189 581
426 899 120
586 181 989
702 181 441
749 953 61
896 445 851
479 108 122
57 805 550
260 81 236
271 915 197
1 24 911
187 480 171
501 207 838
761 78 41
103 352 551
839 129 101
196 518 653
41 17 61
859 514 323
513 851 59
696 433 893
106 465 206
753 372 714
925 506 146
161 35 256
311 29 951
231 293 621
880 41 511
561 819 911
281 716 767
949 751 966
815 835 526
701 573 781
684 345 519
545 677 305
29 713 691
441 499 121
225 719 522
257 915 403
353 221 937
433 951 785
313 101 241
334 946 54
585 759 689
549 631 894
977 855 651
737 823 584
931 546 329
13 139 559
809 30 619
304 996 424
597 531 551
561 244 945
889 517 959
505 237 497
41 741 309
189 1 781
889 203 7
551 561 613
301 513 511
561 496 281
611 798 87
522 686 206
778 109 574
1 666 669
721 61 513
806 411 147
692 283 937
753 351 402
283 209 809
751 462 953
809 636 897
100 260 81
736 906 221
601 9 63
791 458 61
571 851 204
856 153 401
901 506 649
829 849 527
389 65 137
402 521 59
573 849 788
793 475 825
889 264 949
862 415 701
753 410 623
941 81 751
541 121 665
869 701 325
422 1 405
87 881 57
778 887 186
231 396 861
201 305 999
136 1 521
999 681 580
795 774 865
862 162 549
609 931 701
621 181 993
771 341 661
510 877 623
426 383 801
1 441 353
121 89 101
836 546 697
366 477 305
585 971 394
719 933 196
175 71 466
793 871 161
835 545 695
335 889 395
485 319 1
561 754 257
661 820 706
113 481 831
993 5 494
377 921 985
233 889 415
673 448 505
160 588 216
721 461 175
189 769 605
73 201 25
1 865 661
65 448 713
756 409 561
63 440 801
907 993 783
533 178 257
630 853 101
259 609 971
188 898 526
162 545 341
192 521 851
901 120 820
901 227 861
249 261 173
537 393 57
488 707 131
901 481 931
816 697 979
957 555 552
801 99 431
804 353 822
29 947 880
991 625 397
526 321 466
595 131 351
193 862 448
721 669 63
126 621 191
209 621 924
929 596 629
601 51 531
721 91 341
860 235 112
236 411 815
635 949 695
401 315 33
368 649 966
861 351 309
207 785 794
18 81 105
521 301 951
71 177 503
832 255 906
506 945 981
872 269 298
933 961 51
809 190 417
69 626 185
678 693 345
265 641 681
841 161 279
599 706 865
601 681 116
507 103 822
736 773 13
19 726 759
31 851 957
859 374 849
185 96 370
446 453 997
873 161 511
558 271 769
869 133 61
957 309 778
5 641 681
941 133 554
169 286 959
771 605 800
690 812 694
49 662 257
784 11 975
176 617 68
705 376 161
56 741 989
17 787 391
914 915 21
288 931 137
457 119 201
381 637 201
598 693 118
729 341 991
826 43 1
257 626 336
109 967 400
751 888 941
219 141 799
2 761 761
501 733 273
379 141 889
781 995 835
267 1 731
491 769 279
805 691 333
645 859 587
437 253 132
185 341 953
209 163 531
385 367 681
107 275 687
50 491 729
781 605 645
145 773 925
35 66 291
38 616 147
971 346 773
358 529 491
751 47 536
931 211 921
626 305 737
426 287 545
331 881 758
77 937 259
594 787 588
241 827 309
871 107 545
38 197 401
173 481 107
441 982 479
341 549 531
781 200 963
317 325 976
746 156 231
619 279 368
612 320 135
260 177 846
341 6 47
365 577 447
33 377 960
44 25 675
39 727 841
228 341 301
973 457 33
585 374 565
240 745 963
781 617 193
789 994 106
851 345 611
789 666 317
773 566 631
275 826 850
136 245 585
413 494 846
521 611 414
371 844 111
714 804 662
969 298 513
289 449 128
576 507 571
865 730 97
147 241 426
882 821 691
177 217 206
789 221 691
177 650 585
651 761 689
170 861 659
596 659 478
633 665 473
725 297 495
641 838 188
892 465 901
993 1 780
631 851 849
837 54 638
665 55 426
572 71 461
545 928 961
531 903 669
977 429 385
118 363 851
867 673 741
603 921 79
601 977 166
217 227 259
396 972 371
602 201 463
627 204 461
429 191 369
229 657 41
641 413 303
881 501 69
136 943 540
943 734 801
579 937 477
57 66 759
761 193 406
426 643 425
469 253 393
416 489 849
317 129 239
431 33 736
430 1 881
66 821 877
731 801 745
1 386 869
231 33 822
166 33 756
919 913 269
59 251 368
61 906 895
881 25 401
193 226 217
410 42 377
491 155 507
79 813 337
985 220 377
673 946 296
1 923 163
661 146 817
337 133 201
231 787 503
481 363 496
311 801 731
389 181 351
687 253 969
164 551 983
737 831 623
89 9 631
801 638 156
93 748 786
135 974 145
861 839 453
451 446 901
881 717 991
321 825 345
693 19 331
13 963 454
510 924 527
446 797 589
617 129 987
567 641 117
241 79 158
513 417 81
737 991 425
431 917 369
36 963 14
65 241 613
790 741 767
851 261 802
729 621 1
259 123 161
833 625 751
371 136 196
164 177 489
267 311 326
849 443 865
89 485 443
769 481 221
105 950 365
319 881 757
29 1 701
289 867 331
391 303 177
642 386 350
154 627 17
73 681 89
721 78 973
356 558 128
388 177 331
193 665 85
891 177 270
306 676 777
277 215 98
587 188 495
475 468 205
61 271 985
999 199 231
961 801 57
805 361 243
879 864 250
229 801 413
217 516 792
417 953 754
892 110 157
590 448 217
859 576 793
449 51 589
9 253 209
953 561 17
419 585 194
973 841 561
837 686 297
267 211 951
862 94 957
421 108 649
981 301 859
924 952 233
897 26 416
201 61 41
345 871 371
1 727 261
274 53 903
996 986 297
991 295 705
481 927 1
560 3 771
473 513 689
951 505 230
257 97 482
737 798 569
211 548 730
591 761 56
607 721 905
921 781 937
645 972 106
467 837 29
736 210 66
925 635 781
426 1 431
753 211 957
921 81 577
821 54 761
177 38 353
296 222 840
895 231 559
921 321 147
381 509 41
965 903 599
881 121 583
453 167 937
101 423 335
814 897 853
97 726 47
130 588 41
341 445 217
824 663 661
991 991 281
638 317 57
865 805 136
37 489 837
171 227 813
725 846 545
106 195 679
751 910 121
799 723 945
621 147 633
551 377 47
954 397 926
394 433 669
45 922 191
610 455 811
469 643 665
101 725 221
808 453 841
659 401 431
51 203 287
191 259 145
151 681 902
601 813 139
471 779 321
61 373 551
689 691 601
841 5 725
121 848 280
301 297 148
274 74 496
217 187 649
686 414 90
991 915 65
275 785 561
417 521 60
941 764 660
559 374 76
838 206 947
924 955 341
610 343 525
342 51 461
809 429 757
197 101 368
109 241 457
315 29 271
415 908 611
258 705 889
505 297 116
207 57 553
202 300 653
441 449 298
289 824 521
739 859 801
37 221 245
563 281 721
805 303 381
901 193 605
460 275 301
371 633 571
233 564 101
388 39 484
700 585 853
193 161 531
661 71 555
531 321 757
831 61 361
281 670 299
896 281 609
475 61 373
801 325 405
699 361 19
575 49 25
456 432 635
551 925 372
921 651 333
489 739 874
976 566 627
83 937 641
601 529 781
458 711 261
901 849 287
453 41 790
536 954 663
185 505 185
576 45 405
501 849 759
237 253 193
881 271 21
496 123 908
81 513 489
855 411 319
930 659 241
529 481 31
733 907 137
421 201 801
726 964 976
945 889 577
805 441 322
537 390 418
801 933 569
60 993 345
881 109 581
643 221 886
505 156 961
951 842 851
125 829 765
57 196 577
421 289 538
151 121 935
857 316 66
665 441 857
381 43 923
140 549 21
796 285 291
221 999 21
871 191 441
301 289 639
196 185 93
897 376 607
796 604 96
496 481 381
526 217 341
303 376 176
943 626 395
457 578 313
769 645 980
137 617 421
69 176 729
345 828 193
831 181 807
876 501 148
291 317 561
137 1 409
909 524 758
805 146 739
211 871 501
541 45 203
276 526 609
295 513 181
827 192 203
899 761 333
9 905 285
251 539 977
604 591 906
609 371 201
37 351 503
516 584 492
369 921 761
698 100 79
61 253 346
51 836 335
682 219 561
524 177 418
161 601 326
825 990 355
121 113 713
587 341 41
217 641 761
433 169 701
401 71 441
1 436 721
669 523 169
825 441 961
840 365 471
506 41 771
353 721 73
542 769 121
622 729 98
641 81 749
336 611 993
876 73 477
613 504 507
501 859 817
786 720 608
705 39 357
697 491 538
437 717 687
77 649 51
757 641 577
153 911 166
912 223 125
646 651 737
718 993 620
167 391 849
410 659 626
841 176 203
726 759 186
1 203 37
124 801 189
825 337 777
811 256 955
241 993 729
352 364 51
501 601 976
198 243 887
49 421 717
841 884 253
85 293 961
921 608 201
173 787 247
458 151 921
956 497 201
905 189 337
973 921 41
241 97 466
273 980 638
697 461 365
285 821 879
695 74 153
253 681 946
709 971 471
985 69 260
285 845 433
581 457 683
179 729 272
883 773 81
764 313 978
185 607 669
961 65 297
451 286 503
703 9 201
489 146 657
49 21 593
661 937 73
841 358 269
827 831 743
158 767 991
769 851 983
57 106 611
761 540 136
217 461 130
175 871 249
425 252 569
495 233 417
885 276 41
907 606 59
601 533 831
601 97 117
723 945 665
901 696 101
306 396 141
671 926 371
629 353 741
361 527 353
888 391 99
921 257 526
779 67 917
310 932 109
753 421 723
801 650 193
436 10 266
101 871 697
113 150 346
701 525 426
561 951 239
946 909 609
370 736 342
145 131 383
73 241 792
105 376 525
605 731 45
289 449 861
765 329 69
925 960 761
25 201 457
991 285 381
723 503 364
781 868 316
165 905 579
609 833 302
689 21 171
627 196 531
201 793 889
439 981 825
869 409 306
169 403 61
481 706 906
281 686 941
577 181 643
61 81 391
663 916 219
137 658 50
5 664 33
704 701 991
111 167 90
511 741 291
739 571 346
132 941 298
501 577 126
971 60 376
847 460 351
891 127 201
557 11 393
401 129 274
63 85 641
938 966 792
93 981 289
341 124 9
109 585 101
617 839 409
1 193 33
856 659 145
409 25 351
532 41 65
937 264 328
889 248 253
89 81 161
333 631 421
101 285 955
353 813 416
351 210 6
319 488 701
208 196 351
64 569 577
313 943 831
945 322 103
676 871 895
573 424 951
89 870 611
671 438 127
401 59 715
831 146 826
435 988 593
701 9 469
454 239 399
979 577 611
451 61 341
153 529 12
483 873 101
329 361 581
618 621 377
41 348 713
369 141 537
307 566 666
851 351 701
651 46 140
124 725 261
61 481 606
26 137 411
41 745 167
505 132 782
