3118
526 941 19
582 821 412
301 816 96
189 151 257
326 109 449
633 773 985
197 701 281
193 585 473
412 825 715
614 598 81
137 869 643
531 207 707
41 523 201
504 429 468
224 393 191
76 347 473
397 898 911
513 391 273
158 134 895
752 797 849
450 931 626
890 397 41
220 321 399
89 257 753
501 559 601
391 461 953
35 870 96
729 377 497
461 801 113
43 566 819
403 265 677
595 737 881
843 281 871
267 20 311
703 133 339
546 759 983
670 213 726
251 331 332
473 515 421
97 840 769
610 566 561
901 801 28
601 326 306
513 945 266
88 597 861
275 937 913
221 206 24
399 456 316
9 737 404
585 426 521
633 279 1
641 677 521
919 741 395
61 926 901
822 653 896
18 908 51
601 825 401
18 53 201
413 225 451
313 889 396
964 129 821
419 646 133
405 497 201
342 237 510
343 221 572
434 141 686
595 751 939
769 941 807
809 9 521
656 986 11
449 399 591
295 297 950
309 521 407
196 653 21
553 852 881
782 448 356
851 201 385
679 451 673
672 723 901
486 528 126
588 785 269
229 818 286
761 607 6
701 235 798
768 19 928
762 29 866
121 126 313
426 865 649
257 149 125
657 145 373
70 499 96
121 421 401
846 579 751
80 232 527
853 806 457
840 201 326
545 25 621
242 301 925
751 618 919
721 65 324
5 520 858
273 609 650
531 990 289
417 621 209
346 970 361
793 26 553
901 362 319
259 137 526
711 863 575
43 881 533
903 57 866
977 879 147
611 473 657
425 805 270
689 81 283
719 33 105
817 151 397
769 207 711
710 433 646
651 570 761
780 253 301
501 721 425
551 495 621
416 561 565
337 615 755
889 631 864
241 853 25
373 451 230
847 731 289
29 627 265
894 951 706
65 822 451
319 823 799
881 419 746
666 941 483
481 655 53
629 626 515
703 791 885
403 881 601
841 609 573
15 571 26
753 951 247
986 603 513
241 217 440
574 803 617
73 97 550
876 941 94
412 169 353
493 761 33
638 833 545
751 409 631
200 513 328
613 933 715
538 497 601
564 633 656
571 980 309
281 626 286
95 813 517
113 285 193
293 321 56
234 449 249
403 817 969
329 189 530
441 57 584
587 110 915
453 535 535
953 681 937
801 138 83
387 586 331
403 572 635
489 890 735
261 589 299
209 571 161
591 345 305
661 129 417
821 191 247
357 350 684
427 315 631
91 314 745
401 471 833
737 209 689
550 936 328
561 701 737
406 937 905
109 114 516
331 206 916
577 619 479
391 421 119
783 495 461
249 290 685
565 497 570
63 507 394
977 583 861
217 869 281
863 873 216
716 369 112
921 881 821
311 670 873
398 153 505
1 306 869
93 436 903
126 105 285
615 881 737
786 195 771
29 721 460
735 801 309
845 434 61
461 56 141
657 31 101
902 573 623
641 470 779
35 849 917
689 75 645
38 909 273
540 176 161
881 301 314
451 1 545
781 467 745
889 888 644
730 143 725
101 872 861
575 939 15
217 548 191
50 729 421
651 690 217
441 593 65
711 201 582
869 547 836
260 121 397
9 601 49
814 901 163
1 869 153
929 614 77
401 309 886
97 134 675
476 561 417
39 513 855
741 53 239
139 277 64
353 157 836
669 277 359
3 47 896
177 901 955
155 251 737
57 970 551
756 301 461
321 201 919
265 221 185
861 198 756
251 755 574
553 981 353
269 1 571
953 925 141
211 295 728
803 680 575
641 734 42
501 1 559
576 633 661
298 886 661
701 831 850
116 161 700
906 31 374
743 996 681
81 747 201
835 533 209
41 257 333
601 310 423
771 775 297
110 661 431
965 989 601
641 177 71
880 881 375
681 417 95
924 408 129
741 896 281
368 641 493
355 543 672
146 51 969
666 729 641
397 801 993
555 985 32
909 474 905
681 373 80
745 96 457
397 647 3
226 415 37
501 651 897
981 155 561
57 1 35
41 705 919
153 84 855
405 311 49
71 577 1
733 146 449
344 212 646
346 65 596
999 686 481
416 971 450
853 551 153
326 314 5
551 704 415
563 977 142
486 231 577
901 719 529
437 699 137
343 313 595
676 471 941
527 775 21
175 733 255
225 121 888
212 241 91
837 744 561
137 172 971
641 177 269
257 700 977
601 267 997
565 753 954
687 857 841
545 747 820
275 473 934
803 959 31
109 75 761
453 881 725
754 693 369
473 793 282
561 610 461
185 353 471
53 617 973
331 441 661
787 177 265
226 936 844
129 250 51
576 961 213
866 505 491
9 94 330
503 409 361
247 75 483
577 587 669
476 301 776
773 651 136
833 260 46
397 627 541
982 561 801
593 451 551
670 849 603
71 641 327
547 609 768
775 393 981
733 314 88
715 217 141
811 809 988
859 73 566
17 1 941
293 496 497
197 571 617
811 264 597
471 563 181
101 52 217
669 126 945
466 641 303
1 482 517
451 841 9
977 346 636
273 525 305
226 466 952
221 631 6
689 142 351
931 956 821
971 897 341
121 244 407
996 204 875
581 851 961
889 896 182
657 886 701
753 216 635
396 90 93
51 345 387
407 331 779
949 55 336
891 979 247
961 687 453
325 412 296
753 467 350
105 20 951
684 813 985
565 171 46
558 521 963
537 485 753
226 933 531
396 111 231
89 848 773
983 245 705
331 986 453
83 956 241
31 637 852
457 419 326
745 233 881
385 473 519
901 685 751
66 710 497
211 299 237
401 679 971
179 466 321
852 557 615
296 767 206
22 744 645
528 777 701
541 385 537
436 933 73
720 895 3
307 53 32
840 407 589
660 711 892
197 801 91
519 137 305
346 602 660
181 949 316
713 274 281
976 96 96
564 168 297
817 401 961
807 377 25
767 729 131
457 879 921
608 858 483
501 861 785
769 309 921
523 527 189
881 201 89
691 741 784
89 717 216
543 321 522
326 651 771
279 511 385
101 732 635
571 357 21
331 11 717
190 49 801
491 681 253
349 701 546
201 153 369
249 457 561
453 809 986
251 653 777
427 112 635
777 187 673
777 226 241
37 717 26
45 992 259
808 811 816
99 113 430
561 732 751
1 111 235
639 406 904
121 729 447
513 785 989
413 128 473
576 721 345
385 841 443
175 729 651
409 237 957
711 910 89
770 341 23
508 331 283
379 813 57
566 493 769
406 1 956
883 577 531
622 921 985
903 703 501
501 47 329
583 69 41
101 156 449
630 317 501
519 633 676
436 946 705
522 347 489
401 388 713
611 306 613
800 551 777
691 951 233
695 401 201
281 212 703
173 433 251
63 914 236
776 921 590
37 9 996
681 807 585
65 566 217
382 196 629
605 94 805
241 529 52
86 93 980
788 1 651
487 7 446
23 881 578
669 224 831
646 441 837
205 221 10
69 705 721
137 131 721
464 193 78
629 723 397
76 377 657
73 769 793
569 418 601
561 551 145
628 943 737
346 822 921
577 61 656
674 581 85
816 925 669
990 250 637
849 596 17
354 129 559
887 201 687
605 511 731
117 163 768
592 748 86
361 250 77
961 369 229
353 531 661
76 22 757
527 636 607
766 601 48
971 882 168
540 600 876
597 346 383
683 217 946
984 965 845
683 431 923
776 21 882
171 378 257
626 765 471
831 211 797
91 465 107
365 301 641
217 45 43
126 171 112
71 22 973
391 510 265
485 213 183
564 415 941
388 453 673
172 52 761
145 301 59
41 781 97
666 97 793
675 856 801
537 295 625
307 297 569
192 621 654
81 358 686
975 213 579
871 231 106
328 216 49
339 460 132
794 26 325
701 967 906
446 154 96
842 268 525
275 117 541
366 681 832
165 894 33
669 521 476
309 734 151
95 799 845
95 599 886
936 665 951
45 921 282
21 577 29
534 918 619
369 166 741
261 801 5
397 933 963
937 187 558
681 57 801
371 687 601
823 71 127
821 319 322
217 979 867
801 546 769
681 697 361
371 711 989
282 601 377
506 365 637
291 356 41
941 201 701
716 343 150
225 895 159
52 681 235
369 154 321
901 712 359
397 129 841
369 481 977
341 226 13
115 153 957
573 315 289
841 262 823
252 501 915
316 487 411
321 1 434
177 74 872
376 94 601
765 932 617
451 929 219
161 556 413
166 476 926
775 380 770
91 668 405
550 193 677
463 649 894
281 585 295
375 675 533
621 227 491
771 358 271
957 338 521
253 769 421
513 34 241
971 451 951
994 185 488
769 515 673
856 423 92
247 301 993
987 599 116
66 1 451
57 330 25
635 8 89
609 191 51
825 817 529
841 71 981
716 791 465
273 799 474
282 305 492
204 986 900
769 44 665
781 399 576
667 385 720
374 217 207
151 802 767
457 473 117
658 420 297
469 552 341
899 35 49
321 846 321
743 611 805
589 368 711
460 689 636
420 810 646
801 777 676
705 633 481
354 696 969
976 306 681
729 201 441
31 680 221
749 747 620
241 527 305
249 719 12
589 136 921
748 361 681
181 781 748
849 161 364
806 690 985
86 125 751
665 71 350
413 150 703
877 426 344
153 802 875
717 396 801
399 209 281
241 658 985
873 23 256
866 415 434
756 463 41
556 441 279
417 505 541
867 41 751
733 43 133
933 453 433
901 633 704
697 954 274
721 601 899
369 709 397
91 174 521
137 242 531
637 267 497
719 786 287
490 359 841
318 257 409
158 429 691
153 25 41
181 981 751
421 629 803
398 387 17
881 706 813
611 151 85
407 122 813
543 976 187
489 713 786
289 645 363
208 305 405
281 789 653
137 935 367
442 521 949
965 661 499
534 256 351
471 947 569
920 401 109
857 117 681
1 742 711
541 167 915
257 1 809
711 756 60
799 701 841
341 689 959
285 411 497
318 93 241
751 796 687
29 320 201
821 599 973
637 391 150
221 718 967
831 301 905
251 134 545
393 841 233
815 325 993
769 907 621
369 441 709
885 641 763
451 41 942
731 617 44
353 363 781
669 277 129
950 189 451
894 631 161
781 81 285
653 217 325
221 527 981
485 421 127
783 921 681
455 519 309
977 151 81
753 440 313
901 1 506
961 550 713
199 311 813
937 781 126
393 268 961
677 456 36
311 793 465
753 609 223
541 322 941
781 178 301
246 597 689
30 551 547
847 785 533
209 711 213
951 295 41
997 279 753
663 235 644
146 446 504
326 845 327
196 723 569
479 345 108
171 536 503
437 521 536
538 145 551
375 556 821
401 512 429
601 76 359
591 317 295
803 501 419
863 394 862
474 831 489
1 372 675
98 261 271
607 981 793
637 365 486
811 21 946
267 241 157
417 46 860
653 309 497
790 539 361
161 11 101
573 383 735
265 401 795
457 366 781
216 65 627
529 769 530
361 153 761
676 225 89
441 790 28
156 502 836
438 848 751
201 201 112
766 113 701
96 757 986
433 837 361
320 897 161
246 549 179
161 866 291
831 489 473
815 358 49
601 362 473
678 271 1
418 629 293
553 861 585
727 29 365
45 286 606
571 16 720
689 183 351
829 509 828
19 361 253
661 561 934
965 489 472
470 937 565
346 625 418
775 123 425
897 97 343
507 806 721
1 765 333
981 117 611
367 449 826
971 485 368
86 619 925
329 419 145
223 441 345
816 255 586
843 79 101
809 536 937
697 35 558
223 157 265
913 771 725
139 793 601
121 837 107
514 191 465
781 683 280
314 57 418
585 713 976
949 862 342
261 825 481
292 85 409
955 853 759
836 993 377
661 699 750
487 25 973
745 197 473
213 553 67
171 165 21
541 323 97
641 801 197
957 906 533
809 785 547
685 221 131
161 724 823
296 405 542
257 215 901
840 137 621
129 29 696
457 876 361
205 233 473
167 273 401
501 510 781
609 163 211
857 559 672
105 651 761
369 961 144
397 589 113
887 31 901
331 673 879
218 57 991
576 219 341
384 58 233
277 901 701
609 85 368
624 441 403
761 721 437
38 369 337
833 719 978
651 259 112
477 886 573
58 1 663
921 991 401
481 356 969
773 661 371
197 974 189
966 637 472
509 272 120
787 935 305
851 885 593
937 921 208
559 401 937
813 409 67
445 521 848
534 490 564
113 931 327
585 902 569
201 916 59
501 802 537
215 881 70
137 399 11
995 223 797
875 839 378
561 297 67
385 634 86
941 381 231
393 631 880
824 253 577
876 771 785
686 73 494
891 681 841
419 415 215
919 551 181
117 268 129
322 21 760
380 737 317
758 363 365
805 116 394
449 727 225
198 361 849
631 627 611
215 189 175
369 617 361
625 755 140
467 466 111
876 765 175
801 288 953
616 799 531
641 641 651
39 353 345
521 41 561
496 756 865
785 755 307
673 621 399
972 66 42
421 116 762
713 562 546
921 953 393
977 765 667
163 104 709
25 373 419
601 326 956
319 555 558
413 327 557
990 93 422
331 310 591
908 589 611
951 721 925
79 529 121
441 649 774
226 861 929
909 617 856
833 325 190
519 971 261
834 315 18
629 451 945
601 713 281
497 288 961
105 661 433
91 711 353
231 233 977
837 701 514
657 137 9
171 632 17
433 391 371
545 403 217
896 111 601
918 688 387
855 248 579
406 753 49
989 15 637
309 351 304
526 581 111
13 95 7
570 461 566
467 201 314
495 813 784
475 561 904
33 65 369
667 926 171
440 964 65
847 586 621
295 505 773
726 481 261
457 960 439
923 211 271
810 971 44
897 220 1
95 401 256
376 451 517
939 708 61
643 201 673
49 641 471
422 741 211
972 111 209
481 771 727
760 656 503
623 873 713
15 188 321
75 426 233
575 390 321
383 566 726
913 321 701
949 406 837
473 469 421
13 576 409
169 351 584
51 275 170
953 249 250
6 417 437
624 41 583
545 491 601
93 465 541
137 743 561
154 545 89
151 729 95
816 645 201
535 357 697
407 71 857
441 551 640
865 489 899
44 1 496
330 129 41
631 310 96
766 193 718
351 759 57
401 981 171
201 811 361
131 837 337
868 635 201
177 859 415
784 771 561
825 745 47
761 759 356
607 375 837
333 1 785
721 571 579
39 929 892
329 422 801
529 204 445
959 890 921
447 311 791
987 976 177
768 529 331
773 721 728
321 895 127
577 436 921
448 813 1
231 397 641
527 562 836
712 652 87
753 159 684
777 900 735
687 654 899
25 614 928
265 193 561
568 217 353
511 839 57
106 209 542
314 869 919
125 762 208
621 971 896
691 481 525
394 659 148
745 326 6
972 39 609
693 944 83
529 625 193
721 99 406
669 503 593
607 332 457
31 349 957
354 41 957
811 521 608
559 481 921
177 257 416
133 793 685
603 199 715
823 903 241
693 906 753
551 5 421
500 937 956
886 33 965
941 627 50
915 684 169
479 399 829
961 107 973
969 593 145
169 119 275
208 133 365
401 436 681
793 593 908
233 216 241
901 937 977
956 185 827
151 809 979
577 561 845
583 276 321
674 39 626
566 51 551
809 144 153
527 517 749
463 775 779
821 201 41
833 529 409
655 473 981
437 801 518
621 194 884
691 479 641
760 713 610
337 521 339
585 591 465
737 953 97
546 561 701
333 873 528
201 261 97
641 501 847
1 476 304
505 473 567
41 231 501
980 737 619
752 726 819
401 825 146
797 534 353
101 417 787
729 551 242
481 713 976
161 827 6
361 786 425
409 389 604
1 401 145
949 992 913
233 195 465
760 511 895
532 501 221
836 953 641
277 487 929
275 305 701
533 419 6
249 887 917
456 75 406
395 525 276
217 173 765
177 652 591
861 777 442
836 269 954
806 426 556
500 89 651
790 671 65
743 746 456
902 172 665
431 636 472
481 401 875
145 949 860
895 535 898
349 937 359
553 351 943
201 995 561
793 387 473
950 726 731
601 415 71
291 677 586
957 549 993
851 985 47
565 743 363
621 168 261
265 625 276
240 765 85
549 589 785
167 617 937
637 169 847
788 425 213
441 478 390
169 555 249
625 81 641
41 557 831
17 257 947
913 756 856
801 183 177
17 997 897
907 877 745
118 245 662
823 841 916
394 826 221
711 415 183
585 756 393
597 361 451
497 287 206
445 385 368
493 951 773
67 162 115
576 107 677
862 194 330
959 242 433
417 552 451
915 133 926
785 471 266
878 39 169
226 607 176
864 222 968
726 550 51
847 681 989
147 104 936
390 939 451
361 336 299
827 241 332
900 851 676
477 781 205
485 274 765
257 451 345
593 876 466
45 842 511
625 671 262
225 210 725
729 21 312
463 789 17
59 581 883
789 26 890
649 683 81
901 81 977
925 876 265
976 697 111
83 509 412
3 75 161
766 631 37
608 448 671
643 901 549
898 902 931
929 64 281
76 553 345
825 963 564
738 371 81
793 393 703
249 849 951
424 729 18
587 806 101
957 975 961
648 601 339
317 394 725
638 565 701
993 393 53
601 821 312
269 39 36
162 537 409
681 89 425
201 217 761
21 314 121
501 525 679
975 642 171
161 989 682
776 701 961
376 751 501
277 596 321
347 923 67
851 784 951
731 341 771
246 678 633
542 161 861
1 185 931
328 461 130
327 823 49
625 986 187
471 481 167
664 88 497
801 801 281
265 252 521
113 415 741
996 969 665
692 581 939
811 200 471
405 284 826
847 325 26
483 574 641
453 642 149
703 659 785
691 632 953
411 942 729
301 669 832
11 87 650
652 557 376
501 741 356
919 759 417
989 273 181
417 565 8
281 947 621
521 151 510
126 797 83
529 681 450
341 863 229
633 845 61
616 473 370
421 645 26
555 25 729
36 951 497
494 801 875
921 809 601
81 391 647
69 251 944
326 797 42
944 457 866
700 25 869
425 935 627
161 726 321
871 476 427
145 46 720
700 449 396
573 729 511
101 723 271
611 621 377
557 197 425
883 596 199
900 551 647
201 149 784
41 89 751
466 213 100
565 234 169
965 961 959
187 561 251
893 813 245
601 731 806
501 438 637
225 121 801
495 968 409
766 161 281
385 129 358
589 463 494
531 735 602
721 141 573
346 881 336
847 706 255
91 171 631
605 603 266
935 231 152
929 629 181
109 951 521
423 49 629
421 89 887
927 347 643
901 779 265
737 677 469
380 669 17
661 886 641
961 422 401
287 855 193
456 601 837
881 30 96
63 931 123
746 701 879
321 501 123
901 465 409
762 521 941
290 985 989
563 11 907
503 635 866
597 121 697
153 265 691
783 504 512
376 434 23
509 737 681
697 937 275
679 97 121
641 658 885
251 413 105
557 355 767
401 633 101
336 892 875
814 407 456
283 127 129
221 253 866
151 913 979
240 940 336
669 151 241
374 233 311
905 967 836
503 132 141
369 264 231
1 807 81
797 526 798
825 146 845
631 177 97
113 839 601
864 109 671
933 373 369
673 483 172
921 418 201
751 965 813
265 43 604
11 346 241
191 929 893
927 576 351
281 9 23
581 481 836
669 277 89
467 291 531
458 506 863
33 745 801
571 561 525
737 390 839
709 931 497
977 181 217
701 125 501
953 175 17
761 191 584
517 637 222
9 497 801
128 409 264
701 617 839
21 498 336
67 121 610
976 505 1
39 711 64
485 131 895
889 137 26
198 751 965
575 685 41
495 167 99
229 21 633
937 951 732
387 411 876
65 892 784
463 961 305
164 86 486
993 489 667
185 1 901
107 325 141
857 609 447
701 761 225
716 673 675
791 437 692
751 397 465
569 165 429
121 432 464
737 793 453
807 910 321
499 947 529
692 280 1
473 431 950
181 753 686
629 322 703
121 905 151
167 719 457
205 176 301
281 481 77
604 235 797
141 20 485
781 449 367
321 561 921
657 773 955
821 290 11
41 211 504
785 336 822
541 505 432
745 128 826
375 525 640
465 97 415
67 641 233
966 561 601
848 921 28
949 15 949
238 897 368
382 151 21
245 923 245
25 497 688
155 448 503
760 801 318
846 812 6
488 169 946
41 117 304
203 203 59
833 217 241
345 195 815
74 547 551
441 684 212
261 882 505
951 605 535
489 673 447
353 721 392
761 489 836
478 261 793
528 546 940
531 429 631
813 247 768
497 749 567
117 569 441
739 747 481
237 751 61
626 601 251
417 187 661
251 295 961
152 701 146
535 697 24
371 741 825
389 143 953
256 426 407
689 957 640
831 176 906
375 124 357
988 385 1
169 425 28
896 841 841
755 345 861
765 359 857
871 551 570
601 91 201
694 616 830
137 869 162
875 719 657
681 320 952
673 501 926
721 741 163
878 375 463
508 591 946
809 294 841
529 861 461
801 491 1
723 231 433
915 998 921
9 537 551
671 556 925
837 137 627
985 516 473
801 521 73
581 421 417
632 887 337
827 851 593
690 497 438
589 571 189
529 30 337
545 281 107
641 955 272
801 313 721
496 433 653
9 501 308
591 756 744
651 457 29
985 236 928
847 266 301
929 503 274
25 293 918
611 938 743
159 53 325
720 227 612
269 899 21
591 240 844
351 169 819
125 214 742
541 624 697
941 856 285
801 789 726
49 57 808
757 651 609
942 341 180
907 597 634
518 176 237
393 671 801
48 673 997
641 605 738
627 657 305
353 417 524
137 468 793
269 865 67
113 488 333
505 713 135
156 753 543
791 697 983
893 973 749
653 957 923
113 225 209
171 176 62
176 822 391
79 321 459
850 9 768
126 9 551
69 559 9
845 257 646
321 273 537
624 806 869
545 467 107
841 416 801
356 489 923
383 881 215
763 239 101
24 51 776
57 156 726
986 56 989
508 829 46
860 449 925
521 149 473
714 192 791
329 289 1
729 646 309
691 481 265
793 399 137
831 593 457
411 539 405
222 665 561
785 553 706
617 631 213
881 373 587
596 831 311
561 79 991
465 727 668
571 401 756
205 523 369
201 337 753
845 169 579
753 313 913
181 300 53
23 197 337
447 346 995
249 330 74
81 327 425
977 365 876
530 296 691
605 462 819
796 244 687
229 916 220
529 3 947
632 817 788
173 219 587
775 831 499
608 985 77
264 97 216
825 681 791
105 331 541
531 113 221
221 561 181
356 46 753
751 407 560
289 481 240
821 158 334
825 45 476
584 376 583
869 841 89
427 505 953
275 566 312
137 398 706
601 803 857
221 695 361
43 507 653
641 970 817
185 674 514
21 311 697
745 153 320
173 67 801
409 861 801
967 817 727
505 998 422
5 553 353
1 1000 921
940 757 181
569 131 689
126 725 361
141 33 9
425 331 491
785 649 423
622 691 383
909 105 855
957 679 404
921 151 390
761 415 831
966 811 968
341 249 201
57 811 176
55 371 451
963 801 655
509 921 41
815 737 153
9 1 106
181 721 567
364 119 951
201 133 81
776 867 195
253 386 721
265 105 203
431 717 903
554 897 421
805 375 169
572 657 771
799 349 671
961 366 933
61 931 713
801 473 839
452 817 73
497 869 481
11 641 248
961 548 967
341 352 941
161 651 169
361 385 602
264 1 737
771 781 977
728 361 285
757 866 606
571 392 531
789 133 626
681 121 403
411 401 821
19 20 81
601 753 251
132 279 194
446 987 447
331 847 267
470 569 251
701 578 683
606 672 51
761 616 353
677 771 201
801 641 801
963 385 545
26 776 526
981 377 79
137 141 837
40 65 595
621 95 265
382 696 478
550 366 881
176 631 881
589 816 821
789 668 650
490 770 401
345 641 963
69 96 210
731 709 620
583 912 128
513 681 61
361 897 738
681 276 251
650 126 482
911 851 299
886 976 665
607 501 532
1 854 883
717 913 121
211 901 565
43 401 546
689 299 609
129 767 550
611 481 251
865 9 497
476 931 71
998 673 171
176 954 358
181 68 835
933 5 743
516 101 665
109 421 149
51 229 417
185 936 577
777 117 383
330 13 24
788 627 729
282 585 749
947 236 121
541 54 561
437 706 981
42 605 942
60 28 865
265 529 725
907 377 921
17 261 1000
431 536 413
241 208 256
796 569 389
343 725 851
237 879 687
631 21 572
825 949 468
373 262 721
1 69 911
321 95 337
425 343 23
325 201 121
623 427 845
505 125 811
601 547 503
785 426 876
195 791 490
597 213 146
596 726 41
695 377 891
962 916 95
922 581 631
451 486 471
271 958 31
921 135 465
523 601 51
817 161 697
346 385 95
676 693 936
83 199 220
25 526 659
905 881 869
942 751 475
385 873 341
703 1 2
685 477 705
651 1 557
647 71 126
637 738 253
161 147 564
545 895 931
293 236 601
81 423 3
469 393 689
229 661 281
510 795 931
597 145 57
225 697 111
669 737 417
573 771 137
504 841 225
378 901 544
463 277 791
688 494 91
306 671 743
896 518 581
721 266 997
1 926 791
214 318 970
749 221 5
457 871 129
365 334 851
761 231 211
847 578 3
751 118 340
160 267 217
337 905 981
13 795 491
833 585 347
575 427 217
577 503 411
413 846 5
897 249 217
501 953 528
353 697 2
751 758 919
866 181 70
651 659 441
929 133 841
293 563 361
940 867 392
481 950 913
253 377 232
445 1 675
679 356 697
46 961 251
569 21 262
399 551 104
361 721 611
701 29 77
473 326 969
921 715 261
298 797 601
161 137 737
899 238 19
292 601 96
922 171 759
887 59 738
266 611 135
545 405 330
420 185 386
451 553 177
753 227 887
883 935 734
405 35 396
162 125 693
776 475 516
673 125 289
433 101 201
839 67 473
755 83 430
134 142 987
423 737 737
601 961 175
941 883 976
296 301 913
331 607 5
499 61 453
313 265 555
711 331 930
761 503 751
334 921 937
787 255 638
995 296 753
195 451 468
936 345 599
201 477 861
825 49 773
114 633 845
153 223 71
289 165 454
310 351 755
129 953 1
981 449 191
73 366 966
921 426 29
157 890 691
49 355 559
705 837 307
621 780 393
761 217 501
983 167 5
881 627 785
77 798 72
801 921 556
705 289 325
241 617 201
441 230 518
333 863 555
590 561 1
545 903 981
316 971 444
147 223 665
801 169 493
157 676 478
437 258 524
315 571 632
477 968 615
124 596 961
717 486 53
191 33 541
661 823 233
275 779 391
801 777 857
606 233 807
529 203 349
35 889 81
163 465 273
211 237 257
699 105 83
644 537 991
98 17 284
737 325 150
409 100 888
953 471 751
184 117 855
201 859 796
641 761 251
748 485 971
7 673 990
983 431 378
737 681 747
833 911 27
349 65 399
268 676 33
961 497 889
681 17 382
15 5 121
38 973 686
486 45 657
817 834 771
429 447 601
607 541 508
569 671 890
504 561 269
893 597 185
797 424 841
320 813 729
495 191 73
195 994 499
704 417 579
289 771 654
681 971 980
741 101 745
473 598 196
701 707 472
847 165 761
365 591 121
352 393 873
89 403 641
998 244 259
951 752 337
339 861 686
625 757 822
494 127 163
901 451 591
125 509 732
615 531 319
711 139 464
904 969 651
91 868 905
137 859 481
539 879 263
711 521 591
321 543 713
651 221 364
743 587 649
161 965 833
70 425 65
69 11 797
789 959 911
491 841 629
583 705 155
397 727 132
583 703 615
201 263 178
305 201 731
801 707 501
701 165 771
61 715 745
665 374 161
581 721 495
11 141 391
550 129 801
401 266 475
672 260 947
977 926 115
556 936 621
662 171 217
861 87 1
585 136 730
681 526 49
711 298 681
377 737 40
363 315 923
742 441 761
384 487 567
530 97 990
153 140 962
497 49 792
851 166 511
585 834 49
569 432 371
684 198 625
815 864 265
437 571 35
547 777 895
447 169 441
627 519 557
796 445 881
81 921 336
809 329 331
475 93 547
366 844 381
72 78 545
977 151 701
865 881 981
921 737 248
235 369 64
265 189 221
118 946 782
327 782 221
713 773 727
179 107 361
914 313 496
843 633 381
675 61 987
597 445 277
631 305 880
141 669 441
725 946 879
681 911 873
443 377 673
91 51 901
337 665 553
959 573 680
33 928 385
116 801 951
341 863 81
384 781 857
601 336 436
69 668 481
960 290 871
353 594 959
233 65 303
411 461 396
496 661 290
113 36 321
747 841 544
834 455 2
545 867 468
373 221 353
785 309 49
749 845 207
673 769 338
444 455 298
899 511 813
697 748 985
1 289 305
833 733 879
101 591 276
356 294 291
714 952 543
753 761 617
329 361 356
169 841 433
751 475 51
241 662 501
895 310 707
191 929 249
825 626 561
15 251 385
93 641 137
185 201 610
553 522 465
273 689 546
29 909 529
361 568 111
233 553 818
123 386 364
165 41 633
828 753 201
50 599 1
901 393 801
683 181 601
951 441 231
921 449 195
143 817 135
571 804 589
549 862 876
430 904 853
145 961 581
357 265 710
91 889 817
345 521 1
41 401 301
641 129 783
96 873 12
745 203 193
367 105 926
281 809 199
55 263 946
134 562 753
842 317 861
961 1 529
203 256 661
878 674 649
461 641 361
754 867 710
251 856 593
317 451 513
817 477 277
141 751 594
286 661 445
210 362 638
902 621 465
451 820 511
401 479 857
721 816 13
241 401 405
993 213 736
764 917 305
812 676 831
988 753 589
221 561 51
869 253 737
897 461 977
951 756 597
429 517 866
801 149 155
464 81 316
131 2 25
866 129 847
369 285 203
871 971 845
399 825 721
541 529 331
153 876 707
33 660 46
701 805 166
321 239 422
901 327 461
641 573 877
567 481 815
203 731 976
989 496 649
241 353 460
909 845 681
890 789 165
632 291 459
696 13 689
573 257 97
216 617 936
981 491 78
451 242 721
941 815 385
277 409 153
435 39 693
241 15 191
889 473 675
896 841 457
117 521 18
683 936 501
969 455 81
49 227 489
261 607 29
701 883 526
25 421 120
926 697 405
280 675 833
401 846 417
911 925 838
608 236 230
610 657 281
788 249 661
195 461 156
61 398 729
668 331 774
636 589 217
400 676 416
373 486 841
725 508 817
55 125 806
801 906 187
627 753 126
174 610 751
473 243 369
259 901 516
177 873 91
133 514 776
97 451 783
618 486 677
518 132 931
489 940 258
737 72 133
601 618 195
305 999 780
241 381 149
1 73 651
125 373 927
812 247 81
298 666 335
1 757 557
193 926 833
161 318 381
228 857 220
470 520 456
569 823 663
641 922 296
139 941 430
14 493 844
161 171 815
401 376 592
291 581 173
427 419 1
401 185 285
638 51 541
949 989 969
417 298 77
751 525 429
116 521 509
776 369 987
105 795 451
195 321 329
561 681 925
332 256 538
631 80 755
366 407 49
213 107 51
613 536 921
977 909 951
909 761 162
541 446 221
620 841 421
81 281 311
61 619 976
21 841 409
115 381 194
627 101 665
91 261 857
25 709 573
985 897 999
229 574 493
13 761 743
137 506 703
521 321 377
914 205 501
501 484 659
943 41 129
801 761 307
2 121 674
373 786 17
71 881 627
501 769 311
184 33 505
229 401 313
688 342 349
631 786 729
255 561 370
201 118 533
385 133 622
81 133 591
356 117 336
771 231 429
41 881 951
121 351 101
345 451 593
169 981 727
227 81 684
261 30 781
252 654 346
851 82 125
257 859 569
941 799 764
391 928 341
549 102 302
81 553 286
480 381 647
681 771 777
313 985 545
179 494 984
827 537 45
65 244 893
891 671 585
617 971 44
533 949 337
741 243 497
671 97 366
213 841 134
321 721 533
756 411 656
56 775 76
741 961 791
271 341 849
639 588 616
676 823 733
210 802 249
187 141 601
751 153 479
995 861 481
401 3 41
269 857 682
48 296 943
951 45 82
277 76 21
129 221 778
65 663 5
955 750 399
719 584 361
915 1 431
321 745 218
537 237 645
225 430 337
109 425 655
209 37 908
46 665 261
781 1 977
525 1 149
213 385 465
471 971 631
301 201 741
651 65 829
770 206 593
698 446 533
313 253 314
97 41 39
638 44 327
940 861 561
581 202 326
41 771 936
983 841 876
285 546 35
241 56 509
519 381 225
21 497 49
157 651 137
138 456 855
455 935 741
307 121 771
264 581 476
896 151 763
121 449 337
531 421 93
199 843 957
17 630 681
220 287 871
877 315 629
456 851 633
741 501 425
468 100 21
786 628 396
326 517 644
816 151 333
401 104 397
209 145 159
1 235 534
971 791 469
479 193 649
441 757 177
274 473 137
441 675 443
81 761 181
577 553 270
203 725 751
314 29 119
579 607 206
941 387 177
731 216 883
589 905 889
991 510 701
31 402 461
891 313 1
951 41 409
851 55 241
59 241 761
613 826 386
570 921 951
384 227 889
313 801 601
297 501 266
843 5 565
40 33 395
739 401 647
716 713 617
771 225 317
321 825 296
562 141 961
442 506 336
451 709 771
489 661 585
25 225 638
939 954 717
743 60 187
877 193 241
153 137 419
751 281 201
681 371 617
887 949 341
361 569 987
611 516 471
320 81 466
269 185 774
801 393 221
961 489 608
969 301 740
291 85 409
351 953 439
958 905 315
926 175 640
709 519 551
691 331 881
658 213 531
122 321 230
276 282 729
985 797 998
153 311 569
401 721 59
74 721 677
777 646 151
171 877 761
973 765 481
201 2 241
985 152 89
723 331 799
779 863 278
479 746 773
50 221 196
677 567 241
292 465 261
427 489 606
476 708 723
265 341 453
685 937 701
342 210 769
943 995 626
146 217 825
357 501 761
257 777 138
971 801 43
281 385 653
645 443 143
718 40 77
81 749 377
187 25 786
972 417 427
886 345 981
196 390 257
843 17 689
577 64 301
871 407 315
491 441 319
667 18 884
161 73 297
881 919 646
711 542 51
860 481 485
382 769 280
577 801 30
657 701 125
901 551 244
461 123 9
441 121 371
446 716 430
257 949 657
301 61 441
329 98 993
811 478 569
823 717 545
496 263 301
41 833 171
575 66 303
905 467 582
544 314 41
840 701 941
61 396 629
201 184 753
729 225 852
832 199 281
701 801 161
5 101 589
751 221 504
201 725 520
937 199 770
311 453 421
289 317 977
801 844 272
803 839 921
341 811 655
776 36 497
289 905 822
200 881 343
871 929 701
801 329 789
572 76 195
355 892 154
876 215 81
121 285 921
913 757 359
969 529 789
347 196 11
489 388 358
186 576 841
391 187 233
451 657 985
791 1 691
49 401 781
700 129 706
239 36 229
87 546 301
321 217 637
921 95 605
381 146 825
849 566 69
390 631 11
321 185 91
9 843 236
133 446 876
105 469 621
597 824 265
461 257 441
601 239 195
384 289 247
965 21 460
341 272 983
101 768 247
521 525 369
296 486 108
259 213 265
385 283 606
1 771 821
376 908 466
221 897 501
644 465 1
321 191 321
684 351 771
451 430 329
132 759 64
876 813 57
75 222 583
185 906 663
776 763 421
823 305 846
671 211 935
773 346 71
850 201 200
366 417 601
415 369 819
381 609 216
819 961 685
563 753 412
230 921 77
799 635 911
765 981 208
803 673 21
753 456 897
317 897 729
441 7 231
971 707 561
799 752 437
433 2 232
389 881 817
256 193 781
625 875 303
1 601 103
100 58 681
740 661 198
616 560 829
417 606 745
676 476 27
113 878 251
241 366 376
61 943 335
691 304 637
297 775 293
386 556 378
713 676 831
651 689 857
60 927 551
729 601 669
783 486 876
759 960 469
91 441 283
576 727 152
260 264 673
29 864 805
131 659 825
286 951 881
161 548 969
417 506 201
139 961 931
809 681 568
351 73 241
914 105 267
903 167 644
231 397 871
470 491 522
1 721 130
318 776 427
222 101 671
876 942 811
618 513 201
100 191 390
293 302 501
921 821 401
417 57 937
900 267 229
517 761 155
979 657 845
226 527 877
586 31 467
697 886 381
761 501 254
61 751 203
602 681 51
701 617 749
973 525 219
108 100 887
582 593 687
297 641 591
73 776 261
738 186 647
514 973 384
461 332 981
481 271 529
679 573 585
453 501 781
561 451 961
301 703 999
394 446 186
81 561 393
408 329 429
238 987 679
116 571 29
76 601 545
766 271 149
769 820 344
281 793 999
612 266 376
671 95 533
325 487 21
755 781 21
573 892 329
669 801 341
177 943 784
227 829 849
33 949 361
351 979 609
641 306 166
300 91 949
463 243 613
965 567 741
444 675 651
1 314 489
42 477 781
401 949 902
135 214 726
548 681 601
134 57 326
416 503 301
199 855 561
67 497 901
62 281 663
465 545 308
121 417 591
153 516 928
524 404 596
933 36 545
541 973 455
469 81 366
609 303 371
523 725 969
281 542 216
476 345 340
517 377 559
688 701 529
937 51 529
76 967 640
241 986 711
525 373 961
505 514 365
16 653 361
881 833 532
683 19 409
371 166 237
625 49 275
551 97 477
871 420 651
798 703 830
965 17 628
801 825 421
766 993 712
9 840 988
1 908 465
321 501 898
597 927 371
601 488 438
301 351 317
326 89 856
699 203 65
24 683 879
977 585 211
766 301 417
609 441 751
799 447 404
329 724 76
761 937 393
1 79 289
760 306 396
476 841 573
451 775 697
754 84 401
291 442 445
183 597 729
629 257 141
242 31 618
825 769 413
513 151 637
21 525 861
102 224 699
81 233 111
97 418 321
146 421 1
937 821 513
1 145 749
363 261 85
850 267 177
565 723 726
823 593 89
963 151 945
912 321 749
58 291 357
741 118 977
745 433 497
329 401 101
955 89 487
506 41 667
335 461 427
201 941 49
343 891 21
143 99 481
219 100 805
511 288 497
523 867 40
371 731 416
643 581 279
64 937 651
519 801 433
225 779 545
803 237 226
105 558 412
579 380 236
865 1 225
945 471 197
501 471 585
889 873 714
531 625 785
487 283 126
527 277 465
177 885 488
276 495 811
361 496 301
489 169 407
219 976 426
693 321 711
926 882 791
145 750 521
572 786 49
81 829 41
700 310 613
555 625 251
103 474 557
685 911 956
933 763 707
825 317 276
801 854 669
425 236 973
821 460 841
881 652 849
429 420 930
636 290 189
213 83 501
857 853 74
452 302 299
8 448 135
665 529 501
202 257 977
680 857 921
152 326 422
509 953 581
561 989 11
251 309 713
781 964 264
645 69 32
708 811 841
278 621 631
48 815 230
485 887 593
151 669 709
995 885 715
81 698 871
701 177 441
352 67 561
346 856 771
305 723 524
261 265 197
112 861 705
935 161 709
329 774 201
373 169 57
749 713 711
451 381 757
63 323 90
461 344 962
837 669 687
643 72 541
160 251 461
867 656 901
39 592 209
781 113 273
121 646 501
477 73 589
601 203 134
6 975 489
161 991 268
810 545 93
957 516 36
438 157 340
110 18 321
987 397 793
583 237 677
57 361 799
207 25 76
845 177 185
1 350 334
357 873 927
433 174 268
217 413 388
482 585 481
725 371 401
1 53 753
412 961 102
351 966 423
781 889 667
861 545 521
765 225 651
900 860 228
445 257 826
841 967 152
674 180 783
343 663 561
953 764 185
353 195 981
378 664 503
571 953 989
7 537 121
993 1 921
576 181 137
516 662 497
417 432 551
551 519 449
940 481 639
657 97 383
322 776 813
544 633 657
385 319 730
889 63 309
319 876 181
666 879 278
697 184 49
265 897 691
188 95 243
116 273 793
631 929 205
717 451 873
691 687 483
519 557 276
757 35 499
533 448 313
349 356 387
258 975 501
759 91 41
785 121 41
500 433 895
737 535 471
497 52 651
700 690 257
149 830 236
41 273 169
25 793 859
384 741 641
500 921 441
467 867 219
633 892 603
291 671 194
821 151 316
825 761 75
801 761 65
556 752 257
540 205 501
861 51 576
746 36 651
441 575 789
291 428 403
66 345 737
141 757 609
939 401 71
481 641 761
140 886 628
801 21 945
1 1 813
633 773 912
556 457 473
675 355 121
377 897 493
287 394 345
8 191 455
915 536 411
273 386 781
931 312 816
777 589 705
377 561 864
876 77 769
881 58 129
2 686 413
897 449 257
782 713 826
903 734 265
113 245 383
875 97 737
776 927 969
815 53 214
640 265 757
42 857 869
279 155 863
632 401 319
821 506 146
953 160 686
866 871 135
665 509 197
761 819 843
431 831 65
857 954 817
635 164 766
617 297 804
155 235 737
709 35 379
566 641 521
935 993 969
681 406 557
658 410 226
815 394 393
844 733 805
711 603 435
547 937 528
156 769 631
529 765 571
357 362 825
1 88 103
896 622 456
74 97 503
555 680 107
503 341 379
275 255 389
65 370 588
451 986 415
656 39 478
567 609 926
691 106 563
339 9 708
227 339 1
107 238 929
101 145 687
69 233 733
698 239 719
166 459 760
575 329 161
471 273 526
836 675 79
453 569 963
843 319 371
391 901 617
603 911 71
185 697 158
507 787 125
38 421 305
176 695 856
789 106 779
739 769 341
158 245 307
181 992 952
371 691 260
711 360 996
388 229 529
909 501 203
886 169 897
541 489 839
157 1 551
929 241 719
1 398 865
881 299 356
510 353 519
651 618 431
26 761 665
515 209 251
781 479 972
439 361 441
851 996 421
91 912 769
297 163 401
865 466 145
241 851 491
171 832 521
311 466 869
715 429 937
861 343 952
87 461 886
481 519 295
647 361 57
818 411 345
905 457 963
313 297 685
931 236 751
697 929 116
545 436 126
139 726 53
31 17 972
462 555 97
601 411 836
723 543 150
185 63 57
697 751 386
750 296 833
139 506 745
980 11 501
604 863 909
948 705 616
343 61 827
79 342 333
792 713 346
781 177 401
857 506 145
201 476 187
105 725 401
685 397 481
11 501 309
729 101 245
509 673 145
290 271 901
601 433 496
396 881 943
305 388 391
699 841 112
601 599 841
594 718 251
201 65 218
871 643 481
258 601 913
81 951 494
180 361 951
149 181 273
676 31 32
1 65 416
801 501 106
678 337 461
655 631 676
25 977 105
481 863 679
497 74 383
839 481 73
990 601 299
863 211 307
863 9 594
631 753 932
985 729 323
612 905 70
201 773 285
411 593 472
351 913 630
609 703 771
778 491 25
439 251 47
561 281 5
3 41 391
849 323 40
13 809 857
937 108 345
642 97 921
453 114 929
706 721 584
227 126 593
497 940 393
13 974 756
697 129 127
601 729 361
257 151 299
29 853 489
865 901 401
