3914
777 885 665
36 817 743
413 301 679
937 103 337
461 291 781
813 973 305
986 263 437
820 5 313
241 361 215
833 831 1
845 102 17
831 115 963
409 401 323
439 951 155
927 801 696
133 559 953
89 178 430
201 165 587
249 801 473
908 443 46
829 481 511
11 281 499
717 899 417
980 546 755
152 631 569
163 441 25
777 223 911
600 481 549
1 693 337
186 751 81
893 171 744
846 76 976
193 17 600
507 373 661
680 541 237
377 317 1
945 929 817
796 629 385
791 272 799
831 685 501
353 673 670
460 589 649
661 569 201
829 135 757
119 751 755
241 603 965
701 641 3
937 1 785
231 786 45
241 712 516
525 217 941
201 810 678
422 806 201
908 650 409
955 223 193
741 601 365
639 953 366
264 95 366
150 41 921
558 626 562
23 851 593
729 596 876
614 685 949
684 356 473
101 753 116
762 205 841
8 691 280
41 165 597
281 545 719
903 401 593
613 705 599
731 215 913
13 199 641
857 93 165
710 545 651
933 930 341
847 228 141
931 921 401
349 453 865
244 871 432
501 109 313
321 401 570
247 341 771
981 299 343
965 86 789
529 1 177
731 561 513
705 331 249
404 297 928
621 593 529
1 147 861
191 57 447
551 596 651
631 488 803
841 751 993
433 431 775
164 737 123
361 769 983
557 175 198
401 297 182
691 793 201
711 25 546
191 981 881
620 752 854
751 229 26
367 499 259
861 329 419
447 591 561
325 969 873
610 808 669
469 876 661
417 542 293
731 931 426
641 32 839
227 621 302
529 124 952
85 544 331
377 806 848
479 901 174
643 345 404
44 331 737
992 181 539
641 476 1
793 799 644
351 265 745
713 210 897
401 955 676
544 598 451
605 847 362
207 751 924
49 461 416
32 591 329
561 39 176
171 310 881
116 25 465
515 111 866
629 392 242
304 243 893
445 811 185
894 513 646
176 721 805
597 585 442
31 701 189
211 993 889
681 766 359
810 964 305
780 157 125
457 641 354
313 265 809
449 742 144
119 509 17
41 281 801
296 343 745
452 561 69
589 409 97
763 681 513
109 727 317
841 160 606
253 679 992
405 984 241
481 634 893
195 505 649
762 941 889
159 326 409
921 553 249
784 833 125
97 957 967
586 529 839
692 113 643
732 573 253
271 485 702
191 961 441
761 791 995
353 348 997
153 379 401
791 981 740
971 321 625
191 66 449
105 925 241
641 743 501
386 921 238
271 507 85
841 376 873
749 969 382
86 747 357
971 465 272
131 975 81
610 443 121
910 336 328
676 179 235
633 177 150
976 841 464
866 541 801
772 17 706
290 900 497
761 551 37
611 150 339
378 111 801
691 921 91
621 181 489
985 183 767
1 577 125
217 279 417
359 241 201
814 51 821
911 336 704
395 874 334
101 378 797
935 873 601
251 145 844
401 656 525
312 876 37
834 693 556
164 897 266
321 104 631
126 196 929
808 710 812
534 31 899
546 817 689
63 495 841
276 851 361
169 96 559
841 41 613
976 384 989
141 821 133
769 556 111
235 851 981
64 788 401
653 539 781
849 545 326
889 479 721
146 636 80
733 113 663
320 519 483
145 71 271
857 403 546
201 533 364
518 7 572
497 11 326
386 921 21
536 989 339
697 821 565
379 798 401
308 147 366
299 457 111
127 995 57
833 241 733
345 457 121
513 140 51
765 99 487
839 61 41
941 681 262
415 985 201
209 791 271
436 729 385
111 621 61
849 279 351
291 921 475
141 241 589
744 571 986
857 269 79
800 37 51
567 639 697
997 711 924
175 515 975
541 419 871
939 465 6
27 7 529
241 131 791
121 147 77
733 412 366
407 403 391
129 434 601
636 397 413
928 663 296
926 867 925
776 517 349
501 369 789
92 281 977
935 731 203
265 530 661
41 122 261
741 138 105
727 537 81
513 701 751
283 705 219
537 449 601
246 531 711
96 361 865
522 262 697
835 955 297
241 361 119
601 287 589
221 541 361
115 233 789
912 801 51
753 934 813
876 867 265
85 943 416
873 851 401
761 169 161
993 345 683
121 773 483
219 865 201
73 613 77
676 441 451
691 187 841
673 329 873
286 126 626
106 981 142
207 421 576
739 961 145
461 901 389
898 723 401
844 601 485
14 341 337
669 546 596
531 739 73
931 809 201
380 825 431
617 372 425
61 425 231
233 700 23
253 818 201
901 615 921
801 851 575
961 161 151
331 585 987
521 81 629
103 673 179
985 532 355
410 857 921
881 661 258
577 171 829
471 960 947
185 912 477
397 61 881
486 473 179
641 882 523
946 257 447
921 627 701
226 532 881
862 466 833
959 705 409
105 923 296
609 392 68
151 291 380
613 977 132
226 93 21
711 397 411
742 170 353
497 601 44
505 851 290
601 201 832
351 485 381
61 369 865
693 378 465
525 401 530
81 616 518
5 784 259
97 891 133
401 105 794
756 753 591
495 201 473
193 385 219
586 530 792
367 49 624
61 201 141
153 981 476
513 818 279
761 921 863
319 73 401
129 723 269
241 621 413
433 989 278
671 835 984
427 649 459
903 885 856
355 155 385
537 819 749
673 241 1
46 957 873
559 171 848
741 349 691
975 826 721
260 153 451
664 41 73
841 286 259
240 856 485
129 407 51
126 931 299
361 253 257
153 951 501
677 29 463
801 853 660
337 424 331
372 306 224
275 707 421
209 471 97
725 902 841
313 358 497
785 17 655
900 531 107
240 933 825
461 761 891
220 361 337
801 811 809
126 208 25
750 263 187
239 843 996
917 811 394
105 825 89
409 567 31
540 146 809
704 964 183
281 283 417
186 773 529
929 499 383
551 919 417
921 54 774
482 431 417
927 249 371
577 894 618
149 881 251
969 811 649
548 544 389
946 941 549
277 521 185
919 890 774
601 313 857
389 829 815
421 881 901
794 983 973
581 135 521
971 437 825
381 961 360
213 959 537
910 389 781
477 109 107
939 761 46
808 907 401
121 493 9
778 229 709
762 905 845
889 671 680
721 509 621
728 81 41
303 983 407
445 811 461
526 37 407
757 236 130
121 798 809
45 28 806
271 901 971
275 201 61
781 667 66
496 731 701
3 545 881
161 1 169
171 892 802
13 698 997
25 214 25
352 985 201
781 191 215
791 473 143
313 648 454
841 241 521
933 311 929
601 701 46
401 991 53
451 407 961
249 481 393
329 945 684
821 418 469
444 951 833
681 49 843
213 401 39
736 673 892
373 901 801
877 997 901
469 230 601
576 597 809
185 701 427
578 723 816
682 693 841
852 329 14
53 215 551
256 639 89
765 557 260
965 362 571
523 801 705
431 364 539
473 904 321
702 86 61
529 243 363
721 69 481
796 667 294
117 324 377
797 145 699
246 935 22
531 314 20
459 669 42
250 585 28
192 613 481
627 981 1
501 915 406
329 59 553
643 201 777
183 221 1
393 934 501
593 753 726
591 141 537
27 459 463
890 575 49
501 605 413
451 522 707
411 513 451
167 423 681
36 677 49
341 65 281
668 1 905
251 297 930
465 953 637
336 8 491
178 294 933
43 155 105
266 566 23
541 393 484
865 218 845
751 305 137
751 487 962
621 109 849
573 961 529
211 851 513
719 221 521
601 761 275
633 921 573
888 971 509
49 824 589
865 601 21
722 417 589
621 679 857
759 329 649
391 178 219
497 427 169
101 841 21
537 801 403
716 27 984
973 327 243
579 493 33
352 663 241
870 161 149
741 332 241
347 761 545
225 414 953
866 426 223
801 287 76
57 45 6
121 351 401
906 421 117
861 495 873
701 537 335
361 287 462
129 545 337
861 233 283
761 738 229
229 505 957
729 340 469
761 805 985
177 665 77
325 572 481
486 225 381
461 521 451
282 481 569
393 889 776
411 835 781
903 573 327
288 461 801
71 236 337
481 642 400
625 977 617
21 469 653
46 801 945
406 854 663
471 631 653
45 381 376
81 711 317
769 291 763
240 177 501
95 17 255
449 481 793
999 30 321
381 707 640
19 59 900
721 849 743
17 786 593
623 65 317
965 257 99
9 32 47
811 494 57
41 676 271
785 231 206
725 529 56
819 677 529
924 309 356
889 329 585
671 491 481
617 417 198
248 793 785
59 826 897
631 771 101
909 427 231
297 75 617
780 761 202
271 417 267
326 171 311
295 861 665
885 61 987
935 481 149
41 193 926
501 861 799
882 721 426
151 391 857
371 609 953
921 687 203
521 777 370
565 220 333
909 121 111
436 33 800
936 38 461
486 337 713
528 127 116
169 242 978
10 806 433
123 553 113
345 288 581
676 177 353
759 21 153
110 807 9
410 105 5
931 985 253
329 626 918
9 125 393
681 707 446
53 849 937
11 61 405
369 461 181
299 745 898
511 385 66
126 961 705
554 489 281
782 315 164
801 29 401
113 458 161
981 321 401
294 561 180
561 582 175
651 162 461
471 115 376
938 974 817
723 513 700
470 678 917
326 713 945
285 454 745
657 71 715
477 814 901
538 187 610
431 841 517
333 806 438
243 649 229
81 225 451
947 371 149
845 215 521
781 804 495
599 697 568
351 373 653
456 316 428
953 713 811
39 941 865
176 369 993
249 850 481
521 860 303
679 803 150
977 691 673
454 465 561
697 321 186
105 722 885
481 996 931
970 693 323
721 1 925
840 156 825
292 921 479
481 988 988
783 841 852
73 761 522
397 451 70
221 951 344
556 62 945
28 721 441
154 971 387
841 841 991
600 85 177
381 153 601
139 192 369
778 531 732
741 65 824
87 676 689
596 230 971
751 289 851
923 547 381
837 9 15
115 945 445
326 277 796
296 335 97
633 105 187
481 781 39
857 481 591
939 561 689
268 87 733
961 580 321
671 529 1
795 299 581
657 325 418
585 863 641
347 411 631
893 663 986
207 589 754
961 272 735
249 285 387
807 385 985
185 112 649
563 341 941
654 43 737
545 577 501
463 448 469
347 435 322
351 217 473
491 101 185
400 191 962
815 769 626
703 123 571
859 41 950
651 609 569
269 147 436
491 732 73
538 985 751
77 43 317
311 337 885
909 725 681
62 615 582
476 65 391
393 877 206
216 601 536
921 70 911
470 878 528
885 841 131
844 610 169
953 945 223
983 206 637
739 699 281
556 911 733
376 563 37
517 683 937
91 471 136
385 583 65
587 819 9
505 801 497
646 562 499
127 655 526
820 470 717
822 736 33
193 203 331
956 601 254
617 985 799
650 201 768
416 36 507
917 974 999
489 666 690
902 679 430
137 914 449
419 481 929
309 529 326
426 589 132
51 474 697
777 682 590
214 395 823
779 801 41
396 41 271
254 249 97
396 151 687
1 679 697
57 441 923
625 903 581
393 628 606
483 609 641
755 657 269
775 87 901
865 549 49
603 274 257
357 785 955
796 951 3
609 655 369
201 311 609
75 509 975
261 394 345
766 381 225
361 497 665
431 865 686
21 541 152
507 242 489
101 216 740
261 41 717
314 111 949
701 438 155
273 509 607
925 999 588
489 401 745
941 465 40
881 685 952
619 881 113
851 665 241
829 369 694
108 761 301
370 721 953
449 565 361
51 529 697
157 603 597
814 570 605
666 105 407
961 333 153
529 737 191
741 377 821
335 475 137
858 201 263
462 220 751
387 186 301
981 426 33
246 399 466
668 925 613
925 478 845
674 606 399
881 653 165
641 435 129
889 597 241
111 585 881
733 645 675
529 150 363
723 171 458
725 331 651
260 969 402
827 658 641
865 847 313
121 957 876
921 176 89
861 161 598
226 21 751
986 433 331
337 201 953
121 601 916
560 127 381
615 344 976
822 594 697
7 753 589
27 465 321
153 976 831
867 669 597
1 649 159
303 93 985
513 151 889
614 169 146
710 382 295
260 895 197
292 471 917
78 48 252
373 371 957
741 962 891
269 855 853
786 41 633
341 647 625
86 254 69
33 825 554
401 865 753
281 977 73
581 621 333
39 69 677
347 633 111
712 387 221
641 638 491
863 288 418
281 728 11
681 510 769
649 673 793
102 361 997
391 819 441
897 911 695
570 671 201
689 146 541
982 634 573
335 756 542
31 951 265
218 105 871
944 51 961
52 471 393
333 9 439
631 483 929
718 326 51
69 818 208
781 767 241
795 976 996
476 179 451
61 776 754
273 787 746
977 374 641
489 87 265
419 613 441
313 169 119
681 237 361
129 765 737
956 501 141
200 101 841
989 701 125
161 809 149
595 111 202
26 593 721
318 329 231
633 457 165
713 269 289
97 275 220
362 636 722
822 337 23
241 992 143
713 51 861
883 281 791
578 369 11
67 336 76
354 155 849
406 836 997
421 361 223
681 754 377
821 867 25
734 917 998
277 881 456
881 417 673
793 381 713
386 732 817
333 427 275
85 161 391
901 390 105
811 493 53
503 663 809
36 28 863
934 835 619
309 65 980
126 291 554
173 310 837
57 597 414
933 753 683
633 111 241
545 877 49
147 925 181
737 461 95
420 201 889
145 804 81
751 325 148
537 763 375
937 201 405
802 477 681
601 99 210
897 39 905
332 731 206
780 810 791
201 595 891
675 303 437
913 321 573
371 296 605
896 442 799
351 873 65
473 187 820
301 985 997
403 201 549
592 979 819
625 193 225
834 285 331
581 635 558
757 63 397
181 369 236
677 413 377
713 912 71
100 693 937
428 29 889
349 900 17
606 501 813
163 222 273
405 937 161
247 658 131
247 399 29
216 501 805
762 849 689
293 301 31
218 935 881
101 274 905
954 273 8
216 24 851
121 375 474
729 149 702
414 501 169
251 364 777
376 834 601
476 818 591
176 825 241
517 631 81
545 656 933
957 717 606
393 463 249
185 527 635
374 643 487
857 105 265
465 793 97
979 231 321
483 377 611
721 921 843
471 501 306
827 800 51
630 579 171
341 939 33
171 501 76
113 672 197
570 775 7
173 760 736
311 731 168
399 701 321
831 347 349
881 616 41
485 386 137
568 918 201
636 881 273
73 191 863
777 185 161
831 835 489
1 16 483
313 973 171
121 949 125
743 325 325
311 12 443
942 89 903
693 868 703
873 953 61
45 676 211
561 1000 721
393 186 960
113 951 701
97 21 876
476 161 421
727 81 698
881 530 729
560 243 881
841 405 798
629 681 332
62 385 363
801 695 610
801 913 296
691 973 681
201 751 19
192 437 537
99 165 593
611 714 996
430 813 561
58 313 257
467 6 401
641 305 312
361 470 851
211 143 759
701 345 653
999 801 621
491 253 601
547 261 997
349 353 649
501 597 825
785 251 409
539 347 779
909 569 361
993 117 5
61 937 785
861 287 361
753 261 403
77 328 85
136 573 409
931 950 961
521 611 326
345 781 525
665 92 332
510 903 159
694 587 859
483 185 810
913 672 595
321 811 1
203 111 763
590 213 253
568 551 151
576 175 675
506 553 975
282 27 461
126 997 688
133 760 307
413 91 823
769 64 323
315 413 925
433 489 739
310 953 281
969 241 715
501 407 453
901 531 650
776 841 733
426 961 679
665 505 616
556 321 129
153 39 73
509 332 229
953 459 251
737 750 713
476 609 701
664 252 361
621 5 495
126 157 812
687 361 793
41 993 369
631 921 846
185 603 221
273 920 115
759 973 996
939 517 487
289 151 616
252 920 833
234 740 281
821 806 593
81 481 951
641 645 4
332 677 301
671 736 326
856 363 753
671 173 233
143 406 131
865 329 357
409 521 905
744 33 859
975 101 867
277 952 1
785 409 674
93 153 189
185 626 347
287 688 321
247 67 934
905 981 971
492 19 701
161 580 796
949 787 177
256 826 525
805 521 649
982 641 416
697 301 671
686 849 185
633 339 320
944 673 345
785 985 789
377 725 585
91 645 515
876 458 355
101 358 313
889 713 829
840 361 115
335 168 49
973 887 477
952 881 449
839 574 751
873 23 728
127 726 721
716 436 301
417 89 533
23 567 642
986 825 664
863 661 1
406 631 887
273 137 617
1 405 811
113 929 205
168 386 252
635 316 841
192 436 416
211 491 221
764 857 563
951 461 403
93 710 664
400 741 642
621 715 901
751 251 46
349 294 921
861 141 276
793 696 357
873 469 976
438 801 175
546 640 701
247 317 201
983 560 411
633 791 474
781 971 639
257 999 496
295 131 576
471 781 761
366 180 201
153 996 571
175 601 881
189 725 481
581 121 710
140 641 361
986 103 405
383 339 636
322 876 929
141 780 135
144 748 971
945 573 841
115 933 126
285 975 201
8 476 139
155 329 545
301 729 944
941 51 382
203 712 301
411 873 154
137 725 294
151 940 139
401 967 333
9 873 936
999 561 597
810 481 390
906 159 345
557 646 141
385 997 521
441 301 858
913 97 547
120 435 198
364 249 251
236 633 603
416 831 33
521 110 493
689 1 671
113 396 53
10 751 611
206 426 313
657 59 728
393 49 735
889 986 369
225 838 111
481 550 145
871 113 957
677 772 925
816 178 355
451 423 54
427 643 192
423 878 739
533 209 351
440 65 813
126 817 113
667 251 709
887 341 265
224 378 651
743 141 871
207 853 377
155 105 632
897 451 617
486 727 884
65 251 674
1 103 17
513 19 551
534 475 380
897 28 473
11 503 817
469 245 326
541 33 376
359 448 492
581 555 965
277 441 617
898 860 633
537 984 536
743 676 301
971 417 641
781 357 716
684 271 42
251 237 809
573 613 889
940 735 185
449 887 334
1 105 237
740 117 351
151 102 701
569 969 401
793 737 965
761 705 891
117 766 897
790 141 716
761 51 861
753 26 976
577 393 225
698 165 988
586 281 851
467 157 889
989 213 261
579 770 697
101 265 387
210 79 360
991 115 361
396 1 745
35 157 641
976 101 641
45 101 111
125 681 971
951 161 305
344 849 178
976 45 321
189 957 297
374 746 286
683 685 621
371 919 547
241 191 496
681 957 903
484 273 375
725 637 949
1 701 593
441 338 401
521 433 361
141 145 581
878 349 473
11 231 665
61 451 817
578 995 111
742 441 681
991 419 197
991 593 109
376 379 414
977 631 61
881 599 433
601 81 490
427 982 787
617 715 226
761 676 501
5 517 709
201 568 640
215 556 529
617 17 245
31 281 201
485 803 170
438 251 101
22 17 512
339 787 541
662 40 497
979 801 31
801 418 921
698 561 437
625 193 873
510 301 291
1 769 129
13 755 948
451 377 780
310 151 497
530 268 803
222 297 245
186 676 63
224 93 335
49 800 530
197 562 583
423 41 251
51 24 721
880 776 935
673 354 349
886 841 276
591 553 951
803 813 559
617 20 376
642 56 150
825 385 147
553 57 526
167 971 401
21 521 69
631 67 897
606 558 255
1 494 225
619 959 201
801 56 835
112 639 582
924 389 260
890 130 409
637 816 953
531 669 226
281 545 101
711 401 890
940 31 829
786 263 537
935 73 101
471 661 9
461 315 761
825 438 63
413 703 609
496 166 157
79 121 185
233 628 431
24 801 18
301 291 230
404 521 625
399 854 956
427 751 266
825 129 949
429 332 357
876 280 555
329 479 553
521 143 321
345 366 311
561 262 692
871 209 761
969 521 65
461 573 676
965 795 576
691 291 263
97 53 106
736 529 536
993 40 301
481 969 741
507 871 501
26 889 945
43 83 21
60 401 373
651 241 823
495 201 416
661 629 353
350 358 845
536 921 258
314 849 767
266 373 719
920 926 209
61 458 545
467 711 367
26 196 783
122 48 544
353 951 697
661 80 743
859 752 769
161 293 92
225 265 371
276 777 685
496 926 141
253 817 461
513 161 13
215 389 677
127 597 9
287 68 961
333 229 327
797 569 163
647 283 140
802 524 291
746 861 563
929 41 335
71 431 394
223 266 365
297 601 865
257 411 445
616 404 655
701 102 39
879 385 895
275 385 205
497 873 785
513 373 334
489 315 340
271 123 176
921 361 713
965 865 945
409 503 777
361 131 586
667 961 251
218 358 113
562 397 733
57 163 26
957 176 666
980 367 513
441 344 231
826 847 821
206 494 21
260 360 129
41 46 215
645 751 401
343 537 721
887 737 171
81 345 333
786 975 75
209 861 361
755 309 843
467 563 827
813 885 777
445 685 926
251 918 679
646 89 341
589 509 441
841 851 814
271 52 750
353 923 421
257 366 958
313 996 583
713 341 887
441 214 898
925 498 901
25 462 201
73 817 654
749 233 529
689 101 847
41 402 599
655 813 405
855 985 157
473 217 869
787 126 716
39 406 541
801 646 576
322 721 94
51 741 859
412 818 387
523 521 249
433 837 377
705 972 901
929 408 521
140 441 649
361 726 377
147 599 571
161 252 721
517 696 533
645 901 193
579 537 151
199 927 742
57 422 593
777 679 905
825 737 266
551 753 365
972 399 738
276 952 903
249 108 178
763 749 261
369 263 864
66 338 736
540 29 151
816 41 190
641 281 293
221 839 981
403 281 951
381 203 849
585 25 301
729 716 411
81 746 105
329 33 101
239 243 979
6 486 882
749 565 127
833 513 217
297 432 612
911 59 115
41 600 669
433 346 861
126 755 273
486 671 123
729 865 946
171 711 852
753 237 957
441 964 585
313 600 546
401 349 31
241 968 874
231 209 61
909 637 183
821 224 541
181 157 697
675 812 612
719 141 661
491 1 331
953 336 162
365 271 417
289 324 821
681 785 570
945 791 57
173 851 980
696 316 571
141 401 361
326 41 596
510 810 654
164 221 876
139 817 330
421 603 423
273 603 374
841 301 535
163 317 103
266 615 749
561 437 16
489 722 618
450 465 266
19 953 473
483 242 857
609 477 836
331 626 128
621 691 175
575 281 1
879 797 121
120 891 221
529 853 986
332 710 540
951 361 417
905 449 528
849 331 3
721 617 905
60 547 461
881 120 131
759 383 126
806 232 410
9 513 361
781 761 377
145 901 266
727 837 781
20 357 995
463 389 101
385 857 341
726 537 437
629 681 866
251 977 523
631 44 756
327 651 751
556 122 394
153 93 457
501 993 451
241 45 186
732 740 694
352 821 77
205 177 293
920 253 851
169 191 749
428 746 927
224 181 857
206 369 481
364 990 331
301 441 56
809 166 749
844 451 137
737 849 983
975 7 857
303 537 123
670 281 597
876 401 833
1 45 169
995 965 219
376 897 385
689 357 26
641 969 369
721 822 110
105 129 468
49 471 453
249 745 983
975 901 844
329 321 209
345 931 560
503 489 61
564 433 87
721 185 322
405 501 441
935 561 237
590 321 665
437 380 921
861 80 296
211 592 17
89 341 201
695 31 134
759 566 777
321 986 701
55 869 215
751 301 369
371 587 711
542 921 554
415 218 867
596 675 841
397 811 304
95 281 586
546 761 361
538 180 660
697 332 183
241 541 751
569 502 365
761 477 639
809 899 481
553 209 791
889 225 836
401 817 581
226 753 719
935 541 401
830 603 665
471 321 711
826 201 555
797 841 741
606 649 53
329 956 36
409 543 553
171 681 926
197 961 201
485 633 141
51 263 71
833 787 65
81 73 750
778 801 182
315 445 104
805 181 456
921 785 498
26 905 966
565 481 941
746 776 161
61 492 269
781 252 871
61 881 561
635 706 31
977 685 105
755 680 957
145 441 421
929 35 693
81 169 751
973 992 260
513 695 949
859 609 990
905 463 214
553 966 276
745 491 951
266 360 501
341 315 42
105 555 319
53 239 539
905 333 841
425 723 993
594 783 41
77 868 679
142 226 743
23 101 533
425 385 751
561 415 821
911 176 881
91 561 541
1 985 271
765 21 265
663 153 779
444 109 596
501 305 866
734 953 921
201 527 239
854 723 251
445 521 305
486 154 102
649 536 139
729 795 253
641 295 211
289 880 255
581 583 670
219 81 313
537 662 105
401 561 769
443 969 86
317 327 549
951 714 610
762 17 648
591 876 603
904 981 673
639 82 178
106 298 885
477 321 901
953 997 881
721 49 801
211 173 402
139 183 9
977 781 787
66 361 621
481 522 995
920 618 389
931 145 325
985 551 676
837 5 321
313 53 589
143 381 840
431 661 285
221 601 5
912 185 801
61 259 807
928 761 473
937 281 449
591 945 167
466 809 365
98 603 309
111 525 185
35 579 888
531 501 297
465 952 961
221 428 77
633 270 52
695 649 684
281 357 865
873 321 887
319 161 511
371 81 551
441 985 126
722 876 993
17 685 172
763 533 281
441 486 19
595 104 995
651 449 763
705 391 645
430 541 889
256 386 323
781 880 657
592 505 601
472 105 370
212 226 21
175 477 37
156 649 741
211 739 253
461 929 105
599 111 736
209 75 453
8 232 853
901 258 336
596 526 751
459 1 281
117 665 97
28 858 592
326 221 216
937 101 73
849 176 13
163 213 94
997 697 942
199 241 858
505 3 84
191 898 101
337 119 633
165 726 846
901 289 751
170 901 981
377 401 349
871 294 607
222 969 996
961 946 176
949 263 105
321 21 345
117 894 129
985 1 681
623 871 121
821 72 871
445 725 16
201 1 135
621 145 34
893 401 216
166 394 291
531 271 750
219 315 775
609 363 309
89 849 381
444 701 700
391 609 829
481 287 978
901 249 494
231 65 564
351 851 697
11 571 465
51 62 997
953 996 797
907 815 139
741 103 896
459 401 1
36 249 113
581 9 65
195 876 435
87 173 875
967 221 276
812 221 589
591 832 93
753 447 149
213 953 426
250 159 441
1 321 649
470 81 821
976 177 901
281 369 389
221 386 915
353 385 501
785 901 391
113 13 373
780 743 260
81 841 425
539 196 139
597 833 242
211 625 313
305 419 741
733 62 977
776 721 289
21 889 501
971 257 289
684 161 728
851 601 101
65 949 242
78 381 906
463 147 9
65 681 39
377 265 163
436 226 827
81 116 626
1 526 876
697 257 189
190 763 771
733 51 819
221 871 8
807 417 97
895 805 633
945 319 173
293 961 885
809 685 533
219 41 171
141 569 441
701 413 1
716 465 73
306 676 326
833 889 574
133 225 211
252 963 361
395 127 501
633 526 584
865 176 791
437 33 854
546 658 120
387 101 119
451 810 285
733 81 185
211 721 937
230 510 501
683 361 549
161 927 847
513 697 963
867 529 251
426 212 276
439 429 685
495 283 631
97 59 89
161 41 1000
939 913 33
881 838 571
754 401 537
85 833 1
681 69 366
425 510 652
717 718 357
666 572 251
431 81 241
266 872 489
947 745 901
261 776 457
690 873 497
621 726 17
801 311 651
646 311 64
261 862 46
305 282 729
129 101 525
531 602 933
45 146 619
605 338 833
609 961 377
130 540 133
120 875 905
257 137 977
457 831 649
889 905 680
344 851 274
981 713 53
949 752 851
791 255 818
844 87 579
441 795 460
193 313 376
421 393 41
821 753 189
705 438 991
535 161 641
41 697 263
529 15 145
490 435 749
248 215 398
805 321 438
885 73 301
648 193 536
33 624 921
841 331 307
89 325 704
51 667 251
670 661 266
69 469 747
637 723 321
991 223 581
281 801 942
487 569 751
205 871 638
605 877 516
916 112 996
1 672 127
480 693 869
156 825 785
465 349 886
523 681 753
389 176 345
427 176 205
577 742 384
465 91 726
823 155 911
195 689 245
525 901 781
959 263 865
191 901 855
995 842 204
537 209 154
537 121 761
410 481 665
393 985 865
808 725 274
931 529 957
81 140 221
385 97 975
281 960 11
331 236 639
905 321 121
226 43 644
867 299 510
876 973 737
353 982 565
37 75 314
716 719 299
273 701 751
841 955 739
321 497 119
156 169 135
123 585 697
376 466 995
513 338 201
313 365 486
848 205 895
213 273 885
611 651 981
21 826 97
161 213 701
426 803 451
91 680 259
665 57 281
7 393 613
961 811 771
961 659 471
393 231 697
561 635 47
90 961 641
726 681 233
241 3 815
771 46 327
437 515 805
755 329 372
236 529 14
215 913 521
956 566 745
285 541 565
350 961 461
281 568 381
623 396 368
185 421 203
565 641 541
995 457 592
145 967 398
127 321 663
661 441 705
721 210 563
996 27 639
293 609 404
45 681 979
881 25 105
769 254 211
501 601 441
363 794 191
539 235 306
310 5 513
51 857 569
609 285 249
885 510 897
791 941 537
717 165 913
791 281 816
65 361 18
801 223 889
217 652 741
553 617 761
637 71 721
161 924 675
985 546 477
841 913 1
81 208 375
127 425 397
765 569 272
41 251 755
475 82 349
775 813 1
401 274 536
361 253 465
581 921 849
89 940 295
865 621 561
631 145 481
741 87 593
741 441 137
417 633 448
545 141 167
117 674 146
689 481 347
470 951 825
614 463 559
865 225 764
220 455 961
661 588 571
521 89 751
921 38 826
291 725 791
697 425 265
697 557 593
485 137 685
821 889 660
55 431 143
74 965 148
32 435 689
983 401 910
497 117 587
241 947 866
439 763 345
643 366 89
192 979 147
305 920 11
633 81 881
12 928 451
966 112 599
351 33 695
12 826 345
255 721 317
255 53 161
775 952 601
25 929 668
606 581 169
637 799 461
622 761 988
619 521 481
985 929 801
417 749 435
481 341 158
25 799 986
345 720 465
471 609 151
951 329 927
521 727 637
543 521 642
369 93 126
891 761 479
27 334 835
10 398 734
541 346 702
844 953 153
295 224 476
801 951 605
460 389 641
481 144 587
605 641 605
859 281 657
301 497 536
881 853 853
557 467 981
433 513 862
921 596 936
854 293 933
961 533 411
547 945 977
713 345 809
271 719 41
198 271 797
565 429 686
915 101 361
925 430 804
4 939 581
211 425 931
161 760 819
317 383 487
935 43 705
261 520 645
701 336 841
516 976 601
817 188 129
64 462 207
989 873 97
423 388 121
40 925 401
317 843 321
331 451 113
793 926 51
651 695 737
526 369 193
957 518 36
459 281 861
73 81 201
787 69 381
773 300 89
661 221 493
867 425 876
197 121 673
312 327 193
417 159 161
540 149 15
861 99 879
697 943 990
929 296 67
379 35 261
689 980 452
313 171 673
736 645 289
570 111 651
891 954 49
355 99 501
109 785 335
26 849 561
326 755 317
496 225 329
921 697 49
646 121 161
566 705 666
979 201 572
707 679 561
438 537 709
515 951 631
492 85 326
82 609 457
682 12 144
209 57 996
501 851 837
570 13 633
673 607 809
709 999 273
693 731 626
487 551 165
241 927 913
633 285 827
643 189 761
821 281 659
438 669 881
471 256 481
985 208 406
700 521 937
895 521 448
313 51 653
245 534 997
313 153 591
666 801 507
413 817 369
181 405 777
819 153 251
176 225 945
839 149 980
297 782 87
147 539 241
432 80 669
309 840 508
645 993 691
919 881 856
941 351 943
465 496 525
193 994 45
501 121 281
216 985 542
449 573 87
919 595 33
981 193 821
41 625 712
321 401 145
376 607 599
409 493 916
409 961 433
81 691 355
921 680 830
32 431 151
240 663 663
911 951 267
331 921 961
798 325 121
441 873 494
455 507 723
376 481 49
685 466 881
361 901 13
73 701 693
251 840 33
89 691 377
245 767 983
26 139 97
857 121 681
589 491 839
601 846 285
108 361 841
601 375 132
213 545 729
919 651 1
971 533 981
881 525 965
856 933 526
83 929 841
866 205 319
793 713 166
922 843 301
161 143 821
167 246 193
749 191 369
951 661 849
571 503 227
171 881 71
617 199 792
911 703 201
588 51 587
321 513 45
393 518 497
949 322 261
277 524 715
719 330 401
46 973 825
35 167 119
941 985 645
841 349 317
931 565 155
463 101 305
816 974 78
699 878 901
829 401 892
801 986 823
345 951 433
364 805 937
61 783 296
413 152 457
498 480 406
187 781 825
206 558 400
193 85 251
507 236 976
57 685 765
269 953 801
171 64 435
73 821 225
113 441 440
851 957 969
929 449 795
726 525 797
849 447 352
680 200 820
111 303 357
801 393 381
641 13 967
161 393 920
59 930 729
463 665 441
143 358 857
787 721 541
975 375 237
617 621 647
129 841 697
776 329 595
638 521 469
443 381 501
161 955 781
76 653 213
105 325 605
365 315 289
873 33 394
932 363 315
623 13 361
645 785 57
649 751 409
71 381 437
126 25 648
725 521 139
131 517 18
392 265 63
375 738 293
885 171 913
263 884 541
613 241 177
674 927 943
505 937 841
386 316 679
565 977 873
331 730 501
731 511 719
513 901 953
503 139 187
962 150 881
689 81 481
287 623 477
571 321 489
606 483 428
355 19 351
635 561 251
934 710 601
172 889 225
409 827 890
649 615 641
121 92 975
201 151 651
153 985 689
185 26 373
471 382 839
433 851 27
113 301 497
581 226 501
515 786 27
361 448 408
631 687 306
256 53 561
979 589 637
787 691 199
727 145 549
15 421 801
42 628 265
929 593 345
977 753 888
11 417 455
6 913 500
265 952 929
375 491 845
846 907 383
361 559 73
491 761 687
332 146 786
261 911 687
829 9 621
817 393 468
461 1 706
456 761 177
444 257 52
401 41 173
169 588 673
1 759 138
398 221 817
711 197 261
683 399 458
69 719 817
425 1 183
906 430 826
905 127 425
389 649 659
832 487 507
580 961 833
382 511 905
389 657 931
265 485 919
475 40 351
33 641 503
221 338 781
89 471 169
72 241 486
274 717 826
390 901 293
690 865 941
773 233 776
290 813 131
424 889 841
207 180 827
881 344 433
145 642 411
421 157 513
711 209 949
294 313 376
841 31 367
361 937 169
520 291 73
206 183 632
250 489 525
981 908 71
721 429 77
940 321 881
739 41 665
871 781 722
81 755 602
926 379 216
355 821 281
213 652 585
725 539 180
751 198 462
563 601 281
851 553 47
41 795 326
351 951 881
741 327 617
193 795 451
101 219 954
369 253 665
881 41 157
538 13 671
746 291 185
585 985 155
968 601 481
626 729 185
241 801 641
447 905 215
721 921 739
856 217 188
497 703 723
241 217 149
351 385 981
481 668 172
584 573 761
601 465 855
183 770 553
817 679 192
330 353 339
353 60 783
21 998 491
864 818 97
657 473 889
825 40 433
523 73 103
421 597 805
519 773 341
921 58 746
645 676 391
687 357 675
296 39 241
897 563 419
106 734 924
461 673 883
121 601 585
706 753 715
601 312 729
261 938 993
27 689 241
771 761 466
807 899 396
81 646 989
449 549 777
539 546 169
580 969 421
331 816 921
905 401 429
409 61 201
961 99 257
121 429 261
653 525 976
798 781 989
79 511 846
1 969 608
136 757 673
729 831 96
601 689 568
897 918 899
396 73 694
483 563 346
955 681 117
347 657 528
305 117 377
856 357 189
533 865 295
780 359 351
305 759 1
611 883 325
836 950 959
73 891 116
851 136 949
877 745 17
522 453 837
166 591 237
253 649 889
565 341 669
231 515 525
766 407 61
201 795 551
840 857 262
791 959 56
315 864 351
621 945 271
161 195 661
810 123 371
303 517 649
449 226 467
1 26 631
499 29 335
400 417 845
69 761 107
305 65 287
401 588 291
1 169 584
493 345 783
867 295 713
631 129 271
237 341 193
873 489 985
179 824 727
233 487 868
491 801 767
739 789 537
851 757 366
202 735 425
137 825 119
524 233 481
249 155 1
869 555 380
449 531 529
461 143 319
467 427 182
771 859 873
677 423 425
459 259 281
210 633 913
813 121 76
576 31 553
430 161 64
983 477 725
729 341 105
844 905 493
559 579 804
851 353 151
751 861 685
905 451 798
113 537 401
533 401 457
289 465 829
429 501 631
905 871 945
717 691 526
155 30 491
21 113 914
241 241 433
327 897 311
76 695 221
1 933 655
652 389 429
919 473 341
477 369 681
388 353 707
944 676 411
37 273 73
161 590 794
309 283 350
181 223 414
959 153 491
421 106 871
321 345 147
41 141 879
141 489 951
568 601 885
136 481 161
567 749 469
882 531 663
704 906 676
208 442 171
89 951 561
43 337 137
425 189 146
501 405 7
651 606 296
577 801 200
899 321 307
81 153 497
986 186 125
385 576 456
179 660 771
217 665 184
801 255 683
526 182 295
401 123 275
536 307 905
21 513 765
685 1 44
672 717 697
55 822 353
493 893 801
50 905 214
881 969 353
408 126 754
747 499 257
873 225 131
641 353 768
861 471 247
941 849 221
613 174 351
403 463 961
199 882 343
144 325 9
213 37 669
299 655 188
607 661 597
299 369 529
65 555 241
141 603 913
676 387 129
833 447 929
216 433 961
133 281 772
101 34 915
30 221 971
913 297 521
826 123 863
185 706 339
611 469 176
577 325 818
513 893 761
497 134 289
941 74 879
221 328 649
105 638 609
972 942 898
597 17 445
37 171 332
365 111 637
41 601 785
876 985 709
805 32 940
899 307 27
309 224 736
205 887 960
759 51 601
253 165 561
719 777 649
35 853 91
401 312 771
1 856 385
440 688 225
751 457 195
461 926 685
526 305 94
233 201 817
536 721 457
261 35 71
626 283 651
7 1 313
903 457 21
461 198 869
311 251 849
645 969 169
570 561 991
373 975 471
517 902 569
523 454 329
701 845 428
163 367 783
327 473 383
541 89 201
621 711 481
83 1 781
106 285 631
473 791 693
821 251 297
669 837 153
826 542 961
953 179 661
136 200 989
863 506 107
902 67 513
986 901 573
906 170 291
216 646 274
591 533 15
908 945 851
657 591 505
1 217 655
895 233 941
538 881 86
744 646 290
705 583 55
145 418 403
683 439 693
25 73 82
595 809 587
201 53 951
831 959 461
269 941 131
935 78 649
166 161 996
951 757 721
269 955 213
123 605 261
879 385 956
821 633 633
873 557 938
921 613 97
337 831 193
36 45 975
685 136 45
336 391 341
935 386 164
785 906 977
453 276 717
943 631 31
637 289 542
737 411 813
455 135 29
335 721 191
136 883 137
252 726 331
853 16 608
993 801 739
88 373 651
1 665 713
943 485 863
601 39 537
284 724 958
525 397 17
990 475 81
167 811 709
148 421 992
402 399 602
577 751 334
947 1 996
176 870 885
333 30 847
685 589 841
701 945 338
656 356 381
553 441 737
521 577 711
287 89 46
161 624 761
127 802 413
167 78 566
394 895 308
241 889 631
526 641 155
661 268 391
906 81 100
46 287 141
409 309 86
867 321 9
421 208 326
81 359 657
543 945 627
711 276 21
786 601 797
933 185 806
446 232 629
841 876 997
759 972 784
289 338 562
987 601 338
373 241 611
726 716 889
876 241 856
933 501 753
407 59 225
328 701 535
249 996 391
987 181 161
753 50 275
873 656 719
33 175 625
24 129 143
679 545 76
37 337 664
370 422 852
401 701 721
988 961 136
352 497 243
833 601 126
401 173 201
800 641 960
115 741 569
881 606 746
520 849 652
801 371 575
597 784 651
157 671 952
625 73 161
325 156 280
771 261 332
546 1 795
257 885 36
276 45 993
456 584 469
287 151 1000
825 487 625
605 409 43
265 21 887
667 332 482
691 863 105
94 596 41
86 849 893
685 19 29
973 411 789
921 891 602
441 514 956
737 333 515
921 73 521
373 936 522
761 396 33
621 87 915
761 129 380
912 503 381
897 521 329
577 142 181
881 901 673
741 261 870
57 830 463
250 908 930
541 107 708
796 11 341
967 840 537
773 871 761
601 138 717
305 114 95
473 376 161
81 759 103
357 907 205
781 561 715
585 703 233
891 695 700
940 33 595
387 433 661
886 303 873
396 348 877
691 876 653
572 43 157
99 609 846
651 651 319
209 925 841
673 177 541
100 251 859
361 489 405
929 196 562
898 970 765
976 895 941
584 176 485
753 169 540
631 282 379
321 377 463
251 437 933
391 203 211
524 713 793
441 945 930
446 793 392
305 871 309
310 177 425
876 277 166
1 87 618
73 913 761
817 573 686
421 17 164
330 169 833
665 691 451
225 375 515
981 804 1
849 569 113
451 686 1
969 209 288
9 601 563
21 621 281
561 967 939
711 151 370
383 271 591
778 367 535
864 241 511
575 53 965
249 161 319
109 143 51
161 709 760
581 301 251
387 662 665
205 841 226
283 67 701
501 929 251
735 398 1
814 153 933
161 529 371
981 112 661
781 351 189
277 643 97
45 59 107
745 485 451
401 221 257
257 971 701
857 857 359
996 831 952
121 344 285
614 33 802
832 901 361
26 773 241
942 777 826
899 751 81
417 570 858
568 871 679
821 222 101
962 941 732
961 901 311
993 511 611
297 461 716
665 73 846
337 431 391
457 931 981
52 701 741
33 329 81
777 101 201
786 421 756
551 831 691
911 21 587
46 251 883
506 981 231
452 751 976
897 845 501
825 471 649
407 995 57
436 339 541
315 277 331
461 425 387
929 421 289
761 34 429
985 265 48
773 881 533
449 456 351
377 1 849
249 721 310
768 769 817
49 145 687
877 117 265
311 1 652
411 669 893
584 697 776
521 598 503
436 811 591
903 769 971
917 901 545
763 513 951
657 876 422
869 401 666
375 412 845
173 723 231
856 156 256
746 521 661
562 745 867
376 933 657
611 272 521
561 411 842
948 475 360
741 693 816
363 431 566
671 985 667
917 539 61
793 955 729
409 929 918
23 1 557
609 931 131
49 357 780
263 438 1
395 205 934
271 541 225
441 113 430
364 469 411
909 595 765
161 241 906
543 481 214
895 993 581
286 20 879
105 191 538
793 537 11
194 61 297
213 509 129
295 706 545
79 76 205
609 663 377
531 581 76
849 818 889
409 544 301
673 493 145
317 891 394
630 445 881
111 701 831
987 382 601
937 51 699
1 106 871
956 713 217
41 213 409
397 794 171
161 815 705
665 928 226
660 157 807
126 53 310
408 269 273
361 537 357
694 531 369
617 517 416
391 721 531
953 169 751
182 483 855
753 404 393
288 542 691
595 801 415
225 263 574
789 673 787
390 821 711
69 819 1
792 643 315
965 776 201
557 161 705
878 491 869
881 200 425
405 885 34
573 301 343
721 652 632
470 291 121
846 821 937
583 461 553
573 299 337
951 547 759
861 674 245
129 961 113
441 901 291
209 193 161
553 221 375
199 331 633
385 119 344
573 479 205
430 785 564
987 441 345
67 991 233
669 126 551
202 61 505
851 356 777
183 593 997
209 751 653
505 351 6
471 271 936
271 601 421
560 705 207
312 352 777
609 517 843
976 419 211
337 468 437
593 516 952
510 246 196
576 101 440
78 477 411
206 889 939
561 529 281
379 391 846
279 775 521
451 875 835
541 701 669
549 81 771
402 708 723
825 503 248
93 353 524
952 443 58
901 255 621
843 101 618
153 357 377
626 528 369
9 561 349
498 409 694
438 761 395
489 397 851
725 361 375
657 365 865
523 601 675
913 418 946
370 801 99
308 12 524
983 474 251
441 977 72
492 909 362
433 864 798
475 291 443
3 50 911
430 421 373
46 693 303
534 999 886
508 43 76
466 147 225
799 760 426
375 621 799
215 935 13
176 581 136
949 548 893
1 411 591
841 847 393
321 223 961
285 615 711
241 173 646
538 973 641
793 251 504
851 182 49
753 891 761
639 806 141
677 491 249
495 251 265
770 542 377
513 471 431
71 641 771
511 895 406
856 205 479
111 9 51
681 681 721
155 577 991
675 485 580
17 721 405
397 721 917
676 881 1
101 734 836
699 993 67
62 161 611
853 729 83
281 813 153
716 376 193
417 833 743
45 811 697
25 57 597
166 677 570
250 419 498
951 897 778
819 87 281
201 209 539
324 107 956
268 598 801
521 504 836
577 925 497
204 917 778
897 847 353
234 401 937
417 936 934
281 661 921
475 851 701
935 119 1
761 78 369
433 401 601
222 346 335
799 851 345
771 281 541
77 747 831
978 721 751
569 593 553
697 737 418
209 513 173
107 197 489
841 865 145
765 677 520
875 587 206
897 336 937
687 338 516
685 776 751
602 318 506
506 121 881
109 311 455
463 71 285
961 259 509
87 415 291
217 241 340
101 441 251
446 389 649
980 904 109
552 182 252
227 70 881
377 881 63
885 205 280
885 789 201
381 837 746
58 391 999
197 600 721
209 106 956
559 532 798
668 961 401
431 407 177
121 362 649
701 631 241
181 851 109
900 457 639
61 421 357
644 532 265
341 324 193
756 412 375
626 343 33
931 312 983
887 434 951
168 631 676
531 726 313
99 201 121
661 491 918
665 357 803
261 145 400
30 47 563
452 717 427
747 147 233
951 263 327
661 536 830
305 451 423
817 847 525
681 996 413
1 503 527
121 817 517
961 521 67
845 809 777
837 849 221
337 951 345
322 941 407
898 426 471
482 271 367
95 135 401
226 705 37
22 945 411
768 576 875
476 745 726
75 205 41
519 569 953
650 731 259
792 356 837
325 659 389
539 596 401
741 980 37
223 602 140
172 73 778
626 209 26
161 849 933
505 801 951
656 305 817
184 679 225
430 617 441
471 865 609
223 397 221
3 263 496
1 59 651
556 571 785
433 312 745
1000 221 800
346 313 503
925 969 601
901 949 814
801 10 938
133 879 461
145 161 542
221 685 802
934 605 6
507 533 331
776 209 545
622 262 997
572 217 167
9 309 975
150 495 967
341 326 435
91 809 95
985 713 821
857 369 857
39 233 1
981 453 112
128 596 600
279 533 78
769 393 22
329 93 201
297 290 949
418 811 317
946 175 941
89 602 911
687 79 618
904 177 465
71 441 713
910 735 680
879 520 111
556 741 541
851 629 746
111 268 241
763 845 329
506 797 985
517 349 829
485 126 656
503 346 166
151 777 565
9 399 496
195 120 850
673 661 513
601 769 372
189 611 43
669 400 825
356 589 67
1 489 300
69 795 281
661 161 953
101 733 31
589 922 83
851 738 751
966 313 840
941 575 298
727 801 851
9 606 667
560 787 898
233 49 216
181 305 965
953 508 621
105 678 261
286 60 73
121 205 383
981 675 656
953 169 609
699 773 105
479 117 149
697 564 584
9 653 274
941 211 622
567 409 751
721 349 829
377 545 497
295 617 851
229 46 129
961 762 251
217 149 381
576 691 817
838 601 289
928 543 331
641 351 965
429 41 71
821 877 883
185 89 593
601 637 625
366 81 147
447 289 449
209 465 931
713 201 553
141 453 734
825 469 921
996 977 351
619 773 503
686 994 241
393 211 643
449 329 245
635 401 275
461 973 883
721 1 540
142 361 445
213 229 955
577 809 623
413 731 897
653 231 873
97 803 241
875 590 861
345 1 919
921 789 127
99 973 241
237 97 683
721 457 657
101 357 872
543 791 771
221 981 987
393 751 995
105 791 724
521 880 545
490 521 456
180 697 565
991 207 197
601 21 561
775 909 621
235 893 331
901 831 623
661 301 261
366 41 601
721 812 344
839 263 461
619 901 173
601 299 71
752 298 301
966 781 401
706 472 996
931 935 531
918 535 303
761 201 589
801 752 204
817 481 281
626 861 769
570 817 876
341 971 829
999 867 493
128 961 705
531 433 348
221 650 557
859 62 336
398 340 379
49 1 765
413 217 727
244 575 725
596 237 124
879 802 965
563 369 517
515 641 191
847 586 633
571 521 265
381 201 955
588 383 261
941 873 793
708 905 446
361 369 645
145 377 481
349 569 833
51 499 961
745 915 227
101 221 837
101 882 276
569 741 917
643 821 641
376 737 933
770 382 395
251 945 697
258 273 939
461 385 7
841 52 853
277 337 961
109 593 61
583 361 777
721 529 707
185 153 458
781 625 428
181 641 101
167 553 821
643 416 966
131 879 213
681 156 281
173 239 168
513 729 707
608 562 826
322 857 987
898 904 131
467 477 489
629 793 282
421 553 900
500 922 691
1000 660 681
281 497 293
161 341 1
976 15 878
768 803 125
986 856 991
631 298 792
671 586 539
641 265 126
181 85 873
542 806 443
529 985 233
350 99 821
537 281 839
637 879 335
423 721 231
945 311 436
506 33 665
761 377 733
513 511 145
178 311 201
473 96 358
807 625 345
497 189 605
155 38 116
499 191 351
685 571 137
163 767 697
619 985 133
701 389 169
760 341 959
795 511 303
874 711 121
3 517 21
601 231 341
161 296 587
667 758 853
517 900 198
992 393 851
132 624 681
625 49 681
440 387 113
845 521 407
851 26 993
973 704 81
591 15 441
161 341 583
385 585 397
385 436 503
581 156 921
806 345 401
629 541 465
589 886 327
914 780 149
270 635 211
33 881 190
869 229 365
321 109 579
923 769 281
577 483 771
131 407 206
249 451 636
933 626 911
832 889 285
841 679 522
383 281 333
143 258 504
201 486 300
710 381 785
688 715 33
325 881 881
686 501 537
221 237 614
301 720 377
252 466 17
655 41 551
476 576 987
535 244 421
761 833 888
634 77 305
341 193 977
117 602 331
809 356 801
301 490 649
717 241 417
768 834 239
709 31 736
321 756 587
57 76 241
161 625 553
777 925 351
875 409 739
304 221 826
347 893 728
361 205 980
175 305 501
701 636 731
926 501 185
159 601 56
333 765 427
401 835 697
637 91 128
483 433 217
181 725 830
340 461 731
53 785 581
793 258 321
501 433 257
1 227 958
572 429 334
507 201 793
911 71 529
481 233 71
104 907 672
205 641 73
906 473 125
620 497 396
478 215 793
1 27 153
411 616 553
469 21 321
167 718 631
809 207 355
617 301 850
745 629 700
241 465 841
438 996 126
437 303 129
649 276 677
136 541 873
362 981 421
81 758 319
689 331 849
581 301 882
637 180 241
733 46 961
622 303 276
769 143 665
801 879 641
461 851 961
529 151 911
787 207 921
980 840 563
431 31 207
834 336 262
411 716 151
990 829 4
225 445 690
651 233 579
41 825 930
143 771 231
288 631 963
971 997 173
425 87 583
639 57 948
536 641 103
881 637 333
121 436 457
678 901 549
1 637 441
470 46 473
937 481 441
361 410 263
409 457 676
789 921 929
681 126 771
897 401 826
777 505 501
481 347 751
361 753 89
241 713 185
753 621 306
265 246 457
960 994 544
920 175 897
803 141 1
983 401 975
501 609 241
298 503 153
709 401 637
406 865 801
621 236 322
386 965 57
303 611 481
201 397 606
138 437 441
132 921 917
701 354 311
713 629 905
849 703 646
251 201 773
769 896 471
441 187 911
912 978 865
873 571 489
675 866 761
93 565 426
609 41 105
433 630 861
26 693 149
601 901 123
285 361 20
293 441 921
811 95 315
253 110 921
416 465 249
1 565 352
705 765 419
243 149 647
341 117 149
11 806 553
246 515 80
669 71 942
381 271 501
85 867 64
23 445 674
463 693 315
507 463 764
505 430 240
49 752 357
961 521 886
849 670 123
249 761 778
859 733 236
527 1 81
349 922 583
751 781 610
401 773 609
33 41 571
603 585 974
929 805 352
458 175 36
57 640 696
186 918 179
913 751 682
781 361 731
952 749 793
684 341 941
105 936 639
785 149 649
761 917 429
850 385 12
125 365 176
477 417 381
929 403 185
531 361 944
801 901 551
610 409 549
961 626 224
785 226 49
625 665 689
805 781 558
946 987 123
313 529 931
507 177 633
806 391 643
929 895 934
508 751 751
216 371 341
993 583 303
172 137 356
813 719 532
545 745 401
511 554 856
61 919 301
287 731 514
400 52 347
99 361 521
649 203 457
146 348 733
101 201 475
281 286 280
716 21 753
524 323 251
579 489 111
321 920 589
301 867 7
715 501 582
910 466 211
187 590 793
959 301 937
619 757 826
516 976 871
69 126 9
877 501 445
553 501 42
901 517 545
793 801 355
425 689 396
551 736 313
604 21 751
582 875 421
491 161 296
381 335 935
489 13 129
936 649 510
285 533 321
92 537 436
636 843 76
785 421 497
257 361 634
593 149 915
64 377 993
824 40 952
785 81 116
537 93 9
454 448 731
297 15 961
765 989 107
465 900 241
646 435 323
576 369 433
721 201 797
732 571 625
516 969 483
545 313 303
515 217 629
81 401 351
616 74 641
835 291 831
896 627 841
80 927 494
317 801 361
123 13 745
246 509 399
651 577 589
709 235 337
326 117 7
201 501 432
701 377 271
798 535 97
581 467 256
986 665 203
537 686 721
667 651 536
523 282 561
49 881 273
329 713 349
773 711 629
365 693 441
570 101 227
353 211 619
512 341 501
75 915 222
554 299 737
385 555 737
71 373 361
550 7 961
973 605 946
616 501 406
429 903 165
501 718 917
781 368 528
651 523 692
498 255 291
77 736 26
581 481 593
195 253 41
283 465 561
201 61 461
391 353 37
361 156 484
969 33 701
119 781 821
119 525 685
917 736 343
721 163 91
58 17 814
16 228 599
71 301 368
325 943 659
337 465 741
369 769 429
213 581 513
721 669 601
91 81 750
401 61 329
863 310 937
375 431 301
345 633 385
951 751 903
221 841 182
541 680 405
355 329 956
838 317 21
