3604
911 239 689
829 968 12
65 433 551
337 993 201
661 905 529
675 25 883
971 565 288
699 685 433
308 163 284
881 159 981
736 758 314
910 983 536
975 251 277
531 724 557
441 109 665
751 818 1000
826 831 988
645 530 49
473 537 129
827 659 196
76 873 153
328 449 501
673 337 719
635 769 669
761 787 103
297 741 881
731 23 87
857 501 226
748 636 366
393 859 631
169 393 673
791 882 136
649 561 49
636 357 881
969 885 33
665 773 181
945 516 16
519 47 971
129 708 136
626 650 535
574 813 926
510 710 951
397 748 577
161 713 497
613 954 941
361 404 701
866 809 129
297 194 424
949 409 603
350 413 28
667 141 983
827 306 521
561 321 601
529 612 401
775 376 600
707 856 361
999 207 892
56 454 381
99 97 501
136 513 135
89 96 491
41 69 321
361 1 779
603 951 227
897 916 710
161 281 725
111 183 521
985 65 894
531 357 681
846 19 878
39 975 151
840 275 971
381 707 788
605 568 145
845 633 187
257 209 176
811 271 698
769 537 726
737 623 124
370 399 706
311 607 105
85 811 845
390 225 616
485 833 457
377 933 459
455 708 89
181 265 431
573 432 281
37 641 856
465 361 214
801 926 329
395 570 717
441 12 793
695 313 153
537 605 667
321 980 533
549 504 973
691 1 377
534 261 429
178 474 326
85 437 961
655 73 501
671 848 665
275 373 137
581 291 131
920 845 691
497 665 403
85 26 577
164 445 783
977 581 261
81 636 341
378 677 748
251 40 884
899 966 849
129 433 651
501 593 425
29 545 34
737 360 481
861 705 543
879 68 25
196 856 416
517 721 333
553 201 277
705 449 689
309 781 33
751 477 493
541 118 945
121 951 71
290 361 290
535 801 135
735 776 43
967 629 923
81 757 157
901 352 50
881 1 585
531 238 501
425 725 2
417 61 143
209 47 433
973 648 218
457 503 781
376 782 951
13 857 278
234 109 961
283 657 483
87 649 945
985 670 81
1 761 233
499 6 231
326 469 846
731 307 291
141 718 451
426 178 522
501 643 385
762 179 151
751 806 128
855 841 571
176 201 213
160 515 457
601 961 751
126 561 114
537 95 36
811 769 9
165 263 61
736 511 663
951 185 69
101 539 97
136 645 521
530 21 721
533 351 844
311 871 705
810 286 721
434 859 711
975 982 19
701 474 993
867 1 648
456 801 921
141 421 801
747 6 41
815 347 601
113 659 327
24 325 213
497 617 832
458 764 393
173 73 688
945 41 84
866 242 649
349 518 705
41 726 901
978 873 851
849 476 859
753 601 858
159 946 373
241 78 71
570 301 333
633 747 349
489 997 161
482 164 506
443 573 369
341 351 641
218 819 251
961 106 947
991 718 905
156 125 153
114 530 286
241 251 89
841 361 521
427 267 933
926 453 701
457 705 609
417 375 628
221 611 694
950 81 347
83 755 213
465 70 710
33 283 477
434 51 113
367 537 131
346 818 1000
496 646 727
721 941 15
401 135 543
841 605 946
427 211 801
681 861 701
349 279 327
281 429 281
881 886 911
326 731 849
49 312 841
897 313 526
723 394 70
751 201 705
121 209 478
951 665 949
913 59 647
666 553 871
449 801 293
35 886 601
145 269 488
440 569 40
161 395 418
81 804 151
471 441 451
417 461 91
921 801 549
775 86 385
961 652 26
933 46 459
542 76 121
849 319 709
165 135 152
668 417 1
202 45 53
151 233 951
544 91 401
685 180 393
639 27 771
441 559 767
471 78 453
385 601 616
571 751 846
419 945 39
137 455 758
512 477 645
280 961 526
829 85 257
733 409 421
775 360 585
696 849 995
801 633 749
699 261 116
401 97 593
85 101 443
241 258 393
491 63 256
235 832 433
865 391 93
536 393 185
801 251 570
300 889 201
61 987 709
551 691 388
505 490 721
957 181 256
817 461 81
221 665 217
827 765 673
375 22 148
513 271 841
41 304 510
132 521 652
577 77 453
453 254 838
586 1 711
277 876 606
558 413 511
759 403 950
847 129 217
387 597 501
504 955 115
777 201 81
601 828 953
651 1 272
201 833 691
375 146 951
313 471 657
121 260 716
617 202 341
802 478 305
71 316 120
601 337 467
261 109 485
327 661 268
959 199 324
105 475 608
857 441 436
926 253 297
849 177 132
489 711 971
498 401 165
849 639 941
161 727 504
626 849 424
133 918 489
766 160 701
201 125 565
737 147 131
473 873 726
371 111 793
541 16 721
891 19 308
126 25 229
883 383 665
569 175 501
571 301 642
617 143 561
217 165 350
995 162 760
133 53 211
817 993 711
731 983 145
517 34 201
345 365 76
521 653 79
754 449 499
777 854 471
217 226 236
825 905 851
835 115 995
977 224 744
246 203 485
313 702 519
613 521 11
105 745 666
640 11 659
701 609 674
297 155 21
537 433 527
276 764 505
933 811 879
935 561 364
873 873 171
785 853 928
465 911 639
473 283 141
806 751 859
945 159 180
617 693 621
41 141 449
461 393 161
831 285 985
213 195 715
527 333 321
663 997 801
252 237 951
65 673 473
545 581 831
441 131 213
881 39 427
689 961 711
822 833 501
197 473 575
126 444 846
745 899 601
123 277 371
851 498 551
361 871 201
197 708 426
165 521 249
17 721 781
753 769 645
345 422 648
556 554 1
847 681 495
91 133 386
845 233 237
541 701 579
169 26 289
297 477 201
523 964 386
751 891 675
33 677 545
713 365 682
273 251 831
277 981 269
713 699 376
243 825 149
701 377 659
561 749 679
236 959 313
621 701 911
496 621 193
893 607 264
278 913 903
489 95 914
756 635 969
271 99 931
521 551 180
406 76 335
653 173 499
481 107 941
397 209 345
655 126 387
210 261 549
556 189 791
496 543 187
225 401 509
329 127 716
273 65 509
457 613 273
121 148 176
750 417 713
239 572 233
351 325 367
281 254 136
673 405 601
201 658 125
396 673 139
226 854 269
699 617 573
583 536 893
585 353 713
135 381 149
746 257 231
485 641 787
383 641 505
425 673 17
513 447 39
251 907 766
153 553 351
931 571 762
491 61 105
794 345 124
177 810 803
101 969 655
426 505 476
681 544 300
745 297 538
445 318 761
626 682 963
613 133 256
767 191 234
215 287 625
7 973 664
36 120 271
521 625 836
645 403 809
61 341 612
79 172 801
209 166 414
241 633 323
245 83 994
505 1 417
325 386 834
341 542 686
901 966 566
819 29 438
321 236 871
581 649 801
455 351 921
547 849 693
943 853 529
731 231 1
721 79 19
903 541 859
316 159 901
26 169 105
311 257 949
946 640 661
569 847 49
271 373 584
26 521 350
694 671 986
33 540 853
521 241 376
401 605 841
937 417 385
432 486 281
196 81 657
513 524 281
49 313 321
451 361 245
401 321 305
325 581 166
201 761 258
739 469 401
637 861 833
111 951 321
41 921 997
7 592 266
201 208 484
229 482 872
619 501 741
741 605 41
231 911 291
621 21 849
107 206 571
576 79 637
546 541 73
212 893 374
936 956 579
591 214 141
449 957 401
903 149 416
29 496 924
178 211 60
825 626 496
511 1 653
800 49 415
121 896 705
667 876 661
547 474 489
683 246 506
993 501 953
893 635 153
801 251 756
721 350 578
77 87 677
946 813 53
6 281 541
809 503 825
728 331 801
996 135 772
740 416 801
114 821 571
374 942 197
833 436 911
962 7 215
259 516 391
546 57 661
683 379 369
606 391 151
873 601 176
548 200 731
627 452 591
665 631 705
793 776 919
405 726 269
501 431 345
786 396 131
681 831 590
275 651 875
286 37 987
177 199 475
661 545 58
457 101 341
589 586 12
581 485 503
946 289 795
443 161 107
145 525 119
25 559 90
596 805 1
796 23 553
853 833 389
837 33 921
501 241 186
164 853 321
749 786 593
290 721 536
982 101 516
1 300 641
401 682 429
877 976 229
1 286 223
651 91 251
843 100 655
57 139 824
256 895 846
241 212 829
860 840 218
49 567 617
279 333 789
5 401 296
451 325 595
549 649 96
657 17 256
327 451 184
125 977 774
143 123 805
179 153 396
536 419 837
742 738 331
491 473 929
355 413 809
585 835 195
671 405 159
159 167 283
368 801 381
571 255 953
785 532 815
600 400 13
771 9 511
649 257 713
17 719 296
741 363 148
297 999 746
817 386 221
633 689 568
563 175 665
871 763 901
583 354 654
467 451 772
409 401 881
751 969 272
103 191 871
777 247 371
548 701 677
447 169 933
265 380 769
192 31 685
664 588 521
937 866 382
177 821 581
54 801 81
153 826 373
607 901 931
1 41 413
820 380 145
13 656 223
69 901 731
753 665 453
988 425 357
257 877 345
833 745 539
631 581 473
991 245 721
881 398 701
663 549 93
709 901 615
656 851 521
861 574 903
465 126 705
798 767 391
853 181 401
405 611 474
721 534 952
365 212 705
153 827 745
251 456 521
990 51 879
270 179 769
923 709 41
978 818 287
579 226 713
65 811 1
551 201 717
849 516 801
511 741 284
575 601 389
951 77 841
45 681 681
913 237 326
346 946 25
689 417 265
741 811 417
227 343 789
817 48 796
557 220 681
842 175 841
781 466 314
816 289 400
677 126 875
911 152 301
731 846 201
126 96 857
527 57 79
705 328 801
869 126 272
162 345 125
493 831 151
1 21 467
884 301 278
617 910 111
541 881 29
483 368 91
5 999 934
34 127 295
124 51 461
967 217 680
72 161 251
25 983 165
121 609 553
141 21 586
283 212 326
121 887 227
801 737 327
766 513 395
266 9 689
361 687 371
120 583 260
266 1 778
42 465 545
187 133 977
761 381 321
589 33 613
241 473 321
285 610 205
637 501 773
181 176 796
541 851 621
401 951 76
231 350 775
845 657 796
637 821 741
378 603 545
897 572 676
218 177 145
862 1 291
629 257 945
785 771 381
338 696 425
210 939 126
113 91 251
981 271 973
526 41 160
209 811 368
461 437 547
447 653 223
445 816 25
861 761 376
819 560 289
925 539 101
927 641 747
827 543 436
737 201 594
23 321 336
663 468 873
272 839 321
920 485 914
902 316 824
497 737 121
371 853 823
651 217 523
16 457 62
38 399 751
40 185 861
802 345 953
9 89 489
135 361 369
840 331 25
636 755 674
171 995 497
187 137 241
721 301 171
842 247 521
2 960 473
491 899 147
781 666 747
359 117 373
873 844 801
1 499 260
709 751 645
469 392 987
431 949 565
272 289 396
91 286 51
801 65 856
155 377 903
804 701 151
645 681 641
161 101 401
271 53 396
412 97 1
577 559 553
601 461 625
355 333 325
536 729 777
231 216 64
595 81 686
901 914 249
40 679 126
761 862 915
134 27 385
249 385 185
924 323 921
664 1 761
522 858 353
593 9 353
997 197 301
706 169 65
773 345 702
904 407 591
703 177 507
185 945 633
811 671 501
65 522 829
230 811 326
877 647 771
965 345 589
585 129 403
51 412 626
915 353 88
951 677 101
108 107 393
881 371 341
251 575 641
737 674 629
742 713 834
809 679 81
777 801 761
281 361 557
821 321 481
335 127 65
161 587 331
55 859 641
501 751 511
997 271 951
381 661 377
371 21 17
411 881 593
529 721 716
497 457 207
566 445 476
346 527 393
354 867 601
214 929 395
217 525 524
978 308 385
169 620 228
854 261 313
185 263 752
531 295 521
797 304 341
786 201 491
777 305 865
897 641 258
178 335 681
345 177 457
89 105 416
623 986 410
805 441 761
521 983 743
609 271 76
393 239 313
319 659 825
276 949 945
921 441 887
801 725 577
801 405 573
401 271 901
809 606 101
359 999 555
161 555 621
20 977 769
76 680 866
916 17 6
779 688 839
901 56 601
51 853 818
71 673 69
981 731 861
681 897 707
825 21 41
922 996 503
977 477 81
514 29 679
343 116 241
785 33 28
402 26 1
778 453 494
75 951 893
401 897 386
51 89 684
249 786 532
884 944 369
931 857 857
201 281 801
523 65 541
509 591 151
903 341 380
528 663 521
405 977 903
799 997 203
629 873 521
892 745 759
461 81 799
833 85 789
465 743 71
121 81 59
65 529 907
783 726 137
561 97 657
401 590 962
499 120 349
277 476 505
266 211 491
668 6 234
343 97 201
261 689 697
489 111 545
735 841 299
431 101 941
921 155 769
881 835 588
769 198 169
113 347 326
427 185 611
285 325 557
201 285 833
21 687 652
776 935 830
352 861 643
442 807 365
901 27 528
776 630 545
321 721 210
705 593 267
284 486 894
735 739 16
887 726 431
855 721 928
421 387 170
180 101 610
582 45 57
778 891 831
354 523 196
533 949 561
615 103 279
113 480 351
224 429 439
143 826 369
337 809 823
701 646 609
657 505 251
401 855 499
33 77 31
430 481 262
833 801 937
763 905 535
91 533 977
741 105 369
277 461 681
955 277 463
645 620 640
81 332 926
503 969 35
681 921 796
841 425 283
401 313 505
779 817 781
901 751 145
361 756 169
41 315 14
482 778 469
547 751 169
369 789 369
226 585 921
201 623 961
944 991 21
463 191 101
583 321 149
790 911 156
80 617 92
1 321 993
261 574 725
953 871 33
665 845 340
411 145 1
566 249 797
556 641 468
165 393 685
954 843 661
473 916 700
443 885 261
901 673 529
989 11 217
245 313 217
427 105 86
941 175 553
985 641 373
855 988 33
546 91 123
688 693 807
369 321 965
629 401 673
483 333 793
361 199 897
17 683 231
167 633 449
440 303 766
905 184 376
661 29 801
176 187 221
383 505 729
7 54 279
887 521 704
142 934 217
368 41 505
841 875 21
76 961 515
356 243 489
193 757 951
417 631 901
211 546 271
627 301 859
155 249 792
633 441 989
571 710 739
289 558 953
188 745 428
825 74 683
229 673 256
21 449 901
575 673 495
36 361 971
397 845 885
360 876 118
629 437 820
741 321 969
673 746 909
28 509 193
331 653 446
318 446 890
113 564 273
929 593 191
937 876 48
776 942 330
495 801 8
561 808 439
297 633 445
221 891 569
459 801 313
161 120 865
253 61 681
505 665 15
17 201 449
689 981 683
485 177 663
37 503 453
341 576 793
161 231 916
907 491 897
981 881 753
329 588 920
537 801 246
729 218 907
812 421 41
609 567 584
656 390 345
79 689 791
169 521 945
383 996 148
566 232 1
517 713 878
241 791 175
341 411 686
854 33 280
973 796 817
881 737 100
799 609 233
969 570 325
819 19 991
907 512 63
126 331 907
917 346 389
261 760 485
385 439 193
175 861 289
411 286 902
729 441 217
414 149 643
387 121 825
590 33 580
643 101 929
975 556 831
889 697 583
843 889 951
1 170 775
859 254 545
385 875 57
927 561 875
678 761 281
675 713 519
939 17 577
781 248 207
371 841 95
425 509 405
60 331 918
955 276 359
881 861 981
216 577 825
221 76 770
981 137 993
96 945 201
275 356 80
468 629 786
996 841 381
381 280 637
324 41 237
657 529 871
105 233 233
242 8 311
229 745 59
377 641 401
206 906 29
201 961 257
545 817 775
430 606 217
355 193 265
729 529 850
741 401 741
961 581 545
850 715 921
127 243 966
286 526 695
531 933 833
701 963 773
9 847 636
321 826 446
316 65 711
281 717 922
391 401 11
489 271 369
696 326 156
401 987 221
917 361 619
790 613 675
929 365 1
938 713 280
509 300 707
601 75 421
706 486 486
212 683 33
721 180 867
123 953 927
189 433 785
870 843 738
396 589 408
1 317 534
275 805 699
178 9 160
99 36 529
109 164 927
192 25 841
396 417 527
809 300 137
335 395 810
614 51 933
25 582 320
737 642 747
529 489 479
113 93 576
275 567 945
836 654 429
787 311 917
812 181 121
41 103 81
400 209 419
145 1 89
416 199 651
657 971 67
501 51 915
329 785 265
581 537 945
682 91 600
601 956 335
831 851 261
1 660 585
43 101 903
575 729 412
430 651 512
431 553 821
926 642 983
664 726 441
813 403 257
279 121 517
569 186 417
23 335 305
576 577 751
565 526 771
394 332 401
651 711 163
745 875 305
693 29 842
261 77 233
654 206 906
76 649 40
726 838 671
28 625 801
956 741 311
441 935 201
749 177 561
947 807 771
933 47 57
831 107 801
208 521 326
777 652 274
761 930 9
963 411 925
337 448 153
703 337 731
417 369 768
733 207 751
697 753 175
261 671 651
388 701 361
525 601 137
11 427 635
788 458 593
554 656 410
599 217 512
439 825 887
42 945 721
489 925 480
61 105 481
525 417 97
373 789 761
621 919 501
261 196 184
941 423 701
446 521 875
779 705 946
1 689 836
496 161 932
485 65 665
617 81 350
77 685 35
145 521 561
101 345 621
72 652 876
631 401 132
257 377 469
96 261 638
951 511 86
177 969 661
135 671 946
789 682 47
818 311 521
401 65 405
726 681 877
857 618 406
441 60 111
909 831 709
976 1 521
527 512 923
305 116 461
651 863 41
678 926 865
501 27 941
59 693 807
451 428 309
407 557 696
996 476 173
331 509 776
151 216 823
520 697 864
937 792 953
644 795 601
201 149 535
761 433 306
585 627 267
771 1 461
731 959 889
594 766 409
969 669 243
163 165 524
69 433 433
961 261 353
251 165 886
451 407 497
845 909 563
151 881 95
224 225 489
557 884 457
773 771 515
903 899 662
104 41 326
1 121 613
417 277 737
699 729 97
641 779 25
741 593 9
365 11 986
876 767 436
345 955 41
261 50 865
567 738 601
136 733 830
497 626 841
653 713 177
690 669 252
581 441 874
876 613 603
609 67 977
214 25 376
795 376 818
551 964 715
49 165 81
176 280 643
832 219 101
645 105 853
857 219 628
917 849 886
265 841 221
157 523 165
925 134 955
73 276 985
370 435 201
382 176 605
232 103 688
357 751 227
128 242 286
177 405 441
184 379 676
951 701 132
193 377 385
339 615 903
726 541 676
316 385 369
606 661 553
426 593 881
579 118 733
912 861 561
121 636 737
697 201 771
802 219 991
865 311 96
231 973 874
781 481 66
382 621 512
432 781 585
925 547 469
346 835 23
876 915 661
815 228 776
237 353 41
101 291 397
1 164 606
655 429 570
509 701 660
913 740 57
261 757 153
875 837 921
681 154 281
661 335 1
305 176 385
998 187 229
281 929 906
533 249 971
1 938 881
821 699 496
516 417 585
677 609 689
954 369 816
169 781 266
141 656 635
629 505 407
455 707 769
78 505 841
904 67 643
907 92 15
310 731 301
846 641 969
793 239 1
856 651 937
971 601 866
566 641 890
608 571 889
17 727 757
561 65 532
798 440 831
85 947 610
933 352 448
326 453 730
857 657 497
35 169 267
702 318 247
373 63 401
396 506 211
615 373 961
803 441 321
265 411 281
296 569 25
473 695 79
268 671 721
237 569 587
773 826 563
914 647 593
729 626 548
787 357 837
613 979 771
773 371 689
531 211 248
782 553 896
991 348 717
405 977 55
401 585 841
76 507 169
51 121 901
825 164 101
607 498 288
33 619 298
438 793 499
421 889 701
761 126 889
431 369 961
243 968 989
281 93 441
491 693 599
637 501 478
861 441 784
999 574 441
245 941 711
87 625 605
896 446 961
360 872 801
424 760 539
195 707 437
600 151 681
831 950 31
13 933 763
803 93 366
967 449 85
329 996 772
873 289 551
488 743 704
127 949 843
425 21 919
816 376 775
201 275 521
277 401 23
625 653 825
726 651 233
481 77 205
596 767 32
521 741 570
90 972 367
627 531 826
941 43 161
575 889 197
740 377 694
529 241 229
633 233 471
637 493 103
209 643 161
311 761 1
91 611 743
313 323 275
112 841 861
333 226 398
649 180 115
300 632 808
631 529 916
139 881 729
519 1 335
337 775 401
249 811 216
626 161 256
915 257 951
1 209 908
35 547 696
124 485 463
93 202 251
999 454 661
795 673 497
925 341 773
786 851 47
14 273 685
162 329 853
991 217 675
391 688 738
81 565 696
421 415 198
601 297 301
125 731 409
127 271 825
389 197 369
657 641 751
761 30 908
136 107 571
533 1 501
880 728 761
761 241 641
805 921 401
871 200 841
286 723 256
601 41 914
68 221 1
801 149 201
253 501 430
27 851 471
81 813 401
881 675 839
759 224 421
501 834 853
581 878 785
124 993 389
398 807 1
993 449 806
929 533 511
863 104 893
831 537 916
474 81 801
436 993 689
741 26 871
803 531 519
191 429 977
161 419 321
229 941 649
501 149 666
597 201 905
476 417 785
291 441 471
121 155 367
995 53 411
847 264 547
466 259 76
452 846 557
851 49 451
19 345 552
837 419 510
474 929 148
362 553 869
935 26 116
799 753 937
177 733 171
561 868 869
731 977 841
611 191 246
709 926 57
842 61 222
533 711 381
260 989 564
639 701 577
667 977 281
820 223 94
429 461 293
73 888 851
959 863 41
97 925 801
221 681 233
814 328 316
141 591 121
336 779 147
291 529 406
551 366 321
357 413 8
261 691 797
553 526 681
489 941 911
176 649 479
985 216 813
381 241 161
83 487 657
18 253 144
859 301 33
395 659 487
7 29 408
715 14 85
202 501 33
997 944 139
584 544 747
237 237 782
785 847 355
6 112 886
29 796 487
150 561 813
158 489 661
553 501 271
891 281 545
529 201 415
105 964 201
522 541 871
529 151 435
614 187 939
965 449 751
247 965 63
987 89 314
633 913 469
630 359 973
377 126 401
631 256 547
726 176 997
493 626 384
513 977 227
467 165 376
213 245 511
451 26 870
331 982 681
68 853 261
865 497 281
363 827 961
601 619 73
621 863 136
966 455 249
377 144 787
565 369 293
465 977 201
598 31 681
505 353 433
431 38 818
231 521 615
305 977 886
610 791 187
379 522 489
425 963 630
193 401 656
852 778 207
146 53 306
97 681 331
41 161 401
596 435 361
955 547 244
612 135 511
57 745 510
991 91 224
367 1 365
855 581 941
872 91 501
789 601 256
401 857 668
857 736 389
649 821 697
551 226 286
901 561 301
213 263 785
515 353 927
280 201 211
517 608 471
541 465 691
846 466 41
287 723 657
795 558 631
321 7 545
975 436 901
802 777 881
107 273 481
417 564 49
497 993 255
313 745 85
433 665 893
14 729 171
6 746 714
465 361 893
776 9 971
385 113 407
412 934 51
929 588 727
740 863 633
945 381 712
326 911 13
321 438 901
81 621 988
225 470 471
696 7 506
940 341 211
267 759 257
865 377 641
494 920 292
601 195 51
721 83 210
469 81 363
668 857 857
331 601 789
43 984 349
445 550 17
183 855 241
866 89 217
151 356 336
223 949 61
426 96 857
424 437 571
395 958 354
803 5 201
473 243 754
656 649 166
674 337 866
751 889 1
617 49 659
558 807 49
375 765 362
529 405 87
856 33 166
201 374 353
961 151 267
699 481 773
337 289 37
101 161 96
745 501 125
57 633 316
271 457 601
949 545 761
186 476 305
409 337 68
98 729 92
468 264 769
677 757 217
577 966 741
563 25 686
728 497 431
1 668 961
237 65 626
985 691 749
255 61 701
286 743 289
565 171 241
837 696 971
813 503 101
951 501 649
1 179 304
423 577 421
339 273 389
623 71 641
172 633 224
143 96 376
241 486 657
527 953 905
821 777 551
641 181 343
822 687 665
965 497 268
921 161 352
359 362 345
309 779 803
306 571 929
589 199 71
601 817 860
797 953 100
599 385 913
323 629 506
505 3 623
726 49 251
1 731 706
60 957 716
961 977 428
969 941 126
327 169 590
41 631 227
156 1 28
800 493 832
523 961 991
247 335 441
16 249 409
706 773 934
441 926 189
801 371 601
26 131 189
234 848 874
590 559 50
601 633 733
617 628 463
470 937 844
11 921 374
590 401 367
895 802 568
215 783 656
967 32 833
513 881 694
258 661 26
393 9 401
501 569 22
725 19 57
1 518 65
671 27 281
873 151 113
302 202 993
601 171 531
397 996 969
167 457 558
456 423 956
631 185 518
728 525 315
805 861 221
473 755 395
5 749 626
977 881 941
570 541 816
175 141 657
609 885 701
541 618 937
421 905 451
653 589 423
857 94 105
81 463 533
283 489 171
221 993 421
962 989 409
962 186 925
16 321 133
315 489 502
401 329 732
814 203 391
1 185 868
614 865 85
617 518 113
413 747 575
976 107 865
192 567 933
916 956 353
736 561 164
689 376 374
691 988 161
202 541 437
115 995 651
504 453 259
664 541 235
553 833 601
591 575 963
241 681 787
361 497 837
541 443 693
783 501 599
863 361 561
281 777 951
545 221 974
357 816 151
93 737 16
835 317 695
167 113 103
541 939 861
486 597 35
326 467 590
206 886 531
939 91 585
843 505 737
345 385 752
252 205 635
933 561 945
279 96 44
1 945 227
505 114 301
247 303 871
940 650 244
221 413 477
931 626 401
22 594 41
771 781 225
115 269 632
111 396 41
265 730 639
401 993 345
264 605 536
257 705 918
385 994 321
29 536 14
79 876 89
247 261 132
939 831 177
421 190 45
881 777 697
507 784 857
873 39 401
209 875 463
189 435 965
486 411 228
849 425 21
187 766 196
482 148 553
839 211 197
1 359 441
562 935 701
347 840 741
939 231 928
853 159 577
307 961 530
189 701 985
982 173 849
116 757 151
691 591 985
178 271 493
119 97 477
71 219 401
129 253 12
581 223 371
639 759 934
917 33 497
761 480 57
569 87 243
581 275 602
351 553 565
751 3 609
177 460 755
953 849 401
121 757 17
949 376 203
536 620 876
685 717 795
251 242 489
421 239 881
714 713 942
174 511 127
753 576 873
883 201 537
181 845 176
941 296 589
327 479 163
949 791 25
977 321 201
61 641 714
329 577 353
737 514 890
921 947 361
113 286 433
502 144 201
273 770 714
341 865 265
111 926 369
631 358 149
96 471 578
990 94 274
33 889 777
747 45 753
679 832 196
881 167 153
182 423 762
328 793 50
201 421 408
139 489 221
72 101 579
129 984 345
329 876 328
397 537 902
526 253 751
321 369 667
973 35 676
241 757 340
789 601 633
936 501 193
803 955 883
941 941 646
341 691 298
177 501 320
545 463 497
577 677 601
258 921 702
101 859 505
755 116 444
761 907 817
598 741 488
764 726 825
961 953 994
142 361 127
194 489 661
48 416 110
351 601 77
911 161 146
373 200 321
193 985 557
250 841 117
365 803 895
682 16 526
2 745 363
906 441 801
841 613 175
761 81 363
613 533 463
701 461 371
513 670 184
557 153 251
797 449 972
743 361 689
326 269 309
491 165 947
473 313 1
865 579 281
539 641 831
297 121 481
151 213 262
416 529 105
329 201 160
795 435 273
33 493 873
951 866 519
21 406 685
561 153 645
609 113 851
727 261 41
573 602 253
635 705 877
967 609 812
330 81 161
611 871 780
605 676 529
860 741 765
141 999 996
753 747 417
101 480 209
853 716 141
719 151 965
753 347 51
511 809 500
109 901 349
929 389 606
564 689 731
673 857 211
91 236 71
793 99 321
176 673 111
850 721 317
289 921 543
961 813 897
986 601 451
332 264 176
911 396 157
21 121 257
524 953 303
81 489 475
321 372 481
542 465 221
431 251 304
801 792 881
859 937 113
647 424 1
383 467 561
219 827 953
257 580 385
785 361 241
337 253 25
351 820 269
520 857 921
902 494 1
125 696 807
953 153 797
271 110 133
369 196 662
851 635 917
887 436 617
524 571 545
458 97 961
341 580 33
817 457 755
291 409 401
703 772 227
669 193 861
381 421 204
81 938 331
443 408 241
322 172 111
235 737 351
281 276 531
489 831 205
805 161 25
471 292 1
397 353 191
756 431 374
708 149 519
193 59 826
649 478 217
65 427 397
544 364 745
586 497 61
681 211 397
923 989 501
977 986 671
982 13 665
680 51 353
971 922 509
610 673 615
108 757 713
451 898 451
201 254 91
985 951 586
700 401 979
444 141 625
168 646 177
293 467 195
440 673 738
513 129 175
283 70 237
181 529 922
102 209 705
722 705 849
921 81 617
929 869 833
545 75 756
431 301 81
310 97 331
217 294 544
574 733 933
477 251 175
961 305 239
573 563 853
645 209 905
55 397 250
165 529 501
332 347 937
673 539 711
609 413 200
843 3 576
369 884 333
851 570 932
247 841 506
671 387 881
866 726 461
779 736 497
242 354 367
141 973 421
117 533 944
401 986 173
813 275 502
421 115 709
127 469 969
3 121 105
356 770 481
397 621 690
173 991 501
295 431 161
586 9 175
5 197 865
433 396 771
294 257 527
211 555 387
341 401 761
531 113 44
61 849 576
656 277 423
811 605 41
809 513 499
611 669 96
241 247 784
663 201 626
651 381 149
675 521 757
455 337 208
341 909 395
163 721 136
687 861 433
695 149 991
501 71 482
829 49 521
174 932 301
525 25 876
201 470 171
185 275 544
233 289 869
777 27 361
881 251 911
11 205 501
271 93 871
153 999 553
741 712 836
901 227 857
949 91 238
693 441 527
640 801 272
587 533 141
833 426 135
533 929 729
647 106 1
898 766 787
332 703 731
253 732 301
881 321 621
830 392 433
215 377 77
577 761 630
476 629 169
29 705 774
576 406 705
585 591 436
681 9 696
336 349 301
951 905 133
397 566 831
938 757 653
902 505 183
137 913 610
873 711 931
73 721 442
101 368 260
37 94 693
93 267 301
777 495 577
976 673 37
804 57 309
359 449 231
871 369 353
755 990 788
687 221 566
497 131 501
303 961 789
474 320 801
896 265 265
200 156 682
897 88 523
945 641 507
941 848 65
881 965 621
306 981 921
824 897 85
725 833 251
693 309 926
937 873 653
581 257 11
455 307 243
51 550 128
566 171 217
646 521 681
245 708 559
1 139 399
324 853 3
1 213 641
758 753 151
230 973 120
570 781 693
324 873 106
458 401 617
809 949 151
922 81 859
831 374 395
615 533 329
541 755 886
504 926 275
991 143 823
333 945 441
867 255 849
255 853 313
305 401 425
76 969 244
651 831 497
485 427 841
241 861 126
345 993 527
729 257 640
15 576 393
281 321 16
52 73 109
321 485 945
835 205 501
417 526 461
589 753 501
974 399 941
873 604 983
921 676 281
287 109 41
785 294 737
122 559 197
597 50 861
425 561 121
429 22 26
401 516 301
77 107 786
713 129 593
539 585 399
823 62 129
761 99 117
458 208 788
121 801 441
278 481 499
225 551 921
544 669 445
711 79 601
225 719 44
126 921 865
593 951 944
487 937 689
393 177 195
581 743 373
951 541 826
15 152 250
161 251 851
13 321 689
516 753 169
761 197 946
798 516 837
573 408 277
153 431 238
705 143 25
471 560 911
901 505 333
291 587 861
221 267 249
705 951 269
710 897 645
11 373 839
873 82 281
256 63 477
196 9 567
59 619 551
473 529 891
395 379 686
231 609 385
811 579 751
211 725 801
401 464 457
888 641 394
635 213 861
251 823 527
784 141 918
112 701 377
921 741 109
499 71 871
768 506 276
183 96 859
404 3 783
907 573 81
1 949 273
447 136 331
799 505 593
177 17 135
656 677 533
669 689 631
153 319 401
577 305 688
549 138 590
401 721 303
455 937 949
605 546 691
433 904 974
737 129 235
665 281 585
984 429 683
666 161 13
177 977 402
713 536 481
734 109 451
548 561 654
554 661 661
895 969 620
969 587 719
483 927 97
739 973 785
570 837 615
409 983 553
907 224 849
956 161 914
56 971 814
697 538 823
633 441 492
7 646 181
549 481 805
969 153 507
710 253 646
39 461 139
543 263 181
409 408 237
660 241 797
196 535 431
117 169 695
616 146 706
437 81 53
861 586 230
806 415 41
931 753 601
357 739 15
836 942 58
882 437 444
517 575 44
485 264 251
941 987 261
233 516 516
652 215 881
317 826 609
401 101 287
327 623 176
531 147 981
226 651 537
751 649 13
742 269 664
375 681 81
695 141 297
841 336 699
800 909 425
355 131 977
201 847 61
126 565 729
121 714 825
859 31 809
126 1 209
131 480 1
164 457 53
877 717 101
201 769 716
888 601 941
929 413 696
181 394 599
875 641 851
883 899 852
921 319 181
21 717 470
9 141 673
356 979 151
820 149 411
493 669 205
526 538 651
413 131 599
752 601 116
801 419 1
516 803 23
902 691 260
176 446 274
245 259 867
496 460 837
517 97 991
644 182 504
969 673 705
21 989 865
1 43 429
341 1 831
177 306 631
517 649 354
789 651 638
25 116 389
685 409 209
557 296 1
725 43 301
295 41 593
11 914 378
129 881 601
631 755 277
233 517 207
251 894 653
241 626 863
223 938 451
961 174 398
469 901 421
159 661 201
651 249 841
542 973 133
305 747 8
321 156 281
871 803 611
625 249 773
361 201 422
171 503 861
876 581 87
897 413 347
614 364 809
473 177 521
749 362 457
301 221 787
504 903 929
301 469 777
57 981 801
64 73 433
843 599 119
871 499 937
496 809 701
522 798 337
799 151 569
913 358 803
556 401 769
142 840 156
338 793 311
213 899 787
239 431 736
378 881 33
267 571 91
668 117 721
620 431 85
288 198 41
391 487 857
196 1 74
17 389 451
944 2 803
756 887 636
145 81 161
163 151 185
166 121 523
331 777 61
866 945 251
625 501 628
351 748 237
889 694 77
721 417 897
529 265 89
460 97 943
321 137 286
211 441 707
704 864 299
271 246 103
553 277 349
209 661 69
126 386 950
385 875 213
517 517 111
907 821 106
541 308 649
226 681 397
721 211 841
602 209 901
946 137 357
569 239 951
457 501 51
325 257 386
265 449 643
653 338 871
997 223 617
86 721 861
173 201 234
260 857 701
756 296 441
466 141 161
898 748 5
51 536 418
249 37 786
98 160 127
956 341 951
567 581 874
53 741 673
611 513 481
607 140 994
724 595 204
173 567 11
175 73 519
241 876 463
114 39 318
103 909 51
851 413 403
755 783 842
458 687 690
776 705 584
901 537 393
325 101 903
826 802 401
66 227 49
915 73 440
185 953 913
671 505 641
932 371 255
897 555 301
251 465 209
113 943 621
28 116 294
575 71 31
452 3 433
291 837 295
421 195 693
562 359 701
548 367 537
210 846 562
406 64 409
161 56 905
885 323 576
825 184 505
347 676 782
701 391 485
309 677 445
594 117 51
326 879 521
418 905 801
911 861 499
495 241 901
939 737 441
301 265 671
906 9 285
735 186 698
853 691 413
57 549 401
11 175 656
345 311 584
492 891 543
771 303 984
444 870 462
569 689 489
860 123 438
516 251 641
918 885 374
511 461 181
391 839 540
669 837 721
17 480 23
801 526 376
721 425 305
875 775 774
349 511 457
636 66 281
757 241 185
189 216 565
666 990 716
317 395 385
126 341 101
153 806 289
776 286 665
331 481 153
173 687 386
342 500 573
377 319 551
397 858 313
733 149 965
397 757 29
784 701 9
641 905 747
767 929 461
138 391 51
565 317 446
585 396 409
387 859 302
326 385 281
209 169 222
345 237 239
937 1 557
840 189 940
98 613 995
9 817 251
61 617 666
650 321 134
894 449 724
609 221 715
85 107 589
159 866 185
793 49 601
93 47 191
704 119 749
429 201 749
277 801 201
91 592 918
763 101 626
491 23 329
993 53 751
161 472 151
281 164 766
433 743 200
529 111 300
231 419 1
361 21 73
906 957 81
941 761 617
200 646 971
205 785 949
701 881 623
430 206 227
51 765 639
11 543 933
751 985 881
753 465 24
961 685 185
215 351 683
637 945 968
661 523 659
726 522 880
801 641 994
321 177 401
933 645 325
81 123 73
631 952 977
751 777 463
386 895 749
801 349 6
596 151 401
741 81 455
317 61 301
907 201 918
695 873 577
506 295 374
374 25 245
22 784 601
707 281 601
239 829 674
983 885 764
933 696 967
542 251 857
421 661 233
401 757 563
716 713 301
114 600 991
565 185 423
285 411 537
651 865 990
113 35 905
189 613 581
647 801 465
641 287 87
409 343 567
32 661 159
851 737 572
965 557 981
321 101 513
232 41 987
569 257 152
955 102 465
205 803 441
833 497 933
414 485 589
705 45 935
51 769 49
421 135 501
811 681 980
855 501 946
211 676 505
693 657 186
876 903 739
591 193 897
229 758 979
737 163 561
969 551 239
687 938 555
26 975 218
627 389 705
938 94 304
201 483 245
15 251 201
289 497 725
719 862 233
129 653 553
391 531 116
813 411 508
241 751 974
161 837 101
626 606 487
826 203 303
918 514 485
732 537 685
193 343 56
447 442 344
463 485 71
981 481 201
864 481 724
45 441 955
699 719 728
933 163 257
705 865 109
471 658 40
501 507 647
587 891 496
411 665 55
562 157 461
634 626 251
441 401 496
989 693 491
485 565 131
716 166 496
645 513 733
86 932 726
281 305 202
913 887 521
765 231 605
999 593 293
221 147 995
589 193 533
631 121 277
369 796 751
331 969 469
110 217 479
949 377 555
393 517 881
409 541 361
165 313 661
81 345 569
921 204 943
401 729 757
745 664 433
477 76 979
502 598 11
958 466 205
233 81 123
388 489 665
846 629 653
866 67 961
535 143 400
865 837 80
599 830 729
947 955 398
766 273 421
458 36 907
831 581 611
475 873 857
537 1 461
991 889 36
673 233 601
547 361 921
333 401 448
977 726 625
275 305 151
151 981 861
720 407 705
871 351 17
269 61 3
290 655 731
873 59 417
860 137 256
937 21 375
942 28 777
251 945 982
674 271 283
953 925 755
995 626 125
657 321 453
441 977 801
601 546 897
303 895 251
200 118 937
956 169 898
591 129 381
101 941 864
457 175 55
185 651 706
329 657 745
401 401 854
817 669 181
578 53 83
42 718 553
337 376 55
813 310 783
385 582 237
222 60 828
757 204 712
477 821 645
641 637 394
739 283 952
473 766 29
937 861 681
641 867 435
425 81 170
745 995 561
221 186 128
315 525 321
657 617 714
7 276 673
564 281 1
389 729 25
937 369 99
160 97 273
81 838 937
573 997 41
933 620 65
608 851 997
125 913 217
881 599 755
264 946 679
980 889 777
318 689 256
699 592 401
393 65 491
772 42 948
493 584 5
839 547 254
369 203 717
976 283 669
561 551 285
913 473 849
306 715 489
841 489 575
719 297 361
221 215 403
683 411 317
537 761 374
911 235 457
661 797 415
451 121 969
501 206 753
891 497 131
656 393 795
613 381 881
166 781 785
935 41 936
601 253 553
721 412 415
21 442 51
579 525 537
970 249 619
711 151 66
61 761 86
771 749 841
925 121 213
176 949 913
745 701 147
368 297 981
951 920 919
28 389 673
807 716 116
205 897 661
521 244 201
993 476 608
769 825 641
636 421 781
815 21 159
269 956 393
905 589 797
41 849 687
913 246 876
541 383 729
365 241 592
412 81 508
344 721 368
433 425 439
897 266 897
305 28 701
797 970 560
588 331 184
59 875 26
743 860 889
573 687 187
473 148 161
706 786 793
721 497 45
908 801 592
773 101 673
27 993 497
833 91 975
736 666 320
931 431 97
975 836 716
7 819 249
104 149 11
766 591 12
196 73 714
589 231 81
606 265 897
961 871 353
273 421 485
39 871 545
49 725 426
562 2 131
661 337 933
433 472 649
389 201 634
295 200 824
285 441 1
526 1 633
692 611 21
256 553 303
179 937 839
809 717 677
843 761 935
669 582 669
241 771 321
81 551 609
391 157 205
661 676 476
537 891 837
336 311 915
801 161 573
147 639 611
889 987 344
928 943 937
199 798 189
878 410 467
412 937 709
635 185 841
541 976 609
501 265 980
916 625 363
73 253 316
552 360 649
950 451 572
719 319 785
700 885 411
71 884 381
573 705 215
713 740 345
177 540 297
801 401 645
133 914 978
48 55 41
836 521 713
381 809 285
40 543 131
51 561 729
543 151 823
607 36 481
53 48 661
351 376 196
727 375 793
65 653 961
91 671 387
801 653 546
928 941 86
153 19 718
6 585 275
549 13 59
153 203 266
841 516 833
773 371 521
57 954 951
57 486 884
937 757 25
737 429 889
609 577 841
543 647 231
41 575 937
545 237 925
114 926 881
137 565 434
525 824 126
571 655 823
211 581 989
683 501 769
251 329 231
703 329 806
867 56 722
963 21 754
924 421 531
233 251 353
547 721 185
686 285 645
491 881 489
251 661 398
21 813 71
16 346 677
231 697 51
248 361 101
625 421 465
311 213 913
416 206 776
33 876 565
229 261 242
145 876 689
506 183 153
433 937 245
63 137 13
64 602 457
957 370 886
473 321 120
778 905 597
981 273 711
527 401 773
653 169 857
933 66 335
885 463 933
761 719 512
881 983 757
585 51 797
524 73 421
626 899 404
314 295 4
46 393 425
91 433 958
943 126 675
801 90 521
885 453 337
862 984 452
885 231 529
26 240 806
167 198 441
930 393 872
443 41 453
765 343 831
331 106 3
1 321 207
161 955 47
336 686 378
633 177 655
991 865 491
898 482 851
401 891 61
26 981 496
897 201 349
356 102 655
542 326 396
868 237 53
713 881 199
449 257 861
559 340 361
174 777 301
446 313 737
188 921 957
490 65 771
688 621 324
167 201 513
434 766 727
57 377 50
202 734 871
829 353 929
752 817 841
433 553 569
903 699 561
653 617 646
511 529 513
55 521 381
9 291 406
321 201 641
765 835 668
344 78 885
868 465 381
908 661 687
221 971 963
457 725 393
236 521 913
421 775 365
645 271 626
359 41 389
520 960 881
187 156 858
409 443 658
699 387 986
381 543 359
336 263 563
329 373 711
81 375 998
943 537 820
522 381 539
11 559 365
425 563 746
921 295 461
786 807 433
406 659 626
741 905 465
977 9 809
884 339 645
427 261 621
761 369 638
41 241 781
889 146 101
353 916 637
521 229 321
364 909 85
761 727 319
476 529 921
906 21 381
86 466 579
635 621 831
957 271 763
500 650 363
534 797 217
949 431 677
876 1 648
585 115 106
761 731 726
721 181 175
929 314 455
540 589 549
477 905 26
649 560 817
56 985 799
465 786 789
643 121 373
165 893 337
521 395 909
471 528 823
670 580 369
717 771 413
641 811 197
499 92 901
791 693 57
539 626 71
591 695 321
339 651 825
221 545 985
44 757 613
561 132 669
324 21 321
797 466 21
235 241 177
184 681 857
601 442 101
985 217 713
897 17 573
521 249 201
234 801 404
748 445 823
943 168 433
761 433 32
926 514 625
945 136 741
201 551 180
921 794 535
849 561 405
49 921 333
659 692 41
446 389 453
473 552 1
406 753 921
949 977 593
712 169 813
407 881 77
221 127 891
900 751 267
351 433 709
337 347 985
954 201 665
584 247 217
521 577 417
801 766 485
126 897 447
751 545 269
236 81 926
533 131 100
81 1 705
529 113 743
174 809 312
402 409 721
677 37 621
595 831 736
925 889 275
129 346 141
978 425 41
305 652 395
429 744 215
692 517 765
324 815 133
578 360 945
533 411 843
389 386 315
205 242 201
485 141 586
718 981 526
265 481 993
573 221 841
201 872 801
981 122 786
909 749 982
904 249 979
964 421 845
951 945 906
432 1 851
913 648 153
721 570 615
626 122 571
641 217 779
581 49 532
601 246 492
687 499 649
601 245 233
677 815 475
361 545 483
951 803 665
565 577 33
857 462 244
415 415 473
564 181 547
609 427 333
362 897 873
423 456 219
264 862 857
512 73 69
625 283 361
771 41 226
129 197 265
877 412 888
966 376 751
661 742 991
402 361 899
406 76 176
457 824 500
282 611 962
601 232 593
979 301 665
346 926 946
39 117 196
625 583 329
921 155 453
89 441 848
1 742 60
521 873 636
524 521 862
572 259 593
485 619 951
498 629 873
857 68 797
293 579 941
85 843 46
937 518 961
850 854 248
201 842 589
233 506 39
281 103 601
227 103 590
913 523 937
79 165 689
779 41 21
993 556 845
169 713 204
601 65 830
873 231 825
169 225 105
1 771 774
184 961 913
297 189 620
271 988 667
450 927 313
489 561 555
681 111 969
193 245 603
801 194 552
297 791 167
315 311 196
214 127 441
1 871 711
541 799 193
596 141 692
626 681 991
485 846 573
931 93 393
183 817 481
433 516 679
901 751 170
269 392 965
29 71 756
673 731 393
172 257 331
637 583 247
226 661 241
866 906 201
597 103 731
321 917 669
847 234 37
881 143 301
163 151 261
313 267 976
50 536 385
921 604 303
834 357 41
711 816 33
100 77 953
1000 277 740
392 571 33
342 701 705
933 511 627
137 981 325
580 102 721
391 676 767
193 889 423
281 652 973
63 541 280
459 461 39
963 241 131
641 773 227
417 633 246
209 57 541
681 971 961
381 271 449
481 475 359
716 261 166
89 181 171
557 741 699
756 985 927
521 401 9
759 184 705
9 777 568
201 339 766
180 996 60
993 32 161
357 637 163
408 479 937
1 824 278
129 793 601
196 267 245
555 316 555
827 553 861
706 494 901
838 363 251
721 332 701
857 330 641
773 531 143
17 483 163
61 896 811
865 121 127
745 575 671
371 370 576
156 765 287
904 769 416
77 762 144
824 345 249
697 150 830
125 621 257
9 737 913
619 265 257
505 699 278
626 121 887
254 446 501
817 612 395
141 731 51
349 166 721
376 39 516
101 770 196
126 594 45
769 981 950
297 675 415
766 189 677
651 521 931
101 51 419
99 213 173
87 249 426
951 626 639
576 121 121
163 101 369
229 562 441
402 242 338
913 446 178
769 173 713
629 201 555
1 583 287
993 880 260
78 361 384
533 221 511
671 491 677
241 715 325
553 561 113
513 869 283
10 790 255
111 177 154
739 749 560
341 98 17
139 326 311
932 716 881
689 529 226
42 831 511
985 15 679
237 991 497
411 709 401
57 769 351
121 151 999
452 288 270
53 823 526
831 336 547
589 501 437
995 378 485
886 756 648
118 329 789
35 533 113
564 981 1
789 29 578
601 881 979
365 344 811
411 341 591
221 237 445
609 321 365
745 283 113
975 851 225
31 901 649
169 131 326
256 1 212
936 767 725
757 801 114
106 868 5
17 905 711
12 193 265
981 861 705
728 71 609
78 401 225
940 227 931
451 540 53
689 937 321
886 873 999
151 871 387
85 849 41
867 534 429
656 207 41
370 941 33
665 143 769
443 687 401
144 251 371
868 981 171
766 540 901
984 817 301
497 301 801
545 1 401
657 465 766
369 221 692
613 741 81
900 425 50
219 966 207
735 309 160
585 875 688
425 597 321
955 745 981
393 777 981
193 76 713
460 559 304
213 286 573
481 126 271
137 459 981
161 51 561
37 581 617
703 35 933
797 521 695
617 309 951
582 177 524
721 473 119
860 785 273
594 643 169
633 481 1
37 609 73
204 811 973
497 525 313
967 601 57
473 321 646
941 626 285
150 971 59
539 326 917
425 761 486
929 441 583
357 863 421
141 231 297
828 953 953
616 591 803
361 201 909
403 151 903
781 213 859
950 725 973
306 249 833
877 701 691
518 143 951
866 118 951
993 466 79
597 357 129
280 44 481
120 20 293
61 921 1
494 425 537
881 326 606
189 969 81
133 721 577
771 453 487
435 729 985
260 501 461
727 77 761
305 6 761
421 665 801
927 833 843
198 441 372
549 825 195
357 886 16
877 228 339
817 725 1
631 920 225
9 787 954
351 555 281
321 191 286
205 263 635
971 997 163
161 545 1
8 829 65
889 11 529
681 755 345
266 621 497
413 641 324
437 231 946
581 273 161
561 721 905
771 921 723
429 664 77
35 777 223
409 71 833
41 401 401
327 229 268
674 639 542
585 540 921
297 968 757
481 749 69
251 299 252
391 977 843
487 221 325
476 551 426
761 75 81
931 801 676
337 517 377
44 93 141
243 851 677
221 555 29
466 684 560
632 908 733
745 121 221
384 381 646
129 379 661
501 95 302
883 306 65
506 979 145
561 603 297
773 694 1
877 201 347
97 400 181
601 539 785
740 381 149
996 729 393
301 53 564
136 611 367
781 164 201
435 862 463
878 436 639
721 967 844
255 761 525
37 89 805
458 118 321
1 318 907
861 101 951
826 312 395
511 571 357
951 809 566
437 525 593
833 401 597
195 859 237
9 19 17
692 849 176
340 573 370
533 985 209
348 750 585
593 145 822
410 871 598
444 333 401
589 751 171
639 836 673
566 775 25
583 981 118
806 656 482
617 245 889
593 996 121
937 201 784
353 441 425
487 250 391
61 463 756
