3702
758 283 167
793 820 65
551 635 779
100 577 266
195 897 158
753 561 233
869 152 81
273 632 248
929 269 601
596 665 868
897 469 497
179 55 636
466 195 113
321 409 53
217 586 221
86 951 6
707 94 867
751 165 538
237 825 126
240 126 946
373 308 653
436 629 321
850 941 549
787 517 117
98 836 793
529 491 99
861 443 105
235 140 291
265 217 707
345 201 949
751 179 787
124 236 675
77 105 48
121 279 799
154 976 161
837 624 820
245 555 769
507 497 551
784 841 460
823 190 733
337 575 51
461 301 359
472 451 269
443 807 716
38 531 697
81 971 303
409 677 661
173 527 537
363 723 826
238 775 425
217 259 66
801 936 639
491 352 454
316 185 127
975 996 497
195 997 681
510 622 641
217 109 251
151 501 541
538 663 321
907 137 748
313 721 111
575 521 241
363 65 399
901 496 49
931 985 404
334 880 934
581 849 901
826 202 196
421 980 107
1 669 345
857 802 925
530 476 748
4 319 852
401 560 527
226 34 217
512 929 171
550 36 588
814 161 791
471 281 381
25 897 665
305 49 32
841 457 549
604 265 25
351 803 160
167 52 901
505 591 983
41 255 271
439 482 105
649 617 345
296 933 677
843 553 185
415 473 963
807 713 201
212 545 191
921 85 409
814 75 397
947 121 281
721 471 581
973 696 610
971 333 999
272 627 742
311 66 781
125 991 981
401 986 80
903 841 369
201 403 47
726 181 301
585 776 889
915 258 801
993 969 21
784 933 168
393 321 944
586 215 896
721 635 689
537 805 818
649 612 56
732 706 976
185 666 145
956 681 357
721 159 641
840 982 91
659 75 721
719 421 379
381 413 169
733 824 337
601 941 365
721 392 611
194 573 195
971 268 985
117 149 735
839 423 681
813 657 201
111 785 761
186 1000 89
61 825 170
921 446 189
295 713 245
342 475 133
611 161 358
929 822 905
194 950 5
941 949 562
361 421 906
425 746 427
839 776 77
281 845 271
381 682 539
49 970 321
657 321 401
48 415 465
745 673 101
630 631 217
531 483 229
426 51 749
525 369 531
595 102 191
569 497 398
210 561 297
353 761 857
921 841 263
318 681 217
656 585 784
809 43 739
247 944 343
360 191 81
561 456 901
401 170 661
139 255 80
536 830 616
720 707 761
601 921 953
378 969 542
181 381 721
949 445 764
5 433 6
540 389 611
906 726 969
106 505 991
426 15 651
417 654 85
478 628 205
461 426 379
437 193 256
905 515 386
91 561 185
639 791 855
966 667 481
529 733 80
561 165 833
711 929 977
373 865 361
235 773 317
205 873 805
417 523 162
561 297 829
94 110 201
209 793 295
25 953 165
753 373 724
576 98 551
585 354 477
625 937 261
641 588 321
465 181 631
627 401 473
897 831 576
593 179 915
163 439 237
629 706 425
131 615 577
659 679 123
354 169 623
922 841 961
993 241 841
126 981 986
285 7 916
773 83 239
106 233 935
751 465 579
938 783 401
466 506 901
801 249 360
370 865 130
471 137 856
585 366 341
949 621 14
953 869 601
957 906 146
160 349 538
255 121 249
501 555 737
287 21 804
974 649 285
671 96 257
772 799 169
965 926 664
249 526 278
191 435 751
496 605 905
741 31 741
190 719 756
496 9 826
545 375 395
13 13 15
321 317 122
801 53 411
917 13 521
156 721 749
209 481 493
444 126 346
569 1 478
968 345 155
717 987 817
538 525 979
985 13 453
1 143 194
936 124 218
270 955 101
971 811 616
679 441 537
611 178 407
21 880 741
601 828 149
855 276 951
586 41 166
640 937 751
137 277 57
549 493 785
545 133 90
889 461 517
699 663 41
675 510 639
485 542 637
561 789 951
661 587 509
433 941 10
539 981 398
553 249 801
826 861 596
106 122 447
701 333 715
416 737 336
173 327 823
171 386 601
776 241 681
833 258 186
703 229 817
869 636 49
64 596 771
941 171 313
917 882 585
345 241 429
4 781 95
325 353 513
112 78 407
36 756 96
307 713 401
159 301 81
535 185 563
246 939 996
873 685 349
777 84 44
976 344 901
561 589 687
598 155 949
101 226 855
77 591 636
267 271 425
81 799 729
537 341 367
864 185 579
766 607 215
759 703 471
489 541 376
234 261 121
141 641 959
433 217 829
901 601 213
435 846 930
540 873 33
567 953 654
885 231 990
807 510 916
335 162 57
661 274 681
231 25 644
221 250 81
301 601 331
231 461 965
638 345 756
829 517 381
373 957 801
836 184 654
521 351 698
217 425 123
689 785 561
455 5 763
481 400 422
667 149 577
729 422 205
121 653 751
837 971 439
689 601 489
709 8 731
464 937 758
363 851 913
985 935 801
20 706 109
977 561 9
656 385 357
857 483 205
377 143 818
807 461 361
581 196 893
275 783 591
462 873 934
568 464 542
565 786 399
461 621 513
931 251 379
281 721 241
666 377 851
209 951 89
765 895 63
41 970 360
121 135 735
423 393 380
533 491 53
807 600 976
625 443 820
521 480 296
1 529 441
754 591 505
517 621 131
617 355 834
145 967 731
234 1 296
509 650 547
175 669 377
943 871 793
24 385 841
6 636 641
831 38 925
537 55 881
977 187 691
421 231 413
601 225 668
969 241 729
529 325 891
533 256 521
516 401 161
813 651 220
729 601 1
679 517 842
339 692 25
31 307 676
881 39 519
86 497 961
1 895 811
195 794 5
745 641 9
121 409 601
141 473 326
617 431 118
545 398 48
893 251 949
385 961 774
846 17 29
657 645 321
137 709 849
379 961 869
417 702 321
581 717 720
853 126 20
609 15 654
446 274 227
651 281 888
621 513 979
56 393 641
568 671 363
824 197 897
721 908 326
537 978 243
121 736 951
823 129 561
866 638 921
561 282 517
858 856 935
593 773 89
985 768 33
804 86 870
953 483 337
399 101 191
130 811 701
201 641 105
810 917 633
929 343 271
857 5 121
586 304 614
535 433 341
720 41 886
353 487 173
206 109 808
764 865 131
337 689 138
261 533 563
351 809 228
396 606 232
717 833 417
200 424 725
805 539 951
145 105 661
618 89 977
323 921 93
285 561 493
457 947 790
873 921 441
331 525 493
832 67 543
814 569 901
489 99 381
269 402 669
459 297 583
709 271 221
967 529 199
339 129 816
17 993 313
37 548 611
459 986 1
840 636 697
664 594 215
773 430 277
71 943 354
47 451 550
201 843 963
641 726 183
203 908 646
501 189 911
845 681 152
700 847 991
936 334 633
931 977 781
667 129 761
437 423 533
161 551 546
413 261 833
998 405 601
562 391 43
467 787 945
417 211 285
1 563 486
486 461 385
305 395 825
645 921 890
881 572 305
180 981 795
859 561 283
132 187 889
854 951 761
655 373 708
204 13 889
803 713 801
652 939 131
809 261 974
213 233 1
87 38 975
425 993 574
110 771 443
899 899 761
563 603 471
609 437 767
31 869 313
899 621 183
585 117 501
745 222 299
521 369 608
987 656 381
876 760 477
676 304 625
163 442 697
91 441 89
146 280 581
881 866 829
641 647 763
17 409 269
129 444 303
931 681 57
465 30 565
795 121 803
401 881 401
371 825 741
978 574 885
51 581 261
873 741 636
373 901 75
221 561 285
431 351 909
86 577 566
735 601 621
9 935 775
695 816 71
639 951 283
342 17 680
285 201 157
841 256 661
346 650 821
215 821 903
198 91 456
201 429 621
515 249 272
996 910 249
157 985 497
416 749 776
145 11 548
573 387 163
902 1 313
17 349 541
221 51 363
725 273 189
481 743 929
965 497 917
665 981 753
611 969 726
649 929 509
341 809 221
231 363 81
203 922 57
947 99 501
799 194 281
369 745 843
338 853 841
906 31 19
89 741 55
707 569 734
991 501 997
667 732 803
573 151 937
926 329 427
471 331 678
697 801 945
897 247 351
489 985 161
241 170 761
39 89 337
246 765 386
280 261 545
98 904 926
493 539 782
839 831 849
920 144 351
399 313 543
997 913 217
757 969 425
857 291 687
521 809 201
77 869 953
387 526 739
277 589 751
957 124 198
19 625 752
143 864 243
881 601 767
391 355 273
171 970 607
247 566 16
481 868 956
321 50 486
289 277 37
322 57 501
203 534 195
10 842 733
497 151 87
59 37 406
397 969 811
329 517 437
179 137 830
66 306 801
32 201 761
270 756 461
146 897 887
815 93 738
961 26 126
311 61 747
469 645 595
99 137 93
561 386 609
87 795 743
865 751 817
901 248 748
870 826 573
85 351 64
31 551 81
73 248 484
953 978 574
53 467 707
523 233 465
529 671 800
381 3 825
75 385 762
675 707 951
945 979 349
415 983 943
841 632 261
925 897 314
945 517 221
733 504 3
52 617 724
296 129 264
525 681 85
673 986 561
925 769 718
816 193 521
124 1 761
388 726 921
503 546 121
155 818 821
86 87 633
689 733 250
371 501 361
601 849 892
816 327 355
982 713 472
729 123 556
171 869 141
150 97 461
549 456 297
153 11 229
561 255 579
613 23 509
572 876 926
525 71 911
115 693 177
55 161 885
81 333 45
166 469 220
937 477 216
929 51 949
281 709 145
325 562 686
781 289 501
161 551 639
693 905 131
523 19 360
338 3 167
105 424 556
677 895 557
101 873 707
850 129 781
295 561 117
130 313 233
455 612 497
416 968 889
289 757 997
205 41 911
641 857 351
501 329 625
265 911 391
225 693 852
446 179 207
601 290 223
558 456 29
292 185 213
896 395 407
121 633 441
426 187 581
721 277 245
444 594 874
89 933 976
461 337 843
969 625 761
929 701 146
127 871 457
313 797 504
65 587 650
457 601 236
910 909 509
385 305 817
761 241 721
497 295 51
569 399 819
800 418 233
299 226 427
155 155 455
836 746 495
493 811 539
541 481 737
465 401 121
844 163 551
667 328 151
725 946 136
891 395 541
986 201 781
248 849 885
805 887 505
612 876 233
213 591 309
273 38 182
947 313 623
281 911 686
451 627 23
945 36 426
584 673 296
883 901 930
585 691 842
509 341 997
879 655 689
121 681 871
54 936 508
1 931 407
758 198 5
114 946 819
866 811 853
255 573 653
488 521 521
44 978 641
51 816 121
673 689 818
508 544 927
73 275 625
51 740 373
224 626 41
841 997 325
509 369 267
717 156 3
726 125 196
620 604 860
241 653 697
133 877 899
615 61 673
526 551 824
635 541 979
275 497 59
157 351 267
487 469 438
191 316 929
966 601 23
96 365 859
441 771 220
926 996 917
401 277 31
367 400 973
613 549 526
257 263 137
343 398 732
721 841 831
641 449 209
362 325 611
873 895 677
213 976 254
776 171 996
731 721 373
701 1 19
125 137 836
833 721 343
225 727 909
473 883 109
981 401 45
587 321 513
536 626 979
505 856 971
41 900 144
721 228 634
761 940 325
585 565 427
1 961 679
299 353 861
659 862 658
657 241 157
1 724 777
407 237 387
173 489 941
710 945 55
349 716 110
521 903 473
803 801 711
477 601 321
153 769 57
309 289 419
150 697 249
419 311 247
485 944 891
547 931 315
526 551 213
681 817 86
603 1 463
491 161 801
258 208 261
97 113 735
901 970 665
216 741 636
50 277 537
411 241 827
347 867 611
529 416 115
467 761 627
997 759 837
351 160 93
503 879 841
121 26 523
645 614 787
959 481 531
627 486 419
921 9 345
201 729 605
126 521 321
126 917 144
916 373 33
193 549 913
1 48 15
121 366 529
787 170 737
332 116 441
398 361 761
381 881 55
767 441 331
824 825 453
351 559 728
470 21 641
741 281 241
587 649 305
134 885 211
791 986 581
943 763 381
741 185 537
137 893 5
315 401 684
111 356 737
541 543 381
731 847 182
276 583 406
115 651 29
951 441 353
451 736 241
541 188 927
501 741 907
629 439 962
891 925 377
717 381 567
782 877 225
417 191 653
535 868 599
273 409 745
353 233 858
592 129 685
887 345 273
159 541 903
975 717 543
797 109 973
995 133 567
521 133 1
191 531 881
561 161 441
195 201 943
132 653 71
113 53 221
197 873 286
483 707 110
699 149 188
691 651 377
761 626 740
15 393 151
311 735 632
581 801 717
625 409 471
236 909 698
125 605 655
241 814 175
52 139 159
666 285 145
451 501 635
178 299 729
801 954 152
646 807 603
17 881 733
881 881 285
551 706 371
47 856 595
159 934 752
302 727 181
691 593 761
155 954 132
551 564 793
527 441 309
840 216 45
176 300 81
815 475 321
885 117 979
796 426 136
325 273 531
311 181 567
105 117 871
241 987 349
945 991 597
729 699 997
151 202 441
396 697 323
459 121 739
681 31 774
207 720 385
626 578 897
716 136 231
521 697 917
71 721 585
952 311 771
1 365 461
546 430 358
284 456 489
509 926 445
684 889 174
736 332 589
175 444 892
45 930 609
127 155 261
947 87 139
326 476 785
275 842 531
41 869 709
869 840 381
279 955 591
753 614 455
913 399 586
835 299 560
786 153 497
545 801 662
191 67 205
611 839 15
370 153 961
38 213 832
119 791 897
532 740 387
12 357 305
926 986 465
841 15 356
953 193 134
513 4 441
147 431 857
108 261 947
91 643 691
151 558 771
63 383 687
1 597 879
261 471 33
801 594 426
412 501 996
857 1 476
305 202 813
96 449 957
991 233 867
241 841 629
908 409 91
170 862 183
511 737 913
493 526 748
416 113 499
451 769 951
426 481 279
745 273 674
256 835 689
540 923 933
171 425 921
590 141 81
831 985 678
695 301 669
61 425 665
369 904 523
609 701 847
811 969 86
659 233 640
451 519 139
772 844 505
489 193 601
707 655 305
296 606 581
197 609 877
821 541 577
45 477 352
606 727 341
451 753 386
421 825 181
886 97 475
457 489 466
925 597 302
817 756 371
276 823 41
341 881 783
69 311 704
240 140 801
524 126 601
679 618 305
662 669 209
215 536 878
697 649 609
1 801 693
493 365 39
821 383 31
929 803 61
641 631 831
471 457 473
747 141 673
407 70 348
101 316 337
681 188 717
271 929 251
957 745 551
477 891 97
755 67 156
449 232 756
880 280 151
635 751 221
201 801 132
294 201 861
722 396 611
737 349 668
686 753 626
961 800 361
881 161 957
530 160 659
426 481 201
491 442 901
496 76 529
625 805 871
457 242 417
213 726 905
133 773 345
81 338 417
916 178 770
543 46 565
523 204 293
141 852 356
125 161 591
191 994 668
565 44 69
521 941 989
41 693 747
511 613 240
324 49 134
322 707 939
422 326 825
1 801 489
89 243 300
972 901 587
970 476 776
306 48 131
23 991 155
360 389 561
581 849 339
61 801 48
641 373 968
249 895 161
526 623 496
261 590 861
859 189 600
993 506 661
996 595 831
366 314 187
232 168 547
137 305 281
601 501 345
906 529 726
399 796 966
856 155 200
117 854 585
717 811 397
409 165 89
993 281 441
569 49 816
304 781 478
229 571 964
73 109 625
221 207 505
236 144 797
264 877 813
343 891 824
772 29 841
169 926 137
869 89 761
91 735 545
425 203 665
131 593 726
96 918 651
466 333 882
253 77 57
121 221 217
916 254 875
382 64 910
817 601 937
575 767 276
615 186 945
61 155 321
433 457 535
86 553 450
297 127 873
217 672 85
18 651 237
841 671 619
345 6 801
580 921 331
463 117 214
975 723 636
186 121 73
617 991 792
232 953 225
161 253 226
611 425 933
425 377 401
281 457 299
847 585 679
688 721 305
593 722 463
613 44 783
703 193 989
352 593 81
401 5 420
761 395 724
150 745 171
559 989 461
889 967 336
41 263 611
254 805 897
975 774 209
214 416 651
101 401 521
111 285 137
295 413 781
395 15 695
151 608 759
793 401 207
527 842 305
726 881 422
633 128 665
187 837 803
95 821 821
651 329 437
305 509 960
483 501 651
624 213 829
461 667 903
682 173 675
1 216 463
121 144 557
85 865 806
977 950 795
131 87 569
721 177 586
276 779 959
215 371 521
435 73 841
506 569 841
481 221 141
681 49 267
325 890 899
897 769 497
791 337 137
463 939 401
445 315 276
721 161 805
726 825 889
313 915 101
225 291 441
391 689 606
385 187 168
391 957 23
913 385 831
583 815 511
929 681 281
169 41 842
741 921 886
91 401 709
235 726 357
661 52 961
662 701 515
751 637 63
852 573 751
334 386 455
926 633 761
473 285 929
571 555 629
371 432 800
721 651 829
691 489 529
296 217 366
705 26 111
442 135 547
41 129 103
371 659 926
525 801 739
897 553 392
149 131 272
21 133 211
428 8 841
701 201 101
949 151 17
456 51 344
515 129 201
317 479 617
761 916 449
805 425 901
345 425 801
933 301 667
181 993 329
767 953 505
929 827 966
876 309 371
645 991 716
167 765 79
29 501 235
965 681 659
313 853 501
417 777 661
977 36 621
71 481 21
1 981 701
826 651 146
165 496 971
513 271 255
543 182 115
431 313 609
766 245 465
679 956 917
65 61 176
441 920 667
811 1 591
345 385 155
632 741 892
824 555 433
201 175 252
873 412 923
56 746 414
550 151 66
301 853 956
925 273 857
639 561 334
169 328 481
728 333 815
509 551 255
193 351 235
291 364 625
961 963 841
179 551 951
21 539 851
333 521 941
694 501 141
173 507 650
501 453 743
902 756 105
518 853 926
650 921 287
449 944 780
481 2 677
879 329 277
430 753 27
347 956 277
589 61 282
196 226 801
981 561 329
625 678 281
321 601 405
9 71 446
425 72 557
273 391 106
596 39 534
906 491 276
853 449 531
176 586 637
653 901 166
476 401 726
326 721 499
179 393 686
353 91 691
885 773 345
797 801 522
722 236 12
189 771 481
651 191 367
976 171 468
77 119 779
285 445 647
125 466 194
211 134 737
711 721 541
649 587 245
542 965 33
299 851 71
611 751 585
568 457 641
201 391 979
321 796 389
313 560 961
921 642 496
207 941 786
57 965 239
893 429 795
229 938 749
737 401 37
805 229 409
739 501 51
601 920 906
511 676 559
866 233 1
464 193 959
611 15 39
434 407 597
219 526 673
687 883 337
57 91 535
95 401 768
361 779 945
10 176 651
793 629 345
744 918 967
977 31 878
745 301 10
745 933 763
127 261 238
461 361 163
553 191 721
753 389 651
57 761 401
826 651 670
629 541 230
113 179 201
401 603 221
482 792 128
733 221 938
367 33 619
266 281 721
517 1 614
753 636 343
507 71 881
361 615 41
777 30 245
105 121 201
876 624 651
431 936 523
971 325 264
861 237 163
272 787 223
505 591 279
345 706 530
495 409 206
471 617 782
829 585 942
746 323 907
401 81 147
461 426 861
179 867 452
185 187 201
469 8 138
167 11 548
855 157 619
799 94 561
927 750 361
708 947 161
353 765 247
872 7 393
261 301 131
48 81 545
281 927 801
936 701 60
736 885 481
792 726 209
536 976 494
679 290 237
721 779 961
265 463 903
371 763 651
26 941 265
509 123 679
840 461 193
920 35 653
56 984 291
799 513 785
237 961 996
879 343 455
966 11 569
741 1 161
81 487 112
461 376 296
159 457 48
797 550 885
304 49 237
1 413 26
845 817 535
439 170 157
294 761 277
425 829 321
469 308 579
830 369 683
137 641 849
96 534 336
780 261 380
533 451 701
85 101 50
657 947 945
997 35 451
876 393 617
526 944 20
303 200 155
996 637 876
31 202 21
305 746 929
905 798 265
52 897 931
983 779 985
101 651 645
502 581 491
736 319 493
331 836 938
801 277 551
751 11 575
557 361 457
897 777 835
273 669 151
409 831 464
571 542 951
346 601 677
577 332 877
581 176 185
601 799 419
785 428 522
367 87 246
626 417 298
761 160 161
98 109 969
791 249 765
947 140 508
286 665 130
397 721 491
541 470 226
999 961 658
949 191 577
658 766 77
659 661 701
869 341 765
825 709 63
245 496 809
812 557 702
691 66 1000
981 381 233
357 153 873
602 45 396
49 565 801
640 384 705
651 780 431
401 756 209
410 815 432
103 793 666
977 191 450
241 993 865
977 321 577
429 384 751
485 665 201
41 997 173
573 669 895
739 171 877
929 6 823
751 937 897
701 929 788
888 545 243
85 653 816
859 338 982
351 685 441
825 637 34
319 651 108
127 673 702
884 187 197
885 313 461
81 397 930
897 300 618
377 221 291
285 851 999
136 469 309
305 494 506
703 144 516
417 911 79
193 853 97
609 713 415
726 53 869
833 752 613
866 361 249
256 257 369
119 441 573
646 131 351
646 748 216
989 923 401
611 174 616
551 111 917
161 301 963
289 665 816
25 268 909
301 126 300
741 901 253
397 51 189
681 845 605
48 353 321
526 161 338
811 1 581
41 675 465
713 177 916
801 836 812
342 733 401
819 581 523
505 91 519
716 943 191
401 436 913
370 590 49
473 473 610
429 511 31
477 82 828
821 801 876
381 35 169
115 878 686
359 232 521
321 475 125
541 791 351
915 765 156
897 617 373
929 811 123
826 764 205
485 305 683
583 481 966
763 450 581
86 829 47
277 225 574
215 709 361
264 357 97
677 721 31
727 977 891
683 169 9
961 517 216
745 464 305
721 861 123
17 41 159
818 815 157
601 577 841
260 59 601
329 935 41
481 530 571
680 428 915
499 134 98
146 485 225
377 24 749
986 509 751
127 372 235
941 433 451
73 906 353
908 756 233
1 826 625
793 921 865
793 326 881
529 835 857
113 805 6
819 163 466
365 876 309
226 994 165
465 401 43
307 721 918
969 142 523
994 936 839
435 747 681
997 645 390
945 272 681
361 81 808
385 109 946
137 716 645
583 318 158
740 193 777
201 97 349
453 366 313
551 495 185
642 651 823
699 337 110
502 961 409
609 759 858
489 615 342
81 349 702
493 326 857
561 31 125
601 467 371
128 900 281
219 120 351
109 932 601
981 604 447
181 755 641
916 23 613
643 72 725
209 65 36
341 977 897
345 247 21
897 898 827
406 309 569
158 606 826
145 636 601
766 313 658
954 811 411
838 368 171
489 107 446
182 271 511
546 311 287
262 501 781
737 743 833
165 669 353
374 105 202
305 906 797
171 501 882
517 121 421
941 803 87
33 926 503
305 881 106
995 308 535
473 166 465
479 147 169
913 434 817
507 628 825
266 538 249
44 436 385
451 545 61
691 663 209
711 626 401
708 885 977
1 305 507
305 337 616
797 901 468
42 1 385
569 501 95
401 877 129
725 951 784
577 672 706
913 201 216
197 926 909
321 646 770
594 581 709
496 261 666
751 321 531
401 771 529
691 593 791
2 133 119
337 465 817
277 151 501
361 690 706
521 322 19
681 279 201
557 263 629
304 351 513
873 65 807
821 109 375
455 231 253
209 743 185
451 585 625
97 337 941
17 445 135
561 633 605
305 490 401
775 641 991
737 25 590
883 467 861
680 786 739
293 725 713
737 166 801
512 873 76
897 31 581
902 117 641
996 455 895
521 731 367
523 776 683
251 151 957
926 242 841
265 901 499
791 897 104
390 964 643
486 487 257
836 105 151
979 175 309
379 965 831
277 673 403
401 419 713
671 184 493
805 121 626
805 633 56
42 897 171
856 341 657
539 729 631
286 342 890
981 135 591
219 877 915
725 207 476
723 793 843
745 161 480
205 741 521
465 657 541
657 1 481
427 179 348
11 269 350
754 826 401
752 284 344
769 300 903
556 980 531
778 474 203
251 518 857
993 753 915
151 376 719
391 722 259
832 189 186
819 735 551
631 393 631
937 457 160
625 121 288
161 621 333
133 179 684
941 317 183
496 113 514
822 492 655
357 789 697
36 61 419
868 896 644
751 421 876
186 717 201
537 53 614
201 672 1
825 163 469
845 409 341
553 571 881
271 499 233
432 297 357
665 149 530
666 527 61
821 391 801
271 665 871
269 589 792
625 945 901
469 283 553
1 189 716
369 553 136
193 259 786
121 807 824
817 501 243
89 865 662
941 697 877
264 881 910
795 553 411
551 841 743
761 801 908
24 679 1
345 911 268
989 561 971
921 111 962
285 165 944
755 825 125
924 151 256
945 537 531
669 637 878
953 945 869
227 73 184
166 115 794
865 284 401
241 637 337
991 154 81
879 130 485
11 841 9
569 599 425
567 491 785
351 723 929
678 106 553
31 650 411
633 18 977
90 444 171
806 742 289
371 38 430
321 851 677
73 177 693
58 190 562
61 683 769
951 51 30
937 405 31
93 345 284
397 453 631
857 421 681
374 965 152
654 771 35
121 97 870
220 556 971
419 15 925
121 725 887
335 711 801
453 501 497
401 237 660
305 283 423
518 879 333
621 301 471
231 889 282
243 561 324
273 507 233
465 313 581
769 625 357
513 183 96
451 545 45
185 766 726
132 241 981
47 241 90
65 656 987
477 762 926
899 761 861
742 101 877
677 841 225
676 265 439
393 484 341
45 811 247
597 851 528
339 786 395
411 551 272
26 346 529
4 934 895
849 407 207
369 301 769
89 761 989
480 557 949
358 883 681
656 157 833
777 75 502
299 733 251
587 386 865
633 174 93
588 177 753
362 550 4
949 365 353
541 72 920
229 820 549
93 209 413
564 161 551
513 361 463
849 571 54
131 381 69
999 969 887
529 349 157
197 31 653
539 385 631
425 631 734
969 449 241
885 85 161
418 561 395
533 260 441
702 345 249
385 821 196
854 596 849
931 181 637
892 625 581
141 121 505
585 961 201
252 352 491
999 965 866
160 305 461
841 895 449
649 320 126
33 477 993
951 539 641
551 971 988
601 881 238
137 717 581
901 676 997
681 721 130
153 293 451
82 786 819
971 497 505
717 590 309
333 273 794
69 489 961
753 241 417
514 999 147
941 249 173
782 97 177
513 721 2
179 103 895
945 176 295
33 949 659
375 199 209
151 652 649
795 644 289
767 907 386
192 445 921
385 392 883
201 781 313
108 479 902
345 821 833
563 397 165
627 169 244
549 822 173
409 478 531
797 856 941
630 8 629
926 267 434
989 103 1
265 951 139
813 741 491
361 46 477
873 649 797
227 186 449
169 757 243
9 321 193
270 626 576
537 253 781
615 870 783
694 375 851
401 957 331
921 969 741
878 879 819
208 703 317
141 599 451
353 533 849
503 257 203
290 371 901
674 801 601
150 973 1
289 202 366
971 205 563
941 615 876
289 344 951
761 445 181
957 939 76
269 503 413
166 601 396
140 758 233
144 33 35
205 407 947
312 71 877
134 354 657
491 709 271
855 284 621
293 833 315
251 711 706
121 545 251
699 423 648
441 617 325
614 773 166
803 435 42
688 179 542
47 746 281
433 412 833
909 737 461
830 225 706
566 617 691
251 571 561
201 74 21
101 317 233
16 950 977
131 195 521
415 385 783
546 37 866
853 78 943
321 697 726
887 749 508
627 1000 627
712 47 547
309 226 870
728 909 283
221 911 146
871 711 521
545 489 296
248 921 321
757 976 371
107 543 455
849 721 249
313 531 121
29 841 17
113 831 448
2 226 305
646 255 798
745 601 831
326 385 921
897 291 825
195 283 342
632 127 516
277 476 352
701 225 169
721 385 724
801 526 706
896 693 263
774 321 735
552 736 431
985 686 286
463 666 713
281 751 834
961 961 121
63 515 867
953 275 325
545 609 965
569 748 951
491 777 451
449 617 729
625 789 885
563 78 863
964 929 260
100 169 829
441 952 707
427 189 891
29 899 504
193 921 489
181 563 687
960 153 880
281 353 687
461 567 310
176 226 921
513 501 327
909 397 716
419 393 333
341 757 577
250 617 121
203 616 227
197 710 935
181 61 977
501 517 778
353 751 321
601 637 473
337 888 97
753 669 641
467 861 487
755 847 191
441 865 421
481 441 391
725 544 250
921 521 556
641 821 121
792 621 198
403 481 681
217 310 609
896 321 191
769 167 441
581 325 751
361 707 281
801 75 681
989 498 243
236 344 507
343 887 567
51 918 73
839 359 990
774 433 273
271 593 870
906 281 176
529 650 261
731 249 321
1 495 541
569 121 652
555 9 111
25 993 481
9 905 505
825 709 287
991 3 361
917 529 691
568 411 316
122 449 221
56 231 256
756 361 1
728 745 426
983 358 88
517 685 545
316 26 26
281 236 1
717 643 510
645 36 200
289 543 701
321 996 209
127 645 215
201 801 117
150 397 145
9 161 105
495 153 63
90 223 811
586 145 101
65 270 251
351 714 677
89 467 761
9 867 493
453 185 131
65 751 507
401 41 565
996 701 9
227 26 121
606 811 581
747 609 679
997 217 125
891 69 215
315 591 976
287 561 989
515 609 748
361 569 206
163 231 821
539 901 672
573 640 671
178 381 717
150 750 804
19 806 767
60 47 776
121 385 521
311 30 257
921 376 442
393 641 750
901 835 923
349 825 702
799 739 267
905 583 660
329 436 81
521 545 241
87 425 130
536 939 245
931 6 761
241 711 357
997 709 923
61 435 829
305 441 61
217 589 190
353 83 824
624 487 822
545 277 921
441 33 587
239 231 377
326 925 701
473 343 417
607 751 769
327 467 193
260 780 577
705 526 51
873 546 495
303 106 684
477 184 413
961 208 21
258 260 731
341 912 337
16 778 96
901 425 265
19 619 809
125 173 14
295 276 865
709 407 569
362 361 153
347 639 849
171 251 607
225 201 710
527 591 601
697 207 141
46 280 249
248 631 844
908 197 520
346 339 341
585 326 968
681 6 532
193 637 147
329 605 657
211 126 621
742 633 585
668 827 814
309 497 736
251 323 544
75 466 617
449 453 257
617 490 333
497 177 38
183 395 510
401 349 905
719 851 879
247 558 308
669 939 404
257 786 363
298 173 361
329 537 161
431 713 221
161 37 822
625 1 451
776 342 785
557 417 157
789 851 245
451 518 593
609 196 639
553 20 249
561 643 501
364 601 49
307 527 118
851 911 233
121 123 844
849 918 181
822 592 87
176 226 281
989 729 295
680 921 427
432 693 649
58 713 577
435 553 169
271 681 350
75 145 714
941 251 812
825 539 401
884 765 953
953 781 715
761 852 481
171 879 811
414 406 316
86 889 474
733 47 999
235 737 641
321 9 923
617 378 480
637 101 719
501 943 58
79 673 823
469 437 33
471 497 161
155 561 774
664 81 479
765 204 585
581 25 246
807 431 245
9 897 170
385 591 757
876 427 201
121 931 501
378 777 222
222 251 127
457 511 108
781 436 641
641 186 491
959 241 231
729 233 446
193 313 336
701 877 614
78 675 761
865 849 483
985 651 826
1 593 776
868 306 116
551 681 748
321 452 428
701 904 645
639 847 16
667 873 405
969 995 551
681 354 293
281 144 171
386 591 271
265 12 674
1 691 698
943 7 455
186 646 801
465 174 978
238 369 361
579 681 671
473 94 35
881 821 449
838 371 921
451 919 189
18 485 209
257 321 671
697 543 433
825 155 1
49 45 471
204 463 41
215 75 333
949 296 113
971 711 673
953 959 1
677 725 357
637 732 761
669 963 53
830 545 961
57 549 11
816 794 513
633 973 581
977 61 787
534 151 401
751 461 569
312 643 374
677 683 9
101 941 641
437 889 806
805 337 161
419 691 798
409 952 880
94 693 320
837 953 593
131 519 546
731 801 609
467 357 600
191 86 841
31 9 82
449 191 544
819 739 521
306 733 298
629 4 14
843 973 351
933 865 285
391 130 130
185 545 737
601 616 291
854 524 169
769 593 734
753 505 765
795 68 753
761 123 416
551 41 203
535 427 121
47 507 865
396 891 181
240 335 361
791 321 375
36 576 313
575 233 457
327 551 349
756 281 763
727 441 277
225 319 636
989 501 457
994 241 157
511 729 717
988 37 703
297 264 458
621 209 329
71 357 81
861 649 881
801 34 401
781 372 321
910 776 3
15 201 773
876 341 129
180 473 249
63 730 41
659 713 993
449 749 367
411 945 361
633 623 846
197 101 907
453 519 920
326 203 865
412 131 53
371 319 787
689 377 608
595 616 241
561 341 91
711 777 232
647 777 697
214 726 331
341 149 145
83 725 201
593 121 249
38 422 21
425 6 1
819 29 979
249 501 660
119 37 992
851 415 392
351 145 885
933 429 905
821 521 222
41 623 106
628 863 491
545 71 921
785 441 965
813 14 217
41 409 20
270 747 969
166 78 1
25 751 216
166 538 926
745 197 597
269 549 882
797 825 265
793 337 353
772 623 303
915 167 143
561 825 617
281 115 299
35 231 574
373 129 597
81 41 501
393 1 297
913 281 7
203 999 45
45 985 481
641 246 633
761 230 56
793 699 804
201 1 566
476 407 665
869 421 25
277 301 491
36 522 102
785 837 843
509 947 551
25 721 100
836 69 617
783 828 821
130 317 857
33 101 653
219 545 933
197 953 586
81 404 837
327 111 404
760 725 657
436 337 701
745 697 867
593 1 268
122 513 34
393 862 81
945 697 845
717 761 757
749 434 225
811 689 411
798 185 401
322 991 339
641 960 443
135 947 344
881 239 917
349 876 501
17 455 346
849 175 411
433 44 953
860 316 573
633 139 886
883 881 397
573 776 85
563 5 837
217 761 145
141 401 401
647 438 545
804 239 359
332 885 238
723 936 211
401 255 986
526 593 532
641 100 275
771 326 561
10 841 675
846 455 917
516 225 601
769 359 223
921 376 101
71 252 822
321 549 598
729 383 361
799 588 817
835 393 549
829 701 787
585 161 51
504 353 821
709 646 209
21 822 737
970 164 109
916 201 938
745 241 46
583 522 233
42 537 164
881 905 1000
151 230 30
321 14 315
51 685 599
78 25 646
264 119 363
896 701 773
973 96 61
803 853 841
681 632 971
41 577 1
885 921 425
614 33 123
737 575 318
516 621 907
959 496 657
701 479 85
381 37 537
289 841 413
127 273 43
848 621 531
421 641 681
693 295 121
5 751 980
110 351 765
413 601 269
121 481 221
311 249 405
812 179 849
791 707 481
61 253 126
379 791 865
329 654 411
193 937 209
354 261 633
104 962 293
619 1 376
85 731 526
917 326 927
247 393 817
477 313 251
526 109 311
276 53 681
902 281 13
641 989 250
481 89 427
681 110 717
726 432 364
251 876 986
857 101 791
756 401 326
21 996 241
949 343 479
233 401 57
281 125 701
618 105 571
383 649 161
345 244 384
431 824 976
886 50 190
785 113 492
201 926 405
109 295 821
531 485 345
429 307 903
1 679 857
227 471 762
821 781 751
436 201 317
697 988 993
376 349 972
589 185 319
48 782 941
624 621 281
221 511 881
457 433 866
559 281 504
251 154 1
489 225 293
607 829 843
206 249 55
616 835 59
41 755 925
201 811 681
225 777 544
409 543 383
994 386 257
105 351 320
151 559 89
745 827 849
765 928 229
783 615 682
384 742 351
683 429 251
890 866 538
469 508 652
257 503 981
681 911 8
701 916 532
470 627 921
912 738 630
913 86 745
263 361 936
901 521 914
535 941 272
836 957 727
845 305 511
915 1 444
619 649 113
778 685 399
1 860 771
456 737 327
479 261 367
575 932 676
691 719 714
112 735 995
189 635 682
357 721 913
636 473 972
865 521 265
165 740 111
441 777 251
121 201 319
40 257 657
670 227 707
845 561 360
132 19 936
801 983 797
531 351 997
505 520 335
777 711 648
15 461 891
997 605 442
4 227 118
943 711 788
313 851 481
417 975 361
395 428 501
497 855 745
305 99 893
626 501 234
717 666 981
923 113 193
731 65 417
161 399 767
96 145 170
401 870 369
469 451 944
921 998 283
203 431 281
549 865 489
676 601 912
315 781 429
481 67 331
923 345 49
529 50 697
765 833 321
310 83 613
906 403 906
841 813 305
457 109 159
325 781 121
933 38 601
129 959 939
751 74 281
309 991 301
655 177 457
461 105 989
340 166 625
861 875 229
471 849 213
778 897 778
251 71 409
259 896 795
821 501 404
381 604 336
421 997 427
621 683 134
621 112 309
235 691 207
177 79 875
801 217 802
51 153 561
694 249 498
945 174 721
337 309 836
267 247 41
491 729 34
11 254 42
595 533 781
361 641 486
341 226 626
69 192 218
848 622 611
201 651 227
951 73 703
857 207 297
279 501 489
544 875 355
601 443 345
548 897 35
177 615 627
681 827 849
705 821 941
137 243 841
59 795 696
453 161 617
120 414 607
181 481 719
365 511 5
320 356 109
1 1 469
606 697 786
793 701 777
315 301 98
770 681 496
175 827 889
451 425 661
217 477 941
929 909 901
893 95 325
461 877 915
391 439 118
4 662 91
865 926 510
183 989 632
571 153 423
441 213 461
566 206 677
411 476 397
427 769 311
7 379 111
373 215 451
601 703 209
758 271 81
211 221 609
951 743 599
606 701 45
637 321 742
185 511 673
368 637 869
908 661 569
289 601 951
310 601 229
999 57 728
582 817 893
759 9 228
885 326 768
875 881 1
293 733 333
595 671 433
451 759 21
451 221 35
692 771 397
210 1 705
125 479 814
531 167 275
51 769 213
225 841 953
671 665 57
296 541 958
949 806 417
51 251 117
449 901 297
265 733 797
351 704 752
221 241 697
731 309 937
31 387 656
607 881 238
775 721 521
481 228 181
727 256 176
709 281 961
109 76 133
343 771 909
236 952 863
779 931 889
340 255 477
161 43 292
419 775 681
571 936 935
721 951 9
201 301 741
866 87 685
681 901 396
401 172 222
769 501 257
289 296 497
353 551 816
288 481 526
980 251 469
385 126 876
749 853 1
508 971 788
55 101 351
601 388 392
140 127 30
801 660 751
61 702 441
441 969 421
233 291 831
889 542 546
910 296 137
177 525 329
846 69 553
405 495 199
185 439 510
817 469 997
721 777 844
265 71 267
970 641 513
392 869 759
401 949 801
525 126 649
289 933 813
81 743 109
949 993 35
853 609 537
777 489 5
315 233 201
81 137 983
227 579 735
309 325 465
425 747 501
241 361 436
87 569 350
773 861 141
703 449 266
81 141 185
481 445 21
663 673 464
1 22 101
177 380 905
627 297 131
952 241 940
176 738 945
218 729 668
293 797 675
190 693 580
949 137 193
739 553 61
892 365 412
941 726 815
521 595 665
115 509 903
369 673 773
969 685 91
535 624 71
951 177 113
281 25 991
265 753 523
241 537 951
289 93 695
686 883 366
846 501 18
473 41 454
37 227 274
622 362 922
956 491 561
631 363 589
249 191 31
421 681 265
57 629 561
553 555 296
634 373 439
913 560 271
796 1 301
277 205 801
81 979 173
851 146 817
761 700 907
125 223 997
291 205 171
137 932 679
693 563 481
73 976 521
341 617 315
387 593 327
238 101 96
864 424 830
482 626 401
361 541 796
63 311 337
121 342 49
727 255 721
901 257 151
251 393 352
379 971 626
337 487 232
131 37 795
149 131 316
981 153 105
713 956 46
976 945 929
445 901 924
1 905 681
640 313 985
161 940 441
297 33 518
432 830 191
165 725 684
481 233 622
393 953 526
521 451 99
481 877 261
206 951 210
73 997 125
226 773 301
723 685 682
731 713 461
11 59 775
225 597 692
701 221 702
901 801 50
458 374 921
457 579 591
288 909 156
169 731 365
481 237 395
841 74 849
984 601 151
649 109 817
485 637 271
115 801 586
167 121 299
11 211 231
225 581 551
166 534 279
229 65 367
537 329 605
493 676 753
974 317 897
443 715 621
635 177 592
511 537 689
933 210 673
687 601 281
405 851 446
937 495 957
531 742 211
53 601 249
181 553 241
321 207 876
679 188 856
701 761 321
721 834 230
621 289 628
623 890 441
267 233 525
697 231 798
151 109 426
106 161 641
725 275 216
193 296 817
609 316 351
530 856 217
497 409 171
761 491 417
881 777 612
209 66 227
538 161 580
929 577 194
655 326 193
474 276 257
745 39 225
430 313 676
136 933 398
358 836 763
679 126 685
633 633 129
881 50 397
503 495 121
785 720 485
125 669 391
86 771 998
151 786 815
861 59 811
429 405 351
310 421 876
851 361 671
389 903 465
308 51 89
69 430 870
925 777 961
221 801 141
577 15 637
649 129 873
493 881 756
193 221 633
237 646 480
699 88 801
501 185 537
182 459 741
955 201 869
365 71 9
49 465 761
481 361 332
836 753 981
749 359 27
829 801 153
873 261 971
376 504 657
865 496 157
762 281 485
519 286 953
17 239 764
721 785 583
417 694 305
441 521 982
801 530 913
415 319 661
337 746 882
760 641 21
881 745 156
987 401 873
385 930 111
857 737 431
246 843 361
241 1 951
738 495 920
778 568 667
250 305 129
554 381 403
621 949 801
457 821 902
221 456 1
953 272 547
449 537 517
649 361 301
556 785 541
233 158 201
856 467 189
911 993 60
293 202 755
801 691 177
113 431 341
369 146 313
921 285 891
891 949 937
817 937 524
671 535 145
985 857 853
811 709 409
733 491 160
891 192 343
721 983 764
224 459 789
602 985 136
601 409 253
493 831 385
306 325 27
569 25 187
1 401 885
251 386 206
941 924 969
560 21 317
337 12 251
793 230 225
831 368 345
801 169 517
641 993 291
633 55 376
183 691 269
5 337 941
801 734 742
537 261 658
9 546 311
778 161 817
501 257 713
67 721 721
201 652 805
140 685 871
766 621 771
689 796 223
36 431 309
956 505 469
237 313 461
1 121 989
229 931 101
456 140 445
665 871 755
355 926 737
71 851 934
998 734 105
583 201 616
911 611 1
269 985 631
351 71 909
45 393 425
199 217 651
145 341 401
217 349 620
501 999 470
455 217 921
29 951 811
289 738 100
4 325 341
945 500 351
861 927 367
331 815 761
381 654 891
949 741 926
851 812 737
869 279 669
112 801 297
721 407 491
173 869 629
762 841 682
851 724 871
33 113 201
502 147 306
260 693 998
476 171 596
841 873 161
479 771 509
336 851 229
456 745 801
113 433 241
797 925 167
46 192 939
865 769 95
893 12 881
427 641 475
221 113 907
84 495 251
237 481 913
444 723 725
17 176 866
66 329 540
811 351 215
281 322 927
451 508 377
61 1 501
421 522 442
233 29 302
219 667 49
325 633 468
171 465 387
61 160 753
646 663 395
399 170 741
883 81 605
351 601 756
747 161 875
437 440 177
962 459 214
721 206 417
633 429 101
945 276 489
553 219 726
416 495 54
617 185 661
324 220 373
443 180 152
919 129 393
659 611 162
950 311 301
222 1 411
295 8 629
291 336 373
739 352 847
457 1 567
751 444 993
473 565 859
556 337 47
259 281 511
336 748 987
481 605 963
809 108 409
645 137 195
159 985 941
181 1 649
83 752 461
685 809 541
681 473 211
341 121 673
165 727 394
311 776 301
489 604 176
886 662 907
509 962 41
737 601 889
41 413 349
33 438 133
931 83 299
736 559 239
343 276 49
469 983 749
10 178 609
586 197 931
565 556 871
113 401 420
115 746 133
439 338 613
605 176 639
393 934 609
337 575 981
967 904 439
618 491 101
931 321 697
928 538 735
581 197 861
939 450 813
489 473 540
161 1 393
301 537 969
727 101 251
867 641 913
83 76 19
781 61 109
561 709 799
881 521 397
547 537 681
635 141 669
205 385 701
766 187 640
954 489 64
967 841 295
351 310 762
101 990 561
769 437 121
211 585 881
817 181 449
557 745 501
925 126 750
502 822 361
676 657 501
401 11 484
133 961 295
201 41 149
933 769 721
598 845 222
701 889 333
289 62 355
561 518 565
854 505 933
246 965 682
781 590 981
793 101 582
551 292 581
761 973 635
27 985 390
41 63 676
697 837 633
411 236 261
446 552 596
79 390 468
657 391 265
301 895 349
779 137 710
655 383 776
761 53 906
79 401 919
626 837 1
334 963 305
21 421 844
751 265 986
281 995 753
625 549 183
780 449 427
728 65 553
111 33 641
781 311 449
956 737 533
7 964 401
281 936 791
711 729 96
869 851 932
945 428 421
38 329 519
599 496 511
500 723 883
353 495 547
641 205 258
641 602 691
15 59 831
537 912 737
949 1 226
499 265 66
897 772 246
281 113 526
799 775 771
890 636 172
356 457 57
395 529 641
491 685 9
597 405 73
331 441 877
706 1 746
61 785 601
563 244 921
446 623 69
297 249 212
161 272 161
940 516 789
987 312 601
343 197 168
94 120 605
205 271 781
241 265 287
551 5 69
715 756 735
924 405 78
509 553 431
929 866 16
327 621 961
121 805 450
211 616 126
296 389 801
1 751 406
619 439 790
19 437 327
37 829 799
76 665 921
231 512 641
745 670 865
271 31 941
935 724 113
431 281 873
953 745 967
446 870 113
633 70 919
847 869 621
389 869 607
209 407 665
994 61 346
435 397 633
254 229 477
525 253 229
796 785 857
511 959 873
48 189 921
408 106 288
691 969 626
805 419 441
567 209 509
431 661 73
883 1000 81
1 731 261
353 893 819
797 439 691
679 491 401
73 397 607
551 24 326
601 194 201
501 813 925
210 261 643
341 621 751
788 736 877
171 526 475
806 236 393
423 643 521
38 113 743
933 997 366
277 717 350
251 379 320
946 41 985
761 201 773
713 437 165
195 270 803
961 321 611
653 599 711
737 305 188
634 493 861
849 982 774
269 165 928
38 421 426
167 984 427
45 961 621
984 101 69
286 401 331
705 709 775
906 393 963
856 237 201
296 41 441
601 801 841
389 21 583
89 867 688
29 529 189
672 277 439
101 40 404
497 583 441
761 641 1
601 761 129
801 225 273
36 747 121
474 179 237
305 488 963
568 443 796
513 963 521
149 268 707
161 833 621
369 291 937
797 839 873
414 1 971
526 705 721
91 201 970
477 787 720
515 476 639
786 595 767
521 439 261
201 891 611
705 291 633
452 299 627
845 116 496
340 471 614
286 112 591
17 788 780
805 250 241
636 783 129
982 661 787
329 87 841
516 227 866
512 937 724
136 871 22
466 233 441
329 116 351
232 229 845
381 775 105
227 61 665
160 631 745
251 415 902
441 101 969
176 151 769
625 145 919
121 927 483
545 190 377
297 1 148
187 831 51
616 657 801
721 118 506
417 991 781
561 499 671
869 266 265
881 746 913
857 245 593
946 26 665
881 181 173
251 841 561
1 151 57
220 400 639
952 217 211
259 860 737
509 221 9
857 148 231
975 179 895
885 861 503
641 823 369
81 810 751
107 233 883
701 85 344
301 134 473
101 201 1
137 199 560
936 6 498
889 727 537
169 451 351
299 635 827
868 565 946
401 697 538
923 27 209
301 369 531
719 89 493
15 281 41
397 561 337
929 715 392
481 793 71
243 548 662
177 869 89
719 263 81
136 641 201
292 556 337
771 205 836
425 375 109
926 183 901
671 873 429
488 654 673
625 385 754
700 870 681
441 990 201
233 382 281
116 917 792
651 921 698
771 311 340
409 535 902
5 613 191
557 333 417
496 67 792
91 374 489
756 381 153
327 713 595
446 212 38
287 786 27
826 387 777
253 808 646
211 916 321
161 346 61
107 249 177
141 220 814
30 905 171
551 376 785
617 953 757
725 803 71
281 513 337
881 325 141
73 827 797
333 55 119
493 356 133
873 223 105
465 653 741
141 144 564
541 79 889
518 657 555
139 561 857
46 481 206
721 561 766
992 851 20
928 215 331
226 41 29
439 776 741
413 51 62
529 969 969
571 113 334
601 535 361
351 235 369
301 357 341
931 696 141
185 401 871
673 271 573
479 804 25
348 372 152
812 497 799
386 669 611
50 641 826
629 746 417
539 941 217
641 961 646
577 859 603
819 387 546
329 66 35
25 769 200
769 898 281
219 905 60
465 817 821
332 801 121
353 697 574
560 985 177
523 911 481
465 914 472
689 21 676
641 981 901
621 66 57
241 786 65
725 617 965
86 780 569
689 103 637
745 181 611
970 765 126
272 549 310
474 845 153
716 968 297
737 377 985
940 263 1
956 729 537
711 25 821
457 128 443
598 939 951
666 881 701
556 391 515
3 551 920
5 992 313
434 631 461
166 973 895
213 201 857
721 681 481
905 590 875
456 537 573
9 537 261
317 653 825
932 649 196
549 453 465
634 69 495
901 257 283
665 640 777
835 889 996
578 440 579
1 97 819
323 816 737
521 439 487
704 901 511
701 905 471
29 351 15
174 521 127
753 159 191
427 711 998
179 741 465
125 863 714
849 741 385
546 601 273
540 152 221
343 248 41
54 461 134
138 895 73
741 27 689
583 769 607
1 236 321
465 411 201
796 589 624
525 251 781
901 161 395
510 89 974
673 471 815
826 491 21
85 686 819
105 926 297
721 613 681
641 953 351
827 17 641
42 591 515
659 381 15
463 51 873
208 937 838
486 881 842
291 261 165
226 12 321
933 97 359
88 538 803
199 361 1
601 761 706
807 561 771
482 205 677
25 403 991
184 877 855
417 361 313
659 76 466
129 496 367
817 93 373
889 599 492
568 51 639
505 913 301
663 81 473
297 145 135
425 352 173
761 956 121
16 855 60
697 936 537
100 389 276
143 67 776
876 521 336
926 861 751
728 524 81
849 305 41
356 209 931
191 723 19
95 447 161
1 249 755
10 161 78
443 831 921
778 297 147
175 331 304
237 177 453
409 281 985
313 855 201
71 559 585
171 951 309
720 907 924
331 511 545
953 833 788
653 789 611
493 416 209
49 193 833
842 531 695
853 641 495
662 398 225
385 89 41
994 5 721
564 776 231
2 766 969
461 249 175
310 704 911
584 438 655
661 839 3
311 837 117
825 359 671
51 401 49
991 351 831
729 78 626
337 103 187
233 190 921
420 21 801
571 519 841
693 590 551
585 98 545
171 905 661
777 956 977
964 727 110
500 29 299
451 120 1
226 868 749
833 475 584
79 393 261
57 279 425
135 626 985
961 881 272
258 395 183
597 591 805
361 625 76
701 998 937
737 448 561
733 749 481
833 725 736
226 9 453
689 256 705
