805
7459 9408 25
5545 2539 89
5000 2072 66
8945 4008 32
7216 1446 93
3925 5921 51
4983 1068 55
2970 3916 3
1368 7534 6
2863 9830 63
3396 8869 46
8808 5203 53
2978 2201 11
1652 9890 89
8430 2401 8
2605 6999 46
139 7145 72
6568 9577 10
8511 2809 97
1989 9553 4
3096 6467 50
6258 6121 22
8896 2843 50
2503 223 26
9917 4872 26
5590 1013 16
1724 9017 50
2109 7555 6
350 4385 13
8978 6832 68
9176 1186 89
3600 9503 88
358 6858 72
1371 5453 64
4754 6992 47
5416 7168 10
85 3168 87
504 5942 94
4666 7842 80
7634 1368 6
5710 3613 29
9680 426 41
3246 3243 31
7315 1727 37
6401 2724 6
3776 9820 26
3786 2923 33
4428 2188 41
8710 5145 32
5888 6425 70
5295 4189 7
399 9423 34
4811 275 16
4071 5753 13
3986 3329 31
3266 9587 8
4943 1236 10
7740 8153 1
2599 8059 83
8097 9410 36
5999 3544 94
8287 263 84
3135 9020 64
5593 4328 89
9839 301 36
6679 1167 14
9951 3215 97
1970 8395 17
7293 5267 77
9390 2998 7
8178 1063 34
3517 1610 60
162 6788 32
5418 3460 28
3506 7175 7
8015 8789 71
7385 4566 100
9421 3862 7
258 3330 88
77 6686 93
3653 3758 86
223 3684 25
1230 6965 83
4920 2414 96
3229 9655 90
7674 4480 50
3254 8738 45
2091 4345 50
5322 4020 41
7303 927 60
9368 6334 25
7491 6838 25
4020 1875 91
6360 3516 80
2637 9134 17
5855 2729 99
5913 1523 70
4358 3898 4
2775 7693 33
4169 8355 40
750 6583 45
6972 6953 2
4969 8658 1
947 5467 3
9147 7291 26
6228 8893 48
6182 8592 35
5877 7134 65
4545 6455 57
8608 8218 73
2797 1197 53
2423 6452 67
6687 9010 7
2492 7172 34
8884 9080 37
6202 6692 58
8245 9497 21
9763 1110 45
2804 5333 42
6204 171 47
8039 5776 33
1311 2816 59
4198 843 73
1196 2776 81
165 2232 78
4213 9813 17
3980 5520 12
7770 9131 54
3705 5251 70
128 3829 20
5105 2132 58
2212 5486 100
8339 2516 37
8860 1096 59
5029 2459 64
4044 691 88
4977 5530 28
23 956 81
6371 1871 58
4974 816 56
8002 5375 64
580 9744 70
740 6933 77
9825 1607 75
6348 6028 12
5680 4208 15
2217 2159 95
6764 970 93
8491 175 17
3321 5107 87
6516 4979 8
3852 1359 79
7964 2001 12
2395 6035 23
8952 6106 17
9218 5168 75
3387 8497 23
9309 8572 61
1234 540 82
8515 2117 76
697 5317 12
7004 2648 39
5751 9145 60
3706 1541 16
2209 9490 27
9878 1066 70
4430 1595 79
2417 6426 22
5084 6554 6
8618 5385 30
9936 3371 40
6785 7203 54
6611 9334 6
9327 9342 20
8431 9314 43
2741 4736 76
6292 116 100
1138 849 39
9349 5346 75
9302 40 69
4104 8627 14
5012 5520 66
7118 6835 34
1539 2974 7
9556 4525 15
3252 4304 73
2423 7554 31
4511 2501 83
2445 5572 96
1097 6025 54
9016 3847 98
752 9969 66
9488 5729 80
6370 780 30
447 567 16
901 1584 41
4946 6649 81
5762 2087 100
9790 794 38
9464 7047 55
6485 49 36
8358 8348 93
8599 5901 34
197 1441 63
5196 4596 95
9753 1342 49
3526 7179 7
4346 7045 50
832 6754 46
7515 1886 2
3631 1464 44
5616 2006 53
1187 44 79
717 9284 19
5113 1198 81
6792 3168 43
7924 3661 58
9409 80 11
7563 9836 46
1898 4881 42
3763 3851 51
5472 6290 78
5253 3468 32
3706 661 79
7799 5135 73
5211 2920 87
4625 5748 52
3452 8454 23
1709 5233 28
9767 40 19
5499 7615 2
2378 8324 87
9619 344 38
1187 8590 21
9310 1485 11
8740 7520 87
5621 3985 39
3211 2424 63
4225 9433 62
1608 7742 90
6631 4990 69
4594 3615 28
2576 2553 59
450 7212 78
2884 641 37
2764 8455 55
7087 124 76
6469 5325 10
3302 6057 32
9227 4554 39
9788 2351 39
6379 4650 88
6341 3053 13
7547 1377 23
3955 4721 61
9322 795 13
1237 6823 32
5039 4196 92
5111 2184 87
5655 3841 13
858 9203 59
1597 388 73
7567 2451 34
6608 8487 39
1743 1943 11
7416 2518 27
3182 3058 95
581 4441 97
183 1349 38
8573 1618 37
2039 3347 66
9751 1893 36
7170 5120 34
2225 3836 61
7857 9871 27
3188 7617 43
5539 7660 76
2696 7442 20
166 5108 19
4609 6988 17
2737 5770 46
2201 7654 76
8673 8180 80
2057 233 92
6844 5618 31
8881 7342 52
6904 4062 64
8870 2201 16
2226 4257 45
1269 9545 84
1192 6588 86
9214 7207 59
6722 9077 60
1869 2019 80
1472 4061 70
1392 4393 7
5231 3991 1
7422 3581 73
5487 6613 62
6831 52 61
8217 489 23
5622 8614 86
7329 1794 86
559 9792 79
2120 1008 17
7549 6318 70
839 8351 44
2318 5726 13
7001 2132 48
1274 8540 8
9255 6639 15
116 5399 55
9469 4262 81
9588 3581 69
7956 6850 56
5982 6134 23
8976 3314 46
251 9199 68
1965 8012 89
9112 871 57
6614 2773 44
9382 4334 62
1851 424 39
7705 8561 43
668 864 77
1487 5102 70
9846 5734 15
8692 898 74
3117 270 62
1644 3962 88
3961 3517 45
7708 9977 80
5027 2835 51
6127 7147 4
9927 2173 87
1304 5897 60
737 6695 74
8848 6332 81
2589 452 90
2040 4587 51
6621 7809 61
8474 6397 13
5338 9108 66
1846 1956 97
787 407 99
3780 2502 56
1067 9874 40
4305 1865 80
2407 628 33
4417 6014 85
2010 387 57
598 2495 48
2602 5115 5
2154 971 16
1929 1603 53
7649 3991 74
7264 7133 51
9498 8764 73
4795 9126 8
2563 8713 69
8017 9206 27
1659 4581 84
500 9891 27
8067 384 22
190 7005 10
8303 7146 22
1281 3021 75
282 1590 66
4629 6395 69
7234 7886 43
8330 6772 2
5658 560 86
6952 539 54
3487 782 41
5478 1436 82
5216 524 99
4634 7715 72
10000 6089 96
3903 7980 27
6122 3017 96
1083 1379 90
586 4738 54
1527 8906 23
2138 4152 52
5205 1436 84
728 601 89
4266 8949 88
4668 2897 35
5351 5938 54
2471 8949 67
4502 1492 25
7012 6552 7
433 9398 43
6338 2326 2
6695 1070 77
2940 9056 86
6481 941 48
2351 5354 12
3383 5705 21
2349 720 2
6061 3429 45
1114 3725 33
7445 2663 31
3885 549 14
353 6122 97
1953 3814 34
4516 910 11
3896 3591 96
1306 4340 18
3536 1983 73
3751 5575 61
2401 5728 38
4915 2100 15
1646 7444 99
2780 8586 43
9099 8153 81
5631 990 12
4616 335 17
5862 1576 61
4563 2455 67
2504 1897 50
5117 3954 99
5998 2921 15
8145 4517 49
455 1317 100
7386 3894 4
5531 3303 86
1999 483 37
8180 8077 5
2151 6403 54
8768 1658 5
5082 2990 56
4112 1294 59
2801 8096 13
4551 2694 85
7607 4769 94
2384 2454 16
3193 5501 82
5069 419 32
5351 8876 41
6220 3073 67
5278 2094 95
2061 1820 10
8750 2212 35
2551 3120 62
5239 1323 56
5808 42 82
2337 2667 65
1905 8747 34
7859 8789 96
644 9506 3
7775 3152 17
2267 5113 62
9669 2730 56
5788 796 61
4785 9641 38
8826 5613 64
4874 3644 12
5224 357 62
2325 9071 70
3840 2867 52
798 45 100
518 5144 4
5383 6106 27
8518 8124 43
9134 6751 9
2888 7881 93
6817 6750 87
7341 151 36
6815 3740 8
1367 146 29
8069 5493 5
2679 9649 25
1711 7073 30
5512 9554 27
953 5230 19
6912 8559 84
5450 8687 29
9500 3955 3
963 6630 78
2706 8777 74
97 3315 74
6702 1979 2
9382 8789 23
5225 2249 16
2038 6581 40
4760 870 47
2316 5884 35
8643 2037 84
8939 2976 68
2614 2449 37
5636 5933 50
7980 9097 23
3372 1153 78
559 8794 69
5645 9162 36
1368 9465 77
9786 1411 95
8160 2919 34
1684 562 16
3793 854 73
570 473 80
5418 8644 58
6027 5016 69
3571 8910 10
2158 3533 98
2175 834 19
9435 2550 17
6885 793 24
5586 4200 2
3288 9372 74
6187 7601 12
6298 2562 64
2105 2770 27
1818 7452 99
1873 6478 61
5161 2691 90
7353 9164 50
1578 7262 97
8842 9669 16
5353 6053 16
5317 2027 42
2541 3475 24
5525 6564 4
3856 502 76
1402 4182 56
5828 2537 20
2053 951 46
2637 2731 17
5565 8067 13
2999 2793 40
7014 822 38
6275 5529 42
6963 6607 38
9776 7297 44
2527 3182 36
9672 3103 87
465 2364 47
9819 6931 11
9258 6323 58
95 5991 60
2629 7647 96
7148 5406 99
1936 70 76
6066 1756 83
9188 7513 55
6241 3596 53
7913 1107 72
7363 7918 29
9958 4789 66
9913 5853 40
1795 6046 4
2292 6692 28
9807 6900 25
5700 9314 94
1296 8702 61
8997 7378 68
5632 7013 79
9340 204 78
6277 7193 9
4653 5516 62
7342 3143 54
4196 7862 100
7793 993 44
828 2329 17
2177 1555 30
7536 320 14
3595 2655 19
4111 1884 95
7152 421 49
3140 8334 13
7359 3711 1
8436 5807 58
8315 6699 73
4368 4001 87
394 987 93
513 7121 57
9481 1105 79
8843 7300 76
3733 6412 28
8624 9362 5
3412 7355 72
7822 3658 67
4095 5293 71
7917 1468 4
6578 739 100
5252 5063 3
8590 6161 13
1361 1045 79
485 4340 25
1889 4620 70
9319 536 23
9329 51 62
3286 2872 37
1008 6007 53
5340 9549 23
2226 4271 68
1613 6463 12
3409 1994 64
1813 3027 49
7903 6781 24
36 1600 65
3761 1979 27
6387 2416 7
9774 5690 84
8061 8612 2
8779 5468 13
306 8697 5
8799 9592 52
2257 1376 13
8191 9132 37
6812 1136 32
4470 7783 17
7724 3107 60
8370 526 47
5222 1851 75
266 6996 99
7093 7120 41
4053 2265 92
453 1606 51
1487 1079 56
7906 8750 87
3113 2512 92
7666 555 34
2000 5976 71
5468 2221 36
1315 8787 91
6686 8272 27
3983 7089 24
9887 986 80
1580 4966 63
5255 817 75
4417 5034 68
6997 7462 45
7468 4017 37
8092 6223 31
709 7649 95
9267 1299 28
294 7416 94
1438 1240 61
6901 7513 81
6852 432 26
2551 4411 87
8200 2872 89
6400 9429 63
2117 1719 99
7931 1905 46
144 4320 86
8038 4533 18
1185 6660 79
6351 1681 88
5647 7173 99
7572 848 5
7982 5176 62
3198 673 41
8829 988 70
354 2034 58
489 6590 86
997 6979 27
737 5027 11
3883 313 77
3598 972 70
617 4717 13
1320 5011 25
2140 7451 72
7050 2142 34
5275 2584 13
1636 2228 66
2111 3642 78
8548 9487 1
3834 3052 9
1815 9120 3
8682 8332 36
2665 8041 15
4345 2138 98
1888 6988 2
179 1572 29
2264 2446 59
6193 7770 39
7621 996 24
2278 5509 9
8750 8710 34
8858 518 75
3730 6614 15
4858 4744 92
8322 1980 20
7334 8727 52
1346 801 12
1663 5451 70
3316 1188 75
4558 3343 92
8268 8222 59
5676 1725 82
5794 4622 95
1327 6791 89
2896 5983 42
1912 552 56
6508 7440 65
4055 9498 17
817 2534 100
822 4959 16
3433 1328 79
8700 1185 82
485 8697 83
358 2441 20
4697 1009 30
5694 528 63
6508 2164 4
3081 812 100
8588 4128 89
3390 2002 31
7438 9870 26
6388 3229 100
8051 8591 86
2446 7969 54
2744 1456 21
4552 5415 46
7446 8800 75
2329 1897 97
312 7587 52
1088 4250 1
1750 4421 83
6197 4318 74
5767 4041 56
1852 2903 89
436 9719 69
3368 2331 32
1127 1038 55
5229 9962 52
4514 2197 28
1448 3020 57
9613 863 88
5186 1143 16
8969 7327 28
903 3454 33
289 1562 100
6033 4872 47
3547 418 81
5646 2550 61
5332 392 31
5577 933 24
2426 1798 77
296 5776 36
7633 3096 75
4423 3941 95
4648 358 3
4914 2442 44
9832 9309 69
2134 9301 58
8625 8703 78
2769 8240 85
775 1402 33
4444 7703 53
6422 1740 50
9811 5561 9
6058 284 18
3634 3678 4
4540 4704 85
6938 8081 24
6484 9943 39
5940 1479 3
1349 6756 5
8182 8937 31
3871 8709 51
2281 9994 19
3885 4803 22
834 4332 91
2321 6236 7
4932 2529 75
2647 7780 34
177 9316 88
6272 1439 82
2411 583 72
9865 4535 20
9305 5869 33
40 9752 72
23 230 41
2470 7875 13
3759 3256 89
9545 8323 48
9053 1099 14
8812 9870 88
6548 8643 58
9879 6461 79
1596 5882 39
797 9022 36
3456 7479 58
4909 4222 28
2055 442 100
7729 367 44
14 8082 12
9393 1092 51
7476 2776 67
1820 1893 66
216 1174 25
4079 5345 8
7925 8639 21
8892 7268 72
9428 8355 51
8703 5399 4
8630 2492 41
2727 1645 47
9422 3921 32
7416 3923 53
4296 8363 82
