3825
555 114 559
201 579 396
482 209 61
837 633 217
31 316 363
864 746 977
939 949 51
9 709 685
697 547 401
236 433 821
619 289 891
751 296 141
701 806 936
890 563 377
473 697 389
376 505 209
157 221 981
721 101 788
185 645 711
235 53 117
561 249 721
703 367 279
154 741 546
399 827 322
445 823 581
977 329 126
457 1 101
816 623 406
985 11 91
273 659 671
841 621 296
717 848 577
25 81 831
988 954 414
389 121 911
621 793 732
226 57 296
532 638 846
537 601 131
927 490 297
671 80 773
367 606 38
179 404 984
694 389 977
716 627 801
563 649 673
213 261 729
385 449 800
380 919 51
121 681 505
263 467 254
326 226 409
462 556 681
161 1000 121
369 855 333
535 977 574
727 126 191
977 207 616
493 450 206
441 761 559
210 129 374
897 921 407
792 689 21
425 33 715
229 359 151
181 89 770
619 587 7
361 589 327
613 713 807
37 925 71
937 667 117
225 470 166
857 146 397
422 801 841
943 141 267
825 951 936
649 187 682
251 841 31
338 453 609
641 921 481
410 151 37
321 561 721
711 208 401
131 539 361
458 865 505
851 502 218
715 201 445
157 473 815
631 514 545
376 587 511
871 552 409
501 764 608
636 605 641
185 373 373
76 856 223
219 685 501
333 73 369
65 129 581
531 946 273
523 599 720
307 707 609
837 441 234
179 661 501
553 441 930
693 736 752
449 117 481
537 289 596
827 801 613
181 419 471
693 235 163
457 963 912
841 971 609
347 721 247
292 259 69
853 788 480
361 258 129
491 73 591
481 234 244
401 989 393
501 433 945
273 831 395
329 465 822
907 295 575
101 655 377
181 281 113
570 731 646
911 479 366
351 374 631
713 883 661
701 106 319
81 161 148
39 481 231
849 817 237
479 251 901
504 836 127
466 431 789
364 708 697
209 933 747
833 465 267
854 438 626
953 401 621
503 721 657
296 6 699
186 836 241
537 452 203
403 1 866
845 77 521
961 21 325
481 890 216
279 351 795
753 885 493
701 129 333
251 897 76
471 729 905
209 561 957
431 273 721
578 777 751
41 254 949
701 726 139
301 939 517
841 73 609
930 141 5
973 83 876
305 129 477
336 138 17
627 469 841
135 993 898
48 501 89
328 52 925
969 178 585
611 417 760
165 945 766
636 69 961
697 852 891
661 753 529
213 989 961
89 394 172
643 557 325
548 319 251
381 755 236
577 116 935
287 49 901
492 265 937
295 409 121
918 985 700
913 524 342
819 601 153
593 497 822
87 669 788
17 185 49
767 421 737
325 522 935
961 31 546
887 265 811
785 761 503
45 149 991
907 101 331
353 716 237
991 653 806
757 506 442
449 541 428
669 473 553
495 180 463
280 157 921
105 537 732
161 761 703
581 808 375
55 698 701
761 121 561
520 977 9
137 171 637
811 655 551
406 740 209
223 810 291
473 711 107
952 969 187
884 427 361
547 242 264
29 931 670
51 800 730
151 561 81
217 721 119
501 481 771
565 385 321
754 382 605
299 321 376
338 493 325
191 801 757
9 465 18
268 705 721
244 953 63
874 649 197
487 475 749
345 101 216
189 450 720
696 543 217
1 241 901
677 73 871
522 409 581
66 611 737
273 876 241
201 37 161
431 948 343
108 17 206
589 481 545
82 381 89
593 113 300
553 813 673
320 10 245
335 361 351
921 425 107
733 986 801
908 620 838
711 901 978
271 521 626
271 436 627
59 689 481
576 215 439
311 295 636
837 133 36
556 305 270
301 501 881
892 769 41
97 493 723
938 831 849
944 419 109
735 89 617
313 9 308
1000 601 903
69 503 465
501 636 81
569 137 561
217 993 265
297 710 57
626 281 386
841 1 201
738 427 575
973 123 300
181 486 865
391 205 949
521 265 844
557 293 797
281 513 177
419 671 193
929 127 869
691 721 684
917 641 95
329 841 721
24 612 931
601 219 616
275 249 197
207 141 561
727 96 148
695 625 400
651 771 585
201 805 192
712 205 925
903 86 457
629 936 224
801 196 517
821 601 465
425 655 246
454 1 117
651 625 403
929 697 16
753 201 829
268 928 471
961 820 801
801 540 191
81 756 9
126 273 795
467 185 625
381 925 281
854 186 357
327 579 625
296 121 917
140 425 397
385 321 301
509 173 438
861 633 369
561 616 741
331 689 821
226 886 869
576 251 437
891 631 851
452 218 801
841 971 327
281 495 686
540 87 373
630 439 305
447 328 265
339 526 281
366 178 695
910 717 471
73 163 975
412 917 643
733 626 603
676 613 101
805 773 123
431 494 697
442 31 609
181 326 379
83 885 857
91 375 876
457 221 939
241 473 705
456 913 668
887 540 739
265 725 551
218 721 186
911 636 493
355 953 919
357 275 145
727 11 837
257 737 881
316 1 465
551 451 551
262 217 915
759 357 681
483 837 690
39 113 579
293 162 99
296 803 180
836 771 291
825 681 566
121 221 209
886 389 129
455 823 296
301 623 816
334 821 175
835 860 26
149 465 765
549 529 475
638 586 831
785 376 281
263 697 682
910 152 694
756 753 265
25 601 153
801 441 249
753 899 307
937 833 886
354 23 846
521 269 745
497 501 681
751 501 996
505 441 455
501 184 881
322 445 178
265 669 46
896 333 991
944 865 615
205 111 498
961 751 149
262 591 645
699 625 33
793 233 620
801 768 505
945 449 701
1 1 505
241 214 739
261 905 491
336 139 966
761 441 713
830 541 313
531 987 800
469 778 19
67 306 291
770 689 885
883 832 79
409 631 363
616 776 521
613 681 101
569 121 9
696 454 625
793 333 489
409 97 701
964 105 29
9 467 901
156 18 521
526 229 747
796 599 85
909 315 85
951 201 653
111 569 207
577 34 227
906 649 721
611 71 41
301 533 293
381 793 253
386 848 777
735 643 857
265 215 188
796 321 92
531 20 497
913 505 536
871 37 930
438 761 641
107 441 667
761 865 401
277 211 957
64 409 533
398 430 372
575 85 136
305 769 301
389 411 873
12 625 58
934 501 782
309 940 421
25 169 454
487 431 926
571 769 431
855 486 375
111 261 597
456 328 727
820 801 697
687 109 570
73 133 73
711 204 929
1 808 583
501 941 126
497 125 329
601 929 617
301 181 255
201 761 87
695 656 169
954 33 633
743 53 296
61 85 376
181 890 309
256 847 201
47 241 45
650 705 187
3 761 961
848 791 821
741 376 96
616 656 121
622 486 465
793 761 161
409 613 620
618 301 727
226 739 202
520 241 67
366 252 126
450 740 615
243 136 53
613 809 890
101 6 509
509 483 396
301 358 11
302 649 760
429 991 707
190 625 843
537 482 513
589 171 185
41 31 474
144 591 376
751 541 35
838 537 665
751 805 150
203 165 928
218 361 751
246 978 297
961 709 891
453 421 209
457 33 601
736 465 369
727 583 441
513 121 336
768 501 129
461 256 455
224 841 208
683 467 786
526 111 721
344 234 790
530 307 537
187 376 590
166 2 688
236 301 23
932 337 751
741 869 381
644 531 417
371 301 207
39 431 191
439 104 857
604 743 746
559 721 133
716 241 541
527 601 923
470 604 393
29 77 867
721 237 789
498 709 661
765 111 673
449 721 575
621 19 897
623 980 389
67 271 913
905 862 241
221 808 497
489 461 103
621 661 296
461 277 161
197 316 465
92 686 929
881 768 981
767 504 851
405 117 728
68 777 891
121 854 753
269 76 141
501 73 891
441 665 697
768 477 491
817 855 491
741 585 449
913 959 968
335 511 759
671 607 37
201 73 159
201 934 504
498 121 384
893 269 637
519 401 849
117 691 207
594 752 624
671 776 976
827 45 736
921 641 583
493 901 583
161 33 743
335 535 83
817 804 525
870 467 39
223 625 38
841 755 605
541 825 211
533 424 171
559 721 395
589 241 645
356 295 527
586 305 731
792 731 850
547 477 161
806 593 849
158 253 281
208 205 751
361 577 481
247 204 853
560 953 665
193 899 638
250 801 906
26 140 937
791 241 890
453 759 276
217 73 432
87 545 3
723 214 365
601 716 437
376 368 465
909 339 37
236 119 393
817 17 561
591 276 1
171 583 896
61 475 466
574 896 581
401 721 276
593 793 741
976 61 501
894 111 369
169 361 204
851 598 301
837 147 496
633 897 263
713 876 607
895 425 521
889 221 513
517 421 116
761 983 14
210 465 96
189 483 209
127 946 422
557 371 741
174 524 808
441 431 165
546 3 793
630 193 57
815 473 41
299 426 62
4 751 826
366 441 168
12 209 389
977 553 726
761 451 461
246 907 629
469 721 345
689 479 501
541 336 725
545 910 241
521 433 412
787 760 185
888 608 641
955 527 77
387 371 2
423 41 549
921 969 697
659 939 1
473 409 360
321 955 61
581 191 447
76 201 117
485 879 245
479 826 677
623 301 511
210 143 825
623 337 801
951 341 136
469 411 29
409 113 629
449 891 332
501 127 441
222 725 751
138 844 245
463 803 801
49 17 127
441 809 123
209 936 561
415 531 881
433 467 985
182 446 711
381 61 673
553 261 115
981 917 815
5 757 761
202 251 671
219 361 46
625 835 921
843 584 676
637 30 543
219 553 619
296 823 521
425 373 449
541 103 97
371 457 53
785 169 771
881 201 870
649 771 948
131 201 669
1 193 971
699 153 466
936 361 964
871 261 617
126 393 465
517 681 121
405 901 451
485 229 914
665 755 609
910 389 489
587 87 881
929 513 823
265 26 281
33 661 577
350 721 153
377 205 751
385 503 321
677 754 176
809 877 713
257 61 891
91 919 721
496 510 485
718 481 549
324 523 691
221 421 225
801 621 499
771 641 732
605 237 301
877 480 782
574 436 96
893 435 152
260 317 209
465 926 211
280 579 23
401 282 648
845 53 599
168 394 841
901 981 874
881 751 276
913 782 397
13 227 564
851 332 918
279 565 241
201 391 1000
325 592 293
783 281 145
105 19 367
202 477 976
521 769 201
269 486 674
113 263 905
888 281 305
914 953 501
291 651 628
593 441 601
355 539 155
201 641 141
41 21 536
841 137 882
123 385 601
301 588 264
272 860 856
562 576 3
921 513 728
903 417 562
677 94 581
601 849 246
185 201 401
351 389 101
391 128 741
249 771 221
111 665 657
189 801 328
940 481 577
229 285 277
349 81 421
749 877 141
54 416 951
964 176 673
635 517 527
761 464 911
61 693 525
353 986 176
433 69 374
63 737 426
801 464 178
813 729 281
177 251 141
792 601 25
81 785 877
107 173 863
953 550 571
978 701 128
652 419 185
241 579 401
335 241 381
276 35 198
829 226 897
551 857 401
89 916 106
669 27 953
825 493 509
184 105 227
357 973 171
514 991 833
229 183 212
440 481 901
737 238 173
448 506 756
569 369 251
172 201 353
968 577 160
929 977 955
959 131 291
196 1 241
353 821 113
233 661 854
361 789 613
832 643 1
529 817 509
720 837 357
513 981 475
441 771 193
249 811 574
771 531 373
981 631 237
225 305 657
783 339 681
900 53 31
305 833 701
801 501 809
823 299 11
681 140 37
441 962 665
816 841 965
297 256 501
463 865 931
261 511 155
409 474 951
585 309 480
303 981 588
416 797 81
701 671 37
681 181 606
617 563 434
537 359 101
649 586 945
561 87 418
5 746 855
343 36 597
706 401 307
345 92 593
574 219 441
889 909 221
304 925 962
572 701 450
653 858 936
301 13 921
205 867 489
129 89 796
151 617 161
281 681 717
17 323 776
524 866 151
737 934 959
825 81 481
109 362 303
13 301 799
697 158 411
769 101 448
917 141 751
756 195 1
656 121 433
760 844 979
881 451 701
5 98 322
701 48 665
212 577 252
517 485 199
22 673 884
827 677 626
253 254 633
582 929 163
141 738 40
501 1 791
131 149 556
197 776 331
401 949 29
912 113 639
72 941 707
981 156 29
489 57 105
13 520 310
55 906 835
461 546 837
801 406 33
663 530 897
77 929 863
952 673 673
865 677 1
176 889 195
337 174 821
221 1 104
200 84 306
901 48 33
191 848 76
585 341 505
465 37 691
907 51 33
99 997 291
521 382 211
816 963 50
229 833 324
117 906 260
827 723 806
29 526 471
49 313 791
625 797 9
273 524 988
307 889 17
865 625 291
137 415 668
141 77 424
375 696 706
229 97 961
731 297 105
921 161 281
1 73 385
178 739 81
37 257 325
979 901 271
17 143 233
32 707 233
241 453 29
191 541 61
379 73 366
784 856 995
787 103 168
224 345 361
329 76 749
601 86 826
770 313 491
117 320 743
155 183 870
509 977 719
344 645 778
761 872 833
591 1 749
16 588 927
210 389 505
919 901 24
201 810 877
725 561 178
121 332 765
248 451 735
527 818 57
47 33 647
591 737 208
263 869 143
130 653 802
673 457 858
945 319 811
701 160 811
351 346 473
685 941 832
886 139 376
459 857 601
468 569 601
527 985 444
91 113 817
606 472 615
817 921 705
206 19 351
233 261 537
708 33 994
369 222 62
387 699 549
401 267 638
311 249 613
905 801 88
401 417 793
921 39 301
1 541 917
477 369 335
921 311 363
927 737 219
289 153 761
659 65 529
255 175 891
841 612 671
837 271 440
636 585 109
892 786 152
469 761 311
40 465 345
685 629 532
145 289 333
723 673 517
71 633 1
131 375 27
148 565 177
449 349 533
257 958 935
930 109 695
81 97 953
751 87 11
985 934 281
857 89 545
649 884 665
378 569 285
19 165 471
846 598 81
253 225 367
769 835 139
761 238 591
481 781 905
966 501 281
821 441 343
79 192 952
356 228 37
489 554 793
291 459 926
351 251 193
876 954 465
140 961 168
143 553 421
517 591 901
297 407 626
19 623 817
888 404 227
77 516 951
485 429 301
771 816 257
487 712 84
696 57 519
275 776 681
171 617 211
289 576 301
283 561 201
678 305 318
337 354 941
685 279 477
601 28 418
195 321 585
297 250 45
721 529 707
823 26 11
971 865 59
631 197 697
525 293 238
175 901 718
185 7 749
405 166 251
76 891 1
31 281 485
593 56 1
265 501 521
945 319 811
614 145 805
145 69 9
193 984 675
761 501 657
965 809 694
713 167 611
1 881 449
1 16 681
756 505 294
916 575 978
544 845 9
904 234 281
633 573 884
421 934 101
921 745 12
1 161 329
901 825 273
101 697 365
736 236 495
72 369 267
939 705 699
929 813 729
329 527 473
593 145 661
591 833 241
709 541 53
517 617 41
853 117 537
293 352 46
777 883 115
777 544 517
567 633 622
106 306 309
601 859 308
917 561 514
393 261 129
39 786 457
661 409 177
796 787 164
345 601 1
25 294 489
233 705 297
666 166 73
361 246 505
279 239 236
829 239 711
113 895 993
101 29 375
441 787 45
813 936 711
105 408 925
4 959 251
827 251 431
913 599 361
30 156 775
677 521 684
426 581 192
58 650 616
391 825 451
846 511 697
506 830 536
484 197 341
899 662 697
728 265 937
867 621 111
240 763 101
720 385 95
97 291 297
451 649 931
837 121 641
272 723 799
757 13 674
201 328 878
497 625 837
297 71 664
557 925 366
341 735 607
713 734 680
485 826 525
833 96 593
909 41 593
842 257 231
945 573 393
779 318 611
329 855 353
365 633 439
465 213 871
41 146 953
727 876 801
206 487 257
43 831 401
29 201 476
159 951 380
297 718 960
136 730 141
269 11 360
33 17 351
641 206 301
993 418 39
129 765 30
581 209 83
30 239 880
395 461 676
786 152 180
595 505 695
825 723 695
251 439 177
687 971 952
974 545 147
411 556 978
314 392 830
962 808 183
641 949 275
776 614 786
534 501 727
5 976 683
507 481 290
160 179 51
109 573 197
743 171 707
921 283 109
865 606 810
141 252 801
565 243 523
713 413 605
621 485 831
171 157 945
117 607 932
901 498 751
681 952 1
801 937 298
957 106 449
269 461 152
941 511 971
711 841 234
84 641 68
768 111 490
537 501 324
906 419 44
657 249 736
651 441 585
601 356 430
251 521 601
324 721 235
745 765 60
39 805 279
736 684 649
573 156 881
209 681 447
911 724 741
269 536 945
233 993 873
721 651 966
541 459 726
497 901 481
411 9 217
817 943 185
466 597 973
255 257 963
298 19 461
865 327 16
294 57 895
691 783 689
766 379 881
456 381 926
259 616 21
315 501 980
780 101 609
495 961 391
409 877 575
421 410 451
478 441 241
649 436 621
4 521 431
734 809 517
633 617 87
49 551 505
898 121 978
280 937 269
895 35 415
379 690 129
626 726 167
180 205 391
532 760 561
896 831 389
995 311 321
532 361 222
307 377 241
654 165 496
703 703 630
709 234 931
247 269 404
463 893 961
153 93 201
479 467 421
501 789 537
21 874 546
707 751 681
437 389 204
753 726 865
45 537 722
706 761 893
776 61 999
969 492 297
916 873 283
47 849 921
705 817 921
226 541 994
81 376 486
667 711 76
601 33 210
692 433 351
513 191 381
365 849 234
447 899 829
943 456 194
961 512 51
657 591 365
407 363 991
851 897 589
965 681 137
512 346 659
148 317 39
953 531 385
913 565 828
765 12 159
931 56 961
532 561 751
521 160 363
433 341 41
741 999 560
93 272 169
537 401 241
843 81 876
676 281 1
1 579 899
75 187 876
851 551 201
503 965 171
326 33 1000
131 111 583
746 421 183
709 98 192
901 480 569
200 117 85
25 671 241
241 821 823
79 1 575
591 191 3
781 281 609
201 133 180
613 89 815
759 185 841
221 185 930
547 917 281
465 517 569
591 70 775
355 27 206
826 81 469
157 153 152
569 545 621
353 273 381
265 701 933
223 684 571
435 951 901
512 921 681
747 297 181
558 692 582
616 278 233
71 985 825
609 789 459
617 657 505
551 426 825
28 901 665
536 389 252
625 49 347
766 342 263
266 731 375
399 529 321
69 461 426
503 81 272
350 382 530
305 789 467
205 401 181
331 551 534
479 354 933
137 540 369
27 653 345
525 156 769
976 21 815
61 829 561
301 906 201
173 451 27
49 581 865
477 379 505
43 541 509
179 417 707
153 654 107
52 721 645
921 825 786
659 860 433
679 265 11
49 181 339
101 209 122
365 934 951
936 556 809
361 361 841
377 305 281
434 16 221
21 885 657
63 789 713
965 359 73
973 881 849
533 832 333
837 298 521
216 257 249
354 401 624
233 175 456
445 78 298
617 125 116
761 241 537
603 946 874
441 679 285
417 784 276
267 718 557
733 767 145
853 992 825
118 969 157
399 475 518
53 596 23
269 634 526
305 653 305
602 620 273
289 933 613
985 281 108
131 609 609
537 269 259
501 641 461
101 481 517
37 22 647
818 825 13
1 429 185
802 806 876
849 561 787
358 732 185
181 180 921
486 622 865
611 927 773
401 339 704
557 494 913
873 826 21
147 36 201
526 222 481
349 657 165
740 71 541
989 956 193
966 457 97
35 873 921
348 573 939
981 776 261
125 631 137
201 206 349
1 807 305
652 776 42
117 3 397
65 857 823
744 521 201
330 913 837
754 281 543
37 821 172
446 681 296
107 128 557
65 291 841
937 296 403
406 63 126
869 473 818
44 570 242
653 851 681
386 109 466
341 403 806
569 857 721
289 75 347
976 845 437
393 26 709
18 701 453
490 865 753
236 793 413
329 321 258
905 691 186
871 885 889
926 446 63
286 801 399
47 519 689
529 907 681
881 476 737
259 301 413
461 963 189
44 777 87
405 883 41
251 641 896
80 861 171
785 121 51
560 841 121
15 751 345
826 736 17
171 3 732
851 126 587
612 216 773
501 561 585
101 109 958
561 945 311
312 177 769
546 321 261
331 414 61
159 649 783
528 646 632
825 693 162
619 601 33
219 120 649
643 611 409
722 85 999
78 301 796
26 283 495
493 241 185
701 716 265
521 921 434
551 297 91
676 313 233
825 447 554
171 347 675
821 801 721
481 481 845
841 673 244
869 989 329
396 15 681
619 721 929
493 75 925
963 216 993
397 651 641
537 329 961
177 416 611
357 849 299
169 577 593
265 407 607
646 930 496
77 181 361
939 146 246
287 53 937
417 900 933
257 581 838
391 866 631
781 493 623
739 530 516
1 355 855
535 206 891
305 382 787
893 966 293
306 153 129
426 347 905
281 638 5
617 497 183
549 811 301
661 976 955
287 947 936
922 101 281
833 897 471
541 201 586
313 163 3
889 873 545
105 673 464
361 653 509
769 201 693
781 312 641
809 1 267
836 169 421
461 853 173
665 355 65
501 818 819
521 929 969
196 698 206
250 956 967
919 553 592
926 17 514
361 471 361
171 929 883
401 276 685
873 921 911
206 760 625
383 2 361
419 42 393
973 481 623
367 341 711
851 221 739
76 843 801
297 250 226
398 531 387
595 239 876
683 709 353
497 49 288
626 899 911
169 737 321
771 253 727
87 281 411
697 479 921
398 145 145
380 69 391
598 481 681
57 677 129
381 597 965
1 491 32
211 683 533
661 943 818
945 555 703
421 803 251
445 421 119
289 241 801
623 649 221
385 265 401
890 636 421
9 744 345
303 255 961
788 516 853
145 225 641
295 725 956
670 891 248
389 606 791
766 187 6
565 848 751
865 896 959
51 185 157
56 781 624
631 579 731
41 251 223
841 892 305
190 241 729
303 851 61
257 699 367
833 911 989
466 345 671
299 606 176
281 751 126
653 978 401
793 232 598
510 956 401
453 867 673
338 1 125
927 994 738
385 76 723
17 261 905
443 741 385
301 725 417
136 185 49
956 798 290
41 501 179
969 767 519
621 657 617
136 265 424
1 242 663
881 68 623
251 601 857
411 9 52
101 407 693
553 51 205
867 849 207
481 321 521
865 485 1
81 809 602
82 533 445
945 745 125
354 691 615
17 711 429
461 627 392
546 915 184
1 617 521
303 918 451
235 216 221
617 719 875
161 841 327
401 621 761
921 337 475
309 29 227
707 695 69
143 1 969
276 613 471
551 911 1
953 773 316
325 571 147
133 745 797
85 605 869
521 281 811
829 215 810
577 635 869
351 149 141
601 921 24
753 497 201
241 401 251
961 994 267
797 646 581
611 996 1
65 466 441
641 668 760
230 177 193
47 781 953
297 69 769
736 298 588
443 163 100
641 18 208
1 377 13
61 281 697
760 537 41
801 11 596
210 59 726
676 247 301
76 51 443
801 389 205
607 48 451
990 311 760
961 673 793
301 817 921
841 981 809
381 125 609
378 656 807
577 52 519
697 241 884
732 857 216
465 347 389
966 868 120
356 525 351
190 693 865
406 946 429
741 666 40
596 601 873
873 666 877
803 212 955
557 826 751
992 662 609
57 701 85
841 321 721
61 127 260
640 520 318
95 61 286
360 641 528
129 656 497
541 884 581
633 371 201
507 371 901
569 425 465
449 145 993
133 144 328
225 473 921
377 121 242
362 675 727
896 185 710
974 904 117
688 919 165
829 243 266
271 809 662
53 137 405
216 541 657
613 101 225
585 207 791
504 445 34
116 81 403
703 657 61
211 841 1
455 26 9
91 53 856
661 610 82
962 479 113
635 137 341
77 41 121
81 231 583
896 792 421
601 464 744
333 815 869
273 838 707
469 419 405
192 125 881
301 682 239
399 853 353
161 703 181
257 784 25
435 403 877
757 401 111
699 751 1
815 879 769
223 691 485
1 174 783
936 819 751
525 695 436
880 449 841
881 894 739
92 287 424
976 341 485
746 171 492
731 748 441
581 876 961
129 601 422
65 321 521
779 625 776
491 239 888
155 347 97
1 26 729
401 364 13
955 726 721
777 601 281
121 317 147
341 489 423
571 153 493
559 164 63
683 813 325
813 894 727
973 451 833
418 729 14
329 984 309
441 969 821
767 533 53
2 831 39
1 1 201
881 426 777
921 81 329
765 569 21
177 81 26
336 477 855
76 681 26
608 264 623
134 503 471
618 956 681
721 45 459
781 124 11
546 538 949
966 929 256
281 969 337
275 491 173
101 155 407
911 395 943
452 26 62
58 77 937
153 317 37
781 591 668
89 541 91
175 361 664
41 51 877
775 336 661
201 821 761
659 601 341
953 601 16
23 672 163
875 815 963
951 193 881
969 41 697
985 231 129
560 323 961
872 8 793
381 161 912
961 851 868
963 777 646
901 537 372
913 940 378
127 863 151
737 581 107
233 53 624
937 801 33
889 581 499
315 673 89
489 437 745
526 711 736
898 81 906
622 939 267
533 12 720
930 461 11
441 814 12
411 753 79
641 351 93
513 146 275
821 516 427
397 70 564
413 91 151
679 2 887
273 797 873
365 31 441
688 475 113
211 771 216
862 886 119
373 993 421
561 225 301
192 731 772
46 49 763
371 9 951
416 165 321
953 417 565
246 331 97
649 491 2
494 473 721
264 591 428
31 877 383
965 596 654
905 995 93
745 965 3
9 842 381
703 97 337
881 678 465
451 311 752
344 823 151
737 485 985
257 676 701
225 790 401
501 653 941
376 27 725
521 52 671
521 221 7
851 717 501
169 709 705
940 597 969
690 161 41
667 112 201
725 199 821
161 241 89
993 305 289
897 498 526
909 501 762
301 825 961
615 571 147
795 198 550
135 337 661
465 282 949
357 96 874
837 192 759
755 958 704
333 843 52
240 198 241
29 67 663
1 625 807
389 698 609
151 773 380
281 53 807
631 497 5
745 749 188
345 601 223
539 593 503
399 221 649
67 249 963
951 817 268
961 365 563
257 839 203
945 344 833
852 967 735
981 662 307
249 220 105
951 961 698
661 180 29
626 641 551
752 755 817
611 765 929
501 189 69
221 853 150
318 601 510
857 447 641
281 327 623
255 965 721
100 797 744
141 495 257
193 451 925
800 257 549
997 11 29
591 43 30
936 241 801
26 857 501
959 377 236
14 833 193
351 121 405
778 880 947
670 897 771
617 507 564
113 858 638
841 765 497
69 348 831
983 275 367
139 593 846
49 221 219
841 769 561
286 561 98
246 907 496
903 778 705
973 702 768
241 717 954
56 647 761
366 211 465
501 490 499
523 646 91
21 176 544
361 214 829
720 9 481
496 463 401
549 923 51
941 773 543
481 361 496
229 551 119
32 529 805
737 337 466
581 513 765
69 53 551
71 301 891
744 433 239
53 633 936
149 931 886
295 717 993
41 360 41
625 338 5
481 505 819
499 21 693
451 447 577
213 885 571
113 153 455
976 605 571
525 431 441
385 543 100
312 596 705
501 219 536
426 901 606
107 937 77
676 81 273
861 930 441
77 401 771
690 61 421
469 201 815
116 239 991
639 65 434
974 93 716
993 585 139
497 726 731
617 297 263
404 631 961
657 613 865
788 639 714
220 321 84
915 393 1
937 119 555
497 269 407
729 753 151
263 321 882
997 189 937
313 271 133
761 73 709
143 365 594
852 973 618
916 687 825
681 862 81
599 481 669
201 478 543
656 353 542
361 545 156
814 696 476
439 925 267
281 43 651
752 231 241
855 773 888
651 161 7
665 706 419
801 491 713
63 781 269
565 385 41
157 407 221
429 380 193
101 441 337
135 661 489
33 673 462
41 806 181
885 269 451
545 720 405
5 505 240
469 683 385
703 968 45
636 954 1
970 876 587
369 847 811
945 757 573
655 523 316
213 232 717
263 641 59
207 853 156
431 202 941
651 183 997
275 361 161
869 313 89
491 543 753
73 251 202
847 576 414
451 301 41
741 271 481
41 57 857
353 927 76
909 843 704
428 282 807
590 563 651
417 153 157
457 209 177
449 793 77
27 332 29
901 408 837
319 666 951
921 593 661
513 485 945
251 225 332
889 773 261
417 25 929
484 149 831
89 305 784
481 951 497
245 371 113
217 931 59
562 694 376
705 381 241
160 577 613
231 742 241
569 297 525
606 217 205
376 601 225
417 141 910
701 1 157
144 693 645
756 630 4
46 11 989
965 673 169
633 398 826
251 841 249
841 951 521
969 575 313
641 25 910
641 326 514
761 681 801
913 760 369
45 709 669
587 238 348
268 215 345
581 187 385
595 761 596
291 447 195
336 877 809
909 601 948
208 107 136
151 391 1
800 505 465
921 59 373
501 488 120
391 211 789
652 436 686
805 461 761
808 619 949
109 277 201
429 584 329
649 172 337
789 501 614
199 113 206
452 95 156
833 793 363
121 251 111
733 651 505
913 601 537
732 429 965
411 263 858
769 37 776
729 313 198
111 465 752
491 385 91
961 509 831
386 861 685
178 25 657
117 881 660
481 730 561
191 784 787
25 202 609
186 351 126
317 399 617
377 905 191
465 587 566
581 854 141
102 291 189
665 336 51
347 473 151
436 825 331
991 140 215
485 10 537
361 457 627
743 697 176
881 160 963
244 569 897
202 153 233
657 61 945
468 531 985
951 926 89
161 37 554
423 793 129
255 625 443
946 682 465
734 989 393
621 205 633
101 89 741
342 315 709
745 546 406
60 201 931
926 521 647
541 225 631
963 27 960
958 986 394
786 857 409
921 796 749
485 711 851
211 601 611
146 707 494
503 801 951
148 818 331
751 285 437
231 324 209
821 46 438
905 168 285
873 637 860
736 251 641
809 693 911
73 846 501
161 198 39
525 864 295
529 815 976
506 173 14
990 751 606
305 620 91
677 807 477
901 224 409
151 636 753
161 285 145
321 259 64
241 551 276
199 497 775
904 751 831
161 832 773
945 796 209
17 976 877
453 441 616
62 686 825
831 754 161
165 512 986
753 396 912
614 797 289
537 599 821
877 226 531
654 901 213
71 11 577
537 683 847
528 961 589
288 561 126
793 151 271
485 207 317
521 23 299
841 619 51
305 691 843
641 981 649
789 537 172
386 746 166
895 203 40
6 585 169
173 956 501
519 697 411
281 181 493
493 625 869
148 477 662
301 633 785
489 522 263
501 231 523
281 136 865
573 786 99
88 401 661
719 985 281
625 869 897
817 861 687
971 517 451
137 891 965
149 526 291
449 585 153
487 115 141
117 208 101
251 849 817
965 609 936
401 173 275
671 101 411
587 737 77
833 179 842
431 593 157
241 185 189
234 421 651
198 973 517
23 305 698
433 261 28
9 933 49
497 751 695
491 751 615
679 269 49
385 259 173
305 619 697
581 581 993
929 477 435
325 439 109
354 111 719
176 884 515
800 171 109
673 616 609
341 436 742
327 214 145
974 136 642
289 836 86
959 965 881
856 761 115
905 81 289
856 338 376
529 169 327
493 143 757
692 401 241
401 736 757
827 661 769
891 445 921
151 377 373
151 685 575
33 261 589
430 311 190
339 358 926
257 377 781
479 885 1
516 982 402
36 65 536
390 29 551
471 481 603
631 137 164
907 241 465
687 93 305
577 915 846
716 39 619
597 154 327
395 558 177
446 621 451
337 826 289
36 848 711
411 989 491
51 801 633
201 897 391
857 355 209
557 68 1
385 979 655
9 215 408
913 277 713
594 721 561
77 721 481
781 1 645
397 307 861
561 515 557
941 461 669
544 141 607
294 496 89
237 501 121
681 953 419
520 276 999
456 289 909
226 986 345
815 420 84
849 319 770
925 70 863
1 952 397
321 77 885
653 521 611
75 1 468
474 546 525
975 531 871
297 913 802
88 941 286
172 261 943
177 601 911
727 281 823
252 553 57
208 433 944
55 262 377
251 743 323
159 279 361
937 803 289
462 256 5
802 8 406
141 996 272
199 751 195
985 189 573
921 565 353
361 284 88
701 335 821
961 689 801
737 416 361
125 81 741
817 647 233
209 789 265
641 353 907
827 941 78
621 195 471
315 486 661
696 209 727
6 900 701
223 297 513
219 381 624
511 234 317
643 81 425
761 530 681
494 241 817
201 649 817
651 676 982
276 993 198
446 545 545
147 841 209
212 317 48
317 357 251
811 785 207
417 179 196
541 153 141
201 353 865
837 893 462
246 937 117
312 756 475
325 416 151
961 639 361
497 436 907
268 221 698
331 578 785
493 961 17
1 1 767
493 601 241
281 441 737
580 605 313
129 537 787
266 631 830
588 177 621
555 1 336
633 533 593
313 382 288
857 419 604
195 637 377
119 853 139
501 707 855
756 843 464
833 948 837
731 105 425
955 459 995
553 40 536
998 149 665
105 333 159
257 401 833
165 489 839
471 49 969
146 444 741
832 569 661
333 101 881
751 906 681
139 29 281
878 387 271
519 951 554
315 453 54
750 101 181
166 311 369
9 17 703
557 209 728
600 579 532
601 25 263
809 337 519
466 550 817
453 182 994
491 761 681
405 625 841
719 409 159
833 621 441
777 493 119
869 511 48
588 431 775
745 1 505
201 608 386
51 993 643
211 457 211
76 546 385
461 849 9
296 620 377
303 815 424
873 527 391
471 192 953
193 65 999
809 740 463
516 596 627
795 41 27
529 254 713
951 437 4
233 761 579
69 267 892
361 687 185
441 655 51
894 622 201
801 121 105
741 385 705
221 975 641
471 761 405
267 861 201
687 451 71
529 440 901
802 74 409
513 515 310
424 241 91
535 477 341
283 827 361
318 346 145
253 65 622
287 393 97
73 489 865
501 269 226
169 986 722
457 373 685
213 918 916
671 81 281
437 265 723
393 696 883
639 433 977
855 846 231
106 492 201
521 810 376
369 229 706
561 959 129
241 653 507
752 370 69
184 226 282
460 721 537
276 853 121
605 481 721
908 273 301
407 11 141
941 686 926
56 209 181
189 116 601
265 541 261
849 694 213
193 129 687
241 134 55
458 806 65
436 407 677
161 533 441
973 13 670
437 945 581
567 950 389
491 576 909
625 301 313
83 631 71
791 826 571
433 457 16
973 301 779
121 241 591
265 591 26
460 601 105
926 509 69
814 763 791
711 106 241
521 153 152
876 184 126
457 328 537
995 123 478
937 501 219
746 308 141
425 761 751
905 595 241
849 881 376
6 77 366
531 935 505
800 95 968
414 257 353
639 487 445
751 3 362
827 659 719
265 406 40
91 789 439
751 770 731
55 201 544
867 201 921
103 185 478
121 966 883
889 215 901
381 941 288
661 1 933
795 733 426
433 326 571
201 74 785
489 805 201
185 397 897
361 16 311
775 149 457
311 27 377
477 498 787
137 405 501
837 27 833
715 299 4
761 909 175
898 785 354
45 252 898
376 666 21
729 331 561
82 854 65
841 324 97
2 888 911
975 291 845
376 421 77
425 381 794
726 68 601
249 826 231
69 681 497
778 93 409
220 809 379
287 872 818
131 701 388
713 691 244
407 876 24
242 841 489
139 551 743
151 881 163
523 131 701
769 345 265
533 321 129
121 546 977
897 787 843
841 1 944
849 901 947
666 787 132
541 117 392
147 946 656
529 889 472
396 195 558
77 459 204
898 79 394
85 41 227
99 734 381
100 211 945
221 629 841
425 601 719
784 315 977
605 829 749
321 739 27
835 262 453
86 751 239
633 328 301
161 552 867
627 691 15
887 185 93
513 761 214
553 107 272
220 859 48
385 244 417
379 809 937
396 588 661
726 635 426
997 318 85
144 526 121
301 233 597
213 1 537
41 381 366
217 361 671
861 879 490
276 618 441
993 713 877
561 155 861
852 621 356
143 221 318
721 529 126
938 301 731
545 176 361
501 385 268
410 936 192
891 757 849
635 141 344
381 37 501
451 57 185
743 225 489
385 539 351
559 121 81
81 433 846
189 385 946
41 36 316
51 701 523
519 267 689
663 44 917
426 701 929
413 302 833
359 361 843
441 635 610
771 484 286
601 341 443
252 929 594
220 561 656
371 693 201
496 545 821
153 906 593
753 332 345
608 809 71
301 238 288
626 208 226
533 361 355
753 47 983
591 633 586
865 563 551
653 91 681
1 944 562
731 517 238
913 641 111
427 357 945
601 501 189
767 466 904
201 227 754
441 768 953
296 216 285
605 601 161
401 457 846
965 371 793
166 245 270
169 225 251
877 953 346
471 871 792
76 463 11
751 761 365
985 905 949
395 921 333
227 586 611
285 901 297
481 895 446
165 351 805
561 794 426
365 961 500
473 816 943
654 913 535
978 389 939
945 557 796
419 325 857
801 877 853
331 256 694
777 120 561
137 609 945
457 521 883
946 256 150
59 621 657
539 5 613
602 333 421
351 483 271
787 57 533
697 61 749
216 395 694
561 433 217
602 419 961
463 577 466
126 7 465
965 709 809
937 861 39
979 201 329
957 289 846
569 885 898
829 657 490
179 742 481
563 916 866
869 801 543
679 213 623
526 657 262
351 239 27
501 971 441
801 557 777
177 921 959
43 721 811
324 361 901
141 978 105
827 937 821
420 601 551
428 129 45
447 291 647
643 83 81
131 590 751
443 564 522
789 645 966
893 493 436
881 90 537
265 181 629
248 901 349
719 658 839
216 290 106
681 641 305
955 136 125
73 347 353
733 273 362
813 485 201
551 318 104
633 277 161
61 141 62
132 959 865
125 572 625
503 649 891
214 646 784
121 69 435
830 367 401
876 2 641
210 100 249
831 793 975
600 526 389
921 957 516
351 275 457
676 515 866
949 349 566
105 963 7
509 826 165
841 946 89
312 360 729
539 617 51
205 326 232
150 531 581
965 27 707
881 520 354
72 399 198
276 232 781
681 265 236
81 281 201
845 905 775
392 716 811
731 585 465
661 331 468
913 797 633
426 596 820
845 5 472
38 281 60
101 495 150
691 352 173
300 561 360
151 729 331
317 882 281
351 423 75
789 481 961
827 157 957
496 907 695
201 510 957
177 781 864
195 641 635
801 793 812
321 353 49
329 409 945
377 192 901
27 683 181
701 554 69
666 726 191
677 381 916
355 494 101
703 853 583
630 717 498
347 34 273
581 81 615
401 997 972
481 906 469
473 191 170
842 573 945
483 214 636
1 497 481
159 700 352
389 716 794
976 1 585
245 497 181
467 17 785
57 395 543
171 737 235
617 297 364
689 76 325
39 633 177
69 976 306
985 767 440
961 2 121
311 461 353
537 49 889
69 705 639
356 216 947
513 1 531
201 969 821
61 521 458
260 834 491
205 25 347
289 451 252
84 671 982
571 3 577
346 711 377
981 757 123
560 916 751
977 41 302
623 953 137
537 562 569
645 881 511
210 871 673
545 375 306
47 647 601
221 225 826
297 167 958
274 485 14
976 281 217
201 126 281
987 685 309
364 139 151
51 876 717
591 633 945
949 421 530
790 381 132
204 937 951
633 54 145
891 921 961
719 700 5
928 21 592
441 56 371
501 321 209
88 526 499
711 111 541
678 381 33
761 185 251
665 93 649
135 951 829
513 450 427
734 665 577
308 792 569
501 275 409
849 837 294
299 841 735
898 641 697
803 635 38
961 367 374
211 171 949
535 986 361
401 976 465
801 961 771
690 401 813
301 118 641
747 871 406
586 468 261
945 279 119
667 886 131
535 837 193
941 272 601
737 443 943
449 625 730
498 252 713
645 409 985
478 641 81
281 490 458
357 257 6
871 793 681
729 314 621
299 153 106
843 302 869
178 206 461
305 688 829
251 26 813
61 65 188
793 313 296
53 805 201
251 129 946
532 77 576
729 601 353
985 901 658
355 729 565
961 437 581
787 921 712
835 265 955
684 181 824
446 937 288
700 609 168
163 119 99
985 71 787
347 58 269
853 400 386
755 551 438
281 275 81
391 471 124
363 701 257
23 757 829
211 898 129
641 457 111
51 945 335
751 181 702
435 381 401
497 621 409
897 478 221
496 116 54
483 117 971
386 601 223
539 581 240
491 857 510
861 89 961
95 449 904
373 243 889
601 326 635
56 208 782
153 225 549
326 943 888
117 331 643
29 255 97
901 616 163
204 862 239
291 662 526
473 241 480
907 375 299
6 129 891
431 227 341
379 549 689
705 419 85
445 281 126
734 749 476
630 683 466
117 333 217
593 397 596
408 461 61
635 13 501
980 727 685
626 169 13
751 207 919
465 505 555
240 427 141
839 321 203
766 923 429
226 435 571
251 873 256
341 442 279
957 716 631
967 232 347
292 356 914
605 71 969
242 437 675
881 769 33
14 801 907
443 833 361
541 633 876
497 119 921
231 923 676
607 921 77
646 171 696
377 713 41
47 585 45
207 374 524
193 345 763
312 381 907
776 331 65
458 473 505
605 543 841
941 528 565
520 161 201
483 262 753
268 921 441
806 935 708
845 787 369
107 751 21
743 593 401
571 606 321
193 373 925
913 85 521
590 908 109
105 733 470
201 846 947
930 717 475
731 937 834
795 69 297
613 295 170
965 130 45
33 807 41
731 226 14
870 176 681
407 865 794
246 781 567
848 301 247
813 447 627
12 101 381
736 36 461
124 401 758
197 641 561
724 937 681
850 151 526
529 233 875
557 561 73
159 917 401
739 281 197
43 921 777
731 445 763
193 50 360
627 521 281
496 967 303
721 658 400
561 661 257
328 807 886
889 89 556
887 161 589
571 865 369
585 864 704
233 244 153
453 622 945
764 939 649
537 502 969
521 981 226
316 865 277
76 875 73
521 281 497
901 51 472
905 336 213
317 401 366
713 195 262
127 815 427
357 361 435
999 561 461
885 993 266
447 801 951
561 151 401
642 649 651
79 385 79
65 691 60
542 185 979
147 744 201
677 621 913
25 32 569
481 124 485
417 881 321
520 396 241
678 481 876
517 272 713
967 729 843
292 505 480
41 321 641
46 472 293
585 659 601
193 177 493
631 427 193
357 913 936
33 481 497
739 477 499
793 745 778
961 417 65
476 425 305
597 186 17
441 481 726
961 549 208
797 188 231
33 756 1
401 478 975
441 426 297
439 96 174
296 221 51
891 861 745
333 41 201
970 893 915
553 493 487
565 251 19
978 133 463
849 173 841
81 97 505
817 229 157
312 259 761
399 789 301
721 361 456
747 978 398
785 800 487
891 489 801
691 928 85
664 629 331
566 601 961
441 677 548
500 856 601
597 171 1
451 761 222
541 201 961
37 341 461
312 987 273
305 861 709
119 411 364
26 309 451
241 944 891
185 17 461
481 882 95
363 941 865
191 597 536
841 377 393
891 553 238
511 351 217
753 61 126
221 609 545
21 376 397
809 501 587
965 1 681
967 985 484
57 771 242
988 324 677
261 829 37
760 755 377
666 969 881
205 64 825
490 963 541
497 238 431
381 501 849
916 901 547
98 216 104
15 466 209
791 417 889
811 539 525
241 391 482
801 825 758
113 152 771
559 568 631
326 381 801
826 801 747
697 534 203
395 631 971
192 701 626
165 501 733
873 539 640
429 235 594
977 969 321
157 597 696
700 284 136
911 994 633
491 621 355
41 846 146
37 45 509
274 356 984
57 338 151
68 285 171
660 378 71
197 121 289
286 922 721
1 889 829
602 251 997
359 109 726
671 349 963
257 841 807
385 260 565
717 676 408
39 641 107
776 505 274
668 269 793
741 67 985
541 719 920
799 290 557
1 465 822
161 1 917
479 369 697
641 21 265
561 577 44
693 189 941
828 705 316
883 614 569
766 663 586
267 901 983
153 425 601
911 295 705
276 601 587
241 881 394
721 368 601
255 376 395
40 333 585
979 201 223
365 89 261
644 505 101
225 305 675
147 539 193
455 25 887
69 872 433
183 119 777
163 777 81
878 13 866
926 513 425
966 126 161
521 5 641
569 480 558
531 611 41
545 617 929
13 172 141
561 861 136
598 709 329
166 981 935
297 653 993
354 324 264
385 393 451
617 664 441
986 307 844
125 723 565
676 450 29
681 391 801
161 231 877
366 76 831
461 313 689
999 801 194
679 91 27
241 852 317
900 891 461
969 737 366
959 437 604
762 162 242
893 149 321
138 397 999
347 181 701
600 261 781
186 685 105
551 47 515
137 465 788
27 767 981
889 743 510
896 747 905
121 421 960
580 652 751
713 785 996
257 366 481
933 769 466
545 102 339
728 896 776
473 766 1
81 705 596
826 878 36
699 103 666
1 263 289
9 617 377
626 871 443
783 419 377
601 785 651
257 636 266
78 297 951
36 601 278
203 457 541
309 582 163
873 758 990
69 833 223
729 161 624
959 833 644
392 611 702
321 709 349
55 851 65
983 849 777
489 365 73
961 576 912
485 681 41
398 609 663
516 248 811
56 331 457
801 367 648
376 982 32
836 879 953
501 761 443
319 197 223
5 683 473
527 844 1
841 391 764
283 36 589
276 699 963
321 337 21
573 486 27
956 779 129
551 931 393
792 187 137
599 173 831
129 537 739
688 604 421
319 373 766
527 277 929
153 401 705
502 116 597
523 9 705
342 887 462
872 416 701
461 445 55
15 450 521
314 491 1
867 541 281
327 924 151
293 751 58
451 219 633
536 446 89
411 849 588
640 444 889
227 47 622
459 861 35
565 513 701
957 277 65
351 625 689
433 514 169
546 33 557
329 575 113
463 376 792
137 145 414
65 951 491
443 409 269
51 602 774
397 601 21
681 801 829
508 763 345
920 526 701
685 877 637
361 407 177
381 746 751
593 501 380
745 835 281
411 526 737
356 611 339
745 41 569
961 929 641
977 689 465
57 564 126
629 813 801
626 57 7
625 345 959
557 936 76
417 73 394
692 725 57
126 805 396
66 167 935
152 41 899
851 261 369
926 366 106
826 131 87
821 532 121
33 1000 366
601 1 501
981 301 697
45 416 387
22 745 827
549 110 917
732 283 359
801 565 483
376 851 411
641 756 29
432 824 671
445 545 701
201 976 162
375 61 213
313 437 390
102 281 625
515 201 356
507 401 60
609 111 861
705 935 878
350 335 166
601 111 893
759 521 533
726 659 433
796 753 976
925 273 801
229 313 531
434 154 249
921 204 180
937 173 591
925 413 29
725 31 465
146 955 61
809 545 131
991 217 930
925 991 561
700 551 507
681 891 311
855 441 277
751 171 865
818 597 424
265 469 589
793 736 793
143 261 926
911 742 176
157 219 203
256 391 161
341 238 93
906 111 105
295 738 873
737 809 265
478 55 193
401 326 984
656 81 551
187 209 591
585 985 769
775 51 351
11 325 55
277 542 391
657 815 921
468 744 545
721 631 845
981 273 417
847 241 898
876 359 206
31 823 87
865 211 75
167 563 261
197 789 522
510 222 751
231 561 481
989 913 502
758 18 101
691 980 338
283 153 501
649 694 10
317 690 441
451 291 861
127 241 201
3 521 956
403 909 651
580 791 389
369 541 118
579 501 184
945 721 16
433 201 799
604 137 563
481 740 731
508 525 72
252 861 326
243 209 953
392 171 973
659 211 403
801 84 947
32 521 430
26 376 256
916 126 751
795 601 161
376 681 857
574 340 217
239 8 852
503 61 129
873 854 710
52 45 665
863 604 604
972 251 466
550 93 705
969 220 809
656 837 701
606 993 153
811 826 552
190 449 887
186 705 521
829 38 685
946 821 617
945 277 339
603 297 587
649 496 460
359 236 69
351 114 310
401 893 1
645 91 209
5 995 842
124 389 847
589 396 386
51 738 590
446 278 565
376 321 300
753 531 754
361 225 97
277 625 322
546 413 113
992 578 53
576 345 305
671 237 808
835 636 193
297 312 621
996 592 519
592 744 711
145 932 753
77 433 891
676 818 626
905 401 217
882 501 767
761 691 797
768 209 744
449 873 547
67 154 919
685 72 109
306 705 477
349 198 257
61 102 503
523 964 887
813 681 929
101 237 385
537 489 633
644 227 827
593 278 457
802 381 259
748 47 963
621 9 451
13 841 611
867 445 401
711 514 621
801 81 386
385 225 375
157 873 424
36 381 331
395 711 161
393 885 714
532 329 285
511 41 937
486 764 886
736 681 921
221 440 4
721 829 754
372 751 801
345 401 681
401 206 43
569 585 791
441 917 656
504 582 289
173 319 441
876 581 463
628 289 40
833 787 847
937 57 141
409 605 553
583 76 948
819 979 575
193 297 643
465 454 489
324 341 658
405 140 342
383 552 485
721 598 506
831 876 223
581 879 541
60 321 415
471 673 959
595 237 152
221 132 711
375 435 799
833 33 350
385 565 175
516 911 959
71 184 953
761 241 831
37 481 685
209 711 476
615 901 661
541 965 871
564 775 89
896 321 543
807 704 909
782 985 667
833 938 877
169 237 109
721 481 128
457 681 963
505 149 751
391 317 941
317 371 602
437 1000 48
897 960 641
929 653 74
321 791 797
9 679 369
881 31 826
155 207 765
351 663 39
984 392 761
631 732 984
930 921 805
281 970 447
451 228 888
401 237 628
485 397 261
946 937 346
451 722 441
141 775 553
76 61 721
363 71 523
99 501 186
597 261 851
631 625 866
415 976 265
403 454 914
854 235 721
324 584 901
653 456 595
16 535 79
105 268 116
803 59 919
433 641 81
709 280 241
337 849 911
183 403 441
177 634 35
63 899 59
205 421 777
461 349 891
371 149 561
919 63 420
29 794 385
996 932 1
728 576 849
579 953 69
25 361 473
876 175 465
577 901 769
627 608 829
31 529 645
661 837 540
303 976 1
833 366 275
758 961 238
261 911 241
151 397 813
629 165 837
386 883 361
661 958 155
15 157 341
218 987 176
407 1 337
394 881 270
681 371 401
807 635 511
589 751 207
125 853 701
433 137 991
57 601 35
73 769 591
786 365 971
856 451 747
436 329 720
361 991 23
476 106 265
177 436 493
49 321 926
493 405 541
401 517 847
213 837 495
141 871 324
77 981 328
937 203 383
425 129 771
621 624 341
301 561 96
203 307 691
261 609 125
573 797 121
1 545 129
791 53 53
809 713 397
151 49 298
618 280 422
384 529 993
313 521 99
518 949 146
428 373 126
849 787 431
93 673 612
429 649 732
825 121 73
717 537 633
78 876 541
263 927 841
181 521 953
341 723 337
871 451 718
851 767 755
157 445 143
497 765 369
812 389 135
888 226 361
463 497 57
369 556 700
395 245 233
445 209 274
177 1 516
201 529 739
29 801 401
176 745 601
935 576 897
561 801 601
663 1 571
716 617 571
750 421 767
553 151 80
923 41 38
301 120 41
861 561 4
315 921 912
505 786 591
913 566 317
827 155 697
50 217 929
169 61 669
956 51 65
297 769 301
233 475 776
486 81 769
6 876 57
693 443 501
825 293 706
641 17 41
241 665 631
192 763 49
535 57 731
720 121 607
517 638 406
641 169 151
795 427 1
931 364 961
766 449 153
751 393 505
701 301 901
567 81 869
87 333 280
693 300 45
898 539 33
713 817 273
958 345 867
657 939 635
531 496 621
532 451 840
543 137 426
929 487 215
993 761 101
412 386 851
817 415 610
241 85 127
989 499 211
624 621 328
946 575 401
411 581 499
820 176 631
591 431 565
393 394 177
836 403 491
745 241 247
641 501 761
439 771 929
181 445 585
395 801 834
273 374 506
883 625 58
17 161 431
187 545 618
338 817 976
781 927 323
50 965 719
141 48 909
451 309 197
201 355 543
861 984 361
121 281 569
277 425 301
89 955 29
609 865 705
100 743 341
733 446 87
772 201 702
813 514 113
191 821 731
912 115 905
311 209 493
457 481 351
513 726 873
209 551 766
550 607 581
521 841 51
254 51 259
381 671 870
395 897 411
581 986 480
385 803 493
147 807 1
313 564 857
809 313 865
665 999 341
532 501 71
761 506 536
544 911 851
241 817 761
601 270 433
719 574 251
887 894 97
171 25 844
223 481 37
103 939 959
613 403 501
442 941 808
491 255 20
5 506 321
577 211 239
1 861 951
275 951 489
887 159 75
621 141 626
829 151 954
806 781 60
496 977 399
281 241 82
657 249 52
