330
2513 1564 100
9239 496 41
8951 4804 90
2149 5222 65
5372 1241 13
3998 9114 79
4049 1626 33
4472 8000 30
1634 7950 5
5603 3425 36
1552 9233 54
8044 4058 78
2820 2004 40
1366 8792 92
5928 1912 44
4026 309 64
1869 9639 12
155 2786 85
9622 6408 70
4138 6716 20
8080 8964 25
4793 5592 41
9723 8946 40
9386 9845 26
3789 2646 63
5430 4108 12
3750 7560 53
4476 5078 49
5 5005 41
5073 4013 1
1921 6954 70
2021 5269 34
7775 193 80
8513 1675 90
447 8770 80
6308 1668 64
5723 3574 98
8588 1869 75
2131 6354 17
7808 1660 45
2231 8528 36
2107 848 71
83 1180 95
4358 2376 29
8864 6329 37
8285 2003 97
6174 3875 70
5265 7492 26
2891 4704 48
7560 7472 73
8523 1009 60
5802 1975 28
8259 4885 47
8119 8940 52
2419 5064 62
2354 3615 18
292 5059 77
7969 5618 40
6017 4109 29
6126 2268 77
3736 4957 22
2679 8172 60
9848 5986 57
6307 3950 8
674 9484 78
7697 4114 90
9797 9091 56
2291 4098 72
248 7368 68
3209 9928 94
1959 2228 62
5223 4362 76
5478 5333 91
1527 1858 59
8395 697 28
2318 9852 28
3552 5473 8
4351 43 87
5788 3254 39
6084 9853 62
4903 2651 49
8985 5926 8
6890 1113 23
8342 4734 85
2528 5430 26
2208 6835 41
1865 4069 92
5174 551 78
7296 6895 59
3373 614 37
7725 1536 44
9930 227 4
8588 123 30
2036 1859 95
3571 7135 53
8123 5404 23
1967 4501 73
8752 8206 42
3075 5520 69
2554 9720 32
652 1015 78
667 1137 91
6980 89 59
1285 3587 27
2934 5495 58
1009 6207 43
464 4896 64
1867 2925 53
7213 1332 7
5157 3480 29
7338 3082 86
1677 3622 19
4843 1713 53
4724 2908 54
5644 7464 7
6535 5241 82
8880 5041 18
1705 6069 99
8164 2368 94
3773 215 33
8922 372 41
4129 5136 60
8545 1560 22
4536 2053 13
6488 6529 61
1425 2668 94
1466 5384 84
403 4327 36
9232 4949 95
9237 309 68
1583 9793 87
4194 4589 56
4606 5003 10
218 2306 57
2884 8072 37
3283 975 53
4047 3548 36
9454 3453 93
7194 1800 99
7592 9653 88
6142 9594 8
2743 3538 31
6703 295 55
1027 1961 94
9231 3064 42
2369 1915 63
936 24 73
9795 7056 84
5738 1948 35
3245 6859 92
3662 5361 29
5102 6325 96
7177 2344 94
3862 3961 51
6150 4046 100
6000 6920 85
868 6758 75
6646 7150 21
4148 5782 10
5412 2343 15
3468 3474 82
2313 1057 17
786 4557 70
1713 5307 89
9590 8076 78
3103 4290 34
4205 5450 94
2295 5093 91
5082 8670 75
1368 9126 68
4721 6954 17
4250 330 82
2604 9739 20
1132 1026 13
3077 3588 91
5838 2188 62
8009 5290 77
2345 5179 11
312 5199 40
4947 7050 83
5798 2641 21
7138 9004 59
2317 5121 64
4371 2298 27
885 1541 4
724 6136 84
6836 6377 41
5018 4549 67
8361 1649 91
1642 5906 44
9387 1745 58
5366 5235 11
8027 9062 83
1203 9818 30
308 7212 95
8720 3480 7
748 1698 55
9778 3066 93
3256 1559 64
426 1439 24
2958 7444 61
9623 4721 80
7804 4045 55
1242 1333 79
5901 3967 43
2493 9103 95
1730 5562 41
2677 6856 84
707 6077 66
6212 9202 34
5474 8613 13
688 2640 70
492 7399 11
1216 192 80
7562 1016 35
579 1246 69
2295 5170 33
4002 1141 85
6595 5154 54
6927 7972 72
9869 5836 26
645 190 75
7189 6752 96
1810 1252 60
1382 871 94
4732 4694 65
9469 4375 25
4536 5101 17
5801 2198 9
1610 8033 86
1197 3030 87
805 7971 20
6947 1094 99
1619 6007 5
900 7050 100
2608 5117 26
8540 1038 41
6513 1586 77
175 6113 57
2530 7140 3
1973 3291 57
57 3690 88
3360 2339 10
8656 7322 69
9989 4758 74
8688 463 7
7212 5246 51
8214 7673 14
469 1239 22
3048 8265 40
1115 657 41
4469 3533 11
7803 9438 25
6032 8076 66
875 9884 60
1774 2803 11
4356 5471 55
4555 2527 48
4517 9110 76
4815 8402 60
2900 5854 35
4720 2639 37
4195 7631 1
7582 1274 65
4209 5484 33
8658 254 40
8161 8088 97
9796 1916 67
1758 3505 5
2097 1873 32
308 736 27
1244 3914 44
1573 2202 82
8337 2618 89
2296 432 13
6829 2368 5
5961 4277 2
5818 4978 4
4093 5609 50
1092 8546 71
5130 3468 23
7280 7227 56
243 9613 52
5029 8119 97
7768 9135 90
4931 1060 41
9845 3052 23
1620 1989 32
5661 4068 49
2394 1661 86
1395 928 53
8159 7695 75
1701 2739 26
1675 988 10
4500 5963 20
3167 3164 21
4257 9422 90
6575 5168 71
7899 1264 40
6127 2504 80
6605 9406 53
9061 1255 2
6264 7759 8
155 7744 47
4397 7188 76
5572 1466 77
3074 629 18
8893 2362 34
8814 9310 51
4245 6784 3
9875 5508 15
5749 2226 96
5579 7449 67
4479 2019 68
756 6271 63
6168 9163 70
9646 9863 21
8149 2989 69
1274 1001 60
7658 2309 2
6361 2512 73
1102 9174 47
208 8558 11
7807 603 3
3365 9486 67
9796 2305 45
2134 1458 24
6526 6848 4
8954 820 40
2336 8261 75
