3571
976 561 841
1 236 141
293 346 301
321 531 682
711 711 345
971 365 881
738 103 321
650 29 825
691 33 836
611 81 514
569 3 861
111 185 47
191 716 957
514 181 717
443 121 85
369 680 233
551 978 539
119 737 665
183 351 636
165 637 641
834 819 661
351 572 811
129 577 121
825 385 552
338 701 673
105 681 424
748 76 441
500 187 926
561 312 881
159 761 51
801 713 927
938 369 151
651 687 696
285 581 921
159 107 791
591 917 311
290 93 174
628 807 641
239 497 593
46 486 353
905 424 547
911 153 891
526 493 187
867 873 292
239 601 201
941 701 216
281 817 687
969 937 177
227 971 185
576 947 149
924 266 799
297 671 395
1 974 679
985 73 271
121 875 828
651 599 193
659 73 417
57 273 826
281 146 921
401 173 979
473 619 837
933 861 28
259 211 797
385 916 149
811 711 417
745 999 540
73 393 102
722 543 361
485 837 628
597 389 531
741 481 90
723 825 438
715 667 176
651 291 142
885 969 331
249 836 518
469 129 501
251 411 611
919 708 309
991 389 401
1000 868 944
74 714 113
482 494 569
251 836 357
228 827 557
701 585 598
959 667 367
661 339 834
151 33 850
81 703 121
905 630 792
290 229 377
588 503 73
100 316 259
626 374 905
458 233 586
721 54 605
449 741 134
957 145 671
945 907 405
722 976 253
123 249 843
459 251 857
669 381 121
641 661 925
613 714 549
702 146 246
837 19 186
14 115 182
183 475 657
177 488 786
321 725 286
166 671 391
166 893 886
62 19 683
957 415 521
931 18 855
776 198 511
904 456 528
33 879 15
104 64 919
601 501 347
843 147 705
646 81 934
985 533 782
687 501 9
541 169 441
841 651 585
941 613 923
843 982 987
689 773 641
388 550 579
799 29 401
817 529 414
489 588 953
1 896 13
533 359 784
101 609 894
699 701 621
445 823 203
947 276 920
737 694 721
710 601 536
1 935 187
393 964 301
255 625 177
147 441 385
841 918 514
305 511 123
262 316 369
955 696 701
685 516 769
97 717 941
685 201 746
439 993 849
803 621 501
881 401 301
129 286 699
467 816 887
966 850 761
328 371 836
61 465 265
914 31 371
196 992 346
43 321 261
392 13 861
257 730 987
883 266 853
833 779 226
729 336 733
490 757 511
63 637 119
233 590 861
121 161 385
31 369 793
561 82 424
791 343 162
913 383 301
737 251 905
131 11 809
281 893 137
909 451 53
93 597 419
401 791 281
629 101 569
61 553 679
531 198 51
367 341 7
576 917 143
144 721 426
291 936 698
104 444 77
353 101 801
85 344 539
235 385 933
791 993 411
517 981 494
133 87 723
273 870 827
385 142 344
865 466 792
632 23 458
305 617 249
337 871 553
974 713 523
481 601 881
121 884 586
835 175 801
741 739 873
446 948 963
6 26 994
1 361 146
433 861 125
101 73 453
389 775 551
937 340 124
753 257 251
159 577 956
853 701 779
953 681 792
727 566 956
681 577 772
886 823 155
771 492 968
183 506 551
965 649 781
681 825 235
355 333 766
849 737 665
481 610 791
22 635 659
407 271 407
737 871 856
955 701 647
442 607 505
119 357 201
901 161 785
834 361 41
924 489 727
897 770 937
51 329 86
825 705 757
441 575 237
131 21 417
899 926 920
998 699 139
695 22 923
681 921 485
70 249 541
439 691 548
250 423 370
85 279 650
25 885 317
1 249 748
527 575 708
431 377 500
909 175 659
629 923 305
226 385 475
82 12 363
901 822 237
581 421 551
401 281 305
169 7 910
937 989 76
349 617 941
403 153 49
551 613 801
811 821 90
695 136 461
611 11 146
83 777 513
847 61 283
539 814 973
11 55 521
228 593 193
738 731 301
32 953 108
9 938 233
379 75 91
25 256 83
699 946 171
545 744 925
513 912 438
198 417 41
81 931 605
849 515 443
554 725 471
275 51 115
949 1 865
433 581 389
257 795 971
113 542 649
196 46 524
284 510 117
835 795 577
501 951 601
640 545 573
281 736 135
209 86 970
901 333 201
959 26 197
704 54 701
777 436 217
25 811 651
964 951 872
867 268 732
873 731 981
667 499 350
325 367 277
869 897 219
1 940 513
49 283 89
752 68 263
344 455 805
6 449 247
919 632 795
456 241 253
145 329 873
5 148 625
221 641 416
997 199 3
269 453 553
391 889 534
585 279 809
811 777 231
713 581 351
82 899 335
11 838 991
321 951 559
683 579 778
401 491 873
671 902 639
394 790 257
987 721 853
953 353 957
703 457 589
18 17 776
525 85 766
905 504 681
936 513 609
251 385 878
153 257 352
521 777 411
166 69 897
706 211 213
672 230 443
53 505 9
751 409 581
801 831 901
730 119 321
453 393 351
651 229 257
64 481 351
813 415 463
1 530 930
469 25 163
649 535 413
221 621 705
344 609 77
281 361 209
985 490 621
483 891 473
751 433 865
921 844 777
773 337 81
626 551 433
331 769 566
709 271 809
622 207 36
483 497 330
131 993 281
295 531 497
9 441 539
797 355 425
711 646 798
229 513 180
249 489 201
151 135 801
641 329 886
329 581 337
213 672 723
200 1 385
731 473 131
781 383 326
329 641 541
347 341 613
805 709 489
171 808 293
439 103 805
165 80 645
573 541 641
147 851 845
421 627 715
153 94 896
769 165 951
848 169 847
337 635 509
53 619 321
471 67 901
376 937 251
213 983 301
113 329 797
110 171 72
373 755 27
321 891 89
492 803 146
265 418 500
145 65 158
240 780 771
675 747 554
901 637 313
978 961 601
396 161 873
309 977 451
881 482 452
165 575 181
641 803 840
401 226 443
337 281 713
265 264 201
824 169 874
762 978 186
186 369 385
323 849 861
515 92 459
345 450 580
801 355 592
561 151 557
561 23 635
217 591 691
809 733 567
561 801 296
401 904 778
707 281 937
809 695 785
161 677 813
457 289 561
521 873 979
401 49 661
293 5 419
211 346 961
641 641 224
956 361 165
837 263 889
349 536 349
826 761 138
719 196 365
961 963 341
479 70 905
276 417 873
951 9 797
306 517 729
741 653 415
777 622 577
779 237 99
21 681 149
711 667 801
651 887 165
249 231 859
236 322 485
471 615 501
553 797 979
915 203 381
397 455 704
886 86 878
317 727 410
696 131 619
193 385 345
291 422 305
255 226 230
378 607 790
21 833 97
673 419 265
127 517 280
519 470 44
407 129 470
146 179 135
470 394 851
875 208 217
949 307 389
453 221 296
111 145 521
751 869 991
152 129 321
273 776 737
151 101 551
685 257 591
782 604 613
434 841 233
381 601 921
901 677 827
459 701 581
392 336 29
965 253 505
457 976 363
330 996 827
405 447 171
977 37 853
165 377 621
631 497 772
969 949 487
171 11 503
271 911 931
660 957 685
937 175 277
741 915 221
275 171 154
345 451 923
742 56 446
481 884 96
397 193 241
447 845 260
433 521 289
768 941 952
536 225 179
637 89 595
937 35 589
81 633 521
732 945 932
743 872 49
311 865 165
501 240 497
89 41 476
204 851 40
691 731 584
643 701 217
878 372 521
465 933 877
549 716 929
465 35 565
235 327 549
290 841 181
215 265 184
722 715 4
641 385 545
876 846 559
449 677 902
624 365 113
1000 114 321
589 598 872
735 149 585
937 276 223
353 177 361
646 111 683
773 206 236
701 171 227
105 915 712
959 903 318
428 409 305
269 30 304
73 909 505
289 953 599
458 809 391
37 417 752
303 817 533
661 805 246
851 376 649
470 143 701
212 81 253
293 221 569
557 293 449
830 773 325
233 47 151
19 651 239
251 845 109
563 6 121
266 289 480
151 616 801
311 801 733
891 79 813
845 133 437
21 105 171
671 460 129
389 561 901
479 916 215
943 613 781
957 529 81
141 601 455
529 769 137
80 748 489
154 327 909
896 821 517
196 361 417
846 579 175
68 235 753
1 703 781
697 751 87
333 894 543
759 657 801
576 533 591
551 261 297
209 840 195
186 221 85
459 755 321
991 681 497
52 511 569
417 346 518
1000 76 841
389 777 785
801 676 521
941 1 355
561 671 133
511 751 201
81 941 21
451 206 401
313 549 521
216 349 955
896 437 117
201 197 528
9 680 137
672 321 169
170 381 347
929 721 426
474 581 110
891 287 436
986 514 367
971 698 579
131 641 443
289 330 137
461 785 529
399 843 622
429 626 146
501 927 11
361 953 701
871 94 49
243 776 21
586 401 177
459 401 685
427 929 375
887 801 889
149 141 136
930 793 1
353 805 13
260 195 321
551 713 355
657 353 981
891 425 553
500 571 961
257 233 231
491 945 441
689 281 453
489 1 821
959 677 270
441 251 726
696 78 262
89 787 761
409 175 433
569 408 169
169 659 456
713 921 847
801 499 141
673 489 1
512 408 745
997 253 716
321 421 237
623 784 723
653 593 449
471 665 201
351 41 595
1 1 837
942 506 33
961 945 841
556 121 221
886 811 416
825 793 801
370 245 651
686 361 279
329 781 365
883 737 549
771 235 599
585 119 185
357 683 761
837 713 915
25 668 957
103 281 656
961 659 21
712 541 929
892 557 563
785 101 187
661 977 375
1 135 728
621 919 556
331 492 1
276 601 679
928 361 339
600 111 855
471 231 833
731 626 255
971 978 501
156 766 157
87 785 529
465 208 941
402 715 1
437 328 393
966 607 701
529 555 203
66 117 846
409 201 993
569 361 997
769 467 806
101 959 289
50 310 371
642 85 938
272 158 226
860 33 771
414 81 866
561 392 496
49 286 966
321 747 989
295 621 773
673 825 721
829 331 13
821 831 601
318 384 297
273 665 906
45 345 864
509 581 663
11 111 125
952 641 601
720 261 871
587 225 905
473 853 921
498 222 376
639 241 761
531 686 13
201 37 995
991 157 241
871 62 924
295 431 151
955 311 601
191 476 481
519 832 841
172 593 369
445 181 555
976 191 195
617 595 940
591 700 776
571 295 93
273 393 909
801 900 640
443 881 533
169 973 581
316 258 121
679 677 255
436 899 253
769 621 117
115 261 909
786 717 876
57 950 124
659 923 244
961 841 372
601 401 732
209 170 506
378 715 529
371 225 705
835 985 361
622 361 403
681 933 849
61 746 89
845 154 791
402 885 617
834 7 508
11 9 861
338 895 637
483 823 521
889 22 565
276 505 743
137 780 781
456 986 262
815 239 921
961 349 937
983 93 500
33 860 101
130 221 476
746 904 737
632 843 49
371 65 840
620 625 947
81 156 201
201 49 293
29 901 515
187 616 2
121 809 9
561 87 919
355 261 861
475 503 793
705 388 841
441 370 201
619 846 796
111 561 630
659 563 279
833 975 466
739 146 921
169 171 654
417 429 675
325 20 597
609 401 727
821 213 131
667 163 921
102 355 513
125 336 835
193 425 931
966 812 381
727 337 775
901 411 119
430 915 886
579 329 103
593 463 645
541 865 201
449 492 801
333 755 539
795 401 236
243 559 231
173 277 511
586 376 346
393 408 729
799 669 557
601 929 651
685 89 355
651 376 929
216 671 717
641 851 815
991 105 94
566 42 605
726 464 39
719 415 203
726 785 787
641 39 591
561 557 94
441 189 957
345 491 509
528 1 813
862 969 41
169 363 649
601 6 703
97 691 577
306 659 265
558 627 213
825 914 716
318 37 63
31 623 475
45 501 771
1 569 641
85 33 551
425 241 418
985 809 635
601 483 553
887 761 856
493 551 114
621 115 821
785 157 175
451 416 161
688 113 902
623 11 761
325 378 218
681 667 783
356 569 313
289 989 81
331 185 23
157 721 532
745 95 473
901 926 289
304 351 481
876 789 199
211 248 57
533 258 51
190 754 785
161 29 509
201 126 657
103 116 120
185 775 851
603 192 901
609 455 778
361 721 771
947 361 368
704 435 331
676 881 81
841 897 21
566 517 369
101 365 301
809 559 819
137 919 76
279 35 477
231 319 187
355 575 891
41 306 126
21 467 513
135 269 805
45 75 356
339 73 718
444 593 691
268 149 661
381 90 573
568 129 611
521 717 741
409 793 121
939 475 725
273 601 105
101 881 17
609 361 521
156 905 177
783 781 891
681 461 842
651 997 641
421 355 776
681 637 274
399 593 281
73 777 976
131 213 313
45 581 521
775 1 437
106 987 37
864 231 953
43 337 577
229 113 802
655 237 341
463 114 921
435 241 941
787 85 769
639 631 417
942 336 615
353 639 501
657 617 829
465 141 381
729 61 503
4 216 163
191 805 168
1 751 131
296 535 606
473 453 671
801 111 877
891 410 43
149 82 522
219 285 121
793 151 126
180 46 801
581 9 116
537 801 617
861 217 595
541 501 353
866 761 669
841 986 269
216 425 717
951 845 370
561 201 876
621 252 871
340 753 25
929 587 843
621 881 737
287 591 351
265 611 437
356 311 715
121 514 775
20 593 485
72 945 748
795 41 403
605 573 475
739 820 557
866 5 121
511 710 651
761 809 844
405 576 703
421 469 511
426 103 956
349 776 397
241 217 710
353 367 227
105 275 738
768 467 227
958 201 425
81 115 697
615 981 398
649 913 737
255 65 409
697 238 217
286 377 953
451 581 251
661 251 103
761 891 506
221 201 721
62 977 985
751 501 615
449 743 763
859 344 614
379 245 898
481 993 701
441 171 445
899 382 779
133 96 635
521 399 499
673 997 678
353 467 633
176 143 821
269 505 33
721 281 177
756 442 897
51 771 315
278 1000 106
771 588 269
960 385 78
1 721 265
857 885 321
457 801 806
211 480 474
843 595 722
475 136 529
421 956 184
369 597 270
536 483 900
183 417 57
377 805 341
247 307 891
175 66 927
7 295 723
428 733 377
614 541 197
659 245 901
521 377 149
757 71 165
701 221 144
265 678 523
993 805 383
184 757 13
561 744 210
358 704 963
514 595 230
545 298 515
731 897 377
121 957 647
768 394 786
759 271 651
517 41 705
869 273 325
296 36 485
477 554 341
57 1 347
41 960 617
105 701 493
491 679 641
981 211 511
276 393 41
488 136 634
738 381 131
395 567 201
657 881 64
480 23 33
601 588 639
469 449 1
421 129 1
441 625 411
276 836 271
459 79 861
600 554 362
196 431 855
71 712 706
603 463 895
226 825 346
49 465 271
196 721 501
377 720 589
753 865 99
300 203 521
733 1000 529
148 236 553
236 951 831
405 425 49
171 1 57
301 394 715
848 731 236
671 453 731
751 870 98
928 401 297
617 841 45
761 65 129
763 293 21
331 305 91
921 316 581
766 425 896
212 609 25
649 377 550
865 441 425
5 591 76
465 565 416
187 383 692
171 283 64
471 757 171
879 435 187
897 29 425
221 586 5
213 642 893
778 20 393
796 973 411
426 154 376
723 995 63
773 81 471
883 191 302
925 971 359
649 281 399
545 46 715
975 365 865
49 817 504
405 317 817
309 869 165
319 756 893
509 466 927
441 501 253
541 169 433
861 893 805
585 885 974
170 201 658
769 824 489
909 313 703
789 675 556
26 347 105
689 521 165
680 185 874
982 801 57
761 767 329
877 282 161
39 693 98
781 343 961
716 501 535
451 427 961
50 281 877
281 596 154
833 140 427
720 752 651
748 273 173
81 465 925
385 297 541
805 772 501
693 521 529
881 531 171
436 629 562
176 590 817
801 611 121
597 1 889
921 201 751
889 883 841
155 955 49
85 161 351
450 103 925
376 743 655
585 91 791
12 811 31
257 377 259
921 641 136
406 941 635
409 155 418
979 453 825
361 526 17
391 841 821
900 757 921
126 693 627
393 512 760
43 577 333
768 876 526
513 815 739
685 701 532
509 705 785
245 235 993
97 715 307
743 430 100
65 130 751
559 755 481
391 614 192
66 511 173
277 211 535
688 349 840
876 711 126
181 239 20
749 601 135
513 233 129
331 222 223
761 861 31
908 659 461
241 665 701
426 761 287
659 651 861
891 57 164
855 581 569
156 661 31
661 185 427
163 171 819
697 427 750
509 258 736
171 315 851
791 241 50
881 603 109
781 336 557
205 105 305
173 561 636
789 11 515
536 365 957
815 575 558
769 389 697
861 276 154
101 377 661
961 141 97
441 762 676
207 641 474
586 593 832
353 706 201
73 53 137
226 137 425
266 111 644
916 681 901
18 547 859
763 465 108
801 937 229
873 738 868
628 967 257
881 27 321
713 783 679
619 709 458
495 14 487
597 396 1
497 771 296
304 631 497
965 361 1
281 555 151
421 955 465
596 97 441
529 881 629
971 215 405
806 908 307
305 671 503
646 241 147
526 813 829
841 398 623
457 893 801
861 918 184
496 760 670
403 969 261
101 205 905
59 699 845
617 356 901
785 785 609
257 761 811
876 845 561
510 837 541
124 227 911
381 150 989
289 423 745
945 491 440
972 418 3
193 597 257
587 323 182
137 569 127
507 383 141
697 141 549
521 421 532
371 481 91
251 96 801
537 741 417
552 741 446
186 695 691
169 286 417
15 54 981
305 324 391
557 1 379
726 441 528
554 359 604
61 619 521
79 191 17
243 596 838
961 61 201
731 813 197
617 762 635
79 241 377
469 485 218
119 621 409
156 55 751
739 929 741
369 739 784
299 323 705
701 753 112
315 568 433
73 106 77
146 316 129
941 913 589
955 29 364
69 957 523
881 477 248
81 317 747
739 625 241
37 597 241
223 563 797
407 121 741
908 783 212
877 173 405
545 86 616
321 785 301
186 506 341
521 89 705
835 89 893
500 469 539
677 105 489
744 663 241
189 561 981
305 793 228
585 463 571
976 910 697
77 381 426
792 506 993
61 399 169
681 658 649
646 54 589
931 751 531
996 916 851
181 332 437
268 235 291
185 533 1
921 86 218
493 104 233
213 885 541
781 877 161
781 840 377
687 846 171
991 137 441
786 765 141
316 141 737
921 372 600
541 939 286
398 445 549
173 345 657
51 445 474
361 708 243
291 133 889
756 101 721
699 662 343
11 609 197
444 901 301
523 360 77
937 633 285
284 57 757
179 260 258
101 972 841
301 268 416
242 793 473
43 169 373
184 665 793
333 907 931
714 761 262
715 517 845
892 892 469
181 169 44
801 801 781
306 425 473
684 1 405
437 65 217
811 726 339
396 111 685
277 766 281
601 531 275
349 545 402
601 601 821
75 453 665
416 563 945
751 449 507
120 543 933
426 422 641
358 927 245
583 863 521
572 544 422
841 501 500
526 243 505
501 211 225
961 916 294
405 273 321
633 853 627
522 673 985
988 351 792
576 645 833
877 114 801
441 77 501
594 1 505
435 425 953
971 37 876
859 737 239
566 761 925
426 73 921
119 969 951
305 291 609
885 83 767
353 121 28
383 693 387
769 683 861
81 498 555
931 813 521
391 481 857
406 611 565
711 401 577
534 183 569
893 699 797
143 861 381
769 823 650
676 21 565
701 127 753
106 43 995
579 597 155
401 265 828
576 601 296
801 513 406
973 369 753
881 509 351
246 262 344
878 41 920
609 79 465
372 174 401
15 625 349
431 801 135
873 201 551
761 297 251
502 432 845
851 401 165
161 779 573
281 371 721
287 971 497
337 905 313
636 799 501
121 503 321
305 185 951
169 94 127
1 841 601
801 731 521
766 925 105
571 204 271
341 951 657
206 68 834
97 873 55
678 477 153
7 444 394
376 285 525
631 425 203
1 471 605
361 711 599
276 527 51
277 31 993
791 132 432
349 717 601
705 333 303
155 297 601
861 385 913
917 741 197
612 880 273
81 314 623
485 205 192
281 981 305
40 211 761
545 393 181
618 345 357
303 243 544
522 841 553
957 291 615
304 913 57
973 116 699
553 411 908
497 578 449
305 711 457
593 93 881
273 5 749
861 927 364
307 756 657
101 243 627
344 20 257
636 501 797
689 503 261
476 105 611
881 702 17
395 781 479
870 926 489
905 891 171
227 705 274
878 781 793
202 871 360
243 934 125
301 301 349
527 166 536
223 914 889
105 979 413
785 161 390
985 676 891
335 157 685
796 297 583
881 551 103
611 117 893
741 357 751
176 670 969
374 503 307
60 159 468
641 45 385
987 52 601
101 556 463
181 233 151
529 697 841
605 591 400
97 737 405
141 944 639
441 596 964
193 346 713
731 221 571
149 105 526
1 707 545
797 563 689
324 668 797
332 134 751
232 389 801
362 1 697
109 829 225
836 461 349
601 456 654
336 741 623
517 953 116
509 145 1
149 123 95
649 367 985
945 895 929
311 501 29
61 843 865
853 649 18
337 971 655
583 529 81
935 637 586
232 629 46
752 566 17
486 691 904
393 249 476
745 955 76
35 153 713
431 361 728
451 332 251
71 631 625
733 550 795
911 210 250
931 1000 91
231 249 273
25 684 409
580 681 146
776 198 426
867 443 297
258 767 923
73 279 287
281 627 761
595 745 975
707 285 888
405 211 395
376 931 177
279 1 908
667 177 21
231 637 457
502 185 947
521 64 164
465 993 101
769 882 433
167 569 280
525 133 104
499 154 264
924 485 222
833 422 424
135 685 441
635 998 491
976 943 411
483 856 733
41 315 101
187 121 599
915 311 801
401 568 260
643 614 123
182 651 173
49 667 133
923 30 913
41 510 721
171 765 620
899 617 365
426 890 779
235 11 279
535 651 641
639 135 129
263 373 627
51 193 871
92 286 49
785 670 173
543 819 791
961 983 257
203 540 901
479 862 907
459 101 600
561 179 957
509 217 817
593 385 569
351 676 151
757 273 291
963 869 625
403 102 929
372 731 857
789 697 949
601 359 751
489 418 325
978 821 59
376 533 176
394 671 901
15 760 687
840 181 810
995 39 596
310 146 501
193 623 563
497 463 721
459 251 292
369 565 237
809 736 321
235 280 171
251 345 941
374 104 19
897 963 981
826 736 408
691 73 842
955 535 56
901 321 49
881 325 293
331 93 918
585 883 677
191 546 5
377 451 464
705 241 249
887 296 810
523 341 904
921 371 61
17 721 891
311 926 161
23 677 380
751 181 387
979 261 521
269 575 147
189 851 647
281 86 395
726 11 626
251 965 591
861 993 851
85 746 379
109 661 111
311 11 516
249 137 989
845 801 316
241 165 823
233 396 786
141 126 317
748 957 204
761 614 245
879 809 823
19 405 601
571 464 321
338 385 258
565 41 451
674 533 741
69 549 645
91 233 153
621 273 951
353 441 289
229 286 985
771 145 421
967 209 437
441 334 17
603 577 881
411 604 74
863 869 369
478 957 809
477 76 515
507 329 969
213 105 940
763 277 657
612 996 249
821 427 813
883 949 491
391 365 703
123 792 51
401 497 859
979 469 836
251 188 495
177 41 213
101 514 275
809 217 308
741 269 298
801 843 256
273 407 369
685 313 823
581 561 169
89 716 198
501 377 172
377 681 979
221 885 866
103 1 701
924 815 671
861 616 311
76 661 505
626 380 621
510 183 67
576 309 766
626 601 514
333 528 810
249 377 69
339 717 497
685 449 831
166 296 521
273 511 651
883 233 849
939 271 201
696 397 243
787 214 793
797 413 564
483 732 297
143 738 475
476 687 64
139 721 347
173 450 441
889 47 857
281 39 865
547 325 777
791 739 554
876 461 2
959 855 281
909 275 784
633 256 801
273 801 721
711 114 376
19 648 691
517 886 141
85 854 961
298 209 801
481 408 377
281 746 589
457 637 515
376 345 906
1 989 471
198 465 447
266 337 809
712 807 288
751 81 341
693 881 376
49 260 806
21 377 150
776 952 881
787 717 337
937 806 769
201 41 795
131 633 352
309 20 666
799 43 21
311 213 501
126 409 777
869 661 901
866 271 379
649 275 601
704 785 252
966 293 833
765 115 526
397 351 297
109 503 3
5 671 629
8 427 625
591 971 410
269 46 991
202 149 38
849 813 801
146 584 284
382 681 105
81 657 928
321 485 501
551 667 533
749 278 167
851 144 941
234 857 29
657 641 101
545 1 876
361 581 819
18 61 731
186 651 136
57 601 85
606 601 353
291 876 770
841 961 446
601 437 467
679 883 119
63 706 431
841 337 949
789 3 941
615 767 133
867 39 593
646 125 161
663 411 733
857 802 111
567 260 761
601 546 645
641 186 603
139 425 669
353 839 257
350 481 601
292 656 208
825 217 276
1 541 457
629 33 201
97 738 789
581 981 572
158 728 937
407 321 206
141 393 807
574 891 329
776 491 715
685 151 21
1 673 688
153 290 101
705 931 144
130 601 364
601 905 761
689 312 764
49 109 841
593 242 758
381 958 197
289 464 665
505 513 608
91 441 119
171 83 51
136 761 316
125 464 473
673 473 901
713 843 531
870 719 609
811 871 873
790 529 795
876 209 446
253 155 551
441 709 701
936 929 621
995 907 177
21 942 297
457 861 793
681 841 437
217 615 379
487 321 387
643 467 14
177 209 863
374 29 837
203 131 949
835 25 292
721 257 373
1 185 637
501 454 817
161 723 473
460 256 176
3 885 663
851 905 21
13 99 797
953 654 918
547 753 901
966 546 670
161 841 388
971 243 788
295 237 185
475 303 742
161 576 177
209 405 601
501 562 431
871 497 929
203 993 929
297 151 364
816 686 201
525 41 790
213 799 941
123 453 11
493 283 111
239 13 556
777 465 417
341 241 727
65 73 123
325 953 609
891 825 361
951 357 614
733 696 961
185 436 501
851 421 730
282 272 205
25 708 511
176 321 12
973 551 53
699 572 521
661 231 465
673 767 201
161 493 141
921 980 238
748 737 34
841 557 482
793 365 392
86 185 921
877 966 900
21 89 656
897 475 140
705 719 681
919 919 149
995 837 186
36 56 6
109 892 765
897 141 821
201 444 215
197 369 719
605 716 221
311 968 467
101 743 57
911 296 853
797 273 10
565 957 526
129 611 769
537 739 521
705 671 961
478 595 385
636 81 161
888 455 635
261 921 516
269 705 35
888 223 476
616 361 67
642 93 863
142 903 760
168 886 769
269 821 937
833 17 317
725 841 205
84 687 689
273 687 681
733 579 297
606 876 285
311 329 485
319 63 359
153 675 137
182 841 849
9 1 751
571 30 739
778 656 656
153 151 15
208 833 16
919 462 384
497 581 145
237 531 697
357 436 82
456 842 301
156 88 551
396 533 300
941 241 218
115 330 785
198 862 105
581 241 355
4 363 843
90 404 329
929 69 69
466 361 341
271 764 55
671 571 755
226 601 409
765 685 959
973 721 97
777 877 629
111 921 289
165 848 626
5 373 961
809 926 911
745 8 689
483 685 305
613 945 251
281 341 673
808 673 986
828 471 517
16 803 657
889 913 345
331 113 985
301 320 945
1 641 401
517 193 645
429 141 918
401 235 645
139 698 38
353 75 926
393 155 197
441 877 221
853 769 501
673 14 426
677 855 67
277 637 367
489 188 551
346 926 893
356 309 21
121 425 134
384 849 81
369 449 409
583 555 345
841 605 947
249 137 163
601 343 65
641 178 800
239 633 829
824 663 856
561 761 107
609 489 462
309 529 413
305 344 319
381 276 1
181 599 105
745 661 832
933 535 459
95 676 767
445 441 321
750 409 243
105 126 553
216 641 17
940 785 521
597 82 611
177 821 899
780 339 677
854 97 707
795 205 568
217 431 797
196 125 11
834 715 1
703 90 666
981 370 339
137 161 641
506 121 70
245 59 911
593 949 941
169 337 49
513 711 986
332 591 521
891 599 1
639 545 889
114 657 703
922 775 301
717 384 445
990 77 610
156 269 995
917 169 506
625 429 333
773 572 911
265 617 201
331 143 708
578 19 325
251 674 377
701 581 529
737 556 439
137 839 577
292 648 88
756 492 85
985 167 513
481 484 941
180 888 642
214 528 363
845 964 501
151 568 201
489 233 513
263 681 921
933 825 294
805 423 65
705 281 681
523 201 825
745 345 491
569 999 1
321 71 933
382 881 687
29 461 517
778 450 21
363 281 496
865 353 192
106 441 337
507 67 1
906 751 251
281 897 557
486 606 878
181 586 501
441 237 445
409 589 514
498 636 698
941 75 305
989 784 741
315 357 943
735 886 842
37 281 316
173 65 675
389 688 415
717 761 137
839 501 626
859 901 686
426 895 248
341 169 534
651 273 170
235 693 369
969 229 449
501 76 999
970 461 113
593 373 856
561 79 873
201 1 429
296 591 943
795 233 376
758 121 213
373 373 693
753 96 229
76 279 155
497 297 603
780 605 137
661 327 682
89 161 889
961 323 629
934 473 651
734 251 701
921 861 561
193 546 611
944 287 126
167 833 897
532 705 485
881 809 360
944 305 893
561 490 868
609 889 175
396 598 881
516 152 661
1 841 587
657 758 301
602 241 605
333 975 721
337 546 844
599 971 617
717 461 721
985 321 678
152 289 41
101 657 457
293 295 942
676 785 818
141 201 313
813 722 129
695 457 825
677 592 364
241 731 275
972 656 12
679 323 663
29 133 449
121 793 803
567 901 31
476 838 981
451 637 161
201 26 361
595 353 449
326 21 538
978 286 413
505 481 21
17 720 1
359 233 685
271 21 678
157 410 241
927 92 501
201 114 200
394 554 707
853 241 793
851 716 847
797 909 513
417 146 242
799 736 681
922 873 321
986 926 751
569 810 267
937 651 670
855 361 592
262 791 84
201 551 247
585 1 549
670 557 711
207 732 706
25 871 601
828 379 585
288 617 17
65 921 297
152 6 963
885 633 806
719 981 796
173 107 699
921 91 793
630 213 381
119 681 191
665 595 147
206 849 283
55 40 425
551 53 641
425 351 431
433 885 520
155 125 63
2 933 123
594 257 781
149 556 773
71 379 839
645 718 152
775 232 833
45 279 928
808 215 976
101 561 667
591 561 129
355 713 103
623 49 575
885 88 473
801 545 150
630 955 950
517 761 469
319 156 801
151 1 76
121 71 955
265 251 732
846 330 949
601 970 664
516 847 199
921 289 14
929 433 345
481 635 721
453 721 434
117 745 400
49 51 282
461 541 717
501 325 656
756 672 365
981 906 885
353 303 825
61 116 881
291 271 937
49 570 481
15 556 593
144 857 128
203 831 39
821 9 693
106 637 643
151 867 694
1 465 998
32 707 461
27 196 49
965 302 543
441 673 297
607 425 887
585 609 993
201 673 161
601 993 748
751 505 193
288 513 651
467 911 816
909 123 455
701 251 245
61 954 757
461 187 419
621 425 745
966 370 1
839 264 41
515 417 761
881 611 680
398 326 717
749 621 825
879 921 506
289 891 488
379 825 353
777 427 139
887 231 267
818 811 46
289 333 641
181 585 785
341 657 253
894 172 101
627 43 27
189 399 981
509 101 163
446 601 341
921 651 315
257 765 116
341 48 361
21 507 3
41 226 903
921 159 960
601 922 644
289 416 631
529 326 955
436 935 211
109 885 530
52 517 150
949 213 921
652 41 217
173 109 273
307 205 591
929 111 509
829 281 650
243 289 53
885 696 369
158 297 87
349 641 631
49 93 31
585 911 691
971 9 193
626 549 859
517 387 186
489 401 599
804 973 89
101 396 293
516 646 457
845 891 973
441 701 739
961 661 401
421 637 473
971 57 261
289 137 597
310 826 95
226 791 521
921 911 91
867 65 506
811 337 394
49 745 693
981 273 549
679 453 65
392 161 337
181 556 233
351 637 393
617 189 975
633 891 132
476 732 27
811 781 721
581 267 968
671 792 847
793 984 825
225 185 51
235 751 231
741 21 969
817 246 585
711 561 41
238 621 169
448 157 451
610 117 2
721 46 544
191 864 465
754 415 376
62 187 601
641 261 191
76 183 734
609 821 261
459 453 677
171 540 275
251 828 301
81 549 727
661 601 941
26 541 751
892 361 961
369 401 751
870 657 669
877 743 423
527 665 665
423 676 11
921 345 504
61 496 987
91 734 875
765 633 973
771 739 983
122 227 552
713 251 982
270 580 825
569 401 903
345 246 469
634 703 600
561 640 73
686 601 1
521 73 766
681 357 51
65 673 1
997 511 903
989 521 329
717 426 736
9 253 273
582 251 531
841 885 606
485 867 207
327 566 829
625 745 839
293 69 117
50 213 473
628 910 385
884 417 334
69 125 20
889 675 665
151 717 483
195 851 246
246 475 11
167 135 643
385 345 51
301 100 256
629 1 944
21 176 685
792 628 736
817 903 689
596 697 501
635 466 146
87 921 60
535 574 529
850 764 682
593 533 681
941 369 292
481 872 872
400 821 559
855 189 708
875 828 205
503 341 697
605 988 833
770 589 851
1 499 749
349 490 110
41 827 969
951 9 416
614 951 606
157 385 397
60 704 813
141 249 496
747 977 16
241 161 946
815 88 501
66 506 731
561 151 987
509 901 801
841 167 240
797 805 657
651 89 511
991 651 707
592 825 381
187 294 861
37 411 681
361 321 207
5 383 213
425 701 515
881 565 361
121 361 626
265 281 339
627 795 161
341 616 219
979 129 137
729 389 716
985 499 590
701 571 646
21 56 828
159 635 39
7 187 851
451 121 744
959 871 937
426 951 153
276 926 701
689 649 783
776 521 983
457 984 594
995 847 297
175 192 829
897 102 474
964 415 589
469 801 664
813 739 569
9 887 186
907 153 801
479 351 196
667 352 605
329 176 542
526 893 6
891 124 969
721 903 969
735 273 221
637 667 49
241 913 673
541 891 881
659 399 441
509 315 211
953 501 79
237 997 921
493 268 113
729 866 721
66 621 588
555 934 596
8 626 201
115 346 649
865 565 633
195 165 475
58 761 497
247 220 553
977 426 627
849 467 929
186 247 779
886 408 177
115 936 313
791 343 844
631 621 71
249 655 737
643 761 951
943 452 554
353 876 905
807 425 885
349 911 120
676 341 752
625 787 381
590 293 973
663 137 455
977 333 851
137 165 713
686 9 97
653 234 933
128 34 722
243 675 729
825 457 298
845 185 365
81 253 865
265 801 704
361 779 528
767 191 721
197 446 385
469 290 425
909 385 978
1 979 423
640 377 697
761 301 209
563 446 271
495 809 932
281 227 891
270 501 685
469 303 646
257 57 961
521 949 451
751 839 739
790 977 145
519 916 262
825 297 445
397 3 535
864 563 301
696 61 897
993 681 401
654 585 365
121 3 361
926 276 185
149 829 653
281 1 121
776 801 261
956 949 403
671 251 883
451 636 939
202 386 826
403 205 1
161 99 61
679 484 345
59 512 429
358 94 229
871 63 587
478 120 373
33 290 185
891 531 465
449 222 617
633 879 61
650 751 807
445 103 907
339 857 179
608 905 99
675 175 76
737 755 826
545 385 206
531 401 793
779 853 385
928 77 551
783 21 961
912 129 609
621 333 62
456 913 818
909 585 306
959 691 409
390 546 491
60 841 569
226 513 791
977 471 289
661 561 665
189 56 903
337 199 321
403 165 465
125 905 191
591 257 51
315 811 697
684 5 991
659 341 393
272 235 906
991 219 91
489 79 927
883 684 316
660 713 321
226 889 581
187 471 18
66 510 225
751 216 978
329 574 401
397 945 1
187 400 47
601 773 57
101 61 821
100 885 19
541 646 973
893 370 383
476 107 393
933 51 881
242 837 995
737 953 941
705 316 966
613 243 285
221 627 616
86 991 334
881 777 286
860 485 231
865 616 805
883 777 433
486 295 627
710 520 251
5 237 326
465 501 153
921 641 251
656 433 133
639 613 529
960 374 599
496 881 871
486 13 135
857 81 289
961 671 451
254 609 545
625 201 876
68 742 85
413 469 737
529 856 276
191 547 391
737 801 601
750 957 957
189 190 830
499 284 274
913 5 871
745 201 193
529 971 466
57 251 149
376 618 12
485 357 825
871 496 997
274 702 433
177 914 513
337 786 983
495 961 237
507 166 161
73 765 178
660 697 307
665 985 270
916 249 451
901 473 395
707 797 913
620 251 433
91 927 521
571 272 769
611 796 986
137 825 85
307 489 871
951 397 69
701 549 891
387 687 159
761 649 429
689 581 373
981 793 613
681 221 605
717 237 961
57 95 421
611 603 646
632 601 313
1 647 385
85 791 681
95 816 266
911 126 501
886 451 811
501 361 289
186 354 88
457 725 151
657 505 381
241 976 821
371 998 783
136 820 259
339 735 819
17 1 593
321 175 366
240 731 349
51 781 621
335 907 371
133 423 661
1 376 549
537 605 76
199 41 476
505 577 784
79 917 85
225 987 888
576 264 61
521 848 798
461 971 921
159 407 200
346 966 481
933 209 756
39 908 941
67 342 372
821 643 657
401 865 935
457 618 488
759 189 801
886 933 532
137 851 209
201 813 115
422 449 273
67 648 441
1 217 793
521 297 841
321 124 401
801 735 41
805 802 605
1 863 577
825 693 750
62 473 681
65 316 473
251 450 102
874 501 217
426 421 69
214 425 751
265 576 748
69 681 871
125 866 1
385 284 201
601 111 319
109 187 56
525 913 301
763 689 481
247 191 731
641 19 476
841 601 889
860 743 431
905 801 889
513 75 395
651 757 353
473 291 810
888 801 541
875 649 721
711 209 761
961 742 85
241 291 711
793 709 281
266 970 161
709 256 819
736 865 636
471 571 891
263 617 991
621 629 337
231 241 884
749 987 293
321 861 207
225 489 501
271 446 45
685 481 161
276 670 856
401 441 361
571 914 261
9 306 637
469 725 119
551 479 273
433 426 22
841 670 521
341 263 807
597 225 163
937 901 777
238 961 197
311 671 13
455 301 534
57 966 408
476 952 215
120 936 101
929 909 886
478 927 460
981 170 177
542 566 341
403 757 748
986 528 499
115 226 731
201 17 255
981 596 305
956 681 353
521 889 280
509 55 871
737 329 741
401 425 876
481 961 817
761 795 634
909 265 341
938 931 761
841 241 961
988 606 155
362 976 47
941 710 823
21 615 663
73 961 330
789 686 561
511 953 201
145 190 809
526 251 537
734 881 337
691 761 983
149 553 221
576 63 625
781 77 612
632 441 436
125 853 121
341 75 881
681 266 433
421 286 614
937 496 573
729 948 793
685 657 769
454 970 535
554 585 141
741 466 41
777 643 809
573 121 618
391 927 571
793 303 111
545 712 938
135 89 475
421 967 825
790 51 778
721 757 586
241 495 187
341 170 339
885 76 23
171 881 109
729 969 731
663 401 385
197 287 377
929 361 35
369 566 653
765 723 667
57 361 961
522 75 961
164 731 591
908 913 953
545 971 43
109 399 905
953 834 161
49 788 210
521 270 351
254 384 544
671 111 810
197 81 61
469 497 145
24 294 934
793 329 519
325 969 46
166 575 801
344 121 316
74 921 771
191 151 612
730 200 745
1 610 951
308 517 696
555 377 431
713 689 876
385 743 348
591 217 61
419 396 565
965 349 111
275 785 437
501 877 963
9 401 987
600 136 507
1 409 854
97 336 671
465 441 138
551 331 321
17 393 823
511 353 593
641 481 181
471 577 143
836 657 326
731 872 557
281 643 766
466 516 232
831 969 876
467 777 473
604 765 898
877 651 351
3 787 149
524 782 401
477 385 57
861 292 881
593 7 305
495 21 417
295 267 966
689 89 151
146 601 681
713 811 927
433 697 307
873 503 741
675 843 986
87 90 825
865 841 727
461 781 953
23 257 852
623 216 591
609 573 759
101 626 901
19 164 901
529 665 769
761 629 393
947 540 306
632 836 241
669 256 691
847 201 177
577 1 736
517 878 531
659 70 941
993 505 141
393 137 633
176 913 698
9 271 603
407 474 961
81 33 961
613 977 529
447 7 313
484 201 927
398 385 773
383 601 681
997 453 478
251 337 271
346 833 109
626 401 452
216 845 99
776 145 203
332 566 414
596 401 765
801 241 737
689 621 206
268 321 553
657 133 31
906 970 768
61 641 371
9 416 725
889 425 545
788 623 733
805 247 53
12 904 745
793 136 782
721 61 705
641 217 703
126 61 497
225 849 1
377 651 801
417 669 487
186 401 728
9 314 641
603 174 1
251 501 929
631 41 361
125 606 751
777 92 737
865 881 878
812 271 541
247 861 377
662 618 26
33 289 165
641 66 57
25 770 501
665 297 176
386 848 889
921 151 299
781 436 241
468 961 339
529 823 694
617 285 139
501 36 636
302 176 123
729 658 709
360 69 681
125 373 433
769 891 81
740 649 36
321 425 821
544 303 993
401 41 181
691 471 480
681 959 11
677 941 443
699 137 329
9 603 417
341 546 465
757 819 377
219 845 293
307 182 757
123 321 569
121 331 466
289 795 165
633 213 299
328 767 17
471 273 985
513 561 665
433 325 863
541 973 241
607 399 361
481 329 733
609 446 589
461 769 547
116 675 51
425 853 401
800 121 617
811 511 881
757 513 6
901 695 641
209 143 566
289 725 706
707 341 985
801 434 113
495 273 597
281 616 653
995 909 449
926 255 271
271 909 628
691 869 267
593 272 159
201 509 369
73 579 137
890 925 796
909 839 134
436 567 516
99 41 692
789 45 446
49 425 257
743 978 389
381 42 21
721 471 379
860 829 190
541 332 761
689 213 971
940 41 216
881 193 971
961 267 169
437 389 521
653 945 529
887 505 24
209 976 217
801 549 634
413 353 396
116 471 401
728 505 363
961 45 291
680 811 776
81 12 751
396 981 67
494 685 805
841 297 978
122 757 289
913 765 793
561 561 774
531 35 977
6 801 1
86 989 99
684 861 306
651 121 106
670 23 401
269 126 253
698 589 449
866 841 1
921 965 799
598 929 809
309 726 927
564 76 552
945 559 445
423 565 36
76 425 11
775 865 242
188 581 749
203 1 581
466 601 159
41 809 12
638 59 441
851 1 236
201 125 715
462 913 961
833 702 812
25 196 623
98 425 775
702 1 735
336 420 603
261 711 735
625 751 362
778 173 977
579 746 171
241 38 441
353 861 846
784 201 425
37 16 965
421 701 294
609 809 473
961 921 913
661 705 136
639 87 295
697 657 34
225 145 535
166 440 803
451 241 1
863 29 1
477 451 571
49 615 613
977 537 461
739 379 95
589 201 751
617 801 856
375 391 905
627 508 989
714 301 784
481 751 566
894 618 221
873 230 885
501 116 176
316 441 371
637 821 752
414 181 121
732 537 475
651 516 421
729 567 931
435 201 11
723 605 627
257 981 851
801 735 408
831 705 520
321 822 201
81 716 943
291 181 59
217 331 203
769 449 399
860 251 381
961 90 789
275 552 825
673 401 581
331 287 15
725 434 425
142 589 259
375 129 41
107 557 631
859 862 865
522 51 503
601 419 710
217 381 741
721 806 389
529 996 465
463 215 699
649 711 929
41 777 883
639 917 501
156 729 653
821 392 826
321 603 457
219 261 106
110 457 757
606 837 609
801 881 447
967 593 401
831 431 745
257 858 877
971 371 981
409 598 953
244 511 149
857 671 217
935 343 889
985 764 477
527 143 337
391 893 381
515 825 501
193 921 175
769 819 276
323 524 386
981 561 490
564 993 385
105 383 898
641 819 373
261 657 741
707 280 415
837 381 481
151 564 580
974 457 884
611 301 609
141 218 265
426 41 511
401 773 927
239 156 825
275 131 401
255 373 245
909 136 849
175 151 921
145 897 478
214 22 913
879 769 739
46 921 441
329 853 585
241 867 142
45 385 781
853 851 573
837 421 983
10 66 541
531 159 897
961 368 433
437 263 58
567 537 277
701 211 404
16 806 853
962 803 157
817 215 791
828 197 801
31 883 497
693 289 577
589 573 773
205 765 685
859 117 347
961 121 746
501 357 26
861 103 82
848 164 996
345 409 757
521 645 641
559 723 397
373 412 761
576 807 313
498 821 173
862 15 806
529 720 14
601 657 828
725 516 583
961 77 361
821 432 929
893 871 626
366 451 503
961 385 648
523 650 946
626 101 399
39 846 553
873 963 116
823 509 365
501 865 117
957 77 569
41 663 875
882 969 320
81 255 601
227 681 841
401 445 805
220 975 164
709 817 617
769 236 489
777 209 541
849 655 836
489 357 532
363 29 21
617 1 999
667 429 889
970 523 373
331 893 591
625 601 589
109 400 231
626 1 1
409 841 153
561 421 339
294 686 565
123 525 367
971 958 337
155 601 927
801 142 807
727 25 105
95 387 412
872 986 197
801 186 933
813 205 945
713 99 257
644 529 255
33 732 385
656 598 807
497 641 265
942 767 913
281 21 297
95 281 922
347 681 526
969 243 936
366 981 213
37 731 521
365 751 461
3 49 541
799 354 54
182 57 108
894 937 1
476 637 163
281 831 347
748 895 753
401 25 901
715 191 889
445 141 109
161 998 726
869 1 185
56 87 381
609 361 736
105 986 437
277 366 31
731 207 585
436 931 517
220 60 713
273 579 624
101 944 623
729 281 989
821 336 642
117 703 855
61 299 701
818 107 398
881 510 1
398 557 5
681 906 111
429 454 220
654 898 791
48 231 376
435 85 50
89 207 377
281 951 834
104 191 237
265 69 329
513 359 993
952 41 905
345 389 37
887 897 181
101 993 576
352 309 951
881 396 1
601 729 906
92 961 559
196 696 81
545 161 373
613 329 476
761 816 341
678 113 161
133 769 863
339 753 188
809 503 749
565 960 718
1 49 115
849 177 673
223 587 911
161 309 185
269 610 318
353 553 405
917 618 271
476 821 629
340 766 936
535 561 501
576 209 849
787 683 286
502 145 965
529 157 313
727 699 754
865 335 897
511 72 339
927 481 701
631 19 397
811 481 847
76 905 673
361 672 126
276 238 17
543 129 890
506 624 611
952 85 385
615 801 269
858 167 570
136 632 96
833 296 897
308 601 586
282 1 908
201 269 926
504 376 614
1 945 857
351 833 853
267 331 851
823 276 499
685 715 312
781 633 229
233 796 569
744 883 711
661 261 1
205 681 821
578 79 883
553 609 372
759 729 505
757 111 241
251 381 381
467 81 40
97 61 107
481 319 686
401 639 461
629 301 471
577 793 201
860 546 757
889 653 676
841 718 721
538 815 491
301 95 565
786 396 517
357 21 835
553 749 414
961 607 799
516 751 889
226 469 861
573 311 676
755 580 241
511 220 938
861 364 937
233 483 527
235 10 319
960 612 920
826 588 921
162 959 408
707 995 801
325 211 52
902 125 941
1 391 361
281 981 583
351 815 185
164 761 111
803 395 313
380 473 754
307 845 229
912 809 31
705 117 1
869 763 663
173 901 321
465 219 226
588 515 161
921 506 173
78 937 329
571 455 446
537 491 633
619 398 287
382 1 26
678 691 707
49 570 991
73 402 753
426 957 201
828 345 875
295 1 467
706 925 221
466 593 27
345 481 156
181 995 895
827 139 54
441 37 857
337 783 18
69 305 735
769 753 689
174 541 865
885 494 546
329 645 501
913 709 601
493 381 334
385 1 676
477 652 693
1 565 509
316 713 228
477 467 933
140 265 371
658 967 101
733 620 476
918 172 876
397 101 339
693 751 506
731 286 971
897 281 891
151 744 999
113 686 240
467 17 826
190 681 682
253 461 186
413 553 441
54 495 390
384 935 931
210 665 241
625 364 461
413 546 877
321 871 113
969 193 926
733 91 369
903 92 595
923 97 669
75 413 417
81 401 269
745 251 135
561 539 665
733 226 521
547 427 462
750 339 227
91 797 551
371 905 243
241 816 508
506 81 877
586 17 795
783 251 321
672 511 987
651 985 365
193 535 41
709 660 367
361 697 1
705 33 227
466 49 589
817 545 461
1 301 746
321 993 626
751 51 479
225 471 102
889 786 353
133 456 111
441 761 610
839 377 801
3 721 258
705 175 858
466 207 321
935 92 458
911 170 481
443 196 793
790 279 391
857 990 285
721 735 211
890 818 492
887 154 305
789 931 271
585 347 749
131 536 94
231 779 409
916 141 488
137 837 299
838 860 219
398 598 417
801 513 988
577 937 283
185 479 382
461 576 684
185 586 969
673 521 777
583 789 911
881 810 507
443 501 543
751 401 272
529 793 27
789 347 408
798 218 147
501 694 76
669 425 31
929 265 202
487 961 371
927 955 611
429 394 436
256 498 990
493 185 801
821 612 17
615 611 841
130 61 723
748 411 549
536 193 793
624 945 226
881 646 524
361 569 911
561 41 455
739 883 321
81 522 137
751 769 317
