3815
803 333 651
677 861 517
87 305 944
541 61 913
221 986 863
681 647 497
771 89 201
803 395 901
329 521 873
959 93 240
553 568 73
284 977 31
173 167 681
896 821 537
281 280 156
461 276 217
272 794 751
137 42 335
137 601 759
571 869 372
480 581 250
553 940 953
291 881 112
618 215 186
337 659 556
701 909 201
585 229 465
493 485 631
1 1 442
484 215 146
139 319 277
681 756 177
537 777 233
177 701 591
653 39 172
164 726 891
786 312 303
713 369 569
585 321 676
849 441 289
447 939 771
305 646 21
111 838 187
959 993 441
873 546 569
647 51 89
77 25 681
633 817 82
369 290 681
121 537 578
901 389 265
1 88 831
193 881 906
819 482 468
197 977 209
516 617 665
690 351 737
301 929 521
491 621 969
599 313 63
665 961 963
55 545 991
739 36 829
45 190 60
142 88 709
297 809 181
421 177 702
363 233 345
809 9 281
977 153 797
9 857 591
552 569 716
481 915 25
391 633 534
225 481 487
671 791 426
526 866 1
298 261 21
793 713 425
915 432 309
470 386 905
365 785 905
210 531 878
851 872 841
653 947 673
929 781 221
245 143 826
590 77 173
650 858 486
166 565 289
363 860 551
561 751 601
241 544 949
41 137 861
473 485 888
940 141 169
420 956 231
988 177 125
597 481 187
741 869 713
657 509 601
151 876 821
13 413 26
625 861 323
752 161 140
275 554 41
18 289 423
961 949 763
23 339 653
767 329 609
101 857 259
841 900 243
313 308 918
413 733 86
273 575 454
525 335 741
809 845 141
135 241 719
211 283 248
781 776 521
177 801 516
973 261 641
994 997 333
624 299 995
720 861 841
133 201 761
904 401 824
213 379 942
387 474 137
333 479 161
685 97 617
915 71 741
993 415 231
641 601 715
760 961 41
893 961 146
83 256 829
393 719 41
265 139 881
341 751 957
837 179 910
521 973 824
134 729 701
144 371 793
345 222 385
551 917 558
88 532 606
146 801 897
916 121 989
995 981 420
29 366 769
676 907 750
524 677 393
736 948 544
741 726 961
805 276 217
319 421 774
313 754 531
59 841 254
326 314 143
553 659 313
451 693 340
465 961 723
325 42 232
561 435 431
986 478 693
862 820 723
505 4 722
761 536 869
297 26 99
865 943 12
713 821 253
753 721 851
941 613 191
476 343 593
154 970 511
985 549 309
337 270 849
241 926 661
364 41 948
270 680 16
521 751 351
449 882 432
811 581 142
670 413 596
313 243 991
745 336 48
611 605 341
651 539 553
665 305 701
230 891 725
293 101 241
305 514 661
191 101 149
524 865 565
472 681 683
193 971 979
971 1 761
761 609 69
12 696 482
671 952 483
654 623 713
717 563 139
485 976 321
89 13 751
29 993 162
117 582 197
564 841 981
689 913 103
389 139 496
413 961 465
899 381 978
971 261 561
691 341 225
281 61 109
665 17 239
453 126 837
621 401 175
761 18 487
569 281 889
626 573 45
701 708 219
991 145 401
193 169 651
10 465 834
5 666 81
663 689 27
749 153 511
704 801 521
661 633 801
304 638 421
703 970 961
799 449 442
129 478 381
201 301 598
889 661 847
804 325 800
851 975 861
273 225 751
521 695 341
929 91 721
97 309 351
227 1 844
413 166 53
804 350 26
11 610 125
737 611 521
253 871 988
831 736 821
901 14 438
129 369 358
56 741 215
337 395 121
313 289 105
219 510 512
971 441 941
49 436 845
43 279 25
537 811 908
405 253 737
821 899 153
471 105 686
485 945 174
521 937 381
732 99 728
920 7 828
781 129 119
471 205 401
663 484 1000
316 719 157
146 802 41
475 781 377
431 161 31
867 69 113
33 627 721
277 81 986
776 872 399
335 581 626
853 252 453
113 21 458
889 711 861
379 606 655
215 816 353
235 225 551
849 905 906
553 861 421
497 310 977
701 553 423
785 421 60
302 329 557
21 713 785
941 457 541
237 801 737
935 795 783
125 569 93
611 337 853
218 686 521
906 750 133
617 477 970
889 665 751
422 844 711
324 293 409
61 130 662
729 795 248
31 561 844
821 770 867
609 712 901
239 621 801
733 201 121
725 811 721
962 464 335
671 879 373
131 153 211
272 389 316
936 39 763
993 561 577
883 781 901
223 411 109
817 758 481
52 247 143
141 987 597
256 203 809
253 821 281
972 956 125
490 372 36
326 941 684
192 103 149
265 600 629
849 25 327
169 875 558
571 223 5
991 529 601
433 853 393
418 609 593
449 931 611
129 1 189
625 697 606
283 573 383
266 109 103
595 343 950
373 179 449
251 600 491
741 465 49
527 358 173
471 674 429
531 817 441
463 433 161
923 975 225
875 921 665
397 34 906
362 313 743
104 499 273
505 761 137
57 733 194
227 149 501
720 393 859
331 361 919
988 657 617
787 737 237
833 833 656
706 845 241
482 610 280
835 861 187
161 501 625
401 161 326
467 466 309
263 68 795
789 713 969
201 161 851
207 97 545
81 603 889
351 77 213
505 305 435
891 308 111
32 129 858
605 153 326
497 377 989
49 761 656
185 829 556
3 621 17
871 369 871
166 849 451
6 71 680
997 351 343
667 811 369
690 677 371
66 497 350
436 362 961
289 701 206
41 551 185
977 921 683
746 217 933
233 350 399
587 301 441
701 533 937
81 802 345
569 64 9
243 371 679
939 839 574
807 266 565
242 701 828
501 63 505
372 41 277
547 401 830
316 844 747
569 469 45
997 761 717
478 314 417
255 339 586
218 961 289
901 989 313
161 489 210
795 97 11
9 281 757
413 707 375
22 456 213
881 237 673
211 297 426
588 753 827
438 921 805
12 710 569
267 121 601
841 736 117
543 991 211
179 1 119
651 410 172
137 41 729
633 927 542
111 886 339
932 465 941
542 705 608
105 945 870
601 173 357
261 991 876
653 531 441
1 801 595
878 316 446
601 381 305
925 101 561
281 234 313
731 886 777
127 981 41
400 199 541
649 137 355
103 362 471
793 883 766
128 330 241
376 445 381
301 676 285
337 600 961
89 345 620
216 175 193
717 81 481
141 253 733
527 445 600
561 133 656
577 431 658
911 837 85
473 741 113
89 68 64
851 447 241
917 867 191
736 884 121
41 417 790
56 241 871
655 905 101
585 257 205
700 980 251
851 4 962
404 847 905
681 29 401
641 181 71
561 65 701
11 996 955
721 196 686
546 392 473
319 419 257
419 89 601
343 481 51
81 177 261
836 865 634
751 780 133
855 786 485
617 625 469
425 223 805
773 594 593
825 990 661
366 831 811
1 889 579
617 3 156
893 646 36
801 85 493
165 176 161
413 225 481
977 519 299
744 89 759
437 157 524
581 360 943
661 784 367
961 61 817
400 638 996
891 293 801
81 187 334
289 723 917
576 172 562
813 265 997
380 385 625
233 87 289
900 303 739
467 686 81
908 191 896
836 741 385
35 326 295
953 338 159
336 443 357
879 641 366
711 539 263
101 994 71
746 849 136
806 321 585
807 217 235
541 913 176
531 105 789
211 241 748
526 801 693
719 979 655
109 853 352
899 193 765
97 400 521
733 513 241
561 791 983
75 515 457
751 56 469
897 666 920
261 641 553
88 33 181
921 803 983
73 857 943
44 410 361
92 13 942
288 512 397
129 662 705
900 836 515
849 670 771
113 966 536
61 607 783
651 16 621
801 919 765
858 228 306
753 348 367
299 273 177
684 487 335
169 913 917
911 214 156
319 952 653
883 729 507
720 567 256
548 584 521
661 464 461
651 531 745
638 831 401
881 388 41
377 58 449
459 337 987
161 73 56
919 793 257
274 361 35
935 319 740
751 373 623
262 459 706
921 961 194
622 952 795
902 829 887
868 470 875
410 361 785
476 15 582
357 766 629
225 773 425
249 137 177
476 731 261
461 1 731
411 977 533
930 639 461
410 7 771
593 822 765
273 93 918
901 751 43
754 945 643
421 801 341
245 381 571
764 708 551
262 953 231
169 625 935
561 984 533
658 546 279
674 669 496
661 380 405
129 895 601
271 509 553
261 629 549
345 195 129
165 759 455
394 606 506
281 505 873
240 857 797
646 707 247
916 907 29
500 681 833
566 231 77
169 524 696
393 473 615
700 146 256
631 183 405
149 447 61
811 181 453
973 460 401
453 73 725
729 271 672
859 701 657
57 749 129
999 811 649
913 426 854
900 251 813
983 803 109
949 871 141
556 403 931
569 954 945
154 157 741
145 389 366
191 526 78
260 945 785
702 657 654
264 895 789
535 567 113
91 913 397
294 577 247
457 953 948
249 1 47
137 332 232
772 812 484
573 620 929
669 181 7
613 753 862
257 879 291
835 869 913
417 110 656
636 729 236
925 873 439
960 669 657
25 43 585
300 479 728
281 578 271
525 149 145
369 346 269
776 893 601
569 929 756
83 451 761
291 270 269
953 745 587
431 297 885
167 660 675
542 551 734
213 41 804
905 929 709
486 65 40
393 920 412
721 156 185
281 765 226
229 239 379
241 8 246
93 95 109
102 273 192
107 843 761
576 443 831
65 921 883
710 341 721
257 433 855
991 455 516
825 980 764
505 905 1
801 391 985
224 522 348
588 793 221
843 71 745
834 620 833
987 586 317
135 541 81
181 481 701
66 575 466
185 921 365
121 271 325
861 629 229
838 504 147
289 545 919
89 722 481
354 341 673
337 429 241
985 297 717
635 141 317
434 91 641
709 971 510
655 441 441
531 639 817
888 513 981
626 587 461
861 126 41
801 617 969
353 233 917
779 201 399
218 385 219
143 341 867
849 133 121
599 763 701
111 939 841
323 836 445
711 984 729
307 547 8
955 739 416
675 597 119
152 1 755
895 273 561
553 763 945
323 685 450
521 878 644
387 292 252
17 697 113
25 127 613
341 767 953
249 449 226
971 961 225
935 763 606
751 397 425
689 733 368
372 79 699
297 512 677
129 545 439
187 512 554
925 225 455
126 922 479
681 686 729
572 114 625
865 325 345
76 6 557
651 449 907
951 346 901
941 599 396
397 83 115
849 629 340
777 438 885
457 724 181
653 268 761
913 420 977
573 836 346
412 946 253
645 891 5
793 829 690
236 758 787
928 968 695
601 385 509
250 801 409
888 249 945
712 174 702
237 497 677
881 349 819
859 749 641
101 52 704
301 269 64
100 51 449
926 813 471
112 911 790
829 543 273
287 181 101
891 693 611
465 474 751
85 761 1
936 571 481
826 176 587
673 147 716
789 313 829
784 541 257
439 49 501
233 646 529
693 929 601
205 489 847
787 813 661
215 11 626
613 184 146
901 877 47
283 384 293
720 371 901
715 160 253
175 672 617
501 961 233
369 510 541
445 97 501
305 27 926
830 799 681
761 775 476
154 721 349
741 540 516
718 45 508
806 834 665
451 661 881
935 317 405
177 57 559
519 521 636
77 601 561
641 206 894
341 833 503
521 102 20
865 157 772
418 329 985
997 475 441
1 173 1
164 273 782
63 286 671
261 745 683
845 121 281
485 265 203
476 284 876
629 921 546
553 935 56
906 836 607
303 543 785
185 956 257
561 491 981
426 896 151
171 785 373
55 417 105
217 569 601
208 701 521
20 782 489
57 176 63
671 991 489
396 617 71
497 881 255
338 656 373
480 977 401
89 751 122
73 327 109
759 172 261
906 391 30
577 360 697
801 697 403
76 895 931
476 769 425
87 361 605
93 779 881
419 591 651
415 205 596
773 379 963
781 752 161
101 876 251
642 319 397
823 811 737
401 41 513
428 769 231
841 631 591
217 260 603
876 106 225
85 374 916
353 201 305
337 921 99
416 781 321
316 105 129
371 587 11
441 628 331
731 791 66
709 263 100
201 273 851
489 313 673
716 896 201
436 653 621
421 683 32
442 500 99
657 599 373
499 436 283
970 681 281
117 701 553
395 969 775
761 81 713
4 326 916
881 677 689
201 385 973
257 501 272
516 929 337
427 83 281
825 513 77
191 218 601
40 887 399
907 1000 467
217 386 941
227 112 808
217 429 505
457 721 616
20 845 161
1 306 441
922 566 133
161 777 569
670 969 618
607 926 289
193 749 343
251 809 145
888 807 249
39 565 758
208 865 693
194 857 293
311 291 199
896 673 95
853 146 298
601 200 934
714 863 151
1 597 69
481 491 387
367 415 721
257 586 681
739 244 70
841 401 204
571 875 937
269 139 811
6 809 601
495 41 1
945 886 797
34 370 666
511 658 729
36 653 197
471 803 643
819 457 120
996 961 879
393 525 835
397 338 993
561 504 431
72 702 296
562 289 231
27 40 379
167 301 891
899 655 501
145 874 316
987 954 975
896 351 102
767 1 958
163 570 355
931 393 980
531 411 481
731 758 441
29 609 511
453 89 525
850 463 55
398 611 520
287 401 129
479 97 326
116 75 319
357 1 539
523 879 851
751 501 457
707 151 103
961 145 830
147 963 373
222 381 265
976 327 976
605 898 419
635 201 421
566 421 267
501 344 840
67 235 124
7 560 76
708 301 257
461 45 459
46 593 945
341 649 431
317 97 639
905 385 415
433 246 225
177 763 796
710 25 495
955 26 311
418 97 641
99 281 515
733 103 756
927 385 65
651 780 221
395 632 801
481 251 161
241 850 913
361 883 387
811 536 257
799 898 141
587 85 233
421 431 344
191 581 102
457 143 767
255 537 153
250 467 937
121 137 475
961 73 421
187 676 959
745 241 612
553 212 94
627 566 581
127 321 396
174 11 753
481 19 436
715 471 254
761 847 121
545 863 482
454 624 441
259 290 281
140 163 141
284 727 101
20 737 168
879 93 515
639 910 701
528 441 522
861 281 241
601 826 905
241 612 211
137 573 369
229 189 265
467 693 253
233 421 229
925 489 121
154 279 813
665 825 368
36 577 719
985 196 279
163 121 136
817 151 265
650 670 587
129 809 34
215 155 841
50 481 721
841 871 878
948 601 615
677 341 993
756 559 328
657 289 352
873 501 426
6 841 749
87 263 116
273 121 561
761 823 343
881 402 591
631 121 593
758 489 811
511 915 771
863 401 298
951 265 156
113 345 51
740 241 126
241 381 381
411 1 744
751 729 486
633 543 611
58 923 409
791 819 751
681 289 605
483 913 15
985 387 16
69 633 737
353 876 241
626 721 161
341 698 497
546 481 272
283 678 305
713 12 73
757 526 876
993 81 943
793 313 409
281 751 251
901 381 545
793 141 41
118 841 139
837 391 569
89 649 721
321 977 292
705 987 825
89 401 241
233 157 819
519 171 287
981 39 163
649 64 950
757 301 466
361 426 592
152 467 183
237 269 223
681 8 481
817 232 921
119 217 477
165 631 771
711 859 75
769 489 145
633 175 65
161 465 353
486 348 161
162 431 805
761 430 953
524 119 676
79 33 55
159 473 893
773 907 725
686 181 503
904 505 413
251 841 333
662 870 391
689 443 767
101 817 851
547 777 473
937 962 85
549 972 25
201 101 507
207 13 426
326 812 901
397 81 603
126 641 649
645 417 435
683 656 933
705 749 76
993 183 401
541 221 841
751 619 406
201 601 251
359 121 897
941 184 829
249 60 209
901 841 401
680 913 418
169 821 570
386 884 683
401 382 841
776 63 231
261 761 449
805 96 962
713 186 737
514 89 36
497 971 527
361 374 33
224 726 856
780 667 701
153 521 121
353 123 351
105 475 415
785 169 301
197 991 532
877 734 871
550 626 809
425 553 553
705 77 986
667 581 131
684 679 827
741 189 493
837 1 832
724 21 471
353 979 185
537 357 42
132 912 928
126 7 795
861 101 555
225 364 354
927 159 329
711 530 312
345 629 56
523 111 611
891 306 434
473 189 1
559 924 615
433 901 601
981 398 621
789 851 191
572 127 429
151 761 231
317 391 523
691 637 56
543 547 741
891 662 1
796 831 921
215 907 519
609 451 711
131 476 917
356 873 956
791 753 610
37 313 101
193 513 93
105 751 169
973 637 693
442 739 661
300 683 965
105 634 471
687 117 116
105 165 505
449 269 282
185 356 137
320 561 973
372 561 508
721 898 156
951 531 801
694 289 951
733 793 901
843 349 315
561 825 305
563 863 557
81 137 361
92 893 510
473 167 703
385 1 673
54 805 142
926 181 417
597 826 332
601 977 77
273 369 650
720 271 289
881 441 601
541 149 365
625 731 61
496 149 977
8 200 97
427 849 403
197 348 736
987 329 736
747 801 290
345 131 390
621 495 829
396 576 136
905 661 155
241 170 191
181 626 175
501 607 917
729 638 881
551 779 459
751 933 501
350 316 461
857 403 217
75 701 374
378 80 370
933 253 213
215 790 989
421 804 41
131 748 997
405 578 769
985 660 631
579 353 955
854 291 971
301 9 966
406 276 927
649 711 357
786 988 376
429 49 905
745 981 985
213 521 314
645 167 835
116 586 526
457 185 857
601 645 213
96 858 578
347 551 382
73 366 591
449 625 601
405 391 691
635 927 175
9 641 605
121 972 632
608 609 221
446 305 296
944 449 83
643 237 995
76 865 338
556 961 314
431 401 725
126 27 857
316 835 20
210 25 615
831 221 651
265 601 865
777 441 433
409 350 782
37 141 841
737 901 239
471 186 834
19 787 987
121 201 384
940 886 448
696 406 961
837 833 375
661 584 249
234 73 519
89 335 533
429 121 119
740 835 926
181 974 55
1 9 377
183 751 539
78 822 675
521 199 161
761 336 301
665 909 856
89 785 681
872 376 655
835 913 948
931 299 117
417 561 116
265 462 645
579 519 513
210 979 336
768 44 431
173 877 397
240 43 644
753 950 631
529 517 731
625 876 750
285 815 251
219 551 649
619 430 633
439 689 917
712 166 201
694 229 526
696 271 397
81 349 53
693 759 401
453 423 693
961 233 351
805 599 73
93 601 827
481 566 60
229 913 383
416 321 259
766 437 577
901 11 216
477 185 502
969 653 73
791 59 761
280 474 706
417 807 461
137 387 97
789 335 611
634 881 887
489 75 241
481 630 274
497 491 503
345 177 577
873 993 561
665 127 865
653 49 132
659 553 97
170 275 73
483 121 469
485 614 188
937 213 577
776 67 757
509 861 592
314 523 626
663 471 981
31 591 841
468 494 552
442 823 950
941 771 121
837 301 594
850 737 657
841 275 333
465 812 438
531 649 15
61 724 877
132 616 515
569 461 601
512 707 43
960 521 926
461 276 323
644 593 745
185 806 900
796 503 941
685 753 86
252 389 681
509 502 137
566 217 801
721 829 543
505 605 820
736 912 855
545 609 997
139 589 129
853 451 71
301 737 286
878 985 401
79 481 469
179 230 537
697 365 376
649 587 903
509 469 897
861 139 595
361 946 723
625 64 961
423 841 612
703 781 876
753 471 719
745 900 445
135 101 177
564 893 950
89 37 166
817 345 790
561 681 38
697 841 742
215 652 714
77 511 476
643 791 856
281 333 309
802 902 705
701 290 826
385 409 393
207 332 769
961 914 928
476 893 17
315 820 577
658 649 369
705 136 901
419 919 261
477 590 467
737 975 889
637 866 681
73 191 469
349 288 793
977 725 905
716 347 176
135 15 366
225 725 999
648 983 337
787 545 78
810 376 352
461 857 615
657 9 926
978 420 213
258 151 910
851 127 777
521 511 726
172 821 201
873 688 141
7 127 505
5 313 573
899 701 459
312 791 226
17 823 221
991 957 760
511 465 719
215 201 129
927 981 691
185 532 767
738 611 791
300 698 309
964 33 805
521 640 601
811 151 659
277 899 426
7 28 393
390 370 628
656 1000 372
323 937 279
305 249 305
579 868 781
811 507 256
311 906 161
345 201 296
556 837 191
161 14 80
876 663 188
238 991 105
197 757 949
499 551 159
861 561 165
501 283 952
314 689 764
11 881 158
913 400 332
133 251 225
257 245 949
245 466 833
407 981 290
258 575 144
561 796 154
1 991 185
605 829 351
801 221 235
482 579 501
296 533 436
947 706 170
124 184 645
654 229 163
415 197 927
25 101 945
961 721 189
918 60 65
407 648 746
245 848 569
17 103 767
576 939 269
377 809 746
5 286 634
227 28 768
153 449 969
473 921 51
402 386 898
901 781 193
626 943 85
865 547 765
147 6 721
701 785 751
11 16 251
611 455 651
771 665 323
57 556 397
241 536 72
959 159 58
581 451 769
569 461 889
97 57 509
305 151 31
981 803 201
704 271 781
94 435 611
171 93 601
421 964 273
71 381 305
855 326 544
513 329 551
401 897 537
855 425 65
572 708 785
36 571 407
305 701 979
376 69 423
809 641 841
869 682 918
442 545 225
897 427 852
955 57 692
110 87 540
217 821 905
937 508 434
777 513 525
825 933 576
76 280 517
331 909 257
137 373 327
126 841 114
981 53 647
763 861 481
789 433 319
881 926 956
819 419 107
561 99 657
951 169 461
429 149 966
908 413 932
390 295 611
921 355 212
818 491 928
337 535 541
198 58 801
546 981 217
869 919 787
901 916 714
637 595 659
601 537 497
801 329 569
364 694 557
715 526 321
188 553 51
126 201 351
407 473 606
244 133 731
801 253 509
586 559 611
685 701 649
686 671 115
775 601 567
881 93 301
431 49 361
993 311 441
905 513 225
101 835 73
271 645 205
565 851 952
869 758 36
355 685 137
946 321 751
140 785 570
993 913 935
421 345 755
638 405 975
301 10 125
592 32 608
889 20 686
238 251 165
657 301 719
691 348 292
307 501 637
574 553 626
477 577 880
406 351 322
689 140 803
521 77 105
366 581 136
427 285 771
629 6 313
151 351 249
583 440 969
837 211 268
930 15 616
97 204 799
565 559 507
496 571 311
301 343 516
471 46 711
213 881 485
841 61 947
401 977 229
563 701 887
137 575 860
773 631 174
661 653 715
905 213 453
823 981 217
297 764 371
516 733 316
321 96 633
37 364 541
301 89 741
329 137 941
821 887 809
563 897 429
661 363 597
691 756 353
901 828 757
476 115 747
985 41 786
927 961 853
771 629 413
749 251 137
861 789 485
834 443 886
921 405 895
867 288 305
715 359 848
620 551 65
569 177 120
897 687 485
961 631 71
906 281 866
553 733 661
861 417 977
635 785 283
499 849 49
651 445 459
110 672 229
444 933 601
659 45 531
491 516 313
129 383 440
569 457 291
126 281 769
118 345 429
49 797 619
21 844 195
875 275 541
27 717 999
985 233 141
414 629 596
457 81 496
531 867 910
113 866 65
909 663 449
481 23 937
651 714 441
313 281 694
613 709 821
990 626 328
866 811 81
489 361 597
251 411 751
706 436 581
585 680 141
891 209 831
43 813 325
137 933 441
609 805 25
801 126 503
69 62 819
41 361 913
889 426 585
149 699 86
284 883 949
813 461 872
579 201 877
741 43 111
819 320 527
461 481 826
369 843 330
519 424 625
437 761 665
157 977 821
313 185 785
931 229 841
327 461 849
955 416 131
361 937 693
577 744 817
898 281 691
943 501 776
409 949 843
902 561 35
245 986 693
125 969 177
256 297 361
274 129 696
961 520 45
15 414 233
631 497 649
81 701 609
36 951 504
913 877 441
505 52 391
270 873 1
468 518 595
441 807 57
97 77 576
391 353 901
273 453 177
380 651 441
733 537 751
623 627 953
157 316 742
667 665 241
899 786 897
565 146 561
752 166 473
441 306 689
265 945 781
775 501 137
731 43 461
382 677 501
886 495 961
365 785 45
821 675 81
797 177 766
749 822 910
421 363 382
603 909 471
771 661 501
353 581 185
835 422 631
812 809 63
249 545 541
504 305 88
115 379 719
486 940 369
289 869 139
684 880 651
56 837 13
73 351 174
265 274 29
756 617 421
285 801 789
941 123 617
401 109 341
225 873 721
261 501 876
96 205 161
463 801 707
12 761 246
372 757 827
563 335 619
731 733 219
766 341 47
63 51 337
65 727 327
829 456 641
969 113 556
569 41 517
261 769 235
201 841 941
897 490 981
651 717 891
372 151 561
277 284 858
881 821 839
436 943 682
273 169 85
157 321 51
161 901 994
969 41 426
556 350 505
311 17 611
700 511 907
701 563 594
971 51 301
457 588 640
349 821 61
749 276 401
151 981 123
489 921 569
529 401 501
511 443 773
56 993 462
856 726 317
985 743 297
441 939 881
473 707 31
796 359 705
451 321 577
356 583 273
989 589 751
315 675 601
132 278 813
179 711 256
514 261 601
269 259 533
697 89 221
749 71 477
921 131 971
357 291 571
226 573 43
10 511 883
398 950 889
673 901 727
629 425 382
478 236 341
847 59 261
581 719 861
3 569 293
149 855 606
325 890 651
769 513 869
146 257 926
317 689 562
67 833 757
283 37 535
76 283 607
347 823 942
728 686 611
441 663 513
529 161 346
953 890 181
73 230 15
101 55 215
405 744 869
811 949 582
728 341 741
633 363 219
451 825 891
445 651 337
489 631 797
456 161 205
108 6 577
475 98 601
805 23 811
260 603 613
929 729 811
261 496 196
236 761 236
41 907 441
915 945 781
113 555 349
133 949 19
921 102 913
601 711 481
474 325 667
446 751 80
69 535 474
905 773 745
231 246 981
821 751 61
706 365 736
195 401 895
880 818 561
173 431 633
472 505 777
404 519 906
997 493 441
201 263 32
475 314 79
911 103 388
381 181 201
473 587 531
409 990 49
429 561 201
481 369 121
417 235 369
738 353 713
621 529 65
655 465 149
86 780 941
615 161 3
541 139 103
377 217 105
213 429 197
101 382 755
761 306 626
353 601 469
996 541 909
81 321 385
687 846 881
321 689 841
461 283 971
311 79 21
561 961 555
93 785 177
229 832 855
564 523 365
284 579 201
291 493 958
285 846 737
643 74 504
74 794 401
825 757 523
649 541 155
78 176 197
993 200 421
183 932 478
557 961 187
788 63 797
236 257 693
673 281 909
921 514 861
185 661 272
371 537 513
576 251 729
431 646 33
539 397 407
661 497 682
488 206 101
155 475 469
933 890 491
979 23 901
517 965 356
356 273 925
995 1 611
145 404 246
556 299 526
5 701 495
876 169 38
411 81 233
761 451 601
1 401 793
801 509 336
273 236 907
853 399 343
831 910 81
337 495 195
824 276 815
221 191 485
276 513 507
945 617 259
351 385 451
626 949 433
309 505 213
869 506 971
259 561 385
201 513 571
903 937 44
401 836 696
517 601 93
936 961 886
303 454 741
982 363 5
149 905 1
729 809 500
701 466 669
229 975 989
958 11 13
429 675 721
679 641 426
902 632 68
817 981 813
481 928 923
36 123 329
869 133 619
671 269 665
990 715 881
749 708 505
525 940 727
195 645 740
419 501 147
481 371 112
829 401 376
651 692 533
179 403 91
355 311 37
375 85 465
575 467 117
89 212 869
681 369 63
336 626 911
65 949 677
767 201 510
652 761 617
133 449 345
193 279 817
921 911 513
309 601 351
661 965 701
733 101 381
283 785 331
53 281 337
417 205 138
831 779 741
857 561 121
16 23 345
854 957 81
161 391 197
691 539 315
107 555 481
241 381 991
245 697 740
900 751 410
369 833 593
309 916 771
281 646 481
855 730 739
296 854 572
979 904 911
943 401 913
1 701 71
57 81 617
751 741 671
848 38 281
393 381 661
985 881 781
411 451 651
99 37 303
309 266 26
5 411 691
837 241 549
641 117 529
901 797 756
137 497 197
681 931 877
443 531 366
961 159 881
951 601 841
21 741 101
684 463 402
816 233 780
221 341 341
765 786 117
21 946 898
329 573 849
265 757 128
501 871 582
611 989 901
55 777 387
149 85 644
641 333 888
877 789 189
361 14 531
471 651 893
441 625 283
667 501 789
501 339 708
491 321 89
279 126 929
612 120 555
843 816 251
41 501 641
918 725 425
207 327 913
277 868 809
51 775 101
836 354 236
337 41 544
932 588 855
426 865 530
684 784 69
41 302 417
773 891 629
851 201 877
337 415 272
35 855 847
705 291 777
9 253 208
264 529 721
16 318 917
993 150 581
203 729 196
553 69 151
289 161 193
463 806 211
357 225 977
921 967 56
90 153 616
251 426 729
825 621 517
875 39 372
229 76 966
981 185 727
789 494 51
42 101 773
288 937 9
973 368 922
565 113 918
361 490 661
651 686 217
771 513 905
864 513 771
929 941 577
833 969 347
889 953 229
433 122 813
373 247 13
391 191 535
610 445 81
129 833 73
571 595 969
382 751 589
881 230 913
513 761 431
601 213 49
407 981 990
246 54 985
286 5 161
855 678 838
161 101 277
841 469 461
915 529 461
300 893 537
731 825 25
993 759 838
501 817 984
992 641 970
306 391 657
774 1 981
961 279 351
629 282 577
49 457 796
366 337 654
193 601 881
953 467 462
691 753 791
541 113 961
9 7 273
707 141 962
93 742 476
26 801 381
941 141 951
997 822 969
277 733 229
801 398 867
299 991 497
107 89 473
226 721 741
624 763 769
834 357 650
194 241 225
925 341 419
601 596 613
889 48 783
491 651 34
391 502 881
372 143 679
321 871 687
509 881 301
977 509 995
99 631 678
737 491 291
449 952 979
881 609 543
641 973 649
845 41 424
971 167 414
649 895 227
945 321 846
77 691 38
737 377 96
929 561 577
383 349 721
353 176 473
289 422 825
685 128 491
328 464 695
241 779 166
937 683 992
181 499 328
185 732 689
741 811 26
175 35 329
821 625 487
449 531 181
336 329 676
113 250 945
449 364 667
961 949 239
229 127 453
60 521 773
349 171 69
921 288 169
282 511 153
669 94 901
175 741 687
41 320 213
877 813 331
401 646 523
331 631 287
557 747 383
686 25 939
493 344 741
598 106 745
392 340 973
757 164 529
561 121 201
929 353 913
387 298 961
352 266 157
364 183 761
372 929 137
909 271 889
145 145 922
500 357 949
529 257 941
329 780 325
851 166 64
753 761 257
587 305 483
337 653 138
19 866 49
433 753 664
371 138 28
81 334 605
639 135 170
955 101 473
973 405 41
883 165 397
132 531 201
737 473 205
786 1 231
206 666 81
499 741 611
603 881 16
601 994 307
270 192 601
567 67 29
446 707 948
282 505 491
610 465 925
367 693 719
261 876 9
726 203 341
619 811 177
300 861 351
81 985 225
321 952 41
449 868 401
818 681 182
454 97 841
941 657 617
701 429 251
481 279 537
374 57 132
699 431 134
741 851 133
440 729 233
446 249 625
378 1 189
131 535 51
948 343 110
550 935 675
561 671 679
371 685 148
684 373 897
190 207 913
929 903 636
393 756 691
57 653 741
528 635 281
866 156 261
354 541 831
257 232 318
600 746 353
921 352 505
807 936 81
340 370 653
919 996 753
191 339 901
944 711 768
561 303 151
565 977 329
773 401 308
229 641 151
68 303 858
395 342 725
993 86 657
60 524 625
545 109 415
367 181 879
590 232 521
903 753 576
447 331 147
158 851 65
227 393 751
804 424 491
813 74 291
475 255 717
253 239 649
629 414 491
713 78 1
577 237 197
426 950 767
757 431 361
914 767 953
504 217 376
641 276 1
193 645 498
1 115 105
796 425 736
123 950 910
549 581 673
526 587 681
183 94 446
77 296 294
480 921 233
581 167 466
981 355 97
320 429 555
905 409 221
465 683 998
801 841 481
21 527 623
777 205 673
818 905 813
776 897 369
158 732 172
413 582 161
145 371 641
234 189 689
209 451 997
673 808 939
463 342 977
771 545 691
847 461 1
553 681 431
626 620 317
591 781 993
849 57 261
137 745 953
831 321 251
379 326 459
959 504 169
507 341 120
835 124 776
287 697 425
177 265 961
306 72 488
841 406 637
636 504 327
722 510 394
614 1 932
437 843 541
505 911 869
281 25 951
689 309 49
880 202 866
357 207 511
321 253 793
661 357 487
561 812 640
493 415 579
431 487 285
578 105 926
363 861 985
299 816 426
721 416 415
607 973 799
657 376 685
645 940 625
226 877 94
407 504 894
133 737 581
847 505 662
957 161 956
98 271 457
16 715 639
817 389 501
181 711 391
181 801 219
585 611 244
869 364 617
213 540 209
617 985 801
945 441 52
770 884 35
280 126 481
385 125 669
361 683 943
453 473 769
985 901 161
661 33 951
501 876 165
770 998 664
601 581 223
98 83 160
985 89 399
713 572 19
929 651 201
231 520 975
599 989 873
145 491 975
746 503 483
559 861 6
937 761 176
865 105 945
391 32 83
267 918 435
389 125 961
755 981 771
378 295 946
187 209 486
263 451 198
621 311 626
393 626 341
485 237 591
73 61 351
627 806 83
640 115 554
591 833 235
965 537 451
970 721 653
481 963 323
777 921 448
824 968 21
161 59 890
702 141 951
751 529 527
486 41 826
85 793 512
57 557 913
50 851 329
253 369 195
921 225 80
93 877 291
141 354 310
101 117 525
49 409 502
969 143 201
452 15 189
261 857 101
24 10 55
673 220 780
851 165 175
251 149 553
642 945 553
819 609 981
449 101 62
58 381 437
391 661 278
189 281 649
546 305 241
465 371 759
481 651 151
877 2 781
917 274 366
185 171 749
406 457 855
649 541 781
673 996 235
729 961 957
707 641 671
154 196 881
229 589 501
499 731 406
294 5 975
48 665 772
279 217 96
898 152 947
873 329 245
691 883 129
548 953 675
898 945 345
318 151 49
119 701 341
181 882 63
905 194 377
415 282 833
376 874 377
75 871 331
3 329 591
161 291 328
579 172 761
826 958 393
132 451 470
374 821 521
57 664 936
870 842 465
705 86 757
374 176 449
594 501 925
601 260 10
434 373 93
921 89 201
985 279 297
419 541 695
136 289 601
401 791 201
158 562 948
201 746 42
641 296 777
61 493 896
974 151 509
101 361 272
511 499 191
905 905 969
692 205 993
927 170 41
878 221 953
388 456 21
17 825 169
415 239 968
516 689 711
361 471 578
345 850 377
212 61 861
472 229 796
846 318 641
937 441 66
291 141 513
569 69 433
542 219 869
251 701 221
787 221 475
706 163 431
789 421 518
169 137 793
611 435 603
97 393 265
781 681 203
957 714 465
824 639 341
795 716 15
270 376 17
21 381 353
809 611 505
917 866 89
876 839 641
289 56 321
801 121 701
709 931 266
582 665 56
401 550 373
714 366 440
513 101 323
240 280 547
949 769 63
51 924 745
903 64 706
822 469 153
126 751 297
560 876 962
732 943 997
212 641 582
922 725 84
420 102 293
865 185 956
1 701 249
977 985 921
775 261 924
659 926 5
483 494 776
329 599 778
893 676 794
433 91 334
819 9 193
941 555 988
671 121 745
672 594 621
97 622 120
721 96 145
989 441 811
540 33 213
996 9 41
901 870 695
246 169 765
572 885 629
737 241 288
718 591 303
99 561 61
626 389 837
741 421 916
183 329 490
165 502 79
256 250 391
954 826 121
629 876 745
831 325 157
667 1 132
913 153 567
701 641 401
176 329 615
877 542 845
125 46 547
951 561 936
245 501 993
147 867 513
863 353 831
309 467 473
773 570 421
65 317 571
503 51 769
281 909 225
763 609 446
890 286 309
89 501 927
305 230 101
29 989 617
701 476 845
610 653 543
361 265 965
686 813 372
552 500 639
9 537 485
656 311 305
721 541 721
179 233 777
777 377 295
879 647 469
701 465 173
849 891 707
305 761 471
340 25 641
326 929 410
94 262 546
129 966 569
386 19 905
731 575 518
157 505 440
657 767 937
817 946 113
133 591 761
286 469 249
944 773 376
8 751 156
298 35 501
725 933 573
474 891 713
201 568 276
709 595 423
346 91 41
665 949 215
561 251 778
271 97 655
305 288 921
405 731 897
884 59 86
845 681 1
970 253 515
51 253 345
505 905 159
543 355 126
391 751 945
509 385 954
1 698 877
464 385 881
289 993 220
601 731 581
427 976 65
582 225 926
66 663 379
633 267 657
785 205 513
791 833 238
575 601 418
621 655 381
73 481 851
367 297 1000
106 591 126
635 631 213
189 954 185
691 112 37
185 274 433
885 1 21
649 273 845
141 233 755
421 247 257
114 731 71
256 146 863
257 65 901
51 702 751
929 199 785
777 413 937
300 575 436
256 156 685
971 521 935
889 163 111
425 777 113
551 811 505
476 111 56
349 185 821
460 387 293
159 281 487
354 601 182
161 767 345
241 741 720
634 206 474
537 951 236
377 541 863
460 376 607
201 915 471
427 915 523
617 501 596
305 217 375
745 281 132
329 329 801
221 284 95
265 729 968
301 558 623
425 556 785
831 575 598
141 82 529
301 233 809
502 692 811
657 93 270
483 205 873
753 864 99
48 65 711
193 513 329
1 617 832
605 916 432
333 617 373
99 877 167
669 495 556
941 742 951
801 959 181
241 466 946
115 931 125
33 693 745
367 781 156
941 66 746
549 423 676
771 594 449
145 589 421
766 611 571
146 133 670
835 609 809
563 979 769
949 589 781
498 649 861
559 336 501
437 998 876
327 235 165
134 417 209
841 555 709
782 505 361
60 626 822
319 611 319
923 361 934
777 417 927
155 791 743
897 522 513
505 825 607
151 282 617
550 253 785
67 732 538
112 518 295
302 727 788
477 585 20
11 656 453
636 567 508
751 601 367
313 501 26
149 411 476
113 691 259
441 503 753
547 433 38
255 198 769
977 585 546
929 825 557
146 708 651
1 852 457
996 831 961
995 209 546
751 61 763
131 821 457
739 849 161
701 865 129
719 485 413
817 821 1
421 259 675
797 109 179
411 376 385
505 703 217
777 201 163
17 223 13
41 261 394
25 995 505
531 145 171
697 527 881
482 741 910
428 753 609
514 643 862
905 661 41
197 916 245
761 241 650
425 647 874
21 731 553
441 486 715
9 361 138
509 160 49
789 475 681
681 985 526
923 101 929
463 153 121
302 633 617
753 221 455
924 561 291
859 212 610
504 525 1
653 948 624
908 697 1000
959 198 627
990 545 283
871 753 739
767 812 680
417 105 937
745 831 760
649 691 807
727 625 611
622 347 116
651 713 243
935 223 601
42 146 581
195 513 121
146 543 217
782 129 569
450 258 580
815 755 175
886 766 321
909 38 341
744 29 962
240 326 665
602 207 201
733 404 276
341 461 119
522 111 521
667 506 162
439 57 841
61 670 497
907 701 173
450 949 801
409 641 930
441 945 144
57 790 17
43 361 11
97 301 361
542 664 872
529 361 397
701 696 501
661 921 995
310 486 841
681 202 528
1 891 423
308 411 245
809 249 71
79 611 726
289 101 261
219 33 397
201 397 353
447 958 499
961 233 248
872 461 602
773 261 381
952 585 471
901 793 987
539 13 761
419 737 545
995 361 876
981 616 549
70 601 129
765 427 541
506 401 595
501 590 746
981 591 753
807 51 396
101 659 751
733 301 141
525 532 150
59 791 402
831 107 865
921 745 681
722 361 985
163 734 70
231 800 881
593 267 301
533 556 95
938 441 539
911 271 631
826 613 938
122 311 601
801 501 941
55 671 999
336 311 121
954 836 881
293 825 283
978 667 893
1 801 93
165 697 791
633 428 965
411 713 847
703 301 669
559 737 472
357 393 255
1 585 537
699 761 105
806 984 735
320 338 277
70 71 721
701 779 977
238 809 321
961 509 681
335 201 951
637 541 323
861 46 758
848 857 102
623 215 201
65 473 461
405 183 57
781 214 769
1 441 911
929 713 653
953 921 256
981 614 431
729 267 534
553 397 177
369 530 1
151 659 501
421 929 841
559 577 545
476 224 864
511 991 117
853 934 243
265 751 521
479 821 367
601 919 577
926 239 393
369 441 633
757 351 601
33 177 241
461 25 258
938 286 826
473 309 665
349 35 681
350 865 312
510 476 840
531 257 489
897 531 205
49 694 130
816 231 871
21 626 533
936 101 265
336 379 603
893 363 381
521 561 509
721 401 649
847 521 877
236 154 331
875 513 73
832 340 799
913 26 544
526 843 558
508 703 701
884 473 185
793 903 947
635 225 505
789 101 761
501 338 721
21 669 647
566 321 845
709 153 30
686 193 955
872 297 907
969 181 680
828 717 121
978 900 443
209 567 697
357 413 835
93 201 130
291 913 728
794 193 73
461 1 249
741 777 908
969 801 257
601 261 1
451 246 287
201 266 835
966 89 945
776 322 913
335 860 541
715 139 19
235 105 17
408 530 165
239 487 324
706 666 729
793 771 266
501 701 573
601 551 547
105 811 191
926 595 137
678 569 412
78 4 109
801 881 385
571 801 137
27 463 753
73 805 65
421 957 881
221 83 451
649 277 654
517 11 721
742 321 626
376 431 191
791 401 636
145 811 933
33 81 646
643 191 777
627 36 89
615 265 261
785 9 835
726 33 426
505 993 697
38 367 21
21 1 331
381 201 905
11 433 74
57 62 826
93 681 617
466 281 626
261 637 811
105 385 635
143 107 636
131 299 313
1 1 881
725 601 541
453 405 529
961 710 251
971 813 353
877 521 811
641 873 201
729 505 713
839 833 415
444 276 679
183 536 978
394 940 917
389 161 974
326 962 701
345 65 765
313 289 81
375 624 931
80 176 337
606 216 406
646 797 896
569 483 290
873 25 966
661 631 835
321 195 233
863 748 311
99 961 825
31 913 581
416 445 186
311 857 821
111 376 841
931 869 442
464 331 965
31 594 115
180 227 565
141 761 897
11 471 997
833 517 279
369 419 441
557 579 96
633 83 177
51 101 71
832 985 56
577 640 488
971 217 491
893 109 569
341 489 817
903 617 901
81 85 165
606 689 572
997 491 481
191 929 321
375 171 129
417 429 233
857 787 68
396 501 117
713 848 845
765 951 369
545 266 916
294 809 21
585 339 675
979 675 266
657 575 891
633 177 875
901 86 460
346 781 889
43 739 236
81 609 947
93 701 887
351 421 59
121 489 860
729 680 481
793 735 201
861 353 642
769 13 767
211 837 715
629 227 847
657 583 942
400 540 817
301 137 251
199 946 977
630 786 681
681 677 96
719 989 159
883 985 501
201 294 155
152 561 445
298 389 713
271 489 623
592 581 351
253 354 329
455 373 943
768 714 191
93 161 513
313 533 888
875 55 640
521 217 527
441 705 533
461 981 659
185 345 936
349 713 293
476 965 424
896 844 748
395 511 686
701 131 545
172 428 801
426 57 681
746 771 213
649 640 299
851 743 555
196 301 877
504 955 529
737 605 304
71 784 841
177 933 105
449 261 407
664 14 119
834 801 81
1 243 441
799 585 440
958 455 809
279 319 633
596 701 13
495 881 355
821 71 765
781 881 568
129 250 581
721 165 457
389 81 216
476 592 357
179 935 826
40 397 295
505 434 905
816 297 874
513 565 384
527 690 537
289 998 305
606 673 269
15 201 41
335 711 899
799 415 19
751 51 655
797 293 807
776 217 409
341 717 291
341 801 916
371 53 506
151 65 121
825 519 566
501 679 350
211 18 971
561 823 668
917 425 176
451 223 607
764 473 271
681 901 18
340 452 1
181 351 901
529 522 591
411 837 401
345 581 75
129 887 773
601 582 948
25 451 326
353 873 494
833 136 573
489 775 322
25 298 41
844 781 926
529 258 235
101 65 496
483 671 945
267 393 613
876 825 23
601 135 676
608 377 593
537 516 886
501 381 143
831 751 801
592 33 835
979 959 201
92 751 491
181 449 618
13 47 88
155 621 953
835 835 11
143 281 125
921 306 881
976 94 543
51 745 353
513 873 109
458 81 41
589 546 47
641 781 661
671 856 387
183 511 251
161 153 441
959 116 333
843 249 168
851 98 481
897 131 131
427 109 273
758 437 289
695 521 617
786 93 959
937 341 891
75 513 201
814 795 585
89 697 542
269 753 657
697 861 425
474 409 641
792 76 969
705 650 161
689 631 841
944 755 397
533 623 91
256 827 965
702 201 825
817 721 57
839 217 853
357 625 995
676 267 626
136 463 773
838 989 641
867 15 711
273 721 524
189 433 521
981 526 277
105 151 566
336 879 487
711 701 61
66 771 976
850 50 681
893 933 425
822 834 767
291 882 107
365 261 146
3 381 226
612 206 793
61 105 891
869 212 211
308 649 215
853 489 873
79 835 607
699 231 799
156 377 137
685 251 801
603 641 953
881 600 639
32 624 585
121 73 139
439 302 277
651 377 221
24 373 651
185 193 937
251 451 55
611 642 633
845 195 731
994 458 601
694 319 883
131 193 963
261 221 557
688 97 601
626 426 699
772 559 84
139 1 65
933 106 657
571 249 825
161 786 176
719 666 587
809 574 633
480 492 657
984 697 929
41 251 459
277 819 339
591 626 885
265 759 682
662 132 719
337 593 385
816 659 435
51 371 163
765 589 51
727 435 116
669 353 261
591 81 896
47 479 351
732 772 15
68 849 945
833 37 27
877 491 279
247 93 165
251 356 345
626 246 893
828 361 76
376 785 612
363 625 501
21 853 627
402 929 256
425 977 1
84 349 163
438 101 889
718 149 585
177 101 401
82 546 737
592 751 959
153 935 246
393 1 377
321 101 301
195 575 25
621 576 801
759 751 565
385 951 586
943 147 907
376 3 649
321 761 473
238 458 241
441 71 797
974 536 616
639 161 287
789 366 706
425 245 595
25 381 475
16 686 919
356 841 937
584 486 91
176 245 861
222 521 481
645 526 913
917 201 372
355 641 17
74 521 121
316 587 829
200 461 51
345 480 987
353 301 291
895 800 354
201 185 755
826 501 523
649 57 766
609 35 961
141 670 299
507 182 433
337 124 753
86 635 179
187 469 221
345 112 377
651 461 485
413 991 45
85 394 345
80 905 91
305 608 259
133 276 145
904 977 385
619 158 505
22 905 212
429 117 27
454 265 161
469 727 53
799 501 86
441 878 937
601 897 61
329 416 441
10 141 416
339 299 841
297 929 176
839 13 793
544 545 169
514 403 521
719 913 52
42 781 809
701 53 557
954 661 121
561 963 821
218 905 821
415 755 27
761 715 300
761 376 891
643 475 463
643 25 946
344 351 541
375 753 301
161 483 185
569 804 709
597 961 129
741 521 235
716 415 476
47 825 105
909 601 701
317 741 877
466 289 375
351 424 353
566 401 347
997 281 777
441 921 671
569 48 893
861 105 693
604 439 533
431 368 755
660 18 804
871 358 589
789 630 593
759 679 281
543 691 773
225 447 328
944 587 670
901 297 721
601 321 281
491 5 913
919 933 846
765 191 503
479 561 225
201 365 944
901 925 941
577 913 942
289 783 221
9 730 533
625 753 461
47 349 2
30 101 623
85 727 273
281 345 865
437 891 273
40 737 745
293 624 214
281 624 377
68 409 536
787 57 238
457 501 740
831 169 21
676 647 760
555 249 547
84 205 73
106 121 873
547 451 381
605 261 981
485 46 273
957 861 376
641 863 628
401 773 1
601 841 943
281 261 873
17 901 126
168 129 849
977 561 723
101 865 529
21 646 206
81 911 488
221 733 441
684 360 769
873 441 701
805 609 17
973 701 956
217 921 809
337 321 757
613 613 385
401 353 587
220 363 13
643 985 391
281 234 719
121 325 377
322 124 1
687 450 501
246 421 881
51 603 495
749 508 985
707 195 791
676 879 3
261 491 761
225 898 217
201 549 241
598 132 1
317 79 580
149 864 873
657 910 320
306 861 276
893 836 681
381 937 257
252 961 436
218 321 751
382 761 681
501 589 571
51 513 435
41 521 513
103 801 401
385 905 405
511 561 886
753 849 121
737 61 364
435 847 249
22 984 561
949 591 119
250 972 305
565 572 945
799 47 521
551 207 261
633 453 193
615 973 193
649 157 115
393 577 919
427 201 939
619 541 514
229 163 901
113 345 65
141 71 883
713 448 973
915 265 538
156 985 49
481 649 546
161 591 463
4 343 475
528 871 65
371 507 185
757 131 745
148 797 358
264 129 745
451 935 339
291 591 753
41 401 681
847 979 457
1 244 823
403 204 241
131 639 51
780 645 743
553 841 559
327 808 737
487 785 938
585 121 59
41 361 13
901 141 17
307 681 251
149 281 236
4 941 418
223 363 745
527 287 355
825 257 286
538 633 315
830 182 295
171 396 511
521 120 710
953 746 233
146 508 329
745 33 852
327 774 139
480 861 831
19 615 266
375 389 65
641 201 961
539 169 981
724 441 245
61 347 631
429 651 640
917 395 481
138 717 833
965 145 176
49 49 491
1 857 476
841 57 801
941 597 66
561 62 229
461 305 941
571 429 534
948 979 501
241 637 382
187 825 928
13 521 329
959 709 246
371 569 458
526 399 641
630 313 641
349 533 272
71 653 576
451 777 640
159 819 901
473 321 81
590 881 177
293 481 323
533 501 61
257 441 505
946 37 433
493 401 71
805 185 757
781 401 166
625 916 231
588 721 714
882 401 673
865 446 211
978 711 951
462 406 155
561 541 181
44 709 651
319 532 614
433 825 7
681 349 821
509 335 337
889 67 753
611 796 441
145 366 515
383 55 367
256 92 979
899 770 313
587 593 661
41 661 59
959 998 81
617 819 989
557 120 58
976 253 557
129 617 633
81 160 893
693 801 193
713 917 905
316 998 1
631 172 745
597 631 196
186 221 757
777 829 926
358 17 993
221 681 301
787 479 601
333 133 241
865 462 57
41 583 625
181 499 188
943 953 161
181 120 771
157 466 211
191 963 716
492 443 61
193 529 15
921 773 721
512 783 583
210 949 805
393 746 497
388 521 849
42 575 643
609 843 541
729 681 261
329 372 993
751 161 496
259 101 742
613 257 25
465 59 801
996 408 469
615 815 401
605 41 573
577 203 202
433 515 941
689 153 81
708 788 310
285 723 877
607 548 5
409 734 73
601 151 935
977 561 901
77 836 62
367 116 402
27 965 188
833 21 177
553 497 401
495 525 794
871 631 79
489 111 429
237 579 538
825 945 48
225 655 975
858 861 915
879 721 105
311 737 296
505 515 345
446 9 974
687 273 325
571 525 30
593 290 825
691 717 843
181 102 785
253 496 465
9 146 681
487 996 328
171 75 91
519 565 209
945 327 646
613 707 57
446 26 104
171 103 265
409 459 916
341 257 937
777 444 381
627 85 162
729 695 61
136 281 927
721 919 240
851 681 312
233 821 851
1 371 156
65 181 251
465 771 484
935 963 385
533 809 898
561 436 225
785 251 715
251 108 841
751 982 718
109 903 51
120 325 598
701 33 765
395 401 851
1 219 589
660 744 973
571 513 37
755 824 57
211 697 457
1 775 761
619 775 446
653 845 126
439 901 525
157 476 933
384 643 323
275 518 68
173 2 25
465 768 585
351 447 376
929 51 413
441 729 256
723 181 189
838 797 525
710 538 369
941 583 886
227 756 983
586 629 601
661 124 125
1 25 241
701 61 293
661 227 816
485 76 587
572 851 873
969 617 768
70 601 481
585 557 432
261 851 313
243 341 791
67 41 314
393 821 485
683 996 903
202 332 581
61 581 960
816 296 543
364 578 521
145 581 793
869 355 481
351 755 673
436 163 369
531 611 63
583 379 976
961 29 966
136 656 121
96 925 467
479 58 114
646 611 946
734 685 966
631 335 371
385 877 695
817 431 996
561 201 741
801 978 69
481 697 709
423 481 500
101 734 353
415 976 586
483 491 951
712 152 305
876 554 711
649 769 105
301 521 179
629 343 601
473 953 821
450 86 1
429 585 562
957 609 801
531 741 981
512 216 309
503 552 681
335 997 201
385 881 209
607 436 277
716 976 427
793 801 9
462 991 903
