3427
729 301 614
141 665 859
835 209 179
689 286 1
646 736 580
416 611 888
736 897 201
321 982 862
539 12 913
66 345 94
246 337 287
581 196 586
480 71 471
322 151 125
489 379 921
500 597 780
437 561 841
665 920 41
91 635 81
133 33 981
969 172 833
889 265 509
743 426 681
841 85 106
711 117 149
413 761 812
190 871 874
96 955 489
366 499 237
779 939 701
617 946 909
542 545 851
197 441 409
350 837 806
567 333 846
433 729 79
433 619 121
597 233 616
507 513 885
81 844 720
169 76 237
341 885 701
383 81 657
306 325 729
678 222 893
376 449 189
172 737 801
293 1 422
530 51 346
737 749 601
834 821 209
727 541 241
781 186 971
579 191 941
731 963 965
776 626 11
141 935 841
155 101 966
383 770 653
201 714 57
739 727 125
682 647 781
756 603 807
521 933 665
717 343 251
345 841 57
907 953 701
981 559 581
438 477 669
791 591 489
333 961 986
551 593 980
767 43 356
569 237 605
471 255 565
475 869 505
154 165 329
916 610 593
566 363 606
960 848 443
83 970 813
401 913 17
185 617 760
446 422 41
853 515 561
753 878 526
419 705 112
785 684 986
861 751 3
211 196 154
576 65 97
970 259 380
721 112 991
777 939 937
449 252 341
707 436 915
121 601 335
676 33 825
121 91 927
101 813 249
1 367 53
41 111 280
608 103 557
569 382 5
776 587 273
929 66 67
271 609 321
429 187 779
541 201 101
185 441 835
801 563 332
21 214 87
416 73 785
575 958 186
276 960 995
305 484 615
541 153 732
313 882 5
951 835 351
759 989 532
774 337 281
961 925 705
196 565 777
235 957 771
769 549 227
63 870 713
805 539 706
509 553 281
191 75 421
321 703 629
691 517 199
943 522 171
162 881 81
129 651 721
733 917 459
321 4 347
920 251 697
437 163 721
170 321 431
92 33 689
697 17 193
985 669 503
108 834 584
44 97 381
864 119 539
221 885 433
461 224 1
950 87 111
614 537 957
249 713 897
105 685 176
437 346 533
307 71 299
930 13 361
521 37 961
377 937 755
979 73 588
633 811 934
693 165 491
905 949 113
777 510 919
785 483 162
837 601 50
441 868 776
457 959 696
485 799 332
118 422 412
781 545 873
169 933 741
341 830 548
421 369 101
425 227 746
986 80 841
277 679 701
296 381 397
349 429 236
635 153 17
683 673 524
312 9 581
968 406 421
93 141 401
965 435 326
961 509 253
709 613 585
191 45 29
469 227 634
681 592 733
82 309 103
406 953 727
97 801 171
217 957 681
94 331 317
284 397 281
289 190 764
667 41 251
161 157 254
26 898 237
737 69 277
714 285 521
666 201 293
485 496 386
976 601 609
59 863 465
948 341 276
401 743 985
963 846 369
133 655 541
28 308 542
344 615 785
650 921 416
65 905 933
57 717 617
839 953 604
857 292 829
73 233 560
883 857 809
69 489 87
139 240 561
467 391 837
909 447 791
921 113 497
559 769 49
770 33 313
863 865 471
841 189 303
278 641 631
281 9 453
511 138 617
751 553 741
921 327 208
251 629 131
209 69 625
277 481 821
317 339 741
121 253 275
395 489 61
397 821 909
902 649 201
25 95 316
71 631 957
881 853 368
381 853 191
635 249 441
561 342 729
763 309 101
251 198 649
177 874 111
949 941 549
666 145 219
249 201 941
208 497 751
333 81 654
963 171 867
321 932 967
761 615 865
176 115 441
125 817 637
199 841 426
537 956 721
571 502 836
315 860 615
41 580 41
305 798 649
749 737 291
506 209 841
354 345 937
307 799 76
121 926 265
60 369 305
81 951 404
921 600 873
821 551 313
463 61 889
981 709 961
825 389 427
641 16 805
432 589 881
961 682 321
753 36 68
355 921 216
925 479 389
513 551 616
911 24 649
204 363 492
457 919 566
233 297 585
561 658 226
737 281 277
645 581 825
753 630 887
375 377 454
201 41 374
1 951 676
421 226 511
101 882 766
979 601 421
942 545 786
461 601 226
433 465 761
841 27 614
601 401 221
374 971 876
28 72 113
275 113 627
281 956 812
233 927 331
901 346 180
1 865 255
65 861 466
845 851 45
129 356 326
191 837 895
37 228 721
1 551 446
397 485 121
982 684 697
116 75 154
337 627 38
897 283 816
292 351 497
811 851 457
987 626 810
633 209 751
426 31 613
526 753 621
885 246 304
401 297 873
176 553 585
41 398 601
641 689 301
401 133 561
17 328 371
971 451 233
405 626 353
357 531 166
200 743 311
101 641 723
473 89 261
463 239 673
331 981 889
117 261 543
207 315 161
53 547 581
233 376 451
43 1 191
684 93 986
985 144 653
931 478 590
26 13 613
126 861 521
964 328 124
957 751 249
353 976 454
469 505 404
529 271 399
156 321 669
491 783 807
685 935 215
373 863 409
921 199 1
275 472 675
241 632 997
726 677 217
108 635 647
849 47 49
591 311 521
601 291 132
15 345 353
850 709 527
752 113 793
449 481 831
691 19 921
250 685 86
597 607 459
41 721 423
701 571 991
182 185 426
503 811 181
751 382 449
421 969 77
246 741 485
956 609 35
403 887 341
787 13 501
865 791 59
269 501 980
61 809 489
392 18 5
943 801 247
249 602 374
897 325 286
273 825 777
505 211 195
521 141 155
931 841 5
506 45 895
863 273 681
998 597 452
947 317 573
547 61 283
251 57 489
180 57 987
635 701 891
141 161 535
525 369 657
861 155 181
839 420 567
428 34 61
557 290 364
185 573 337
155 962 981
239 565 753
337 689 543
496 395 53
793 481 315
444 652 598
113 36 567
801 1 521
346 429 234
673 547 793
61 683 227
652 653 7
831 621 771
245 561 1
608 969 587
179 881 397
301 326 790
334 893 635
425 591 846
9 405 713
481 773 665
847 406 801
857 873 501
551 401 265
921 595 90
650 981 471
587 401 725
40 169 653
995 506 651
541 337 81
287 476 984
518 657 602
559 633 801
179 531 372
721 249 971
927 909 401
37 301 413
781 741 321
341 141 303
585 343 657
781 2 289
565 154 493
131 162 96
596 156 257
637 281 641
57 701 347
535 393 301
700 549 512
883 577 146
593 561 158
483 910 773
696 30 941
501 436 665
388 11 161
333 833 429
680 517 605
171 722 710
119 675 681
1 344 991
306 106 530
885 331 283
286 121 897
647 596 195
265 661 925
121 721 657
369 981 277
331 943 170
537 936 1
323 465 639
261 617 441
233 433 228
891 156 777
953 865 317
804 965 501
161 801 609
323 452 801
649 708 79
173 101 661
45 379 479
685 877 282
791 321 503
449 979 89
137 1 185
840 651 242
429 173 453
853 777 161
381 15 926
374 777 751
421 451 711
646 577 151
81 531 73
526 651 51
137 881 515
903 604 752
698 961 65
546 377 57
101 49 421
511 421 916
501 507 569
676 681 912
86 571 497
505 697 382
851 101 249
45 329 139
521 930 751
849 782 205
991 344 86
801 457 157
791 537 777
291 417 247
145 941 971
786 86 406
177 476 94
681 537 612
521 351 741
923 87 660
811 457 629
269 405 231
331 641 825
241 573 557
686 318 569
397 529 512
843 681 69
597 808 385
626 705 157
126 699 311
427 481 780
423 701 276
716 257 721
231 136 781
296 403 481
369 857 681
864 258 17
891 419 725
631 597 586
751 790 149
278 101 310
521 793 1
794 691 765
870 340 606
34 451 880
851 144 383
397 378 81
43 549 585
115 346 640
851 501 581
265 545 5
611 701 720
261 993 641
209 53 771
65 633 617
245 912 368
385 875 273
20 257 229
341 626 84
977 963 516
96 265 245
345 1 565
581 196 457
656 553 70
281 25 345
677 787 487
349 164 53
659 857 849
176 942 581
321 111 509
13 481 371
383 883 13
61 637 177
978 286 157
233 141 265
370 939 460
625 961 132
766 32 115
253 865 952
537 397 167
847 918 206
121 93 497
913 605 811
303 26 21
275 309 219
464 367 539
981 585 291
95 441 639
757 451 348
1 901 881
840 486 796
406 761 771
641 666 650
920 71 696
1 921 899
713 141 346
331 202 776
968 136 421
960 729 868
989 786 178
529 132 633
321 510 704
656 46 857
717 933 819
281 709 111
479 887 531
28 335 381
735 328 861
897 361 261
948 949 24
631 907 241
977 769 721
701 401 66
107 391 361
9 620 699
161 997 581
651 813 23
225 921 751
937 136 161
897 311 753
131 110 957
731 633 93
173 891 885
537 897 100
922 993 689
417 844 933
670 125 714
651 855 545
707 629 66
668 793 453
501 935 957
761 438 681
155 219 916
27 877 946
541 493 149
691 140 559
276 353 155
916 994 17
140 401 821
815 963 111
162 451 904
236 640 946
276 585 570
331 136 143
71 785 401
327 260 198
721 921 549
259 541 873
521 827 851
83 257 196
553 51 487
7 1 852
829 794 575
241 561 336
105 131 841
401 421 209
959 755 501
717 93 817
967 202 884
223 73 921
834 957 910
809 805 351
451 294 925
639 781 527
126 443 22
801 74 366
167 151 977
746 651 201
186 337 418
1 293 900
97 975 571
509 71 594
49 549 306
401 519 417
1 772 905
327 651 575
295 718 53
701 101 821
843 130 873
49 707 41
741 821 190
721 649 989
382 602 337
61 597 361
677 809 429
841 326 401
177 36 261
204 277 653
745 505 372
101 316 201
175 517 252
865 735 330
491 737 825
548 636 110
620 436 681
901 983 997
523 922 447
14 583 593
833 951 627
592 875 729
862 104 175
677 346 366
993 58 781
961 130 185
477 401 414
627 990 496
387 655 986
437 281 865
724 245 833
42 761 761
387 149 797
597 518 417
151 113 883
548 351 615
81 953 231
141 41 641
529 49 777
943 11 305
239 153 1
298 649 895
407 766 62
47 751 911
681 851 799
873 447 145
256 796 642
461 701 682
513 167 595
335 145 480
635 743 711
181 961 977
987 633 273
300 283 805
405 541 141
473 103 850
553 113 661
793 249 797
609 642 937
701 866 731
151 395 841
43 406 361
786 137 561
608 531 61
357 386 931
965 885 231
661 58 685
731 530 170
851 329 339
660 778 251
186 869 543
476 201 966
691 251 785
526 333 769
955 951 466
674 740 163
946 941 629
991 915 589
439 529 551
496 454 315
719 181 844
21 888 869
773 231 262
996 247 350
286 869 661
861 388 217
825 271 125
243 118 641
8 316 481
362 201 829
741 705 211
913 611 721
330 343 63
161 355 227
321 968 833
601 855 877
823 160 726
482 111 749
726 564 301
397 939 501
9 306 339
381 79 891
583 687 17
258 20 984
194 886 929
401 469 713
596 237 387
879 781 226
745 519 996
695 261 256
161 493 392
101 410 1
766 852 321
301 579 505
233 51 871
551 721 777
330 817 619
505 841 713
819 697 918
597 527 966
855 151 763
573 825 997
791 667 283
826 265 411
990 831 259
823 82 699
264 794 658
893 623 369
961 684 251
604 879 929
457 917 666
55 484 529
919 981 138
146 445 929
193 611 736
505 596 624
437 481 813
41 651 922
163 311 521
643 512 315
981 593 1
1 772 926
813 48 680
908 733 513
91 901 347
69 65 447
589 14 985
496 397 321
297 751 712
136 228 484
97 357 723
525 310 701
47 289 770
781 41 813
752 981 65
9 281 653
131 161 271
693 732 789
237 94 805
733 761 869
709 367 483
604 930 769
9 281 131
501 369 431
75 513 229
551 85 62
946 976 705
179 501 753
270 721 241
646 393 854
296 809 770
219 489 530
999 789 489
320 411 210
601 817 853
645 165 911
451 414 633
896 169 879
489 703 265
597 184 292
766 911 869
178 743 401
5 313 31
525 917 355
177 391 500
926 121 571
83 601 718
155 171 631
21 145 705
761 671 353
355 801 932
49 676 491
46 717 545
41 595 17
363 40 330
51 733 747
181 356 197
611 625 761
507 25 477
434 433 185
267 939 8
211 477 545
661 358 573
782 116 636
534 393 978
25 153 441
361 565 773
921 391 369
33 594 215
949 941 169
43 911 261
549 601 570
436 715 601
773 1 753
944 617 605
423 201 668
876 945 489
600 199 348
636 655 177
815 338 365
881 327 49
973 859 181
250 635 133
277 82 3
812 71 426
857 61 985
637 1 5
571 268 561
635 406 584
489 1 366
915 1 301
345 403 985
321 471 481
57 831 105
832 273 971
121 873 975
169 371 612
571 536 297
411 175 997
640 889 477
201 201 225
922 145 312
173 121 401
392 223 945
149 246 281
761 129 81
325 517 506
377 695 943
671 833 569
701 411 969
910 329 465
998 289 454
628 691 625
115 801 851
950 726 61
247 443 161
789 807 603
951 561 799
273 927 798
179 751 687
876 983 166
696 401 465
838 246 890
529 1 201
724 919 113
721 620 425
101 372 785
521 492 881
87 749 208
414 417 890
521 125 724
613 181 593
175 626 190
283 707 362
843 770 636
773 31 521
591 201 444
79 880 686
926 391 205
451 261 689
321 850 305
707 249 781
239 714 231
719 693 993
641 933 921
843 450 660
54 541 5
511 764 427
270 925 213
823 62 329
516 456 71
513 921 23
138 889 15
61 389 531
688 672 334
940 945 553
919 668 436
407 545 301
913 275 89
369 970 457
323 125 561
707 371 869
691 441 397
518 401 503
441 897 371
599 756 425
781 478 785
263 581 933
623 881 394
361 541 9
361 721 13
569 433 221
497 481 991
828 681 793
969 699 256
857 541 858
731 900 984
987 196 634
333 321 710
287 161 497
42 501 613
246 695 777
101 909 990
41 661 16
326 351 151
481 703 395
708 168 809
461 964 294
621 189 579
991 909 897
241 393 533
411 699 921
386 57 561
489 222 841
633 706 361
89 869 917
261 443 129
295 865 901
462 438 171
313 755 781
791 841 291
386 891 24
225 80 891
73 965 55
49 256 701
623 486 733
333 833 511
688 152 903
581 365 281
711 200 501
137 543 905
886 145 209
969 169 366
841 359 949
918 214 349
445 697 673
635 301 165
981 201 91
861 861 659
421 821 315
961 565 153
881 457 582
469 57 825
764 405 796
927 896 852
145 896 420
263 421 658
561 21 615
35 866 756
139 343 954
587 665 381
93 829 831
667 31 48
925 913 395
929 713 774
169 349 197
133 961 755
283 321 1
513 426 6
647 453 395
641 809 435
456 131 159
421 543 201
761 273 429
401 782 145
598 721 141
289 423 673
173 445 564
937 893 657
657 166 201
676 585 721
537 49 436
971 26 242
31 601 323
169 846 153
212 303 695
193 205 369
188 728 326
559 391 583
301 588 875
388 321 525
936 19 997
121 94 997
369 771 641
15 311 701
921 161 763
631 489 661
801 459 343
471 909 191
49 561 423
830 715 581
577 519 197
683 153 865
583 701 874
721 389 949
223 465 634
93 581 269
41 626 665
841 106 745
457 91 81
961 753 551
326 885 871
11 301 296
81 935 301
821 814 287
29 861 609
86 851 313
881 723 617
557 191 161
793 945 274
563 401 897
261 646 279
850 756 617
61 866 596
798 449 653
174 609 85
713 260 452
721 109 183
673 591 581
219 523 721
631 751 201
561 121 9
87 785 471
105 553 502
405 819 551
385 441 872
526 541 35
140 873 660
625 617 333
945 193 421
747 121 706
909 765 134
588 815 416
224 165 626
54 639 439
417 546 597
35 37 142
193 754 426
713 881 513
301 509 947
518 841 411
633 141 97
47 161 573
286 26 666
651 76 801
697 446 600
931 122 293
313 541 847
778 47 666
294 601 691
981 339 351
493 429 321
497 801 922
273 581 989
341 29 985
97 889 860
256 750 34
535 753 677
908 313 205
481 401 268
712 459 82
702 649 805
321 697 673
643 911 221
500 263 777
733 201 993
498 313 525
781 727 281
559 285 341
913 141 516
745 391 329
754 703 281
315 811 948
81 928 681
936 756 941
684 417 849
331 645 946
601 791 143
686 540 49
713 424 851
511 64 934
659 641 362
857 785 954
481 694 817
775 977 575
378 241 591
321 431 967
136 892 421
481 118 787
180 613 969
368 581 247
643 910 295
983 801 356
809 631 97
713 811 689
181 97 501
41 616 536
470 287 301
481 281 577
801 481 585
911 503 379
131 142 961
880 605 327
708 911 249
915 227 251
299 239 466
70 835 511
673 961 181
641 63 605
973 681 309
980 306 29
65 901 476
456 643 489
691 401 703
809 914 179
687 397 231
865 714 945
141 361 216
297 876 324
171 369 407
385 675 553
857 495 1
797 627 323
57 101 761
293 211 441
720 726 1
573 33 666
765 166 76
279 592 861
619 180 389
229 101 981
937 426 313
591 753 783
679 584 18
26 877 195
884 515 237
861 179 849
59 81 121
978 381 21
579 587 689
300 131 221
170 49 141
744 62 195
891 601 691
887 723 913
1 121 245
381 801 205
277 308 42
619 25 386
933 21 501
801 776 570
721 851 761
561 527 241
243 121 973
875 784 513
957 253 196
429 849 130
876 561 1
345 18 9
143 76 561
199 673 85
65 336 376
401 23 725
519 737 998
926 97 977
73 223 141
638 849 777
245 931 816
370 956 631
60 837 689
250 869 601
626 227 299
251 425 985
321 395 165
437 374 252
128 425 981
1 750 166
127 130 498
113 522 385
971 617 831
601 500 661
483 576 58
513 689 436
765 921 411
306 360 236
565 577 257
525 729 616
355 636 474
751 249 107
491 419 339
965 961 296
501 550 927
96 680 744
288 811 455
809 761 895
985 701 771
41 606 833
692 401 931
781 653 505
421 39 429
565 401 259
526 901 824
39 926 545
33 292 351
937 577 105
392 982 480
191 993 1
309 17 124
201 121 1
446 365 821
761 521 222
96 869 321
449 497 163
281 106 943
305 791 801
841 171 652
734 676 317
816 517 273
51 351 917
741 811 791
776 545 337
721 251 489
937 3 789
507 995 915
311 753 293
971 276 810
905 611 916
777 21 840
732 157 776
202 489 824
91 611 987
821 605 285
5 501 227
607 513 398
482 911 911
715 229 376
1 985 27
621 903 45
151 806 737
201 203 800
14 385 913
945 205 1
57 327 903
663 1 211
901 937 331
297 974 673
531 641 237
685 147 364
101 457 901
153 926 333
337 561 51
726 401 329
617 221 751
51 754 708
391 301 981
717 463 346
483 300 751
760 450 569
859 341 95
341 49 561
421 997 676
13 961 267
1 99 181
355 401 380
611 381 949
211 457 242
861 611 830
497 889 657
121 593 94
61 29 617
437 101 425
73 926 229
893 406 911
756 336 739
393 373 243
19 417 788
165 223 334
169 557 626
1 456 616
981 14 569
751 887 871
65 829 657
393 540 505
951 649 501
788 526 665
485 951 363
693 461 137
71 446 305
953 221 370
689 413 933
401 105 101
601 357 457
63 865 151
64 597 304
915 471 425
265 397 161
390 920 465
710 105 301
767 1 391
571 229 980
597 41 288
765 937 443
981 503 257
194 845 351
809 159 635
321 758 921
813 721 857
471 585 552
837 1 241
517 355 453
938 884 781
783 813 365
353 681 891
913 913 839
769 631 663
721 801 289
33 935 171
859 237 365
847 523 393
131 853 667
221 128 599
921 105 833
793 361 31
918 869 921
686 869 121
776 317 621
409 411 562
136 789 33
125 957 877
12 899 161
569 291 647
405 160 75
82 99 535
421 303 470
925 304 497
61 34 463
43 181 123
45 234 961
553 481 170
956 46 301
681 489 963
281 643 709
921 501 866
401 557 468
893 469 766
644 934 833
511 589 815
69 969 434
696 273 56
157 589 871
89 484 876
503 308 104
1 401 889
839 49 539
377 144 946
956 27 305
153 321 897
237 633 767
241 1 861
239 477 689
227 585 761
931 201 210
931 544 441
409 189 987
641 795 765
230 33 324
913 146 26
719 920 388
649 467 33
599 201 373
345 116 321
781 489 263
761 538 478
726 376 476
501 191 694
751 632 961
206 356 400
95 657 768
384 171 466
871 481 49
827 701 573
361 6 848
327 29 978
713 131 499
801 155 804
505 701 481
801 99 582
201 261 189
306 193 721
868 570 383
649 599 421
414 389 761
127 277 909
85 66 581
473 854 379
948 809 561
391 376 880
721 336 163
225 742 786
745 39 969
112 503 711
222 361 736
401 341 693
1 136 145
301 105 981
593 689 678
169 985 721
649 459 539
169 777 701
545 391 10
354 808 481
880 921 871
176 67 106
259 852 981
17 729 1
997 925 119
737 288 201
201 626 862
633 697 163
469 235 766
952 460 925
781 705 805
45 570 895
473 131 791
826 476 265
297 808 77
871 21 671
233 582 905
603 405 743
686 21 495
239 567 127
217 263 68
637 567 835
345 545 185
374 405 621
980 437 709
601 712 664
1 149 195
379 849 61
657 108 422
505 355 577
59 107 95
585 339 591
612 438 817
913 609 463
370 771 721
311 166 103
517 683 521
522 171 339
766 951 96
545 568 781
769 503 741
621 465 453
876 36 920
625 648 926
9 905 274
121 798 411
285 877 812
142 821 859
5 575 761
751 217 351
121 121 85
109 401 981
951 945 357
409 989 1
185 861 731
607 765 302
176 697 456
389 857 456
551 377 5
485 353 1
869 831 517
349 857 969
208 401 44
816 780 796
13 481 897
359 903 577
304 702 441
225 346 256
177 745 369
224 526 185
458 151 36
461 339 977
895 338 228
301 242 885
259 801 970
129 820 176
889 109 475
901 969 482
61 451 38
681 785 703
513 857 618
845 160 106
370 261 782
651 561 552
595 763 656
768 755 521
777 401 778
72 689 168
169 1 673
651 541 249
213 633 639
460 160 201
166 106 701
849 526 686
749 741 595
83 971 241
360 168 767
253 306 784
140 442 276
77 201 701
593 708 867
439 611 307
693 335 697
292 105 399
316 811 941
25 62 145
892 791 814
107 521 849
508 929 90
201 96 1
405 590 986
1 532 380
945 597 581
897 881 375
513 130 581
934 665 232
766 84 825
28 497 734
733 951 557
631 1 91
505 673 657
137 311 273
276 796 151
166 711 385
368 77 715
291 755 313
593 656 828
247 68 363
233 173 801
940 232 439
353 753 414
333 699 659
801 61 681
337 617 101
441 301 637
910 68 590
661 514 479
90 615 851
175 765 351
329 456 438
997 134 876
934 123 817
381 581 1
496 733 906
857 403 645
343 113 249
829 574 51
146 427 229
45 225 636
721 826 153
729 97 569
525 165 206
33 848 441
113 353 695
798 257 561
520 458 609
551 843 793
516 636 371
697 625 499
466 557 705
679 101 73
179 479 663
785 301 257
149 556 603
875 483 282
917 673 136
121 401 839
483 532 203
483 897 961
864 591 781
576 750 327
25 157 411
185 445 121
772 725 541
729 630 575
431 429 94
111 598 876
981 903 921
501 721 121
609 33 929
751 169 561
521 789 252
805 983 61
621 1 706
667 766 59
542 521 476
803 965 683
897 561 273
99 685 869
51 193 777
788 625 115
361 412 931
839 747 381
913 866 367
377 285 436
37 137 772
857 363 393
630 165 462
685 173 777
737 421 573
746 488 545
289 893 445
519 993 441
59 762 481
801 453 361
251 57 557
645 463 58
29 417 565
305 141 265
745 973 445
71 811 501
256 943 771
775 926 383
561 745 489
463 105 757
239 981 33
646 961 49
780 601 655
661 503 967
693 757 353
221 303 399
381 887 873
26 3 969
638 521 71
489 197 38
851 411 344
387 814 559
217 917 183
885 816 937
805 638 418
313 446 591
701 961 545
711 269 241
921 725 508
404 9 317
209 777 269
777 300 1
958 425 682
697 90 781
701 351 561
369 953 57
270 769 849
201 609 161
124 227 433
588 721 551
357 848 188
531 907 251
791 785 109
713 204 233
172 801 459
251 51 881
735 905 88
759 203 669
835 631 443
329 81 577
193 715 121
217 285 113
85 833 345
14 856 697
901 347 249
592 445 39
477 363 1
309 673 97
809 201 691
995 187 303
351 329 72
663 361 665
185 401 201
591 810 85
2 23 244
213 387 137
405 845 894
69 329 129
621 166 551
983 481 336
899 251 201
36 403 716
313 133 165
493 145 983
881 804 57
792 436 701
145 263 821
616 929 936
349 84 418
254 342 781
554 713 473
856 79 423
655 613 745
542 961 916
343 292 307
305 923 553
321 885 301
533 861 672
225 453 301
289 541 437
721 15 333
441 187 501
551 430 57
651 159 869
106 851 451
621 534 296
849 198 899
246 986 575
401 393 180
16 913 442
473 549 397
527 86 755
189 537 416
891 881 675
634 856 50
771 423 981
39 665 910
187 317 145
473 81 269
230 365 924
281 593 809
226 184 161
678 618 197
448 337 497
533 292 386
913 921 671
846 184 799
326 902 865
801 893 501
526 211 757
217 359 639
1 159 711
138 562 696
552 401 509
261 265 321
993 396 761
432 441 953
761 559 991
85 703 994
810 937 86
11 861 19
191 251 353
867 30 401
401 613 437
305 393 601
781 900 167
53 731 797
781 409 736
311 265 428
717 577 210
564 141 963
426 141 945
861 351 497
53 921 682
599 547 701
841 295 75
769 965 547
973 933 788
658 53 896
397 122 643
75 876 407
213 201 617
981 226 397
15 545 678
369 645 673
361 159 505
185 889 567
916 131 761
421 58 836
141 241 47
885 212 446
665 123 409
126 161 297
898 153 351
637 609 59
206 1 663
129 851 17
437 531 923
773 35 113
217 18 893
598 623 875
278 641 625
545 887 781
431 498 556
220 203 559
586 101 469
353 106 201
827 311 81
190 391 656
481 521 433
477 205 177
275 241 878
895 555 755
993 280 876
677 161 676
953 841 467
644 199 809
529 460 213
957 501 625
285 321 330
538 501 271
142 841 447
878 367 929
462 930 725
25 941 859
677 331 498
247 621 149
136 261 937
941 263 388
986 829 485
24 301 121
937 237 46
403 757 478
831 488 221
321 251 161
261 540 301
205 75 791
25 436 601
937 297 397
305 284 233
856 516 403
689 876 486
273 676 988
750 301 450
883 681 829
669 589 1
49 801 785
745 42 291
523 791 209
709 92 625
25 148 905
155 252 540
745 93 167
587 577 549
176 225 421
625 142 789
841 689 435
369 123 337
476 247 100
636 229 577
332 943 830
491 68 821
867 701 1
330 11 131
973 701 42
111 726 237
519 97 97
119 241 296
517 806 521
581 175 259
851 132 86
156 832 631
136 631 613
123 287 951
474 289 589
233 753 253
849 696 309
693 926 540
576 773 844
197 752 751
608 161 90
391 1 386
689 635 622
201 8 621
825 185 913
375 39 681
827 390 641
49 804 513
753 97 616
906 233 563
1 293 993
925 319 445
131 807 321
1 71 643
237 351 157
636 441 958
293 434 393
379 801 112
819 927 532
761 521 981
833 831 600
746 361 597
78 338 527
466 845 428
959 442 841
449 253 633
129 801 576
936 486 995
226 687 603
785 361 246
98 105 107
474 887 881
291 410 134
983 185 633
735 891 231
329 381 75
49 511 68
133 856 857
174 881 666
676 511 411
125 879 563
789 426 521
376 561 177
701 20 60
385 577 496
241 377 376
681 498 81
956 837 329
962 441 501
866 703 11
991 665 869
15 803 324
121 481 687
201 955 591
471 791 723
593 369 949
847 231 606
61 549 147
851 819 25
472 924 355
517 319 825
492 985 266
142 637 731
105 871 553
34 373 501
64 805 65
238 176 429
761 567 879
63 867 31
818 267 168
970 731 115
857 401 141
301 772 31
49 101 734
410 177 948
392 839 741
753 849 311
281 401 789
933 70 847
395 519 236
715 386 581
811 676 399
201 685 183
775 78 261
157 950 496
76 945 793
621 9 326
676 181 137
713 481 363
361 631 517
76 643 240
19 739 798
736 619 611
617 401 581
633 175 751
67 684 609
101 30 647
906 757 85
171 621 261
471 201 495
112 759 72
456 470 435
177 441 691
781 833 897
401 80 845
701 821 648
151 874 86
601 941 381
826 291 705
841 311 2
72 231 151
616 991 965
631 181 726
406 845 236
143 681 561
817 459 541
821 361 721
424 761 785
801 487 481
469 10 240
171 369 975
949 537 333
102 541 890
807 126 507
141 395 981
334 601 747
1 924 873
285 721 137
881 829 119
505 933 213
107 347 499
220 627 820
915 233 343
153 203 797
901 946 273
617 201 731
869 568 169
811 967 525
681 769 994
745 716 704
945 321 526
634 626 3
409 449 252
715 954 241
345 225 792
997 367 213
929 719 986
869 872 272
201 409 626
589 73 849
487 801 726
957 231 53
477 397 799
846 869 993
866 113 112
63 554 994
961 929 271
417 1 601
110 73 790
553 682 148
177 921 269
131 833 1
286 519 676
333 505 841
756 227 807
842 985 896
449 505 574
6 936 555
921 397 945
487 591 702
693 77 849
151 378 501
833 493 639
134 862 233
633 553 917
394 539 301
78 661 435
46 679 358
179 225 725
379 1 241
337 164 624
129 525 124
633 729 192
371 355 152
501 955 45
697 48 81
159 149 508
369 521 911
888 433 365
881 589 929
811 797 386
813 350 679
657 678 766
42 961 712
849 30 649
690 826 821
297 566 508
769 329 85
334 678 465
37 634 929
701 646 913
321 123 781
271 551 787
203 758 961
778 25 322
809 309 873
858 287 323
507 401 969
769 321 726
565 947 583
866 885 984
1 991 14
81 129 337
891 345 738
491 997 760
1 410 98
427 920 256
605 149 691
331 141 669
531 381 138
473 104 487
261 687 89
301 257 889
20 959 567
448 498 225
897 1 289
901 369 641
711 937 377
468 865 884
794 299 785
956 783 750
611 305 206
642 986 121
575 756 819
50 101 439
597 547 725
81 861 167
953 106 393
829 689 241
889 25 489
297 697 586
106 307 154
285 825 901
115 611 797
105 940 937
251 851 41
69 595 243
185 341 805
247 133 65
541 837 527
601 253 203
673 429 303
149 401 111
745 577 66
221 237 629
77 863 557
270 853 593
267 868 698
737 179 11
625 179 566
733 572 711
136 931 417
867 958 771
681 752 801
573 19 881
993 285 396
257 181 25
929 166 266
439 311 299
685 201 71
140 398 936
161 126 933
309 744 1
709 61 141
891 253 537
517 871 721
941 933 445
393 805 276
161 17 955
234 951 721
756 234 393
65 500 495
115 493 539
789 726 494
106 659 25
805 105 659
189 591 813
528 241 333
465 759 309
948 119 641
89 619 649
185 955 565
395 613 5
784 461 67
78 610 170
505 396 312
812 537 640
109 192 216
121 962 410
901 73 526
669 7 129
521 365 84
621 5 706
793 116 451
842 181 141
245 285 783
45 321 863
228 83 909
836 563 17
607 601 349
656 827 513
233 716 991
210 558 416
185 527 463
481 496 995
529 48 140
56 829 273
880 986 433
905 351 411
486 209 516
365 39 145
611 273 409
593 241 649
93 781 901
89 852 483
187 937 275
986 554 301
111 971 273
321 901 237
61 683 787
772 405 841
345 759 509
703 857 651
336 287 733
876 791 669
786 141 521
756 835 633
109 475 121
758 155 353
777 764 213
566 993 97
361 501 661
121 145 741
384 204 805
625 665 137
280 73 425
869 851 13
914 179 51
796 213 801
41 496 21
420 577 109
221 651 1
110 105 725
551 393 85
484 430 321
682 319 120
755 51 345
877 325 482
265 325 42
171 125 141
765 331 81
487 741 317
401 809 5
167 326 386
781 381 658
641 481 626
477 330 80
233 262 510
725 1 134
294 983 33
211 593 497
111 714 366
250 771 281
181 401 969
734 521 151
65 659 601
720 881 881
53 707 771
401 526 51
148 550 297
737 891 39
246 160 656
157 925 205
551 721 695
141 925 833
533 523 81
209 391 729
872 17 465
121 526 841
71 471 475
301 221 379
506 261 291
128 601 1
851 761 307
271 549 179
649 865 889
700 961 563
705 911 294
14 616 115
811 93 873
562 741 804
461 823 698
894 401 131
23 766 251
905 667 251
407 664 887
873 515 312
777 687 417
801 625 741
812 765 706
73 533 353
156 122 898
733 272 326
509 329 369
401 923 527
589 251 333
923 516 91
545 406 657
399 532 81
317 871 57
758 13 239
249 985 706
525 379 494
911 120 353
851 906 262
64 113 779
857 51 92
180 995 176
211 591 571
257 648 209
461 829 943
313 825 1
422 185 459
651 41 61
569 353 243
201 911 581
687 605 217
769 759 833
854 71 497
451 385 75
779 698 329
721 111 200
601 126 691
961 881 491
512 366 1000
817 385 899
283 248 881
751 111 451
603 457 589
931 800 396
81 149 25
122 316 361
385 417 637
853 305 148
134 219 383
449 641 701
985 493 441
816 453 541
750 151 103
31 793 808
113 961 533
170 881 513
49 290 418
541 933 781
801 809 566
491 887 451
370 631 327
481 833 747
155 642 889
341 111 63
355 406 201
753 503 469
794 465 401
305 417 876
117 473 665
553 341 285
481 401 320
797 281 16
351 481 229
786 620 111
339 641 636
113 391 249
301 792 1
190 561 195
749 261 1
51 389 787
952 551 926
351 715 638
557 531 76
961 598 236
391 558 653
586 355 301
807 51 417
777 475 243
821 815 686
727 949 319
297 549 546
697 857 337
941 657 145
111 566 898
948 389 801
307 501 462
81 694 281
421 581 105
281 581 729
527 782 781
121 36 881
787 561 785
209 531 43
53 1 77
833 482 305
201 42 641
141 526 751
401 107 922
926 877 471
221 419 885
496 615 236
313 361 449
467 219 377
488 595 25
747 38 81
536 320 206
953 836 989
501 409 457
309 316 625
283 486 58
651 609 183
181 493 1000
705 859 561
953 669 833
298 371 975
325 721 113
92 217 845
713 526 631
422 729 921
882 428 633
134 825 658
317 573 296
825 327 243
511 846 713
970 78 501
521 933 405
69 691 2
911 871 339
593 764 822
529 801 97
749 445 391
941 106 951
994 513 638
25 731 873
118 861 703
336 1 644
161 716 805
201 187 642
702 348 151
941 23 801
306 709 285
579 501 407
876 644 521
537 415 276
721 773 453
261 901 841
471 95 777
441 975 399
791 395 101
164 826 754
369 726 21
550 851 795
117 926 789
121 419 161
217 837 929
654 908 769
976 567 216
676 559 545
125 905 283
256 605 278
386 356 415
105 126 137
161 284 620
381 431 486
662 501 946
581 385 673
538 961 439
599 85 365
869 989 921
411 579 307
347 801 616
497 617 591
781 1 691
395 539 379
911 821 126
769 240 649
752 376 293
367 877 4
445 65 351
941 1 569
460 13 523
297 87 933
365 860 419
324 963 625
469 327 601
126 124 290
891 7 793
161 387 387
88 505 881
561 675 791
791 578 393
769 581 724
133 651 294
445 751 655
57 881 409
18 731 761
971 651 561
89 401 44
425 455 611
179 653 929
45 497 593
213 25 415
955 781 929
629 193 372
842 759 533
296 789 231
801 116 41
286 721 159
983 361 806
33 916 539
373 41 401
279 927 575
857 691 533
241 671 73
309 303 866
949 176 180
829 821 697
801 1 630
615 301 925
158 782 383
713 853 881
982 538 441
476 933 922
163 725 791
929 501 261
771 971 691
936 421 33
245 303 821
121 387 185
507 161 519
381 957 293
683 167 819
401 916 845
416 650 305
443 188 157
836 408 125
801 908 817
506 601 894
260 303 191
905 552 338
106 929 416
659 311 773
566 59 152
996 81 701
291 331 72
419 885 73
805 101 217
903 326 431
673 223 815
219 301 641
165 266 569
689 842 753
857 65 86
249 225 146
977 733 289
241 401 841
279 271 851
397 757 381
765 945 9
739 872 993
95 793 706
501 846 477
65 709 83
413 961 281
129 561 671
505 521 281
116 817 785
753 13 721
536 897 961
726 917 689
663 109 703
516 403 996
621 370 571
307 126 46
256 113 334
941 688 141
556 889 29
735 985 790
221 107 540
346 529 43
614 787 521
373 767 351
366 469 981
69 801 221
40 949 816
921 833 133
603 221 725
146 956 649
315 673 526
97 329 33
601 727 423
885 457 177
559 955 301
383 169 147
462 161 565
380 140 721
198 987 851
319 615 1
381 421 621
89 878 35
591 993 121
477 173 181
301 413 753
251 976 576
137 791 310
73 85 274
633 649 2
640 399 476
513 225 724
337 194 368
533 63 148
807 716 178
788 659 481
793 17 561
15 473 65
854 301 600
809 641 621
661 114 947
87 173 893
569 593 561
861 183 713
62 73 745
15 457 821
251 246 196
329 876 561
552 872 401
948 306 569
385 53 366
636 961 918
496 681 881
977 281 857
537 205 918
271 366 407
75 776 241
302 577 151
932 133 873
364 865 954
785 593 15
61 817 298
745 667 857
526 305 377
262 1 715
831 501 161
921 169 350
872 851 641
120 423 650
161 282 23
17 877 417
937 653 521
777 789 463
894 259 19
861 876 526
487 347 367
119 489 561
419 257 502
587 991 344
209 721 368
289 561 473
715 776 567
417 129 985
870 813 273
655 543 793
152 151 422
527 726 636
981 836 226
747 899 199
253 972 401
509 388 391
541 546 329
781 501 631
225 73 399
582 849 293
418 299 329
976 21 229
269 536 601
271 755 151
497 611 688
329 197 757
453 326 566
848 502 17
26 25 981
53 581 337
511 549 233
165 717 226
876 913 89
945 927 501
170 825 685
69 987 339
961 717 263
249 653 357
358 260 595
965 345 360
647 887 937
822 501 701
131 583 159
170 247 101
49 136 621
423 217 601
751 658 887
366 486 557
693 295 509
696 913 640
641 975 706
729 221 929
425 71 97
230 811 271
204 161 783
846 790 1
211 673 1
281 337 281
386 969 581
244 632 858
496 365 791
320 843 896
136 887 116
751 373 921
988 901 591
481 821 65
765 433 986
531 971 292
185 266 301
617 31 704
490 1 889
618 749 809
457 930 998
399 645 310
186 678 79
561 725 433
429 385 126
849 25 331
881 910 201
53 629 181
799 570 761
561 261 25
601 223 561
783 623 481
975 219 49
913 936 209
531 237 57
407 465 772
589 229 949
789 779 657
233 851 57
507 491 56
567 415 629
177 86 39
801 27 335
145 484 306
351 221 681
447 921 391
801 206 721
33 201 547
89 652 581
726 811 633
561 385 203
417 721 677
406 393 623
81 901 121
142 15 196
908 190 251
28 905 897
49 869 121
962 221 25
553 617 1
668 649 606
961 213 727
922 321 129
924 669 237
191 74 809
858 471 312
302 393 241
401 395 521
627 965 978
906 583 139
5 861 276
37 126 504
129 633 761
606 857 751
531 433 912
23 109 281
436 801 371
237 933 461
91 757 89
469 608 645
801 436 613
121 961 413
181 664 20
879 1 179
267 321 465
233 696 173
757 629 515
679 345 357
136 51 611
45 98 49
841 621 945
551 304 747
805 619 388
394 63 655
617 221 329
667 489 375
121 49 98
11 543 984
579 838 276
365 181 175
745 64 945
375 304 269
45 261 794
19 977 23
31 515 111
101 765 93
281 367 197
646 503 295
193 839 805
228 726 361
681 416 321
899 549 345
137 991 201
828 273 780
373 521 151
781 805 321
116 801 293
789 526 30
201 391 121
299 361 313
193 329 527
413 294 118
551 385 990
511 809 807
785 251 651
368 385 737
700 825 329
564 269 537
617 241 331
55 291 993
206 63 33
546 776 333
721 857 865
489 671 561
643 865 78
301 329 981
376 974 161
889 118 566
771 951 461
844 814 290
566 373 1
807 923 431
226 979 841
729 875 877
401 520 529
737 65 169
877 911 821
1 891 509
477 577 361
206 951 439
275 67 673
451 405 723
463 305 57
861 621 301
895 391 719
229 395 862
663 305 6
604 349 317
976 955 185
302 472 625
169 609 171
193 233 761
849 376 338
86 241 441
141 1 433
841 637 833
160 568 121
771 885 776
599 610 59
957 451 699
215 981 65
355 487 729
426 501 40
503 485 673
448 116 9
313 376 777
923 359 889
349 491 481
976 978 689
666 949 486
621 607 241
747 601 497
823 361 682
999 337 141
529 382 157
965 106 253
889 601 236
113 233 997
292 489 845
11 823 216
705 265 913
274 53 889
141 911 936
331 48 680
799 249 501
574 353 501
719 843 396
743 9 551
401 921 137
797 633 561
775 561 326
901 112 29
41 976 729
726 641 588
717 319 241
594 286 391
128 541 864
245 565 598
51 418 363
17 606 593
451 384 633
703 591 465
417 401 460
595 441 256
142 897 665
614 941 145
251 533 32
977 781 481
555 383 451
533 69 1
685 700 41
249 801 126
801 951 982
885 82 88
791 456 225
642 673 257
742 829 410
929 306 111
880 619 29
60 905 886
622 951 166
545 241 827
281 558 263
718 732 801
809 780 745
291 171 36
371 237 491
437 271 676
409 199 641
713 441 125
413 534 161
345 675 949
678 72 695
357 733 36
825 545 961
879 463 631
105 801 561
475 881 401
21 764 691
245 235 263
9 355 541
659 359 97
792 958 461
907 659 49
167 103 209
359 805 651
135 176 381
577 125 977
913 75 51
750 525 641
667 585 886
413 951 385
519 418 1
215 284 266
155 301 799
748 641 141
766 401 798
453 201 501
633 799 665
953 534 731
601 176 251
703 558 835
769 921 691
602 743 591
513 207 438
609 846 492
704 281 912
186 55 171
873 496 603
998 331 936
509 835 845
81 991 681
69 879 881
915 10 845
549 577 245
201 477 912
68 829 716
28 174 346
142 255 737
816 337 446
347 15 825
961 109 743
825 879 905
921 201 161
529 85 369
506 315 185
421 840 595
369 601 504
443 596 611
456 723 401
401 868 46
465 876 671
965 43 101
433 71 451
250 733 121
404 657 26
281 805 601
575 221 353
301 814 167
801 980 661
597 811 161
759 661 845
913 13 975
764 401 393
701 754 610
309 501 753
620 21 301
191 191 141
571 23 116
251 861 289
698 836 798
201 361 871
757 770 522
290 921 208
48 673 149
731 653 185
92 951 512
760 526 925
615 236 386
686 259 342
361 701 111
396 991 11
970 625 611
660 280 959
509 47 861
77 141 961
896 433 789
591 162 539
509 301 632
581 748 179
97 453 715
661 861 216
144 205 757
370 524 401
253 563 821
866 451 361
409 472 695
616 781 909
401 601 224
445 861 307
365 831 511
133 348 913
595 926 973
897 171 867
676 96 21
452 321 249
103 289 729
553 141 420
257 383 201
604 741 427
121 243 935
2 928 469
46 413 209
104 581 229
393 289 689
401 345 112
689 809 601
625 513 449
441 266 579
58 947 994
425 601 771
335 857 881
751 921 405
861 724 873
530 693 206
401 183 969
36 185 870
133 201 153
511 1 121
241 728 729
356 649 699
641 131 561
633 241 211
337 113 74
1 751 153
27 102 833
409 514 409
210 571 401
733 201 871
741 331 647
375 239 902
481 905 569
513 561 26
361 519 333
513 221 713
731 721 33
281 112 206
501 879 405
219 97 805
575 850 705
994 145 361
223 321 196
297 187 289
376 937 464
236 359 111
181 111 513
182 569 884
955 497 417
865 783 529
133 521 993
450 217 861
63 366 241
906 725 790
155 301 211
632 557 649
133 337 845
986 805 598
962 841 751
223 441 597
966 579 682
554 179 284
410 572 438
741 723 213
825 621 709
57 445 557
941 985 1
427 476 437
381 431 549
501 672 601
825 883 961
69 225 493
249 965 971
515 279 801
401 581 701
468 971 561
117 932 966
461 751 341
101 691 253
617 876 680
465 305 113
113 214 131
290 97 707
605 881 177
546 482 299
76 585 969
599 181 1
379 331 979
451 545 473
123 745 541
521 547 841
441 265 925
966 256 78
473 481 126
566 81 897
868 49 729
541 949 787
747 6 118
425 865 208
801 981 777
189 633 801
445 681 557
509 381 373
729 230 801
707 573 843
697 801 449
85 310 241
299 537 761
70 169 497
643 900 563
291 32 687
635 661 655
485 118 581
443 501 97
716 126 449
927 893 15
320 855 886
76 521 105
227 449 921
687 877 457
851 981 957
991 469 889
781 16 897
809 426 77
249 641 353
166 453 321
421 321 969
11 293 673
579 301 845
209 492 179
190 891 86
67 1 337
201 787 345
731 337 351
951 257 316
780 887 911
321 69 191
819 177 801
804 993 305
998 705 651
935 881 512
927 977 196
604 377 931
155 159 792
67 637 861
779 344 540
261 689 1
421 856 145
543 17 873
664 621 21
845 585 476
561 751 41
999 121 727
659 650 701
689 273 993
424 377 256
302 633 171
945 51 212
641 959 193
484 420 237
470 264 473
131 639 118
848 755 939
745 440 141
768 357 411
497 777 792
292 272 341
926 273 864
653 611 918
251 773 439
355 149 965
445 621 646
82 430 244
175 371 1
921 166 801
287 177 797
781 659 389
142 711 927
419 859 201
440 657 1
329 514 643
501 916 801
229 909 331
509 603 766
241 939 103
271 365 457
171 871 879
877 635 481
397 577 839
75 5 347
601 599 671
893 821 717
57 139 129
493 161 973
321 427 169
536 301 209
862 617 791
155 249 645
418 609 143
727 611 281
543 157 665
908 449 734
633 781 160
865 925 969
265 596 733
960 812 738
501 658 17
824 639 751
261 342 481
848 201 541
105 561 779
801 376 651
464 601 238
809 385 897
741 353 857
377 251 55
257 895 361
117 97 372
885 609 491
519 415 351
441 171 657
461 313 693
49 651 601
401 126 421
710 606 623
922 841 859
22 457 185
162 726 10
530 320 349
501 197 285
403 881 257
265 563 185
719 1 721
587 577 761
500 186 815
605 493 964
101 984 411
521 215 995
129 723 333
91 301 514
553 817 976
313 379 197
465 421 999
801 667 776
53 975 837
191 185 108
119 559 825
573 121 129
809 526 135
780 20 220
798 946 442
961 831 883
256 685 221
993 767 478
345 377 853
153 151 105
141 113 357
300 157 341
162 125 141
500 537 209
77 139 665
888 803 159
83 915 112
726 220 9
161 801 753
968 361 21
217 12 883
749 671 504
81 417 801
382 772 262
197 715 609
216 161 883
286 791 267
662 481 801
681 437 855
235 342 997
434 707 147
259 186 451
