3467
857 452 487
349 251 865
271 561 651
861 447 781
55 64 720
662 753 303
169 702 169
697 9 13
329 96 385
316 770 489
922 979 985
102 613 277
128 636 550
961 127 366
549 897 1
801 65 399
626 220 656
703 463 791
367 701 49
661 421 161
974 183 36
879 977 146
679 397 94
742 642 637
128 171 13
721 102 645
277 415 256
549 522 925
360 678 649
1 297 891
782 521 259
777 363 188
230 3 289
647 241 1
37 477 144
697 594 311
513 547 409
910 598 876
671 923 936
463 277 472
908 999 906
746 149 387
906 251 513
133 638 464
3 296 625
156 25 431
959 761 73
769 540 535
201 821 376
17 321 897
771 747 666
561 649 580
13 621 285
505 404 193
469 825 389
584 851 211
412 906 102
864 337 251
873 88 715
308 580 913
941 325 139
302 985 977
367 788 135
652 297 919
177 751 814
346 788 851
264 497 381
101 727 788
861 363 489
396 891 385
221 939 632
276 997 217
232 826 357
777 761 705
136 608 641
99 180 300
359 385 685
836 751 769
771 89 915
785 117 571
245 177 824
106 961 809
875 854 784
341 782 685
113 135 101
705 755 185
571 431 89
786 67 626
496 751 937
973 537 803
103 471 356
186 977 40
873 83 233
557 789 129
800 196 61
123 865 841
167 753 126
575 371 59
829 191 1
566 217 6
61 266 176
506 263 853
856 480 801
191 861 380
611 855 117
793 177 970
671 695 434
561 201 180
557 865 965
313 771 629
419 531 19
53 541 717
191 645 617
872 856 751
341 305 417
871 350 85
81 408 960
991 625 832
387 336 761
111 985 517
206 101 161
841 441 451
371 51 561
49 296 841
885 65 431
329 651 928
962 626 690
715 628 133
529 812 388
25 201 189
96 641 202
645 665 791
241 753 67
225 777 581
761 176 593
913 515 795
162 326 921
876 167 477
707 646 451
347 464 191
262 751 985
66 817 3
117 561 401
70 959 943
520 674 823
171 11 333
941 209 913
201 659 112
123 89 367
771 521 734
671 319 191
636 593 565
601 491 955
297 701 197
81 981 521
770 181 789
781 882 937
77 124 975
521 797 675
331 981 579
529 401 929
949 909 753
172 959 375
669 433 670
357 681 281
234 573 493
271 911 303
561 473 814
819 910 111
241 251 773
837 295 116
375 305 789
569 63 49
821 571 201
897 863 271
981 665 515
215 479 61
465 617 237
281 304 17
796 211 356
89 238 701
858 340 201
55 298 571
319 494 41
930 541 429
901 449 946
138 316 889
337 867 390
859 666 691
264 531 971
221 825 509
377 41 449
656 407 973
102 51 937
585 753 101
151 144 975
891 931 433
905 881 687
681 826 579
664 921 917
785 581 211
105 606 273
77 314 897
253 704 641
676 861 271
979 861 753
585 797 909
533 776 105
519 21 529
337 855 111
129 621 887
233 95 394
363 841 909
196 623 335
759 9 476
373 617 431
701 931 147
646 388 559
841 711 429
833 347 219
545 581 91
184 257 939
275 444 701
716 547 462
197 336 537
197 501 703
81 25 847
723 513 387
21 895 56
494 25 393
298 833 72
795 831 501
505 972 232
612 882 643
551 618 373
797 444 921
229 481 76
11 241 65
634 776 409
484 75 305
92 665 101
886 13 991
685 387 749
63 51 281
271 547 43
534 301 993
155 273 461
161 81 587
936 385 894
605 889 193
590 777 361
857 837 197
630 600 167
205 127 649
875 797 641
626 301 433
926 529 129
753 278 488
121 681 713
186 177 771
585 314 191
603 743 121
27 933 66
337 753 768
823 993 881
715 213 193
600 95 978
351 483 980
721 41 849
763 171 365
738 590 457
311 97 731
861 785 982
241 953 401
585 135 898
601 256 729
5 321 963
669 231 530
365 641 621
485 111 996
434 112 755
149 406 927
238 76 727
49 875 905
843 342 605
631 39 857
964 861 231
717 753 297
289 926 349
245 313 976
487 260 214
293 461 643
681 317 693
566 839 451
1 150 713
41 27 961
539 36 129
389 683 796
217 191 753
401 22 537
471 409 556
621 19 961
698 81 131
861 843 776
340 382 745
265 598 361
251 29 171
627 121 533
907 861 493
741 707 626
849 213 513
17 491 311
353 827 945
551 497 475
221 405 937
839 831 461
556 81 657
351 814 249
400 705 793
175 701 757
153 427 118
601 978 771
921 89 936
345 705 361
543 535 1
427 807 481
166 841 557
460 201 175
511 300 249
501 212 988
303 801 321
205 692 705
105 127 296
865 881 136
580 742 534
224 636 923
436 326 931
865 766 11
85 331 331
875 825 461
38 129 645
231 817 569
321 143 335
481 99 295
361 26 296
321 265 681
516 305 915
976 292 141
234 987 553
51 661 139
122 923 231
439 906 132
745 473 143
337 402 83
270 718 1
69 955 985
921 411 293
465 401 249
873 253 57
613 71 250
506 274 411
381 728 152
376 121 586
837 641 21
996 504 951
898 931 212
86 565 981
989 133 186
673 6 697
97 406 171
961 806 613
998 816 433
608 362 809
921 429 116
306 701 595
901 873 369
417 196 315
876 251 464
999 603 801
341 961 625
261 193 101
369 151 709
557 451 169
366 58 241
141 739 801
540 585 262
217 443 357
165 721 190
831 51 609
367 485 1
601 386 502
305 155 445
877 421 413
61 729 777
566 716 855
321 985 435
361 755 231
97 845 91
341 861 185
112 721 401
531 51 97
291 616 451
91 817 878
280 101 119
841 726 457
953 827 223
273 297 305
593 264 612
473 281 1
321 281 201
301 681 505
543 6 881
50 554 981
746 273 819
362 601 705
249 239 295
437 832 885
672 288 894
961 361 796
424 305 393
707 640 297
938 151 333
1 738 555
543 619 940
126 735 329
799 113 497
535 541 233
617 301 870
121 111 621
571 814 426
461 689 885
513 641 409
785 631 753
785 754 685
201 637 179
211 601 339
746 851 521
9 857 271
861 931 933
467 779 593
428 981 241
862 401 660
247 213 466
1000 711 364
41 674 550
18 82 381
99 655 673
557 441 41
139 101 993
855 661 229
465 71 31
960 609 119
601 406 209
331 648 212
531 724 582
984 549 918
349 621 29
949 337 335
524 451 25
805 271 823
922 162 13
301 755 236
819 945 306
776 57 120
86 296 831
581 541 517
641 433 578
205 465 897
643 89 961
23 896 231
305 623 745
287 976 776
777 65 600
165 632 936
917 594 649
37 813 548
481 61 658
757 868 585
816 301 526
349 153 813
705 929 169
974 379 95
685 751 821
12 766 893
361 616 481
629 605 45
731 729 941
149 121 580
206 729 717
197 61 645
305 989 424
807 435 965
121 299 977
375 739 201
781 507 631
573 387 437
639 441 937
87 202 371
281 618 330
493 490 509
57 17 137
325 522 31
579 926 569
61 956 628
453 40 611
174 633 71
601 25 671
741 946 477
813 556 8
385 15 509
121 641 904
593 831 864
327 57 202
544 624 697
666 714 581
218 723 401
291 537 921
481 484 111
525 756 561
921 718 951
473 661 889
499 933 555
545 101 945
572 811 489
573 984 605
995 833 740
961 276 241
692 906 65
801 799 875
351 631 651
366 121 226
986 631 33
7 675 433
334 529 307
498 422 385
990 861 911
493 236 465
339 502 374
443 16 965
921 991 675
249 342 745
881 689 126
285 777 857
533 373 781
895 289 153
619 93 593
131 855 351
460 156 896
684 481 489
662 881 501
830 305 467
995 169 562
391 394 357
231 698 885
793 793 954
61 317 69
842 372 985
427 969 421
201 766 605
364 601 724
937 272 583
505 53 961
810 805 960
449 917 313
121 586 417
803 411 371
121 819 318
156 93 250
790 529 435
71 985 665
308 553 380
290 381 751
679 701 453
560 915 1
621 931 508
225 144 9
301 357 401
696 651 853
203 401 391
529 217 959
865 361 826
817 613 706
401 526 49
820 161 329
906 537 927
137 361 606
253 452 577
962 163 609
444 231 505
999 733 296
9 861 86
287 86 296
171 843 247
281 959 461
652 469 19
769 541 939
485 101 171
655 209 144
812 725 215
834 145 793
566 361 711
25 769 203
849 173 199
671 229 839
901 611 46
81 505 226
985 661 971
151 204 149
737 494 209
279 444 877
409 121 889
591 777 801
61 825 831
181 195 201
21 633 17
75 686 833
801 129 81
387 833 637
473 447 1
91 771 355
310 441 131
433 376 655
833 897 39
749 662 66
601 523 425
29 81 527
113 589 133
841 919 641
481 233 129
480 534 563
595 35 319
533 997 321
941 635 873
513 747 105
239 21 637
291 21 662
987 81 569
49 955 137
833 885 811
115 255 623
809 147 117
479 695 985
156 749 797
321 585 881
93 499 601
761 733 585
936 513 124
425 194 457
388 896 731
161 501 841
151 673 551
465 785 961
241 281 95
833 497 201
709 547 41
601 862 921
205 577 616
476 501 393
593 401 531
383 409 137
761 444 338
215 222 51
917 386 92
224 513 569
317 198 381
45 149 171
679 633 716
736 341 57
769 522 561
147 706 159
304 489 361
471 29 565
983 604 561
671 445 237
96 515 778
499 221 326
196 70 784
101 301 857
903 435 83
101 328 37
983 248 511
96 41 626
571 173 13
499 125 601
37 497 474
425 581 881
201 299 683
665 888 797
711 201 665
417 376 69
806 529 297
683 261 149
901 561 491
969 249 117
131 323 45
985 855 911
555 927 506
672 201 321
521 297 51
735 36 35
863 826 422
701 801 385
825 42 951
709 755 711
917 861 776
257 699 179
715 763 489
953 429 617
831 783 619
549 251 665
754 871 425
360 889 299
161 73 777
993 713 492
222 701 165
1 331 800
361 153 377
740 545 623
101 724 34
186 954 23
701 266 636
237 65 187
153 167 289
778 55 177
576 536 266
873 92 472
457 149 841
667 273 769
995 436 501
142 700 253
923 778 372
821 461 682
772 109 714
21 955 41
438 57 281
641 846 486
701 965 71
233 678 969
51 339 353
929 431 801
421 569 593
785 903 717
96 770 415
271 765 567
411 215 501
629 986 373
793 515 564
326 401 465
639 87 345
115 425 838
536 61 181
521 57 565
141 21 61
821 181 95
201 47 35
717 764 361
885 273 725
617 458 477
727 261 153
539 345 249
745 359 196
621 305 238
211 929 472
438 140 551
29 464 412
841 1 921
259 444 21
373 81 699
361 133 906
567 953 492
821 253 741
993 995 687
917 501 191
823 451 448
593 831 32
985 54 987
151 495 681
693 271 86
701 426 792
121 558 325
17 289 903
918 303 855
431 505 641
93 369 889
289 999 473
85 973 789
262 717 793
776 299 674
949 316 531
897 453 541
802 801 979
817 917 786
956 245 806
120 926 491
199 716 925
783 127 493
659 870 961
701 103 3
598 17 308
79 720 722
699 821 81
217 976 36
329 457 784
731 821 817
852 698 47
811 211 31
117 505 746
365 153 832
753 107 26
161 297 361
551 620 634
341 115 601
468 73 504
797 317 96
851 397 287
171 303 311
301 529 181
205 564 281
754 133 881
540 673 241
376 281 31
827 827 232
781 862 67
649 481 169
36 609 73
961 617 621
685 161 217
420 689 993
921 929 897
278 576 793
481 281 329
503 581 698
611 167 665
253 861 433
94 832 511
654 441 255
555 161 725
511 481 651
149 796 69
324 705 365
689 442 381
1 976 705
512 982 45
921 509 701
419 969 396
577 11 403
271 925 646
781 217 397
825 63 1
594 941 87
376 705 209
699 390 408
654 211 825
425 561 960
539 156 931
645 450 297
55 321 638
69 521 857
393 449 153
938 671 16
405 787 822
635 366 173
744 973 409
491 191 429
251 3 921
447 893 761
481 809 85
173 720 276
993 41 945
761 266 428
206 505 192
889 286 201
376 449 275
314 781 361
485 789 737
202 693 361
157 564 97
657 201 113
575 617 601
333 637 457
176 516 11
189 251 51
361 605 832
321 958 121
591 301 865
377 246 294
767 81 73
95 371 946
489 479 697
992 931 569
61 661 902
281 805 519
554 233 921
97 49 445
973 297 315
533 365 651
209 313 937
794 563 310
737 284 546
436 916 901
571 949 807
649 401 597
525 267 621
385 234 25
861 39 465
561 598 351
229 611 520
938 290 835
313 497 529
675 569 225
486 186 993
433 184 209
111 535 626
401 441 751
811 489 189
126 185 29
451 901 844
653 761 1
477 316 970
201 693 221
55 693 826
147 561 447
762 667 275
601 655 846
169 634 697
75 1 857
101 473 621
144 535 145
715 621 909
825 963 30
97 436 147
567 723 111
764 281 919
821 505 465
741 247 521
611 421 246
113 670 649
732 691 401
150 59 773
571 159 61
900 869 273
666 405 47
901 125 961
736 107 846
244 119 756
985 189 61
406 659 334
581 731 325
266 577 871
112 701 569
83 985 298
121 581 751
778 829 807
649 177 609
877 169 595
286 489 531
268 930 421
616 207 548
620 642 654
741 7 569
866 423 459
353 156 947
583 8 135
683 97 76
965 181 583
421 613 657
401 506 261
856 441 531
876 971 231
89 43 161
17 977 23
356 371 633
613 42 31
183 677 722
212 753 482
801 369 415
241 425 851
6 762 721
289 541 351
417 529 401
977 894 489
941 253 953
646 216 381
401 12 981
665 351 437
273 432 81
528 431 361
560 761 103
549 573 426
436 873 501
19 945 441
186 708 176
493 661 911
981 439 261
931 706 656
433 831 437
801 857 606
356 136 151
49 600 501
521 157 65
157 213 820
305 449 381
721 737 211
542 942 586
89 565 518
813 881 711
909 201 11
154 576 188
873 3 366
817 745 939
441 783 483
226 247 401
563 591 865
201 651 61
728 189 732
659 472 631
501 606 753
323 601 191
172 489 425
201 385 881
727 340 827
310 307 49
399 160 863
632 672 521
400 241 251
337 929 521
986 7 559
269 900 335
191 636 132
412 863 991
512 769 67
297 686 692
361 361 825
283 99 87
901 885 896
901 830 613
233 636 275
729 501 741
361 360 653
297 184 19
157 873 721
161 769 911
163 215 255
201 396 738
121 601 145
89 36 1
977 876 445
526 391 601
383 241 759
289 478 913
921 849 185
79 403 837
869 22 169
773 971 327
900 865 801
601 86 781
989 563 481
996 202 121
925 825 398
431 81 65
348 681 354
217 723 601
137 883 499
599 27 661
803 439 387
625 74 801
133 371 141
873 852 337
689 717 141
86 634 489
715 327 353
289 661 657
85 390 529
817 419 777
442 116 655
326 401 57
931 1 526
601 371 124
692 661 709
72 226 541
625 17 332
650 419 641
155 809 665
401 661 911
171 989 311
559 829 223
719 941 248
136 793 533
801 281 451
403 185 439
185 255 140
617 151 149
997 114 21
806 572 696
761 881 409
828 809 957
585 671 801
929 1 269
883 177 859
929 867 391
1 53 473
526 265 235
745 385 374
439 485 653
665 35 247
281 373 921
1 599 727
230 251 420
897 957 13
200 686 415
505 477 512
866 13 681
475 603 169
419 193 781
201 851 255
249 923 614
791 411 462
533 283 868
626 571 41
621 331 447
187 700 1
850 655 607
595 347 451
563 391 401
960 962 731
304 857 533
909 827 227
655 121 189
821 729 821
130 43 954
501 806 581
257 933 3
985 353 689
269 97 767
29 576 723
415 985 545
431 441 348
249 316 471
873 297 61
229 216 729
671 196 693
393 51 777
420 491 863
563 101 716
393 979 986
106 851 297
616 141 115
74 998 91
277 721 837
151 567 561
5 849 853
941 501 289
385 849 703
713 71 501
179 781 555
147 467 719
801 183 441
297 100 661
363 555 191
593 826 135
733 463 188
1 77 367
529 917 257
167 411 351
486 477 401
31 517 105
326 697 609
382 241 555
701 725 689
1 601 301
281 401 969
176 351 585
991 929 437
921 729 145
532 481 507
164 670 881
225 851 431
451 725 371
153 629 341
833 81 661
212 234 553
482 791 391
786 361 202
493 916 672
221 626 401
1 113 41
724 585 524
623 628 689
220 781 337
153 76 86
394 66 921
481 71 220
811 501 749
344 551 89
345 451 291
851 105 289
251 899 18
787 345 841
185 625 311
511 581 150
379 896 161
76 203 621
309 605 221
617 729 507
673 254 861
727 425 886
889 549 248
163 973 702
156 251 851
252 227 146
601 501 457
301 657 240
613 794 951
586 197 291
353 666 65
205 599 847
690 293 369
729 478 837
461 906 901
901 846 769
501 781 791
809 1 595
25 604 436
256 497 366
351 669 453
945 511 201
595 372 51
3 127 849
741 749 351
681 591 111
231 613 706
409 1 359
365 841 315
209 21 447
71 329 91
56 797 937
20 755 265
691 321 1
470 26 160
793 851 791
219 581 225
753 341 533
989 429 21
921 533 260
377 773 563
735 891 151
656 145 703
536 657 169
393 985 981
193 645 811
794 773 259
209 377 362
540 886 497
388 231 616
41 47 751
195 755 13
777 681 311
341 681 201
800 832 901
601 638 637
76 109 21
932 64 916
211 51 712
405 234 560
9 31 381
215 540 463
297 466 85
169 66 537
804 201 761
643 391 84
216 607 211
197 1 737
625 643 927
747 801 581
669 545 291
636 781 231
191 488 829
224 901 153
943 516 662
890 582 241
380 941 561
511 553 512
457 173 409
141 109 66
516 450 73
376 545 90
337 197 9
641 157 105
768 912 639
235 636 165
161 185 95
929 321 205
71 617 841
365 961 683
959 809 361
669 923 791
114 416 736
62 39 257
813 121 453
751 41 58
612 57 753
231 336 121
713 941 251
141 689 51
319 441 616
396 901 921
237 287 144
4 546 546
405 390 465
950 198 382
41 473 776
835 859 371
301 305 938
67 137 640
763 50 371
625 561 210
620 481 609
229 302 195
176 401 863
65 897 58
573 495 347
521 861 968
131 533 356
740 233 396
361 573 757
296 660 886
751 861 581
451 972 461
929 309 300
481 721 41
331 191 321
857 829 473
573 935 536
630 105 693
759 993 905
57 277 477
6 849 219
797 94 801
566 861 961
193 252 389
349 881 901
592 601 364
41 793 297
601 595 531
92 61 389
506 967 55
358 851 357
24 842 837
106 325 289
919 671 721
89 198 991
796 417 779
733 169 675
789 137 416
473 551 439
765 79 804
485 971 423
196 431 265
902 767 974
179 345 914
763 69 320
989 237 835
387 933 83
233 211 576
851 687 148
351 405 411
597 926 241
177 402 538
94 689 199
997 949 955
291 821 724
527 77 379
209 179 861
849 860 551
169 819 227
97 135 706
43 976 369
465 695 791
751 419 528
555 162 239
728 929 436
256 101 430
479 585 457
45 99 841
301 561 289
786 211 692
933 849 173
541 661 328
3 248 52
652 611 169
467 449 825
943 557 841
765 1 407
201 317 147
329 239 654
541 931 9
425 466 311
818 33 217
361 417 116
897 217 975
49 833 151
833 235 900
386 559 905
579 901 662
697 841 307
386 199 49
889 113 841
107 503 556
818 295 81
615 964 934
793 551 695
670 986 451
561 81 111
761 841 299
535 177 950
321 411 921
897 813 470
849 854 31
750 881 273
193 931 950
713 146 578
330 257 361
281 26 5
221 57 230
348 41 831
433 572 251
151 124 325
353 17 771
581 454 449
970 435 657
128 961 37
33 185 981
943 996 873
241 809 799
921 655 357
679 836 727
311 546 113
81 401 645
24 201 601
337 2 126
391 842 721
369 201 6
821 311 690
969 1 401
932 844 735
587 103 591
941 561 694
807 593 321
583 499 421
433 276 731
57 817 833
236 818 520
551 467 501
556 165 885
368 338 810
729 291 526
55 487 318
103 602 629
933 953 600
441 301 371
922 201 770
291 201 806
969 850 649
183 551 201
627 137 337
815 418 904
586 201 791
817 803 57
201 722 1
5 491 330
641 661 102
855 576 319
465 346 362
966 921 801
761 81 81
161 373 261
281 726 603
439 161 577
603 701 285
456 185 821
790 990 529
701 301 421
35 97 870
326 313 941
903 826 929
473 201 145
161 130 906
476 828 534
417 465 897
161 21 421
701 507 235
322 61 793
17 45 867
127 131 1
429 849 15
259 631 230
9 446 493
155 851 468
993 51 941
158 961 210
974 261 867
705 665 1
70 921 951
209 921 257
993 890 229
973 705 195
881 105 638
289 567 409
956 372 773
332 229 193
794 119 456
973 833 751
237 23 51
221 567 951
723 149 742
407 169 464
722 631 686
197 286 792
553 831 621
593 43 909
532 96 167
181 2 51
953 481 981
497 316 557
65 567 376
833 593 893
621 897 469
729 405 814
369 81 857
436 513 649
918 601 813
281 511 45
726 956 831
307 916 759
806 823 281
225 951 391
713 741 780
501 140 169
553 763 399
857 697 177
136 81 771
813 111 473
277 83 850
193 821 881
172 349 476
403 721 197
363 508 575
353 641 873
722 808 241
557 15 985
51 401 133
56 281 354
335 115 803
332 665 611
671 311 243
453 345 523
913 705 182
960 727 681
335 871 156
454 336 549
176 641 57
491 323 686
982 306 883
981 625 80
934 150 17
97 357 929
582 569 865
839 845 347
83 908 689
569 575 105
451 247 896
273 213 581
252 307 575
949 593 210
381 309 501
307 151 544
136 893 882
643 682 630
151 649 64
52 861 447
353 695 159
273 501 951
16 997 669
640 221 401
396 281 321
136 366 769
811 723 343
352 297 657
537 538 255
787 161 233
71 741 805
92 274 275
780 411 286
715 654 476
3 785 651
321 345 557
185 853 459
606 965 505
527 87 916
361 25 305
848 838 741
39 937 169
581 841 337
235 293 527
738 245 601
313 813 201
246 401 906
716 865 129
613 359 125
217 529 581
349 187 602
229 625 49
536 739 663
441 954 329
405 417 614
121 579 986
656 351 775
61 13 85
653 601 812
340 550 781
671 831 390
301 423 41
293 681 969
226 444 897
701 731 989
266 655 33
831 737 571
841 544 544
387 955 469
569 49 941
88 827 807
341 813 601
836 781 329
401 551 41
947 222 981
401 65 125
96 181 857
595 401 51
265 371 363
115 181 1
635 939 537
65 525 193
353 881 201
247 760 625
541 41 905
363 401 79
701 891 797
747 411 953
957 823 653
413 502 375
289 905 945
201 846 816
438 953 277
767 941 571
421 225 58
121 7 889
185 815 96
50 163 563
665 799 839
475 417 937
611 33 726
20 712 978
711 301 551
585 469 927
602 699 361
775 801 897
689 97 954
97 577 119
817 365 568
922 797 153
893 429 975
689 203 751
346 393 201
649 153 335
215 389 257
796 481 947
551 161 21
297 329 699
73 680 313
173 895 735
13 132 631
691 451 465
164 686 177
685 399 201
146 976 469
581 897 573
621 185 57
752 934 752
21 521 289
25 323 621
55 241 921
801 993 182
629 586 337
985 680 87
433 764 389
21 945 981
387 665 557
352 625 853
867 561 79
979 933 256
812 662 965
763 981 184
505 873 711
469 261 686
124 41 51
435 449 626
771 320 537
109 218 382
451 485 289
121 341 20
843 669 819
879 733 55
585 146 391
301 191 765
861 617 309
363 523 913
347 901 777
529 821 793
462 451 49
813 301 137
482 57 19
755 962 653
616 97 338
693 87 761
201 770 281
96 385 636
320 231 69
850 457 470
993 970 442
741 545 559
916 861 209
186 921 869
125 101 841
556 376 76
837 763 313
736 321 249
217 395 971
968 13 472
81 239 638
974 617 947
649 161 157
730 151 115
905 89 946
706 111 6
430 457 750
742 433 427
934 541 856
301 883 631
743 213 1
145 465 977
315 961 171
183 477 821
381 801 49
161 553 751
617 944 705
727 706 857
387 805 179
479 338 196
931 969 441
401 73 175
956 946 171
6 942 621
2 565 896
187 951 185
276 141 839
911 803 163
627 556 374
71 280 961
723 723 192
707 121 351
115 421 241
243 513 325
905 331 673
766 811 661
922 29 811
811 99 651
171 133 857
569 481 15
89 293 532
738 475 276
152 451 826
828 189 167
601 471 395
511 401 221
793 839 143
921 401 438
689 100 557
273 626 227
819 896 745
126 428 992
457 777 678
537 141 151
111 501 659
532 439 756
976 266 653
56 129 802
836 693 241
497 348 721
917 713 396
17 845 216
241 169 218
113 45 654
66 769 923
281 171 841
183 201 809
520 853 646
802 491 969
103 970 791
959 790 53
223 451 229
401 644 5
673 96 501
16 680 124
911 250 543
1 62 422
145 833 296
93 714 701
961 297 704
973 338 101
393 401 333
681 326 485
581 465 305
836 440 316
641 793 584
653 683 637
585 571 116
229 567 606
751 751 341
611 842 136
581 41 273
398 877 273
893 542 121
397 483 101
153 401 649
626 623 553
367 177 674
560 139 963
713 930 729
89 501 815
301 865 467
385 179 601
866 256 929
531 928 917
187 337 641
567 375 703
241 439 241
626 120 937
425 529 82
497 178 673
308 830 751
856 601 104
9 101 210
915 121 20
311 731 334
81 333 521
525 593 616
101 295 201
788 60 501
366 359 264
457 320 516
818 843 461
425 817 883
231 681 737
428 601 787
781 193 409
244 547 321
788 1 597
772 875 351
206 925 521
15 573 435
96 12 409
211 14 298
77 429 515
351 237 319
621 763 373
825 533 599
301 901 809
405 876 185
615 501 261
933 817 504
669 444 28
417 609 823
729 297 207
279 9 161
804 715 77
328 651 545
402 377 426
561 161 371
436 101 369
423 89 805
343 173 818
518 541 581
600 195 201
551 689 305
756 641 865
201 689 741
621 712 879
467 97 945
407 135 8
285 604 437
187 180 192
347 811 66
574 399 519
451 974 187
681 601 466
689 721 51
593 271 191
891 200 168
605 921 444
313 1 617
413 519 913
251 384 425
529 747 17
515 797 561
921 501 735
753 257 849
191 729 486
691 481 211
505 555 255
133 716 1
123 491 150
813 513 118
91 126 281
905 391 739
945 71 821
210 357 286
828 695 208
673 971 97
231 97 572
641 630 617
701 750 425
21 937 49
331 986 690
261 789 282
877 665 125
243 997 987
465 471 368
521 413 159
336 169 483
481 649 751
693 753 927
931 317 551
446 818 746
305 439 195
921 739 337
337 221 81
23 779 68
120 201 504
251 778 341
311 663 146
42 92 619
276 961 614
57 973 812
363 449 606
83 686 252
525 221 441
601 545 732
621 585 550
100 978 541
923 945 161
513 749 201
237 416 903
422 121 310
353 179 257
193 465 508
261 751 813
990 922 185
757 24 101
559 561 769
572 204 253
765 623 873
627 1 793
551 531 561
706 853 648
766 267 893
541 951 61
301 310 951
329 346 521
149 409 845
369 220 61
856 986 185
858 706 803
411 833 455
971 233 913
67 995 1
615 195 79
241 881 954
103 471 335
921 649 876
360 71 105
423 951 305
40 469 478
717 575 365
552 47 195
319 906 981
801 351 464
296 978 929
511 46 621
677 419 455
321 617 285
279 666 988
431 610 769
686 625 453
277 241 85
391 262 101
260 537 353
268 185 219
165 453 291
957 255 316
251 247 985
340 341 36
1 163 233
281 741 931
617 521 289
696 801 753
58 961 415
84 965 336
891 940 81
581 756 27
786 230 832
140 321 145
21 257 771
877 901 921
729 668 293
662 926 105
305 124 123
631 658 929
549 919 521
125 545 467
641 796 505
827 976 721
986 581 617
285 293 911
119 67 851
121 794 553
221 26 180
217 921 821
581 521 730
61 473 983
167 839 704
241 403 557
208 185 397
345 675 660
401 81 887
1 636 781
696 981 926
389 75 205
748 161 513
133 40 81
877 723 993
49 207 379
679 409 143
584 656 311
261 547 505
875 901 1
921 453 203
655 476 47
449 605 44
524 529 313
230 451 306
541 548 441
910 401 326
389 126 869
681 519 587
153 744 593
495 868 23
657 50 362
31 755 15
841 611 91
791 314 267
741 383 705
958 980 513
617 825 737
169 351 941
669 609 673
235 849 186
9 526 73
366 139 677
877 287 375
79 889 753
657 293 16
618 661 521
916 401 223
631 120 405
635 551 645
345 841 101
261 415 922
727 958 769
2 209 1
359 199 741
913 731 573
255 799 1
243 641 81
441 891 677
401 901 417
705 387 941
53 361 709
989 745 849
51 641 883
709 477 785
727 197 603
208 611 361
765 126 383
816 346 29
891 114 285
425 926 57
261 777 787
376 418 976
41 189 272
376 726 943
529 131 745
652 565 653
511 299 516
521 186 995
233 111 481
39 93 841
306 442 821
465 777 97
863 305 309
860 477 730
794 423 855
555 543 505
397 25 649
216 15 481
551 457 149
281 136 287
981 417 305
269 857 375
311 799 553
625 461 801
57 141 966
329 33 961
573 387 561
419 904 599
265 680 212
522 336 189
638 809 708
957 891 436
377 441 369
26 209 841
249 235 997
395 529 249
753 953 345
551 26 296
189 691 839
207 434 915
285 461 472
283 629 373
416 818 170
445 106 311
126 429 637
559 417 881
330 501 641
480 583 2
136 16 28
299 941 89
483 273 57
79 241 499
871 1 737
537 213 617
272 164 25
947 649 95
533 905 345
93 391 355
447 544 663
357 145 357
537 593 849
687 521 309
581 163 415
617 725 767
481 365 430
341 423 267
291 33 366
666 829 436
303 881 904
711 674 141
501 72 990
586 821 133
551 219 921
635 901 713
529 781 467
277 201 631
571 481 793
145 835 169
128 75 710
913 501 993
86 953 425
845 649 451
171 525 985
837 761 257
72 660 737
126 748 903
501 378 229
395 351 381
916 284 222
177 289 449
626 977 105
161 464 62
510 209 313
172 465 902
385 389 607
196 967 121
274 488 103
922 262 183
741 314 721
641 330 169
288 471 923
263 101 621
741 821 196
237 436 873
781 109 258
667 801 357
585 673 630
661 615 61
553 681 597
881 709 81
345 886 795
454 361 637
35 945 51
481 161 463
673 351 73
651 601 299
537 21 255
425 783 632
756 921 880
318 701 709
629 417 889
80 453 897
453 867 817
261 981 397
51 337 213
183 571 976
97 51 481
326 986 818
855 453 761
163 377 959
679 906 697
937 703 277
791 468 773
721 281 1
153 613 577
555 278 673
872 228 267
544 93 191
629 559 54
667 741 329
701 37 281
16 601 185
941 454 465
351 792 617
888 393 371
827 546 169
951 421 704
344 205 423
295 375 481
613 419 981
873 199 321
827 941 143
822 895 57
921 651 181
313 505 488
737 586 761
49 308 937
957 61 139
479 41 855
287 781 691
947 53 233
227 601 101
501 221 435
385 428 261
646 801 860
76 627 41
247 220 77
783 705 655
27 329 254
833 201 849
444 862 238
31 676 1
665 1 381
179 824 727
601 456 153
25 913 551
845 421 169
559 257 466
497 49 363
601 89 201
164 409 615
51 717 78
341 839 326
591 816 383
240 235 210
981 681 547
460 167 691
305 885 513
137 176 289
233 527 631
585 140 752
678 481 673
56 715 51
385 753 378
651 336 561
847 309 787
38 254 886
402 675 712
713 211 309
757 271 464
228 724 862
954 961 263
172 811 580
605 351 829
531 751 73
97 733 777
521 851 836
881 687 505
901 147 121
621 709 257
1 177 651
185 439 571
921 361 9
395 841 724
771 705 337
80 505 817
353 903 511
645 239 128
300 561 305
326 1 346
993 568 801
653 161 265
476 76 614
739 781 665
793 57 873
585 301 56
312 854 188
859 169 821
342 547 161
345 881 785
822 942 995
132 131 776
929 457 831
560 845 863
851 365 522
585 765 341
581 249 332
177 902 973
973 743 586
833 983 564
561 177 677
1 521 751
247 649 390
774 231 813
801 526 467
41 209 921
773 126 619
56 809 657
651 17 936
577 713 169
81 657 805
905 139 762
637 685 678
841 327 345
751 337 533
701 446 327
601 893 277
581 909 451
339 809 348
301 553 41
261 241 11
251 120 77
510 25 456
645 801 427
239 460 613
1 395 608
226 115 461
139 644 579
73 321 160
276 744 391
946 560 229
943 729 284
807 344 851
487 431 563
725 551 469
807 986 492
661 681 697
837 701 441
285 614 922
351 575 659
461 1 441
489 902 118
95 597 751
227 725 999
770 147 843
481 777 511
51 954 841
11 845 501
214 902 206
425 209 705
769 339 181
7 401 285
720 57 810
518 520 257
165 401 799
106 85 683
461 37 213
251 236 718
816 991 601
131 355 733
173 702 995
885 641 401
87 522 791
292 751 168
769 663 249
647 58 214
926 952 397
45 841 688
941 241 531
201 193 629
899 654 729
266 600 691
356 509 991
654 585 503
797 674 561
772 529 576
145 751 16
101 380 799
793 48 993
681 701 296
171 165 61
66 174 857
935 729 886
876 41 170
1 221 161
153 571 339
556 77 941
569 360 638
913 1 785
641 600 697
17 791 429
51 684 513
141 391 1
529 156 929
125 655 689
969 259 61
165 17 505
75 481 319
653 266 533
804 841 56
941 141 461
819 973 752
111 409 705
249 417 931
176 910 401
28 901 1
377 998 794
513 364 670
449 199 101
857 405 937
211 401 626
505 545 469
327 788 117
121 751 734
377 18 8
109 721 321
517 811 781
905 451 703
626 73 199
361 454 806
266 216 165
284 462 966
401 24 89
117 816 915
265 901 429
599 561 1
753 721 421
645 611 181
455 641 517
841 876 637
462 351 96
714 79 506
171 673 77
63 969 140
403 753 735
841 497 765
140 263 221
873 603 119
309 767 873
389 288 129
321 491 955
307 449 797
525 792 866
741 618 276
306 641 729
676 345 993
101 826 25
229 255 561
396 547 729
673 539 743
805 105 931
537 811 101
739 463 328
956 291 153
649 726 943
521 893 439
754 81 399
136 676 221
376 465 527
75 753 883
606 575 383
329 687 119
169 367 761
425 524 776
896 221 489
888 389 881
963 100 263
166 145 165
726 21 481
401 813 501
226 185 10
101 786 293
749 71 81
919 62 721
449 925 562
126 195 296
201 505 733
721 780 537
313 805 284
581 981 400
651 649 781
197 126 302
631 271 245
649 101 511
853 33 624
111 225 711
844 912 296
259 681 607
692 757 788
501 956 249
796 131 308
571 648 449
345 499 223
73 941 755
482 213 549
897 797 857
961 301 661
485 986 206
481 601 169
429 761 595
104 211 801
359 409 695
329 389 347
622 737 61
497 619 251
125 837 377
349 956 527
77 185 16
731 971 401
233 569 825
238 36 621
494 49 451
643 331 353
689 837 449
161 67 885
481 409 745
153 833 501
786 40 601
864 81 581
47 481 658
681 401 26
281 756 375
574 245 306
807 763 217
303 290 111
48 303 469
698 176 415
793 477 509
581 686 561
612 237 756
354 641 768
381 1 235
233 636 428
561 692 401
939 519 11
601 577 545
400 841 171
542 229 289
891 283 821
147 211 398
541 929 416
11 786 77
495 854 420
467 876 569
556 359 677
545 676 506
286 777 431
311 996 701
152 317 847
72 175 105
899 109 813
693 806 241
528 224 861
51 822 401
825 658 543
23 385 670
267 84 331
241 305 584
487 811 253
585 234 769
601 37 821
236 193 331
810 767 335
666 30 561
676 52 441
161 489 249
497 482 801
173 376 169
571 401 256
676 231 501
833 519 321
547 279 808
590 177 511
674 931 99
496 461 808
81 99 691
651 5 79
401 749 666
231 689 185
625 165 156
407 150 697
23 33 119
594 641 987
765 11 562
111 753 201
484 616 351
825 991 801
51 146 807
76 251 111
738 867 476
165 799 699
989 697 353
201 166 881
259 764 717
81 605 856
533 262 893
761 750 993
993 607 201
27 428 621
873 817 791
226 702 143
522 796 517
439 817 165
819 95 17
760 566 236
765 695 485
730 811 100
404 534 863
514 927 637
875 433 111
361 262 710
73 553 509
71 176 146
805 317 809
251 781 943
751 939 469
511 12 41
979 81 445
901 752 609
799 697 167
717 567 322
381 282 537
281 721 610
296 613 177
793 23 981
233 103 677
189 261 893
692 846 623
292 477 376
739 561 787
333 161 893
313 464 941
777 125 123
337 393 424
913 973 2
980 477 805
138 462 25
325 633 573
433 561 246
271 269 181
541 161 100
751 925 623
357 109 699
553 239 441
318 129 333
76 325 430
993 951 443
281 553 515
969 76 838
641 756 84
571 956 876
833 781 413
961 964 441
49 801 246
65 857 19
725 549 391
22 825 513
1 265 520
632 825 431
225 876 417
876 833 507
501 227 983
737 868 476
869 791 601
113 403 819
21 291 747
801 126 285
915 91 719
529 640 473
892 615 747
306 10 264
189 401 481
538 791 881
251 49 865
423 496 229
230 777 541
267 973 815
557 999 657
337 659 721
951 521 409
141 133 69
749 413 501
889 644 621
175 711 898
822 591 936
577 104 884
732 793 209
896 701 537
901 313 475
941 239 289
607 365 581
780 962 717
124 449 295
13 681 503
832 201 301
572 432 871
957 235 10
193 465 646
721 181 137
25 27 305
435 634 365
437 382 511
639 866 761
107 141 49
69 765 236
386 471 519
308 297 949
38 619 955
17 311 305
845 733 565
381 971 75
679 977 145
241 527 678
840 220 1
621 975 501
479 636 356
641 127 365
205 811 177
741 557 900
1 118 121
236 617 521
698 376 927
907 963 401
41 811 715
166 849 1
921 613 75
701 951 85
25 993 900
985 355 74
99 513 470
591 824 265
905 406 529
889 205 797
846 215 881
753 565 356
459 393 721
32 130 251
689 624 431
935 905 626
85 617 305
577 981 491
997 557 785
195 633 81
319 225 571
394 167 87
255 112 53
581 857 347
673 825 201
681 553 577
181 405 316
105 426 249
88 552 374
9 401 117
965 857 817
484 111 225
510 626 951
664 626 343
225 21 642
824 317 897
439 47 43
841 449 992
67 5 191
401 817 981
886 865 62
145 106 841
654 427 577
375 896 889
600 789 435
619 957 599
781 152 133
326 303 223
569 313 92
345 129 533
9 903 995
331 803 281
841 310 164
584 723 169
889 532 697
497 461 599
734 321 446
683 657 63
668 287 801
251 481 718
965 1 265
501 452 961
161 817 884
41 321 569
849 501 501
89 730 553
188 797 339
819 609 265
329 617 291
36 761 654
881 794 729
51 209 308
917 612 148
697 679 711
694 165 761
709 422 20
998 791 896
553 702 11
51 550 597
591 537 119
21 101 751
689 495 261
253 977 208
883 554 25
397 995 421
441 726 545
853 551 521
53 101 663
93 141 49
402 681 889
107 486 941
873 703 398
367 297 196
629 326 996
343 431 858
876 303 577
449 925 905
636 363 831
573 453 130
414 901 638
861 896 899
379 525 181
249 121 605
571 69 569
251 939 601
972 622 573
567 513 196
641 281 207
969 165 973
569 702 117
227 297 581
769 337 406
906 737 417
737 673 993
118 794 929
345 621 930
101 973 61
398 425 777
132 32 730
493 642 587
522 123 953
457 437 877
681 48 465
849 721 113
200 584 973
465 731 777
246 1 405
276 621 705
355 225 647
835 452 737
65 215 801
884 631 941
600 495 796
547 481 835
141 601 722
478 967 505
151 593 557
163 437 859
657 196 521
29 411 716
477 851 751
105 446 162
125 109 997
801 513 246
961 169 569
581 657 976
121 442 817
893 357 811
305 889 592
401 411 549
529 491 633
921 961 665
969 54 809
517 918 26
386 601 989
361 932 53
765 455 575
541 336 758
721 891 176
681 928 301
211 513 123
828 6 281
807 817 758
487 445 395
504 231 486
901 52 573
554 56 313
801 961 1
161 805 265
721 286 988
712 761 277
689 561 901
362 897 3
277 384 465
311 49 697
785 453 332
601 243 694
197 449 501
711 202 741
751 425 880
828 981 185
223 210 388
1 316 539
373 21 534
66 953 635
497 955 781
402 724 681
758 578 643
154 109 741
753 95 721
853 942 621
31 801 447
586 111 687
925 828 629
542 1 86
223 101 797
141 721 423
459 161 665
255 611 629
28 603 991
643 353 763
880 197 153
697 79 901
897 650 392
931 645 109
784 786 641
536 672 676
691 119 335
107 431 958
679 501 425
126 852 447
865 337 448
111 467 557
466 703 645
427 421 433
889 190 945
977 761 341
777 271 36
761 49 5
879 781 771
957 765 597
436 749 601
579 633 101
521 341 333
651 256 829
164 981 540
908 181 182
1 141 215
393 795 873
285 659 707
761 534 597
17 537 891
576 215 313
356 881 978
579 415 149
149 994 501
337 937 373
69 341 593
600 383 551
776 41 309
267 773 771
738 25 461
941 62 929
93 989 757
58 344 487
336 637 481
136 551 527
254 517 345
646 769 69
581 56 693
816 644 103
836 173 929
421 801 373
613 212 529
641 538 295
6 173 326
953 311 97
187 626 897
339 786 68
410 230 709
250 243 851
503 851 136
721 142 119
816 753 427
198 526 585
765 285 362
348 297 929
796 37 292
961 985 263
774 362 395
826 501 985
465 519 503
182 409 917
991 309 342
93 957 973
125 761 569
409 726 258
301 185 721
481 523 520
173 649 607
470 876 921
512 281 803
366 828 601
613 129 887
775 855 541
265 319 817
490 629 513
119 242 959
476 9 259
447 385 921
591 681 738
823 147 931
781 755 41
453 971 102
563 487 141
225 849 297
397 361 937
891 434 691
987 122 466
599 460 999
795 161 741
406 697 515
648 750 317
57 881 121
976 222 121
743 393 886
571 155 469
145 668 57
209 988 141
179 376 960
689 580 441
872 25 12
926 657 456
957 850 687
97 893 993
141 556 433
165 76 497
801 33 681
897 349 557
917 881 261
241 579 751
543 623 661
431 773 841
725 909 497
983 141 103
121 519 115
94 529 652
597 307 901
508 881 441
861 673 725
585 227 409
919 86 531
805 366 453
622 822 558
101 541 485
25 961 987
761 297 131
276 400 595
313 151 465
91 493 68
640 169 227
421 471 66
703 897 241
509 864 674
944 131 865
687 513 746
423 406 930
441 205 1
925 473 731
668 769 128
809 417 122
705 795 851
247 340 121
596 681 241
566 265 626
685 457 436
102 141 792
285 501 735
288 869 513
941 323 198
921 503 521
101 901 476
865 251 201
897 461 825
973 871 929
395 926 5
112 427 91
911 797 966
432 218 456
721 957 957
687 851 709
127 730 85
185 597 116
345 569 857
940 651 49
861 65 629
930 491 623
329 526 643
809 816 963
181 997 977
357 18 909
143 69 873
955 529 205
289 993 607
456 513 713
521 717 341
622 155 953
993 705 916
865 337 233
89 415 181
882 53 383
769 561 877
575 359 224
181 99 767
901 873 81
381 499 556
69 844 792
864 963 785
281 181 410
305 563 901
893 226 503
486 758 581
53 627 764
589 1 865
281 999 403
756 555 332
487 121 377
261 211 973
709 45 451
615 497 889
786 657 927
915 897 162
26 945 521
417 249 910
13 358 76
289 841 826
474 231 415
311 265 262
239 741 86
355 36 253
946 742 550
258 421 343
885 773 607
337 821 812
376 445 29
21 422 961
906 276 327
26 921 983
564 161 353
403 532 251
641 771 532
271 705 440
444 243 453
38 966 695
333 241 775
497 971 909
728 869 51
936 51 805
977 236 47
721 369 393
857 871 515
30 163 805
146 795 985
132 29 525
81 459 243
971 26 49
782 835 473
797 377 96
896 793 21
951 606 7
156 56 446
97 273 865
18 126 341
709 338 821
467 876 980
302 769 821
201 361 823
186 467 428
667 399 881
841 986 423
433 633 797
41 906 84
558 426 329
181 226 91
551 971 665
101 23 237
505 361 775
161 131 687
929 973 286
628 913 309
529 91 561
784 21 567
457 846 937
9 169 281
961 493 9
337 995 357
67 217 701
853 771 969
995 185 681
254 756 363
617 413 181
220 277 701
761 843 363
835 105 370
389 891 766
121 419 701
763 165 773
549 709 929
993 347 178
809 725 53
523 901 185
312 610 91
701 725 897
72 841 976
765 224 631
635 615 501
808 9 581
29 35 612
865 471 816
879 473 625
971 987 465
541 521 869
776 11 681
51 325 491
518 704 641
601 769 839
853 869 752
729 583 193
431 188 833
357 346 921
217 625 701
641 591 887
323 18 879
117 176 20
60 621 96
697 231 751
419 968 651
17 453 691
961 731 120
711 422 653
471 425 257
324 215 260
399 329 17
901 837 548
947 581 765
21 321 301
971 561 408
817 369 487
699 259 859
977 265 936
355 588 917
669 134 926
225 259 284
677 855 683
851 621 694
911 481 744
518 641 533
931 757 176
303 400 481
195 730 417
521 751 136
111 503 325
201 685 961
501 745 480
589 617 151
515 1 327
752 169 50
613 485 332
905 666 536
245 533 801
157 819 856
25 809 385
851 993 805
973 705 200
943 985 201
733 616 661
326 968 783
869 841 841
226 411 918
491 353 973
91 28 576
359 618 627
601 41 593
927 741 123
19 155 266
729 526 771
841 68 341
869 177 42
443 178 557
901 264 711
99 477 922
405 25 670
181 151 349
826 16 89
321 464 521
105 740 230
211 891 121
965 460 601
522 651 621
1 205 246
695 873 557
546 862 427
373 178 387
545 737 759
905 455 351
613 835 157
88 673 169
637 694 303
553 401 366
276 766 145
151 775 337
553 453 601
97 481 601
735 561 73
41 41 673
458 801 691
731 888 225
861 699 501
897 395 249
996 305 801
900 251 656
819 741 730
776 21 841
186 901 633
283 338 142
43 585 188
589 74 26
365 473 59
367 139 761
876 499 970
579 129 521
694 379 601
41 701 281
645 657 111
985 312 50
729 843 415
546 675 477
207 201 125
467 394 689
345 257 803
121 113 872
405 566 429
349 401 689
85 991 777
717 233 129
576 537 279
676 28 943
437 489 849
987 961 601
441 689 785
436 311 341
4 857 537
386 21 3
393 17 351
187 785 705
100 355 83
869 77 609
908 169 627
341 813 337
933 841 181
330 427 955
791 422 120
307 961 561
408 971 326
537 793 821
244 429 649
521 651 577
129 741 637
969 537 351
635 721 1
853 395 233
95 779 756
680 913 157
337 595 545
630 993 861
953 516 353
948 649 551
961 441 426
293 551 753
605 493 858
65 314 326
617 816 549
173 111 808
671 237 227
361 926 516
121 801 121
843 15 201
134 568 241
185 863 553
854 828 166
187 871 821
352 365 933
28 740 227
235 101 873
49 265 598
433 218 743
545 750 113
661 81 331
826 919 181
761 337 693
282 791 940
688 295 886
401 195 441
15 321 185
541 132 757
601 304 955
31 337 33
725 757 589
783 341 846
640 525 625
158 249 301
723 661 913
153 474 68
169 996 151
41 684 776
986 811 692
585 111 171
381 289 580
