3864
591 393 93
501 273 726
929 941 809
227 663 241
175 797 65
488 25 177
635 444 121
953 601 723
501 750 161
146 769 305
985 636 937
469 473 158
121 201 781
571 441 27
834 925 433
839 46 911
51 800 647
31 951 241
461 500 445
865 801 591
286 576 525
41 605 849
750 682 321
277 497 626
251 471 489
356 857 582
471 937 126
865 665 939
409 317 81
551 26 571
3 86 51
837 937 293
145 69 41
873 989 913
405 763 313
86 659 347
889 835 702
303 53 176
551 164 171
469 946 814
29 868 173
611 828 163
802 881 471
626 828 673
381 705 251
13 685 755
997 306 507
781 281 264
453 106 868
886 51 985
356 680 635
881 123 1
37 73 353
9 234 409
123 362 457
321 537 841
438 147 961
997 734 208
893 665 513
703 471 665
801 655 224
226 485 749
393 281 397
31 40 881
613 145 141
649 686 461
275 390 21
361 226 681
915 546 136
519 378 801
549 313 549
889 369 911
251 601 993
265 886 569
313 737 640
120 1 529
65 675 523
725 296 18
200 893 652
446 861 581
197 9 463
881 433 889
123 991 889
125 906 615
711 958 941
401 265 619
689 217 521
905 605 581
573 153 45
621 875 321
169 801 378
471 993 359
151 577 435
1 391 567
731 811 831
241 975 949
659 785 754
667 97 953
93 109 205
586 901 589
173 287 337
61 936 738
400 574 248
367 481 301
931 271 273
713 157 161
121 971 417
137 747 581
251 220 869
546 568 864
288 736 341
839 465 941
171 203 599
933 921 142
281 754 121
910 507 761
183 521 361
336 870 243
941 201 51
999 966 165
53 246 565
387 937 813
960 796 850
365 926 73
839 897 257
73 175 183
701 207 569
333 474 314
151 901 5
911 81 953
257 389 756
434 459 105
295 425 603
791 734 577
841 520 252
491 853 801
623 107 399
371 958 831
357 547 119
131 214 429
298 733 747
231 29 795
196 803 421
213 953 694
793 41 113
881 806 227
441 37 201
886 600 177
599 961 724
495 326 542
956 529 341
616 781 326
696 1 331
731 419 505
285 135 661
971 841 897
249 903 641
951 759 416
881 931 481
601 713 969
381 861 65
1000 436 229
901 251 751
450 593 589
483 401 523
471 801 873
393 441 676
206 920 673
700 837 226
816 443 299
281 91 911
209 261 498
876 713 691
325 391 341
381 21 543
433 100 497
561 990 61
141 141 324
74 441 436
45 751 801
724 65 887
849 974 369
361 339 973
855 252 887
585 491 109
575 477 730
337 361 801
289 1 513
921 936 902
211 701 213
297 795 350
601 817 136
980 341 751
556 780 260
101 186 104
76 737 705
501 537 546
876 3 632
592 431 934
961 146 481
691 873 155
551 141 129
206 598 332
749 384 756
201 721 171
847 543 563
777 401 299
368 593 513
379 726 11
173 531 625
641 86 29
805 449 378
559 701 525
416 269 701
909 241 363
929 741 701
151 66 541
863 963 669
990 257 473
455 81 433
358 206 390
684 809 826
243 198 561
669 69 996
781 855 84
912 341 279
965 941 163
303 361 935
371 701 185
336 413 757
115 603 356
454 423 938
803 201 748
409 867 799
165 117 829
273 146 801
259 360 679
70 99 297
759 189 891
893 109 85
776 101 371
105 666 625
361 633 454
563 102 162
334 225 138
416 602 851
408 752 431
59 53 369
109 601 172
601 569 227
269 449 892
109 386 404
446 623 105
637 578 17
914 783 121
179 59 485
826 638 256
607 887 591
945 541 299
457 204 745
243 926 929
33 613 181
14 753 489
121 401 643
221 437 619
147 377 321
389 690 633
304 363 312
321 621 903
345 313 631
569 309 767
913 391 509
523 889 601
345 265 809
903 947 886
899 65 626
9 484 751
881 673 479
329 695 137
956 225 669
229 952 251
670 597 457
295 46 216
901 690 713
661 315 117
258 161 838
346 889 669
81 366 479
113 361 397
791 343 369
251 953 817
371 541 217
277 386 309
681 567 321
205 647 276
354 69 261
108 213 301
501 21 801
439 245 337
3 651 751
198 785 391
101 706 658
274 120 767
1 9 251
397 146 453
441 289 721
489 649 321
273 95 440
822 417 521
937 970 784
845 237 881
441 81 827
964 171 741
289 97 897
330 397 891
596 231 130
249 609 881
153 695 589
896 176 401
377 591 421
369 139 421
582 915 629
443 359 963
153 725 581
803 675 653
690 21 944
377 41 377
866 988 909
1 479 966
173 451 425
874 839 463
969 902 811
993 596 617
159 354 873
681 725 847
41 461 580
587 816 563
434 249 671
495 491 59
924 987 70
761 574 289
981 593 701
309 11 753
751 341 333
246 389 421
225 127 241
651 589 977
501 780 905
541 568 951
351 201 1000
799 481 816
169 821 336
771 91 621
697 414 530
227 59 929
321 463 241
289 217 952
421 649 971
469 501 861
799 235 405
176 627 115
217 822 115
541 345 74
506 221 553
761 493 645
565 77 196
439 326 765
985 161 601
801 611 613
853 645 292
992 101 3
311 74 459
463 961 551
177 411 78
589 834 876
409 30 939
909 971 350
655 599 457
541 565 481
133 606 113
181 981 956
326 305 231
477 595 917
511 120 389
265 737 1
535 3 561
313 301 314
281 281 249
587 248 655
76 801 471
901 653 801
351 841 251
372 906 541
729 205 646
937 891 279
898 359 525
371 565 521
201 441 897
886 862 575
286 453 153
164 950 129
628 689 871
146 546 946
431 531 557
451 401 185
881 975 609
525 637 41
373 325 135
671 553 573
684 478 141
526 45 423
179 141 323
401 101 391
731 639 941
118 511 761
621 391 161
81 42 961
38 131 552
335 541 857
233 861 197
421 68 260
279 494 727
801 503 261
841 393 228
387 201 389
41 251 621
685 758 628
301 433 969
611 445 287
237 257 1
847 598 894
188 741 35
801 559 851
465 572 901
437 501 61
881 613 561
625 551 171
633 886 631
985 789 85
410 376 525
554 561 751
106 859 37
1 961 425
385 557 245
977 871 177
489 391 797
537 528 909
991 499 593
624 521 430
761 98 949
781 381 293
711 421 905
530 391 455
201 197 856
673 178 771
143 781 538
922 713 458
230 819 833
707 541 363
703 261 361
221 601 101
501 976 451
441 19 905
975 326 872
847 209 629
493 393 879
737 321 801
743 827 1
951 777 385
930 187 258
116 686 741
961 853 501
17 977 546
21 474 895
825 889 448
781 7 25
568 81 369
449 595 635
999 1 86
791 160 321
884 681 489
551 343 77
479 615 181
905 925 934
13 151 239
102 297 813
891 877 598
204 145 645
749 347 389
251 649 469
75 381 1
897 141 896
691 907 623
311 305 358
601 320 206
754 585 745
919 477 324
657 131 626
643 467 497
301 982 649
488 561 227
981 739 612
159 369 848
483 809 323
321 392 391
757 821 427
633 201 405
466 893 480
467 343 983
321 377 1000
415 481 911
777 171 401
18 207 751
229 115 421
817 285 557
788 11 969
262 941 581
931 308 143
201 321 951
537 67 93
369 436 963
736 452 570
728 353 953
441 642 265
185 901 193
551 761 601
48 99 76
901 357 323
813 957 841
689 195 362
659 535 921
361 327 905
702 184 449
900 867 401
563 985 17
763 49 781
41 25 366
373 234 646
137 312 841
393 703 433
230 443 531
881 825 736
466 269 761
285 384 126
1 37 289
881 481 865
689 991 249
56 561 187
414 601 341
475 108 419
97 389 441
565 178 238
125 57 345
793 299 639
261 453 785
657 381 25
900 345 483
989 51 1
891 149 898
167 244 825
319 963 802
597 531 956
856 281 903
565 891 301
881 965 168
145 26 761
359 297 379
131 881 701
805 889 966
439 649 148
573 573 447
160 340 26
696 777 596
369 961 712
119 943 873
603 401 999
617 302 987
639 96 703
563 151 465
286 68 71
990 431 553
95 233 247
238 966 401
661 121 641
691 589 275
293 129 41
932 148 891
25 351 375
441 317 863
305 445 991
435 408 585
17 493 405
621 716 761
821 254 30
781 352 383
287 241 261
916 686 614
261 931 305
633 885 601
835 341 357
459 48 697
151 78 115
967 31 31
53 531 721
129 839 469
311 756 286
127 403 705
941 72 890
241 885 779
155 983 199
633 721 807
161 993 169
16 994 854
247 431 45
941 499 970
65 375 383
601 922 789
137 785 821
636 570 962
493 887 839
477 679 29
853 813 429
767 951 426
585 138 391
950 721 33
651 592 129
281 386 575
873 425 11
633 401 576
301 991 369
668 875 657
807 310 537
655 869 796
312 510 320
973 969 829
705 213 361
416 341 57
461 671 301
151 25 889
9 113 849
235 201 1
657 478 340
689 989 871
809 539 409
266 169 205
506 739 547
748 601 35
321 263 379
141 41 759
123 1 646
539 595 701
341 688 10
335 281 151
11 255 559
921 301 985
537 80 257
901 646 737
587 791 555
141 445 201
739 201 241
691 89 745
175 973 191
354 61 325
59 869 639
11 195 521
186 678 661
141 178 898
51 601 51
813 9 751
232 854 930
691 242 996
145 116 626
481 73 177
221 771 295
721 31 517
791 529 3
949 833 1
728 77 949
985 801 903
641 684 985
874 361 228
473 729 967
526 791 696
670 816 161
298 220 955
141 293 237
849 196 486
811 425 491
226 467 1
112 187 523
298 859 685
801 19 915
768 311 501
76 801 836
965 478 494
327 276 739
576 911 276
825 156 441
885 739 216
559 52 861
883 849 927
881 657 725
325 101 398
589 816 649
389 447 65
81 531 953
645 301 269
293 391 33
450 231 901
169 553 625
157 626 953
126 887 973
1 253 201
121 970 209
937 581 901
345 87 533
128 461 975
763 46 189
1 741 462
499 656 91
394 557 441
400 866 993
147 126 200
113 233 680
625 61 491
127 337 79
391 151 345
612 213 981
733 887 685
201 442 771
897 632 651
941 485 843
359 397 470
271 633 756
564 56 115
444 987 6
927 740 625
203 113 965
113 889 481
931 251 273
217 611 841
415 545 977
711 601 161
871 933 225
817 497 546
499 583 499
561 191 85
163 673 267
745 833 591
191 491 557
271 706 502
65 7 971
771 817 664
144 171 701
311 433 933
157 731 409
537 161 625
705 647 791
230 279 689
897 125 113
953 421 802
907 577 189
938 966 489
889 503 287
37 1 631
108 221 794
448 878 592
551 591 438
937 425 101
514 633 796
25 549 365
111 718 857
678 291 752
776 713 686
337 701 912
624 311 233
97 574 56
889 137 242
445 107 529
565 985 473
171 737 267
502 81 139
213 497 856
28 593 775
717 477 795
286 765 696
836 381 724
395 377 115
331 132 125
819 261 970
253 164 71
545 865 45
41 435 481
940 709 901
505 127 844
9 424 17
251 583 988
626 639 11
745 125 141
561 945 951
17 30 31
816 967 475
535 756 633
929 720 173
854 682 801
969 275 310
829 198 377
905 937 201
25 320 961
741 131 341
225 253 241
217 445 241
221 851 951
221 611 5
729 578 762
447 883 981
521 349 41
716 293 286
249 37 540
9 28 601
271 357 246
631 275 498
389 699 1
211 665 949
654 87 959
257 801 529
113 54 17
157 420 883
147 686 985
376 834 881
290 950 709
125 135 475
446 401 501
193 358 873
507 191 3
39 647 473
31 301 782
53 548 295
111 302 458
547 832 517
835 81 315
412 680 233
617 849 701
26 721 764
491 795 789
1 416 405
509 895 757
3 715 505
84 237 650
545 13 247
901 889 481
863 100 451
705 918 121
175 201 745
473 386 201
809 917 581
691 849 765
957 518 88
457 701 887
287 654 887
386 801 45
889 219 221
984 465 381
388 130 241
881 521 881
508 891 261
999 926 565
567 741 937
236 653 329
49 383 916
925 492 65
457 561 107
409 901 5
724 277 207
623 80 237
265 526 427
391 127 401
437 316 449
341 960 877
644 332 175
27 57 754
13 753 341
561 729 626
723 536 701
738 961 361
747 411 265
659 165 561
776 70 600
193 769 257
805 286 761
777 21 479
916 891 351
773 202 456
286 701 249
865 346 395
147 977 235
624 218 364
183 24 531
561 47 839
59 401 949
666 876 547
353 743 354
957 221 101
75 279 613
867 496 420
745 269 582
86 941 405
9 590 649
986 166 413
401 950 429
701 497 49
46 754 491
79 701 161
233 51 197
466 297 283
526 954 549
29 385 681
393 976 809
731 171 436
682 221 279
812 969 265
27 807 895
497 96 537
851 697 197
751 210 881
803 385 904
472 649 361
437 157 944
713 488 269
377 312 497
339 121 695
389 298 489
913 344 873
917 443 157
29 197 289
103 233 960
681 635 416
761 700 241
645 841 195
571 163 229
84 297 207
343 236 534
806 841 686
781 669 113
365 841 756
720 345 341
201 963 329
401 656 696
986 503 698
939 897 857
2 597 849
321 296 894
221 869 906
261 432 925
744 145 1
834 395 847
178 475 275
811 590 1
457 725 313
851 581 981
789 601 137
377 988 702
349 437 20
889 337 601
757 977 945
601 661 393
441 61 107
560 921 890
721 153 207
417 521 1
421 987 51
415 221 777
551 796 481
684 839 121
601 105 454
177 201 403
761 795 550
756 847 741
551 61 923
511 449 637
933 569 215
551 606 821
571 487 675
714 309 899
53 921 621
107 690 881
916 202 381
799 717 742
993 365 829
415 735 351
532 395 141
812 945 297
303 79 809
241 511 174
123 213 391
391 1 283
641 841 187
445 236 81
801 41 673
609 59 396
161 61 547
316 879 609
327 265 997
422 563 361
125 946 641
975 668 816
906 17 407
434 827 282
801 541 61
727 601 161
821 91 551
657 565 253
508 465 201
274 860 565
456 86 69
97 729 625
285 989 705
441 85 318
708 700 710
417 651 101
937 353 889
449 321 177
941 547 481
21 823 449
361 33 869
409 786 926
201 971 721
102 797 705
126 385 699
801 99 86
891 73 181
851 901 489
84 201 928
507 981 258
209 432 65
57 397 335
657 645 653
286 159 195
681 371 388
673 54 26
17 691 279
390 608 875
73 805 5
945 367 27
431 128 687
489 481 389
495 771 973
638 201 661
191 401 128
214 405 435
21 815 391
36 372 457
303 793 777
77 931 734
15 696 266
821 65 376
673 549 448
746 364 491
573 16 449
45 55 813
798 45 270
337 119 750
497 53 826
607 770 91
201 11 117
299 793 627
986 241 67
221 57 121
453 50 83
551 473 293
227 568 682
921 337 959
900 561 649
980 360 585
276 531 309
425 741 489
455 853 857
286 737 67
207 257 749
279 193 465
636 723 720
455 217 909
503 305 461
985 49 689
486 572 240
49 455 454
401 369 210
823 196 133
902 519 378
120 351 891
51 423 901
156 831 645
527 61 239
129 937 659
281 139 201
267 177 901
678 791 989
261 977 473
337 309 799
399 851 57
705 217 251
569 210 435
457 939 33
521 223 343
381 655 739
369 268 367
479 980 394
648 85 813
456 174 441
270 509 358
392 165 73
862 69 751
862 590 309
129 142 177
959 156 920
515 414 563
356 509 607
940 637 803
601 794 506
644 265 261
937 832 157
535 25 345
229 86 737
575 778 250
960 930 397
340 425 495
961 297 137
426 606 441
267 245 744
251 327 585
769 961 531
231 41 449
345 359 921
981 815 713
545 241 485
837 701 749
609 711 2
781 253 385
145 506 553
61 103 206
21 991 257
937 192 617
865 705 961
477 286 732
469 549 935
853 174 828
415 631 188
499 629 873
831 93 361
201 684 961
118 291 239
197 346 395
692 731 579
982 971 626
185 235 778
593 277 513
853 993 241
473 261 186
538 753 591
792 961 297
689 90 65
272 867 766
315 412 261
616 333 689
17 753 51
29 400 671
361 774 1
485 625 209
211 656 321
451 465 201
529 696 85
845 281 961
321 201 520
536 132 859
313 60 966
431 333 751
977 1000 419
756 607 3
471 297 139
876 182 213
658 587 573
281 425 501
941 389 543
24 161 229
629 949 487
753 473 351
205 673 177
243 832 443
261 801 1
177 725 676
323 492 126
734 296 177
583 33 305
854 401 787
861 23 817
861 679 453
661 737 379
411 726 910
175 926 661
705 488 431
813 97 203
131 491 661
226 73 58
257 933 161
97 311 821
801 721 743
71 585 921
415 588 6
586 1000 611
426 36 83
147 725 243
449 371 369
41 61 841
431 744 355
684 225 81
505 441 259
489 170 173
155 266 251
461 285 327
1 76 137
653 201 618
505 102 521
681 433 311
501 541 153
131 977 589
501 98 573
537 161 943
230 441 301
831 935 571
632 904 933
449 385 809
785 689 876
501 361 571
531 181 160
645 721 895
349 582 55
487 733 755
249 694 353
201 423 213
161 869 951
955 383 106
301 673 626
678 597 246
317 948 103
113 27 62
113 924 629
981 305 993
716 411 201
906 970 665
666 986 709
341 489 405
412 339 101
391 569 211
105 481 14
281 186 521
823 851 977
82 725 737
941 186 759
743 731 831
417 601 481
63 964 441
247 897 223
401 17 183
349 163 116
546 277 541
911 515 537
981 151 671
525 689 413
967 991 826
75 140 586
97 917 540
161 429 513
417 395 801
811 561 381
633 307 621
885 477 266
361 777 189
896 836 548
269 696 931
131 397 901
689 677 553
897 8 33
33 703 871
361 401 453
593 697 617
313 866 305
793 705 571
749 861 424
771 156 417
473 106 866
381 121 641
755 741 814
605 727 719
486 154 880
781 661 353
736 477 481
136 537 464
901 581 73
728 951 843
301 936 631
837 308 533
351 179 761
766 525 840
688 953 301
401 490 939
933 741 13
517 75 583
900 941 153
809 342 408
847 754 936
909 185 449
100 46 361
517 571 617
1 229 933
859 84 12
677 766 676
559 211 272
597 522 993
155 889 345
369 269 147
441 923 182
602 841 33
797 233 21
538 532 839
781 473 983
267 295 276
233 465 157
741 519 909
305 129 389
351 861 847
697 35 27
577 737 606
524 461 821
961 481 889
686 250 837
831 497 317
1 76 38
969 881 413
618 497 289
631 181 492
745 635 777
732 201 95
697 567 829
108 417 561
326 281 195
167 161 156
539 207 673
97 449 807
895 648 89
866 49 371
528 501 381
771 132 447
365 823 817
458 865 397
762 298 707
732 381 721
851 751 601
497 749 25
604 196 731
176 819 976
321 362 143
947 413 673
403 769 961
133 297 111
117 549 51
665 501 895
366 115 761
573 613 920
101 17 183
515 117 700
580 286 209
77 1 519
435 460 275
745 209 481
858 853 429
100 161 501
486 17 866
127 145 605
123 462 971
936 153 991
687 201 708
410 961 889
853 653 820
600 581 6
494 858 589
546 731 685
811 911 665
297 801 316
181 456 81
453 249 290
657 549 957
651 145 62
816 502 933
498 121 765
171 771 701
201 741 929
26 771 629
772 776 785
413 652 923
383 302 904
263 481 669
108 477 353
711 593 475
941 301 741
849 673 268
631 137 331
505 501 349
602 143 866
488 817 935
281 678 855
521 532 569
376 514 809
1 95 377
389 961 837
866 881 492
758 469 687
326 517 70
956 297 966
77 278 707
93 787 625
457 273 521
529 963 204
761 263 371
713 41 723
293 908 536
189 486 726
570 81 937
697 903 464
162 397 906
635 961 814
395 713 265
508 765 527
761 637 697
274 487 265
822 193 656
381 566 895
353 29 307
361 221 610
825 309 485
392 501 467
770 649 348
416 153 252
927 281 671
989 201 773
781 61 288
745 844 536
879 16 607
911 617 548
251 779 351
510 865 481
23 118 799
561 561 754
849 381 471
456 633 761
51 316 697
71 607 768
81 345 533
301 801 425
725 676 724
697 753 211
18 39 985
687 419 125
852 40 782
82 872 726
793 441 719
523 301 147
401 981 803
51 627 1
955 729 929
889 1 673
191 725 105
241 297 391
139 477 581
184 305 361
229 773 923
762 209 545
237 958 597
11 969 985
9 387 662
471 771 993
791 36 461
981 576 593
833 854 307
593 484 996
308 297 109
636 398 755
327 687 171
691 21 865
167 821 881
801 205 930
261 149 889
357 451 553
659 713 615
577 97 473
681 151 689
951 605 460
65 655 131
857 121 807
9 667 241
585 901 51
165 557 665
442 21 987
845 193 376
564 468 736
666 89 33
464 211 901
503 165 97
217 206 293
221 784 217
379 939 574
563 866 248
281 597 32
693 527 125
785 545 482
237 916 113
239 682 647
665 409 729
776 681 417
892 273 680
626 223 763
93 357 833
646 427 706
503 813 470
513 681 1
843 994 633
409 28 813
237 831 807
16 969 849
465 229 681
357 743 350
337 955 691
251 127 89
694 24 803
267 455 675
501 873 375
457 501 421
55 326 393
541 681 221
409 456 801
253 681 825
73 131 325
1 505 389
604 201 145
159 159 545
517 22 901
979 969 346
932 746 817
444 9 497
781 250 641
558 716 141
1 821 163
145 89 753
601 665 688
291 113 631
537 766 561
898 881 384
495 107 383
701 234 316
705 781 2
105 393 248
847 97 301
876 296 969
723 101 353
887 453 593
861 425 481
361 981 747
595 742 241
172 588 201
933 201 346
927 889 81
961 848 390
771 184 871
721 885 889
544 673 849
566 793 480
541 762 285
40 996 101
105 91 924
625 261 13
599 202 320
305 701 91
476 513 889
411 690 497
721 720 151
601 497 421
491 561 467
208 281 601
1 577 667
81 685 468
963 185 196
505 605 7
601 889 857
189 861 901
621 575 701
499 359 220
721 853 507
589 313 668
161 473 587
667 445 234
56 1 358
709 971 691
949 901 1
715 696 41
927 377 201
296 449 221
584 299 649
781 589 825
893 361 939
453 313 949
961 387 161
176 261 921
219 337 926
240 604 751
601 432 626
971 201 1
913 195 649
206 329 497
789 195 57
217 893 489
673 715 361
855 771 526
365 696 281
939 593 701
281 277 184
625 523 49
309 897 321
945 489 765
321 91 132
481 314 817
496 578 61
281 716 241
700 716 751
302 1 45
425 425 709
921 574 765
121 184 279
945 226 822
659 41 687
625 197 35
551 158 245
561 91 147
281 807 741
712 521 292
130 357 679
139 609 233
600 423 723
891 811 64
51 402 957
961 171 884
778 21 403
551 587 181
275 443 835
236 206 84
525 361 422
409 826 161
541 206 612
497 622 81
367 855 512
667 682 791
406 923 176
562 439 801
431 654 41
48 961 440
258 661 307
349 609 381
121 352 581
1 140 261
451 693 761
265 555 903
425 128 55
881 721 285
809 851 831
769 728 349
881 780 718
277 881 432
506 993 83
411 611 671
581 822 521
257 991 409
737 452 391
721 857 607
249 921 756
269 276 186
105 313 315
381 551 881
217 101 265
521 407 348
213 877 776
40 637 984
355 656 417
835 561 521
581 973 396
857 517 11
707 691 760
221 273 717
552 888 949
749 954 937
35 597 729
993 321 236
698 479 801
643 507 131
395 317 111
746 851 441
279 116 434
296 41 113
197 481 237
494 395 290
873 41 757
267 561 851
496 197 993
806 845 969
382 977 206
156 37 822
23 444 681
386 961 827
341 529 441
551 351 583
301 747 405
683 225 863
447 508 886
377 501 441
675 943 869
947 378 621
136 433 302
413 10 283
262 381 451
886 337 681
353 804 381
517 841 6
745 421 333
773 904 824
341 5 441
520 901 89
574 609 561
730 651 737
479 11 223
122 277 427
501 721 181
443 96 921
277 975 713
633 795 751
584 431 830
12 65 621
727 900 113
19 24 221
222 649 517
191 539 83
560 596 562
121 179 481
226 193 666
725 686 582
16 229 876
476 93 841
463 193 895
477 435 91
394 863 816
119 308 686
71 811 201
569 749 273
68 717 431
66 737 374
41 695 609
193 425 139
78 537 833
787 313 335
897 463 611
891 851 811
65 25 113
376 153 749
497 770 843
215 353 641
316 59 76
221 105 833
216 776 929
187 713 496
609 777 719
701 941 417
774 482 716
539 485 65
1 941 666
201 66 69
233 713 120
273 81 231
571 509 241
429 762 201
249 157 433
474 435 709
545 419 921
169 782 467
601 681 35
481 457 781
405 125 801
785 859 838
841 626 728
649 960 719
317 85 9
681 823 612
628 251 867
512 109 483
235 187 932
905 37 409
85 183 370
175 521 520
1 709 681
926 777 731
334 915 986
153 713 965
181 995 531
871 434 401
732 65 313
12 161 806
732 726 225
941 425 399
276 746 137
621 999 121
241 753 200
896 956 65
246 784 503
739 705 510
511 875 131
206 1 964
277 593 750
939 785 576
620 685 14
721 91 395
71 808 177
295 876 921
750 177 651
915 25 305
479 21 609
409 379 357
216 65 985
951 729 904
912 428 243
355 799 641
957 451 215
393 336 231
300 479 218
329 576 873
644 757 812
54 589 497
415 335 321
537 257 142
613 449 220
400 957 46
100 505 163
845 397 481
757 801 501
737 581 275
77 909 94
237 657 361
457 121 161
244 43 745
992 489 526
681 604 889
180 381 400
539 486 891
149 721 921
147 856 575
81 373 437
728 283 566
25 834 679
857 481 561
29 816 201
901 564 381
847 814 349
453 928 385
229 688 119
701 629 501
57 547 874
74 689 151
332 801 301
949 881 937
965 481 961
881 162 881
127 49 510
571 769 591
779 460 753
196 688 335
736 813 248
923 977 486
833 911 136
361 29 322
846 801 988
313 991 145
409 379 311
25 349 481
372 410 730
587 253 880
46 291 441
175 6 249
693 722 402
475 901 737
829 440 181
745 87 506
305 665 262
181 671 910
959 147 943
857 319 667
829 341 442
233 481 41
912 377 576
409 817 400
21 960 281
781 400 901
47 61 246
181 317 708
941 833 345
985 462 651
777 701 501
573 947 987
311 246 816
557 161 551
187 721 143
7 812 586
278 341 564
139 481 376
993 649 51
436 13 601
666 145 817
283 477 449
895 691 56
721 4 634
522 277 201
583 921 569
729 303 475
925 686 767
681 731 789
957 586 737
983 1 421
150 661 165
775 651 442
849 755 141
25 136 641
447 6 983
899 770 14
233 661 319
105 825 415
930 401 579
21 509 86
531 249 269
947 329 7
586 891 326
841 213 312
581 601 841
796 880 458
901 965 855
817 848 69
469 121 313
757 366 301
899 816 501
56 351 615
721 299 823
197 647 751
771 241 946
663 981 649
569 963 641
847 345 585
741 729 161
9 401 829
61 393 417
451 21 327
427 71 427
262 733 827
541 187 703
680 206 981
937 806 691
913 931 971
809 641 961
579 277 216
841 256 157
51 137 571
53 141 994
944 141 824
789 301 451
651 752 435
105 113 317
82 986 977
364 733 877
460 857 614
976 864 231
501 401 73
630 796 931
681 263 321
607 708 920
259 473 993
613 400 569
204 264 817
136 6 619
936 652 657
601 357 765
51 461 815
713 862 717
726 204 665
711 9 441
599 298 851
521 5 473
783 357 729
409 671 40
265 235 25
91 484 721
865 26 225
179 731 19
831 113 263
576 541 233
481 745 651
34 797 683
13 333 412
66 306 563
99 723 361
56 753 913
586 642 688
451 735 61
211 161 677
617 587 901
693 303 873
581 944 483
575 842 854
179 759 109
801 340 103
321 836 561
432 126 996
444 633 291
94 871 283
725 127 801
889 951 953
261 153 931
595 43 505
8 21 393
824 635 601
645 281 336
841 93 491
964 944 486
213 931 583
249 526 681
893 867 343
982 546 451
145 897 825
641 556 584
113 241 947
257 327 171
521 97 86
736 785 385
88 849 761
540 167 357
802 427 424
97 537 681
457 821 61
755 213 319
730 352 403
601 184 529
929 77 337
279 13 426
790 411 679
981 913 552
521 761 569
442 476 421
196 819 771
41 161 751
371 571 621
313 393 445
201 426 377
618 255 810
57 701 489
151 359 569
273 561 581
873 926 63
221 561 385
117 407 369
211 978 946
381 136 496
206 481 720
929 715 481
685 24 489
43 670 565
63 745 435
787 193 641
331 293 248
901 287 601
396 395 645
141 838 161
880 155 172
13 541 380
265 589 744
676 856 326
753 39 653
997 685 211
626 906 167
806 565 733
525 41 625
943 626 139
497 176 445
925 61 795
612 617 247
251 917 799
337 761 865
643 963 584
577 25 863
284 171 393
218 353 81
886 1 337
301 601 913
913 228 727
806 89 33
129 113 721
99 805 201
153 885 679
126 53 781
953 773 607
831 687 949
576 892 29
456 696 943
84 273 593
171 961 730
731 368 673
407 31 391
736 903 285
394 697 311
527 17 66
850 321 449
16 167 459
217 441 993
265 927 721
586 695 605
265 481 331
981 1 151
132 432 225
673 561 124
835 51 385
500 622 824
379 105 260
113 682 907
265 231 453
591 285 685
337 605 778
902 781 169
189 275 799
928 475 841
733 995 221
947 165 741
941 689 819
76 688 377
321 801 531
751 929 785
331 327 906
308 121 589
413 719 983
81 621 361
426 282 305
865 273 257
836 665 713
291 206 801
175 298 201
877 1 361
729 992 1
569 17 241
987 710 241
816 113 249
172 573 776
553 513 449
837 976 281
359 33 191
573 961 234
241 445 28
749 382 121
574 545 31
877 765 316
176 110 251
175 604 995
448 96 427
81 117 297
505 22 759
321 765 201
725 893 1
273 139 564
370 546 347
126 474 481
361 491 506
705 633 235
361 474 113
219 961 87
672 421 21
331 453 241
145 885 581
211 969 709
313 281 445
945 761 733
641 390 137
653 726 259
723 343 601
968 177 33
623 617 265
68 65 611
690 417 25
849 701 492
173 148 57
749 891 372
973 551 276
688 606 853
642 133 208
297 222 53
714 344 589
217 215 53
105 583 453
676 337 670
478 997 826
30 383 246
240 753 100
376 99 221
561 521 157
581 815 151
956 153 471
705 837 247
487 534 306
55 946 425
735 880 578
981 733 402
941 419 905
481 329 9
879 771 537
785 574 931
125 875 816
731 780 335
553 703 893
216 891 651
41 193 506
818 321 761
349 605 957
261 437 459
866 741 681
639 581 401
617 348 501
861 681 283
533 930 836
726 445 583
877 663 549
541 461 101
214 614 741
961 855 181
961 713 553
561 145 653
379 385 801
789 400 961
701 543 601
643 937 626
469 251 609
716 157 651
381 353 353
173 668 266
171 365 941
481 101 931
253 764 986
661 985 403
449 501 251
126 857 660
570 513 584
575 519 157
721 917 671
241 396 357
487 101 484
561 567 202
405 721 321
895 745 673
106 125 229
255 297 25
306 319 621
294 509 148
247 425 257
469 361 406
625 555 951
41 540 966
901 705 871
941 529 95
281 673 1
629 701 337
641 897 857
685 241 797
286 805 56
876 316 667
636 535 837
955 485 296
561 551 247
361 917 374
966 427 739
621 121 825
216 911 766
197 601 633
715 681 853
249 571 593
391 737 111
97 333 741
825 486 211
749 354 554
594 613 953
860 238 841
659 837 41
81 197 976
887 99 739
693 961 413
436 610 839
821 701 793
589 925 449
866 998 431
381 879 393
385 801 860
247 625 814
945 881 557
460 376 537
339 316 409
205 568 357
678 301 561
131 401 901
891 294 1
31 161 297
123 468 71
699 777 163
601 847 335
99 916 1
667 465 545
509 131 991
506 9 161
141 980 122
616 157 901
474 627 225
718 277 211
513 177 549
21 329 154
429 113 896
81 145 205
820 131 536
203 700 161
137 586 914
927 518 872
315 108 953
98 73 231
812 614 333
36 681 455
329 459 411
491 23 174
867 769 337
473 977 740
139 187 729
299 573 29
957 661 777
793 624 65
751 43 751
403 761 16
433 881 806
489 185 975
1 181 223
10 458 83
992 93 345
505 191 591
641 56 24
793 375 120
583 645 359
181 169 489
854 729 901
177 253 490
251 601 87
521 901 653
745 793 262
858 81 27
182 645 669
318 997 127
783 681 581
987 489 779
924 579 225
32 871 651
796 449 885
291 944 295
601 311 41
681 877 477
221 922 351
145 813 623
424 436 158
273 266 62
24 374 869
562 281 823
273 729 817
516 97 913
851 5 333
353 147 133
376 826 805
213 937 885
928 664 670
71 26 555
151 585 401
501 741 501
830 715 718
793 185 740
561 77 957
749 39 83
71 23 231
144 61 449
951 256 729
883 121 39
387 221 813
233 769 121
991 621 397
241 284 121
985 341 655
579 257 367
269 581 525
719 633 203
771 291 681
287 553 971
701 701 929
89 873 385
536 233 163
601 161 901
100 176 777
492 236 201
264 717 871
485 251 819
751 473 357
966 869 399
349 566 181
871 632 181
579 626 347
451 166 822
311 749 701
39 193 401
761 750 461
993 779 430
361 751 489
225 289 477
793 326 253
105 328 164
240 821 833
247 170 753
946 941 706
798 359 287
959 607 801
257 421 187
893 461 29
159 211 51
130 46 813
1 785 606
919 481 647
881 816 241
766 142 49
17 595 773
84 665 65
261 655 97
25 158 161
326 93 707
77 373 745
65 855 241
234 128 495
170 971 145
815 581 251
369 125 954
981 441 491
339 801 295
96 637 296
71 531 260
923 761 786
918 650 826
409 913 934
714 111 629
233 189 383
262 290 81
656 59 809
880 247 625
561 191 235
751 501 668
721 7 945
39 745 900
16 525 529
371 285 878
49 657 809
965 642 251
671 861 139
241 5 1
897 363 871
27 881 831
601 691 385
641 137 955
11 401 721
266 687 361
401 583 521
29 35 521
726 533 956
540 101 181
441 85 509
537 601 497
261 736 103
257 145 801
817 989 801
841 167 368
569 91 131
513 137 101
841 325 517
655 42 206
1 111 860
281 586 982
941 665 308
141 384 388
805 61 585
915 294 395
745 635 117
776 239 271
590 511 217
877 13 826
987 593 9
23 222 599
382 441 933
735 635 861
987 697 613
167 281 973
381 995 171
546 158 369
825 312 385
513 561 46
780 581 261
617 881 125
201 579 377
552 729 438
445 805 889
191 275 683
60 139 419
185 188 721
785 337 809
905 85 993
521 473 833
805 393 81
781 113 189
459 675 219
986 57 881
719 779 454
525 945 975
813 625 651
755 267 957
93 203 613
917 649 193
401 523 71
336 443 709
463 863 686
761 233 79
855 952 921
480 996 765
561 169 1
711 77 893
501 435 507
607 243 175
67 182 376
961 369 657
201 386 911
800 9 914
773 281 865
361 569 71
293 401 669
689 977 97
489 998 89
537 787 337
991 857 871
66 208 685
861 121 175
449 183 661
27 249 617
891 261 755
329 141 613
611 217 977
503 473 913
700 593 499
129 968 191
476 915 573
416 249 497
441 617 497
24 391 486
25 466 870
654 107 321
597 567 813
932 71 571
474 771 91
777 524 521
513 339 928
1 881 1
683 949 969
213 347 989
171 103 481
105 447 441
44 601 912
484 555 535
190 989 111
965 985 192
521 229 690
873 977 505
543 337 993
191 351 313
316 163 331
452 1 181
193 212 961
641 113 57
509 713 417
915 676 597
313 267 988
397 16 95
881 482 524
999 441 819
521 51 549
671 25 196
714 457 181
521 541 891
501 621 185
981 656 997
721 276 521
761 482 746
631 299 853
56 141 917
316 49 201
326 489 264
761 57 545
438 325 211
589 401 677
485 9 766
491 311 757
9 606 214
977 405 417
361 566 401
57 528 246
217 837 81
208 737 319
551 772 408
717 745 149
667 544 228
952 856 485
257 373 535
521 88 55
206 181 735
817 457 133
441 628 169
643 876 713
36 890 226
485 277 553
251 576 535
161 411 201
989 991 475
33 801 121
57 661 947
271 657 623
261 765 851
69 431 113
131 43 822
923 241 51
823 882 359
307 805 121
681 846 70
190 293 751
51 831 613
309 501 1
944 865 485
577 849 91
421 794 24
431 872 344
181 401 865
627 221 498
249 923 145
161 361 18
945 55 86
1 243 426
63 734 243
345 206 476
846 17 429
413 646 197
908 449 105
113 309 256
578 749 225
800 739 1
945 953 381
21 258 501
337 77 873
749 745 1
11 885 777
173 991 374
771 886 832
81 673 855
16 252 221
721 462 351
77 229 128
201 233 945
377 829 255
407 651 366
457 786 601
673 888 93
529 529 351
266 873 379
49 485 467
229 301 925
449 121 817
917 401 273
861 946 849
657 389 451
920 236 396
361 591 779
651 458 120
221 309 801
247 278 282
391 796 872
143 321 135
439 928 421
587 926 424
685 640 935
851 673 479
627 926 913
373 331 605
969 418 149
641 559 345
111 107 542
706 993 103
69 757 441
865 948 457
564 961 921
180 708 477
985 731 766
601 970 670
342 877 905
465 201 1
111 132 273
288 789 400
824 221 156
497 91 466
557 223 111
986 797 965
393 395 921
525 489 61
8 468 418
473 231 376
665 284 181
14 486 377
433 60 466
679 821 907
245 750 886
453 678 461
135 271 33
673 854 893
251 701 347
10 327 355
351 676 416
241 877 553
49 87 57
91 792 945
858 636 81
793 241 831
674 9 264
905 337 937
591 160 396
581 295 327
473 635 335
865 705 177
521 392 595
418 597 701
309 421 941
917 347 205
761 93 969
333 539 157
871 993 812
873 296 238
493 207 341
196 750 559
377 943 769
952 657 846
733 641 851
273 89 583
493 881 991
9 741 757
994 416 619
897 606 851
391 333 683
83 496 345
45 129 625
253 675 421
929 633 701
421 345 204
473 901 901
66 569 376
487 773 51
81 866 801
661 603 113
473 88 86
579 416 341
856 199 451
541 751 468
659 651 77
899 379 123
201 593 300
889 161 289
668 89 61
181 196 913
825 601 964
849 461 335
946 990 466
639 91 491
385 732 995
151 771 489
832 43 161
177 805 360
585 569 585
437 267 970
319 911 564
141 483 261
711 249 85
701 441 731
312 791 409
229 253 863
574 231 545
613 901 693
271 645 546
215 666 544
554 724 590
299 463 621
61 855 639
281 465 268
852 124 961
261 891 288
676 318 697
297 893 221
457 401 350
614 14 813
325 248 792
31 556 791
185 64 393
826 551 471
89 525 452
785 300 601
473 393 438
648 701 1
23 47 467
999 650 501
450 641 41
641 181 514
19 328 105
143 66 877
724 592 593
751 573 701
62 521 681
248 304 484
831 141 171
131 969 859
723 185 51
565 101 825
685 161 5
971 679 985
607 335 460
351 466 833
487 871 893
967 409 513
239 315 289
951 577 583
863 971 684
199 156 924
801 801 521
801 919 144
989 52 44
23 321 473
399 605 561
786 501 51
661 191 687
651 275 553
766 737 767
465 611 773
221 193 101
972 439 309
136 194 674
835 253 33
577 432 369
714 736 327
657 209 78
913 881 560
663 621 47
41 881 955
361 328 433
863 376 206
297 261 81
731 832 865
721 820 541
21 749 507
674 265 231
220 851 953
401 891 115
911 281 231
251 257 765
868 45 815
953 759 351
529 537 404
966 739 681
681 80 550
105 327 124
178 241 593
161 851 575
301 1 614
531 615 285
207 305 933
929 764 538
797 5 783
37 612 202
733 37 141
653 945 921
545 464 481
760 436 53
801 370 685
959 879 786
388 205 413
311 65 881
144 357 1
993 496 300
721 6 629
117 61 501
697 481 809
996 831 41
911 98 989
437 695 505
181 550 953
87 917 642
796 161 203
649 327 411
932 754 549
431 526 384
25 609 481
51 993 841
426 411 820
251 989 631
650 750 733
615 559 521
811 617 135
656 765 501
662 588 447
137 885 146
625 333 806
505 299 901
137 692 913
633 727 753
801 841 990
201 691 696
549 886 961
616 527 747
763 189 451
445 607 475
993 473 341
74 493 344
484 966 359
121 323 463
393 691 219
993 305 48
6 201 980
241 261 375
681 251 841
149 665 527
541 991 137
239 964 825
967 535 249
841 993 968
584 457 121
230 713 826
885 401 551
841 151 13
957 747 616
531 35 828
496 946 565
295 926 687
489 985 329
274 765 75
327 274 860
13 161 785
49 97 945
33 956 609
211 301 593
841 481 773
338 1 306
417 141 626
697 521 911
393 388 545
85 985 531
643 997 748
883 625 250
711 106 971
537 273 361
387 137 567
701 89 881
706 478 889
929 397 817
55 873 76
318 849 399
796 376 73
334 217 78
8 563 935
613 97 233
165 84 783
721 733 593
221 852 61
581 305 641
199 573 904
714 540 391
641 893 544
104 148 25
312 261 546
988 92 499
474 957 771
761 296 155
361 852 834
101 649 921
176 981 935
145 376 881
241 604 43
276 997 545
151 731 653
447 921 465
554 921 641
161 603 193
309 987 49
706 385 169
287 387 501
77 590 460
867 897 553
801 657 113
813 668 165
291 810 601
465 452 451
875 473 601
31 259 985
591 101 81
971 507 897
541 781 167
834 561 614
985 311 296
695 121 849
961 257 781
771 1 235
981 613 138
545 118 201
380 821 305
321 656 427
490 285 889
708 911 854
81 505 305
211 557 341
188 885 731
51 441 51
285 21 918
443 665 295
481 841 27
451 751 725
144 473 613
56 429 999
341 537 995
697 941 601
571 51 343
387 109 977
822 821 1
395 805 841
836 389 101
366 409 641
521 181 181
18 905 833
953 542 256
154 823 689
293 530 329
773 702 902
161 691 951
233 955 941
403 809 751
459 275 243
171 417 43
121 681 56
373 602 753
20 99 85
610 225 908
751 469 665
423 530 143
421 229 348
557 843 134
280 279 347
591 57 612
929 261 129
121 271 25
701 1 730
105 42 769
73 951 578
737 861 347
273 473 119
501 482 681
961 35 774
393 779 113
147 187 45
769 404 44
669 45 185
794 891 393
432 601 173
609 689 201
49 393 270
842 920 276
537 222 251
161 356 113
221 801 667
601 177 251
463 26 684
196 551 565
321 1 801
259 152 841
947 219 25
281 661 905
677 230 485
901 365 11
971 361 596
47 41 825
261 277 294
461 229 259
381 920 230
317 74 409
371 995 441
425 602 176
828 821 182
991 401 937
841 391 917
625 961 885
877 279 811
653 153 996
261 634 69
513 1 563
801 505 785
35 659 241
604 1 699
923 87 165
511 961 305
400 548 997
48 762 666
553 913 329
449 696 364
263 980 301
923 541 479
916 947 586
381 557 947
541 327 951
209 101 255
473 345 688
69 406 778
221 452 801
539 401 397
961 945 425
737 891 227
146 979 892
431 955 689
269 353 253
813 626 171
925 136 81
33 409 67
153 141 39
608 737 411
501 501 55
441 813 786
163 491 512
657 400 586
346 529 281
351 793 535
521 441 529
601 360 121
19 506 785
876 155 236
989 269 321
49 177 35
627 509 573
931 382 193
561 198 601
97 544 751
403 131 621
427 656 609
463 369 881
577 79 245
974 705 961
5 600 88
587 441 763
161 977 109
986 477 791
881 901 346
416 238 408
736 581 636
597 7 368
281 331 377
477 21 211
964 895 113
685 627 821
713 931 727
881 261 630
764 753 634
273 941 815
1 275 173
3 549 949
426 467 873
993 121 681
67 141 15
332 126 690
262 997 617
937 329 367
931 769 667
877 357 153
177 753 825
641 473 17
926 861 405
335 866 49
177 769 105
765 151 519
313 801 113
793 105 481
173 757 21
227 219 61
193 827 803
867 401 584
864 581 827
981 701 361
151 149 175
569 481 306
151 206 115
337 543 739
33 651 840
1 961 631
902 190 959
156 499 497
33 434 378
893 609 293
611 391 296
291 541 991
681 377 621
914 29 481
445 707 809
899 281 677
337 33 588
625 25 993
461 69 966
251 729 109
229 285 57
581 161 669
51 661 94
501 942 81
261 661 492
415 148 561
530 617 837
681 361 831
485 915 333
993 720 221
31 5 101
27 976 526
301 165 761
606 929 621
266 317 659
53 937 675
800 165 237
597 233 396
583 745 284
187 687 481
122 293 161
334 71 311
722 269 161
35 941 460
385 97 913
565 508 332
857 903 669
817 537 81
510 921 911
617 205 29
556 725 473
9 239 567
624 557 111
689 713 391
866 716 895
656 81 238
85 525 659
415 153 558
215 557 970
61 21 851
793 586 165
1 13 143
562 221 265
976 953 865
721 101 71
561 1 528
581 224 291
154 441 134
477 313 501
817 337 289
399 361 769
941 66 306
997 860 961
600 126 267
251 81 442
925 817 247
951 341 593
450 309 69
141 267 26
684 557 376
895 957 287
593 496 1
956 691 310
129 689 217
215 583 989
237 87 401
981 276 381
331 357 126
973 881 38
815 49 261
940 126 944
287 655 865
129 525 422
312 859 561
529 917 201
825 553 345
20 937 775
411 211 585
211 402 969
905 496 129
347 305 449
936 503 829
681 9 95
555 121 450
93 675 253
439 797 618
985 335 257
194 801 851
1 244 201
321 405 425
736 130 353
989 994 716
41 281 982
73 417 728
40 72 645
627 201 39
421 315 801
631 673 221
156 41 393
506 761 542
761 938 829
433 11 401
599 132 513
341 501 53
501 251 861
341 269 481
1 561 411
999 237 825
241 85 157
993 809 212
801 481 167
736 501 667
603 517 105
845 177 1
433 179 301
241 803 691
936 588 585
801 765 419
761 713 145
271 279 570
254 516 249
182 929 101
544 617 593
406 431 339
497 417 935
247 305 191
699 59 936
525 309 601
193 185 842
293 126 328
645 942 447
112 841 13
987 986 937
878 750 551
145 287 24
40 33 406
245 369 981
467 933 841
873 961 333
292 131 781
489 506 427
337 336 857
215 986 487
598 115 69
29 40 383
459 931 369
429 281 371
431 141 196
641 196 305
724 686 552
191 401 335
67 523 399
62 108 225
633 265 657
937 851 942
526 376 487
610 507 980
321 787 114
551 521 571
618 801 951
951 21 234
535 821 349
73 49 213
181 847 267
467 25 8
111 748 536
65 178 837
908 465 353
876 886 322
973 596 141
341 844 421
81 197 305
738 529 823
866 945 373
313 855 953
813 435 74
901 693 226
835 290 945
526 595 693
346 942 999
131 115 104
667 171 150
316 71 503
214 489 472
221 299 37
534 845 570
479 159 305
86 179 813
548 609 56
353 321 297
897 450 99
902 88 831
714 889 98
623 641 989
801 261 490
245 201 215
147 116 101
610 971 426
859 757 845
543 471 776
131 651 513
85 869 289
969 325 175
609 885 876
439 351 593
689 801 119
682 991 697
381 400 499
531 225 383
918 121 763
31 505 931
565 761 121
547 741 497
983 65 165
621 951 230
46 209 749
869 501 247
623 78 866
411 382 297
139 171 137
219 626 351
496 841 433
263 167 228
993 763 364
863 639 117
757 411 357
583 538 273
340 501 18
177 38 871
698 650 153
427 227 981
697 436 866
826 549 497
401 161 441
293 361 195
581 512 761
133 620 191
553 449 969
970 499 177
681 175 862
565 982 357
580 449 931
901 119 156
691 581 676
18 341 521
605 701 974
317 113 871
420 614 180
773 931 307
831 941 833
779 201 81
76 273 635
742 751 577
801 926 761
461 995 581
513 798 881
989 636 371
373 681 917
131 441 576
534 924 301
999 761 282
666 879 77
581 646 435
411 869 313
89 485 225
717 877 461
306 545 809
449 617 742
481 609 357
811 727 399
920 609 279
610 11 521
689 198 359
791 675 902
449 167 751
364 829 375
261 55 155
947 691 185
745 67 505
170 605 105
597 701 581
501 384 456
945 579 656
943 773 325
201 346 177
658 509 1
611 541 321
40 686 80
257 152 675
59 501 653
367 801 181
601 712 931
237 285 213
960 174 371
415 593 49
526 865 211
65 954 21
326 451 687
585 350 581
997 362 985
21 481 872
531 64 362
461 126 397
938 753 278
49 971 85
456 81 121
915 613 861
376 67 865
613 886 520
707 841 818
1 467 291
261 716 501
369 395 481
729 621 838
370 130 973
859 351 297
41 409 85
417 388 701
617 569 733
856 243 525
847 653 161
982 21 297
901 955 999
801 421 327
343 217 76
991 982 99
651 305 389
977 107 785
257 601 785
541 221 658
473 462 171
415 122 265
833 601 604
270 266 813
485 260 201
401 621 209
88 569 609
801 869 969
106 281 333
243 201 968
799 399 101
560 495 961
91 499 45
215 65 101
207 625 651
103 521 357
810 861 955
96 891 169
225 579 13
905 609 243
65 318 237
377 625 505
255 151 765
433 537 993
397 577 52
121 701 529
921 330 806
253 747 377
955 921 437
144 93 526
945 51 101
861 103 501
203 161 319
968 394 841
316 361 161
229 317 511
817 517 505
556 545 215
729 851 207
906 301 455
339 185 836
334 536 652
321 73 948
473 531 827
908 87 939
97 377 61
251 401 749
576 97 733
341 604 173
453 223 411
831 641 926
680 375 23
791 797 905
171 801 505
245 73 857
501 737 425
691 653 181
361 779 807
417 946 215
647 500 16
583 947 289
5 834 886
670 526 825
728 586 109
381 505 563
185 303 185
613 639 830
524 781 758
246 889 771
934 626 874
609 245 11
399 80 824
94 119 937
592 848 107
755 929 736
658 883 647
556 981 668
137 379 575
629 993 481
417 57 823
449 675 245
505 721 51
631 593 873
341 455 731
766 959 741
121 426 801
521 272 329
621 203 593
691 15 649
912 701 28
187 857 447
33 1 162
401 673 577
323 801 709
761 438 31
507 537 655
925 63 311
989 45 201
64 841 252
563 651 161
841 605 751
921 553 821
545 840 201
445 116 781
733 629 695
945 865 973
944 519 637
689 857 81
451 373 966
999 961 6
701 501 323
633 469 378
193 913 29
864 868 686
901 97 170
109 409 441
719 25 201
197 241 905
115 751 469
226 644 345
361 432 791
273 206 747
961 941 266
955 996 837
201 971 86
637 704 404
187 948 893
1 182 636
681 47 446
125 575 600
816 85 553
268 391 765
777 864 529
597 645 488
657 781 401
549 394 301
591 821 616
356 278 261
271 289 866
649 397 896
73 107 132
564 833 367
65 633 412
161 934 911
648 559 185
789 329 682
631 700 626
524 837 771
131 553 497
366 389 486
212 201 511
179 181 986
521 611 131
37 457 867
721 158 313
698 256 145
368 923 651
355 897 754
401 907 131
959 990 268
481 201 721
681 737 191
100 657 841
208 705 827
171 429 103
561 533 793
911 13 71
881 804 462
547 985 268
369 636 957
21 722 555
225 405 241
418 899 857
929 222 651
5 887 801
444 605 529
905 139 981
938 369 385
296 411 401
880 891 25
493 395 406
273 41 443
455 757 409
661 328 71
711 129 865
361 151 152
657 971 897
333 498 483
407 707 719
423 345 871
866 461 646
681 25 15
561 932 65
329 523 670
78 221 569
277 417 620
357 801 267
810 61 531
750 252 132
976 181 661
41 451 206
804 337 700
458 863 873
616 801 802
138 344 987
337 581 955
197 126 885
162 237 531
989 961 425
313 475 541
789 401 657
115 905 271
671 301 899
129 711 631
998 905 295
301 604 204
133 442 814
367 490 689
453 741 1
213 431 376
457 20 425
876 544 867
674 683 520
320 11 282
605 668 301
518 896 137
868 966 656
942 85 437
2 345 697
701 605 887
944 501 531
257 476 321
617 421 123
620 324 41
375 81 183
251 120 297
345 701 529
684 944 721
159 293 217
171 981 806
363 421 857
826 456 756
935 9 469
236 145 441
441 265 401
33 153 226
17 743 640
246 241 752
655 745 670
682 551 473
932 651 529
361 267 33
181 710 601
952 801 926
873 489 865
13 561 685
585 395 65
45 621 625
889 304 205
145 301 45
57 937 25
201 441 374
305 513 881
491 477 945
328 451 521
425 651 73
115 541 641
313 855 901
919 39 423
140 69 298
5 425 561
28 571 493
601 989 381
559 5 536
577 161 209
175 341 121
673 73 182
25 197 201
361 377 901
219 225 39
651 152 70
21 841 441
289 506 395
416 993 505
588 529 700
230 209 95
892 175 731
719 379 227
752 1 481
533 301 105
587 754 175
135 466 511
817 746 29
345 187 905
461 977 661
325 63 965
747 753 499
270 537 105
708 879 461
426 126 881
969 325 75
895 157 817
873 617 999
657 361 37
