3835
245 869 855
481 237 733
281 688 16
549 31 233
916 729 721
105 762 572
961 191 540
280 761 385
145 237 493
913 660 457
624 309 878
713 993 261
449 215 515
737 596 857
391 453 445
512 278 609
401 43 897
409 257 311
907 255 1
437 201 125
786 230 945
673 557 941
626 791 996
541 725 932
326 312 183
337 37 1000
793 153 507
675 38 942
705 157 513
701 961 711
411 874 249
511 889 503
768 779 791
585 941 7
611 309 163
393 135 468
257 961 833
664 430 68
246 161 191
297 66 546
736 379 384
893 73 751
361 597 226
39 90 568
216 720 801
1000 801 44
729 466 130
73 124 761
61 718 296
160 126 561
841 881 791
737 853 91
715 299 871
620 699 445
531 464 317
97 429 169
908 57 96
315 431 101
477 297 669
281 181 962
431 771 425
849 996 663
361 737 541
767 257 835
93 821 395
401 464 601
933 763 761
455 710 465
311 909 877
637 15 521
985 633 4
818 637 521
949 820 441
246 241 770
263 3 253
351 901 242
732 981 741
965 779 921
941 886 641
807 487 788
423 721 58
277 861 661
351 372 979
436 177 639
740 306 709
180 265 913
611 567 379
26 791 456
300 112 26
276 241 546
471 344 635
891 953 573
571 172 126
845 733 801
407 929 497
453 927 391
575 625 212
601 959 955
683 745 148
441 138 395
261 157 344
257 215 353
261 561 565
99 455 173
669 361 129
211 66 676
819 401 321
970 117 502
433 633 475
695 390 281
387 881 851
94 367 22
201 906 990
971 435 241
426 223 257
586 553 474
501 737 596
121 27 119
873 379 458
997 277 394
337 291 961
265 532 533
699 751 691
339 742 753
77 1 257
231 282 221
425 263 233
305 337 406
157 177 373
534 426 161
109 13 673
389 161 13
901 286 337
377 908 261
732 661 881
821 269 524
689 316 741
851 725 108
841 419 730
687 341 853
988 236 918
788 76 325
741 339 781
151 850 803
726 443 297
1 179 975
384 431 793
6 712 395
201 706 430
545 930 773
501 386 245
297 969 254
127 926 928
855 203 890
113 337 281
756 493 261
722 277 209
111 241 377
449 182 101
491 297 919
60 907 931
241 501 427
541 665 985
841 645 49
891 167 689
363 569 885
634 865 75
91 870 430
475 771 971
941 951 763
57 3 753
192 180 578
969 421 786
985 563 687
51 473 656
351 923 651
41 453 833
295 433 309
628 751 553
649 873 273
313 963 114
801 869 937
273 933 57
117 346 969
113 938 687
51 567 345
55 206 281
466 593 901
776 759 777
49 474 775
57 641 923
49 578 545
919 106 26
479 177 479
92 770 631
466 921 643
276 233 166
71 23 505
646 301 593
551 547 994
306 636 351
186 601 437
667 151 961
523 669 731
240 102 503
483 201 116
989 432 729
277 467 718
484 971 126
710 673 929
161 708 225
761 203 433
703 70 645
456 596 89
730 593 561
929 457 959
221 639 193
250 587 523
365 655 727
241 360 369
761 907 589
779 144 758
898 291 205
806 812 685
185 591 865
1 66 391
657 443 919
331 347 173
282 492 560
530 502 125
97 601 741
268 97 487
83 161 666
661 899 876
131 493 472
921 321 144
481 946 977
222 676 361
665 183 209
529 15 131
355 129 801
522 225 687
961 877 397
399 701 126
265 859 782
67 899 479
697 937 1
827 911 231
714 173 23
654 251 543
283 298 615
328 874 594
657 979 233
541 684 791
132 651 621
901 769 2
107 668 25
211 325 138
266 97 361
113 31 136
217 164 560
569 809 401
769 47 250
279 659 433
87 216 783
561 681 89
329 172 614
105 752 392
652 849 137
543 217 351
197 477 411
801 990 381
944 109 593
361 11 792
288 692 316
561 133 831
873 926 793
483 921 2
449 937 1
976 9 717
553 169 553
927 233 731
513 476 501
89 422 401
417 461 881
225 467 487
172 522 529
881 385 863
1 321 931
31 265 677
563 353 462
570 808 545
151 889 833
150 49 333
46 37 846
784 45 770
495 97 266
923 409 161
936 759 130
761 241 509
481 393 923
351 966 721
104 665 651
185 107 281
93 176 844
958 67 945
578 99 617
305 297 443
885 721 551
725 51 68
862 621 575
471 961 542
511 463 867
753 361 525
677 43 345
31 281 252
901 20 999
446 753 301
441 311 645
711 736 906
663 541 415
877 292 501
815 489 269
31 921 849
34 69 33
279 479 280
671 913 405
305 174 757
526 76 652
230 801 482
469 921 809
905 817 441
429 131 857
657 210 779
201 501 581
871 795 353
769 361 370
348 975 501
841 21 1
136 905 945
371 557 468
740 361 597
624 787 756
748 611 521
651 770 681
929 251 857
937 463 41
10 775 145
633 122 487
268 971 826
309 713 281
621 37 865
711 924 401
719 766 472
721 821 46
207 537 161
201 831 197
581 307 853
841 643 721
528 713 79
977 945 411
165 447 324
919 832 881
695 131 113
616 417 741
881 605 505
858 893 896
901 69 245
768 483 21
161 286 329
849 105 397
9 593 690
713 707 187
235 481 17
845 55 281
78 833 909
46 593 766
884 71 253
495 929 135
174 974 861
107 279 593
549 371 183
659 629 291
497 187 406
679 195 451
76 427 46
504 225 741
934 246 986
85 277 433
876 995 601
85 508 697
517 332 693
989 108 681
531 901 328
526 665 138
381 61 836
425 745 577
851 202 526
327 191 26
471 882 444
201 907 233
259 241 772
931 472 894
302 539 25
487 393 665
101 506 309
47 689 501
907 786 731
83 389 549
285 749 905
991 714 212
206 961 541
995 428 143
606 725 281
771 374 833
172 16 643
861 401 907
626 9 963
169 1 823
736 512 838
68 217 9
635 492 692
803 273 841
101 647 641
1 34 433
319 721 553
631 943 181
247 969 809
670 657 339
817 269 383
955 396 797
185 686 417
459 877 105
163 721 922
441 953 145
381 601 729
969 661 621
61 221 899
876 761 681
241 103 96
869 777 578
903 396 72
263 276 626
81 569 758
51 589 517
874 793 289
686 443 797
353 989 494
621 113 80
606 811 523
5 707 967
564 712 757
641 580 126
669 137 439
899 457 721
985 1 81
375 511 229
698 721 345
209 246 209
401 578 821
181 761 361
525 311 589
603 985 289
686 590 343
97 599 521
11 961 551
618 351 776
897 888 47
333 57 963
669 48 313
475 526 761
805 717 507
712 976 659
709 449 1
139 360 817
757 147 833
222 281 705
201 493 846
69 283 37
22 526 393
841 397 5
551 665 481
401 705 559
777 169 87
93 577 919
981 501 361
1 985 622
41 569 73
52 665 476
51 376 476
1 544 396
907 225 874
769 41 851
631 922 788
711 595 994
359 561 409
961 285 27
287 339 840
993 77 159
337 401 590
521 529 133
161 481 487
751 741 17
681 954 862
43 201 927
769 209 111
728 791 659
737 795 97
169 309 177
641 758 801
6 261 301
185 179 381
649 57 132
373 441 93
837 486 345
284 361 289
65 473 876
751 58 730
979 13 831
853 734 301
316 771 251
409 161 625
220 656 406
651 947 651
613 596 519
620 449 745
328 271 945
821 390 845
601 527 41
779 571 641
581 793 751
251 729 729
409 711 163
195 525 195
481 837 187
422 79 741
73 139 93
911 717 165
955 537 314
745 737 521
899 29 778
853 181 173
629 546 609
881 218 61
501 471 881
941 941 835
782 729 947
407 961 880
21 867 825
925 886 931
833 721 757
558 503 113
873 935 981
857 267 377
529 753 26
551 893 737
629 494 211
26 732 361
501 226 364
22 577 273
766 493 505
769 716 916
165 217 971
813 651 565
735 599 785
419 259 669
269 561 801
83 161 507
641 341 582
857 951 915
813 169 488
38 81 327
676 341 388
733 513 861
333 261 633
463 877 186
865 297 446
668 619 160
256 853 834
590 939 627
209 354 205
975 641 238
61 258 538
401 513 445
617 185 991
854 25 223
221 245 1
747 301 221
246 98 242
903 252 801
25 126 656
735 546 445
477 1 851
906 251 250
166 605 23
1 255 987
17 1 81
913 113 546
769 713 209
793 221 797
745 825 220
400 198 826
171 817 801
716 413 921
977 89 612
104 671 722
70 649 633
501 301 777
391 987 393
428 411 613
661 829 521
946 693 297
577 579 453
787 385 409
349 309 804
361 371 89
930 11 745
879 831 300
389 856 409
712 332 541
172 313 825
215 765 786
921 675 379
486 212 689
921 656 463
435 576 278
519 333 154
665 773 714
689 606 429
211 681 403
114 789 131
881 547 971
168 268 201
501 966 303
292 941 85
736 993 819
215 502 915
867 857 996
977 555 501
17 207 21
185 209 553
481 112 288
494 395 65
501 101 241
193 373 601
659 443 751
695 254 849
664 405 827
524 851 413
791 279 775
911 867 226
990 983 523
641 801 433
485 587 261
913 581 833
868 194 177
509 341 556
912 663 205
871 889 867
125 202 103
451 305 179
825 58 377
309 317 920
113 556 140
895 857 979
721 103 705
453 251 185
473 71 751
305 221 101
817 199 705
104 814 853
929 961 298
1 230 444
587 248 909
735 956 105
689 725 421
601 554 989
251 649 251
259 608 466
418 165 23
436 383 349
433 23 489
831 657 321
274 497 321
631 151 913
756 767 441
722 169 453
952 126 463
31 329 551
627 399 481
209 49 609
201 401 809
521 348 810
751 341 266
121 601 721
325 248 178
421 551 925
605 11 337
87 105 133
391 200 581
361 529 68
345 193 194
244 605 85
441 786 601
891 108 137
51 1 217
65 656 864
545 195 217
611 265 166
438 205 225
845 531 185
462 669 325
937 247 840
578 380 451
260 241 65
418 549 165
226 471 551
431 61 621
969 639 525
1 262 716
32 633 385
661 598 366
387 922 626
965 626 901
623 901 507
153 780 173
663 376 322
849 173 28
429 369 471
434 744 924
201 65 725
861 741 976
703 468 586
171 521 599
999 551 711
185 593 672
561 302 195
488 968 984
392 239 691
937 481 835
381 745 775
481 462 805
36 765 463
761 137 609
673 387 81
913 69 615
726 977 216
203 718 761
621 20 763
573 201 397
104 654 928
395 305 265
385 973 676
729 937 385
318 981 353
945 269 694
832 101 441
629 785 431
833 266 867
821 699 149
601 527 92
814 516 225
48 881 9
351 243 565
401 39 691
720 769 929
301 351 749
617 583 737
183 815 935
219 605 61
679 236 522
861 431 476
669 133 32
236 325 256
146 257 64
951 71 575
961 893 501
289 657 815
899 933 326
626 571 451
511 829 80
1 517 351
441 275 645
427 262 689
77 511 256
398 217 933
369 441 353
581 611 107
171 409 551
557 441 599
221 30 241
943 813 689
201 975 996
401 293 193
949 198 393
233 889 111
590 61 745
501 777 339
599 626 252
963 365 317
833 227 274
511 604 251
96 466 481
191 937 227
433 325 837
537 389 956
577 893 287
413 503 25
7 501 516
151 769 177
655 497 842
33 511 486
973 981 265
997 397 670
841 869 865
93 213 329
1 774 421
949 478 355
76 376 87
337 269 751
887 473 764
969 451 510
353 777 218
689 224 504
461 494 497
267 851 627
861 1 521
573 612 529
131 741 441
124 270 9
477 619 935
21 561 321
451 254 825
517 337 298
505 161 697
89 769 421
633 941 233
947 157 107
576 105 24
479 563 733
577 921 77
414 752 101
166 605 193
955 589 451
151 465 76
725 321 512
1 905 271
281 603 381
306 1 299
177 19 319
165 710 25
797 233 781
675 909 208
737 681 233
701 151 989
154 260 997
371 257 157
873 357 911
893 645 795
333 163 179
681 69 777
53 651 263
871 1 225
59 231 857
727 169 279
625 144 699
461 153 969
545 193 843
62 809 349
230 609 321
376 553 777
553 807 66
816 721 41
33 529 145
124 287 529
289 527 683
769 336 647
786 863 227
393 851 126
601 80 525
113 538 587
439 361 951
457 674 277
233 81 26
548 62 961
693 969 831
97 15 549
521 961 786
773 673 476
993 697 70
396 886 157
779 809 691
925 181 330
744 5 736
21 521 595
353 252 396
363 660 224
145 493 853
67 41 751
373 856 634
756 479 313
901 101 401
881 329 859
341 401 121
835 29 189
151 17 613
151 437 306
591 296 633
381 729 95
213 551 177
886 341 932
881 546 394
771 512 780
781 439 561
603 133 693
881 548 61
121 73 819
713 770 142
902 776 820
357 595 494
947 880 801
390 460 856
723 629 552
384 383 90
451 29 373
951 689 609
461 966 16
923 697 578
757 951 359
529 943 20
217 73 837
277 279 62
461 725 625
442 165 277
412 770 171
361 411 709
550 577 317
387 673 201
481 450 605
225 886 151
772 765 605
67 896 720
325 64 455
57 414 410
881 555 229
864 339 851
918 729 512
985 473 577
985 736 601
737 373 489
309 829 726
141 469 589
557 967 679
685 601 41
969 931 394
490 896 729
584 209 803
816 975 826
503 236 613
945 757 249
601 293 747
329 224 817
757 498 726
941 861 23
573 23 326
760 700 893
33 125 677
737 18 19
781 351 91
202 228 877
577 696 361
843 961 747
481 566 937
167 1 267
526 585 587
739 603 411
153 19 876
921 35 487
621 141 937
494 49 141
892 145 873
253 208 832
361 597 159
423 581 881
801 172 590
937 711 833
167 807 75
881 543 811
812 398 861
49 837 131
458 791 113
451 654 339
41 999 929
250 63 223
926 947 776
741 568 593
473 971 941
265 593 577
676 420 872
937 296 726
841 533 442
585 270 63
581 505 876
422 285 95
125 291 81
763 337 731
293 601 33
457 385 585
947 857 409
309 849 481
801 145 527
659 105 206
424 17 776
901 849 800
595 661 101
705 481 913
945 491 401
333 237 581
448 801 516
712 156 548
305 493 541
403 131 41
16 638 977
401 906 48
789 769 265
336 94 169
266 291 988
181 591 297
955 514 140
761 26 637
191 45 570
801 556 112
241 277 47
921 657 682
493 311 822
121 649 107
489 41 954
741 176 698
906 201 126
583 429 720
39 223 504
568 767 105
589 861 266
440 721 936
601 385 697
487 165 169
225 685 779
876 480 545
406 226 273
541 166 606
101 581 15
983 679 277
768 672 771
121 362 272
116 122 564
41 741 201
933 4 703
643 103 271
793 227 73
84 161 651
356 551 289
201 310 797
52 915 446
719 653 401
476 369 298
921 976 477
1 86 490
421 156 36
637 421 141
25 97 683
881 666 373
774 341 72
118 684 717
628 521 926
701 571 305
739 537 319
161 713 9
953 875 233
740 716 307
654 595 437
152 21 567
191 863 301
1 80 844
147 724 351
817 761 37
940 840 267
801 713 870
933 983 887
881 177 757
1 737 857
185 905 501
326 316 158
857 642 195
586 779 903
35 349 523
385 520 262
465 206 572
542 151 41
621 121 949
808 281 762
1 951 833
147 201 977
361 270 671
18 7 769
709 409 988
625 842 101
169 801 221
177 605 238
801 928 897
741 981 355
782 973 757
960 586 385
387 151 861
676 892 359
729 801 255
826 289 721
851 221 473
751 451 211
461 241 353
993 340 383
551 791 186
1 1 752
381 101 315
647 660 247
231 681 745
568 691 633
496 310 635
637 977 831
961 101 357
428 565 953
461 846 403
491 57 758
491 750 356
41 819 265
701 181 113
369 141 401
675 581 981
533 241 164
777 923 965
969 181 242
719 550 111
366 489 548
767 537 479
301 589 401
479 433 253
711 241 537
556 741 871
637 764 887
339 919 905
917 802 491
69 301 948
745 361 332
465 951 697
814 933 806
1 25 205
913 701 157
98 560 381
229 705 161
795 581 25
671 114 17
401 237 225
175 329 309
609 427 626
41 513 541
481 273 689
609 81 129
731 311 705
504 955 671
251 878 851
641 697 501
27 265 521
251 521 849
710 761 701
636 661 779
585 187 291
1 841 701
801 419 627
821 563 185
762 391 321
894 85 379
641 913 286
271 191 568
991 542 915
301 993 403
281 96 801
569 414 906
5 6 115
341 961 297
531 801 181
713 233 476
76 625 1
273 349 661
409 396 921
886 729 2
653 826 337
497 523 345
957 445 461
278 345 233
221 329 513
852 871 77
588 721 891
481 584 84
351 207 71
651 481 889
241 292 453
340 541 815
15 391 245
91 681 216
587 735 125
71 187 287
305 137 193
973 903 401
729 153 737
541 385 541
254 408 241
225 255 29
176 777 651
377 551 977
481 809 49
53 761 551
519 119 163
451 729 720
467 53 921
921 401 481
651 786 449
514 67 52
153 375 341
273 393 142
881 301 817
109 462 731
355 197 152
719 391 721
516 151 420
253 169 629
297 953 251
525 68 233
376 316 673
937 643 553
104 881 40
433 68 994
518 222 169
26 281 281
376 331 971
139 913 369
126 441 636
163 276 511
917 367 565
341 533 521
761 161 208
785 421 121
369 761 289
621 731 57
637 823 885
363 966 329
103 267 673
298 471 23
761 742 904
433 38 31
534 42 547
837 257 836
968 65 2
745 513 525
795 430 751
185 285 384
431 201 271
786 976 146
111 35 357
579 985 214
471 85 793
137 769 705
470 693 964
337 625 717
938 240 965
950 426 769
536 49 113
985 948 514
801 833 771
118 776 91
806 662 41
149 409 61
718 975 681
269 499 251
977 491 523
706 778 488
576 721 281
525 221 997
277 996 173
408 481 821
685 403 931
665 675 650
626 653 38
39 97 503
931 151 941
847 118 873
889 593 233
549 701 717
733 884 907
261 119 145
441 889 616
451 881 484
501 241 874
596 753 255
90 413 961
713 27 73
17 65 986
267 279 621
121 267 551
81 785 343
329 581 324
786 737 936
225 746 127
831 508 195
537 253 221
969 226 9
811 957 430
953 185 693
993 771 941
749 165 819
196 231 53
581 626 852
1 113 571
837 764 782
285 287 133
566 1 401
538 857 387
481 21 407
686 865 339
501 279 965
349 295 127
601 439 633
329 338 817
6 459 951
342 209 341
281 995 225
611 674 396
148 879 811
378 57 117
253 106 321
663 355 545
406 187 304
277 797 301
21 389 493
271 721 630
803 927 671
385 856 196
401 309 484
221 133 551
348 587 473
861 748 49
625 285 757
801 265 170
298 649 707
734 461 51
342 395 265
382 626 921
181 229 871
545 951 546
51 33 409
48 301 293
765 515 244
562 801 921
680 481 121
861 809 526
207 921 926
995 56 601
169 567 377
537 876 761
285 655 179
421 308 777
425 601 385
617 292 337
880 540 559
201 372 510
897 268 316
54 281 610
615 489 817
301 157 21
605 61 469
285 26 423
15 291 53
761 436 417
721 988 757
639 932 396
941 841 499
191 417 957
576 29 169
85 126 1
441 161 343
353 655 701
796 235 460
532 561 673
500 811 678
911 908 197
527 837 393
826 271 511
601 129 154
851 366 61
107 241 793
443 841 344
137 510 401
481 363 559
31 308 638
740 616 779
696 251 849
975 459 579
946 609 305
457 225 313
941 792 221
381 150 564
416 521 332
857 776 627
600 789 522
819 929 266
337 351 750
577 944 301
269 301 101
107 411 221
591 190 561
389 396 941
761 597 328
754 401 351
741 161 261
321 547 861
927 923 801
141 971 471
201 459 289
804 445 286
337 530 201
503 793 208
631 451 924
17 201 393
101 859 984
850 901 465
990 906 683
882 213 860
371 322 377
401 489 241
873 501 288
352 566 983
90 915 951
565 353 158
746 205 215
882 419 613
615 290 326
91 573 153
291 151 715
321 829 799
93 651 460
117 656 265
966 821 666
444 27 623
701 659 975
965 722 769
696 89 673
109 452 844
441 189 856
477 105 320
385 186 301
116 705 665
890 65 721
58 251 159
691 969 109
147 847 988
21 81 395
457 991 187
275 163 231
237 365 1
875 603 926
33 249 575
759 671 41
512 188 63
521 907 169
820 269 762
286 393 463
609 203 969
258 929 249
40 265 1
526 456 961
897 291 131
371 135 515
146 295 240
578 791 295
661 801 369
961 388 355
553 901 222
370 413 420
576 451 281
413 481 683
337 801 685
241 198 347
23 931 820
559 538 197
263 308 491
329 433 411
227 806 761
561 958 376
404 633 309
85 253 46
460 521 445
985 601 71
829 195 781
836 55 520
623 159 470
168 903 215
841 841 377
641 555 211
183 876 345
445 886 603
538 881 893
375 805 801
747 953 843
128 771 584
712 958 151
929 117 751
409 81 781
813 336 785
681 389 608
115 290 486
113 205 581
746 119 661
629 171 306
296 179 139
432 179 1
555 753 886
182 969 804
331 753 709
201 271 145
841 373 481
184 321 873
377 707 477
769 178 152
615 761 803
201 645 765
774 569 106
251 830 631
457 7 581
198 317 815
921 156 153
541 865 673
461 961 955
117 441 293
543 647 87
484 463 156
151 577 739
981 351 413
801 106 69
817 737 511
653 600 901
271 243 449
129 201 194
749 780 704
141 901 774
698 26 119
761 817 764
711 626 89
629 93 832
289 331 373
389 387 474
549 376 448
873 81 34
821 945 353
251 817 854
861 203 737
661 141 979
46 209 149
906 937 824
275 386 66
161 985 619
525 765 465
734 401 718
85 690 876
285 349 937
423 281 305
174 323 316
125 713 593
900 583 107
426 721 200
409 981 846
870 320 671
641 525 169
507 435 846
13 833 989
267 826 129
365 929 251
958 350 1
185 201 857
346 327 561
550 941 871
366 491 174
831 833 841
119 889 501
565 244 712
601 25 956
757 777 136
431 87 520
281 519 857
881 56 189
323 361 588
329 201 403
568 481 557
401 61 229
471 677 906
993 974 227
617 358 62
194 121 616
201 286 841
914 226 849
245 806 124
69 681 865
142 262 621
769 442 909
1 166 513
713 911 777
763 419 447
567 38 601
706 33 290
441 1 257
882 179 47
471 449 37
981 721 854
817 191 699
338 673 976
301 115 366
449 621 101
879 969 898
719 9 936
561 698 650
551 560 136
733 841 943
247 873 905
367 385 426
857 936 115
621 211 337
425 425 601
412 59 115
216 58 297
121 425 601
281 257 681
547 793 781
652 337 12
58 567 953
156 731 398
903 801 262
298 986 441
275 572 479
34 433 643
561 23 817
369 201 123
909 66 289
857 329 657
297 1 277
105 249 794
914 543 786
241 505 761
287 207 993
81 356 413
663 703 801
937 647 871
781 561 689
531 61 501
589 465 603
289 61 551
777 373 883
953 169 739
905 641 130
933 65 789
641 939 117
286 977 821
703 756 906
277 319 7
417 959 598
173 652 555
296 415 349
23 934 687
369 616 341
1 231 141
853 913 316
53 801 301
345 494 202
891 459 631
881 509 395
68 622 136
757 406 1
357 248 209
857 497 73
919 401 113
689 627 1
553 509 153
617 121 28
609 937 663
674 3 921
732 802 41
637 780 211
71 457 831
321 766 950
386 879 725
497 701 607
289 11 161
984 629 533
669 27 477
956 459 17
937 919 361
537 79 485
695 9 889
256 201 895
726 82 226
201 700 536
444 25 176
617 776 152
477 186 818
121 205 582
525 691 73
253 521 916
209 145 818
421 836 591
626 41 937
1 945 851
25 953 571
828 631 477
204 343 993
195 137 801
376 751 329
901 452 507
402 286 384
837 731 523
521 576 71
757 320 556
768 881 449
192 330 625
441 899 663
174 201 732
501 363 693
887 481 169
369 801 725
45 121 801
121 356 847
727 641 71
762 274 753
787 487 21
593 57 501
185 63 631
636 661 721
361 475 601
723 881 103
160 635 829
596 51 137
466 581 837
76 951 201
97 103 713
190 135 881
593 500 597
726 501 1
853 817 421
669 17 445
8 396 817
713 537 909
312 113 993
177 399 897
26 767 583
404 249 57
393 216 977
796 361 53
393 311 801
918 177 157
795 61 141
780 286 757
642 691 176
47 783 281
653 273 626
9 889 746
111 41 781
85 431 613
371 33 905
921 869 17
867 966 594
461 321 434
781 841 362
789 866 944
661 166 646
517 285 926
846 91 21
607 409 249
467 18 246
722 631 333
533 237 605
430 633 723
93 671 161
816 329 433
161 127 359
849 838 351
292 70 237
693 703 651
958 176 776
241 937 121
971 713 523
721 153 365
109 15 897
841 723 409
424 849 45
381 166 501
307 259 591
681 665 551
194 41 903
496 81 437
295 9 255
523 981 743
985 705 333
100 453 519
665 715 590
374 304 551
751 177 833
514 997 148
329 611 522
398 621 407
379 526 927
289 863 991
715 488 419
469 143 232
441 467 253
589 961 961
836 73 818
901 265 181
916 642 34
837 320 646
329 169 853
557 351 731
381 575 117
151 292 439
481 758 501
227 940 385
461 251 117
94 49 299
845 101 626
677 319 150
859 16 833
783 562 374
368 1 647
81 695 524
204 327 840
719 507 495
169 696 665
361 101 331
245 993 549
766 301 751
79 701 77
405 353 231
841 555 465
931 473 321
821 971 189
310 915 289
271 57 423
439 562 833
989 411 48
545 38 63
833 905 87
64 566 936
665 5 151
991 616 137
811 571 671
71 449 597
159 48 164
477 113 481
754 132 777
857 105 17
781 353 932
934 687 347
1 677 217
457 793 805
960 501 637
590 587 995
627 681 312
625 481 997
986 353 617
421 130 226
433 817 349
921 961 38
991 363 351
698 75 275
793 441 103
567 26 293
225 339 403
191 694 457
73 691 629
762 461 461
957 113 804
817 369 497
341 289 793
945 781 704
429 925 416
227 453 577
554 212 827
751 761 956
325 691 521
213 192 181
406 593 655
37 337 129
327 81 807
376 539 406
307 999 686
161 55 948
313 326 756
195 246 41
778 767 49
563 751 925
965 287 287
17 947 510
35 557 211
849 865 922
321 713 81
449 161 609
435 798 546
220 165 521
511 561 950
765 750 133
313 413 289
253 61 185
515 446 481
21 780 69
351 385 365
309 191 151
541 181 453
613 482 749
249 578 673
821 126 235
89 47 954
230 649 91
201 855 297
288 531 180
869 345 681
31 703 93
160 367 933
631 158 601
296 768 158
209 276 29
641 9 941
865 964 781
895 726 370
367 101 787
945 249 792
961 287 89
133 281 357
466 887 195
633 141 117
780 985 413
249 694 59
86 373 277
210 812 5
734 701 922
813 61 624
529 611 575
891 398 777
922 326 845
525 473 921
125 351 450
451 411 167
1 516 422
513 981 525
653 433 843
9 690 579
842 593 822
469 703 681
526 785 211
720 725 876
365 116 761
989 903 986
894 892 491
857 715 445
522 553 233
255 293 259
756 420 553
641 931 596
669 721 41
41 581 161
539 827 101
913 251 195
451 959 865
100 922 498
601 526 1
126 23 231
649 94 789
929 711 981
601 193 13
942 100 685
136 715 88
940 163 817
325 281 943
608 653 62
586 932 483
357 526 865
149 556 268
897 475 414
590 57 946
301 393 101
434 33 171
315 729 985
601 781 221
935 823 423
71 377 168
973 925 755
617 905 375
423 895 127
891 761 382
717 832 641
864 976 213
155 749 860
57 461 851
209 209 397
164 549 847
777 115 521
969 676 439
76 927 161
401 651 229
110 836 786
615 491 737
981 423 39
536 301 729
321 815 211
595 746 417
353 161 292
257 103 502
89 491 883
953 337 41
906 471 693
847 231 1
217 377 916
1 771 407
159 121 497
777 949 613
689 1 747
567 781 233
857 561 220
218 19 485
736 581 195
953 644 913
438 589 707
659 889 838
929 708 711
929 81 389
243 443 219
821 791 537
401 3 37
301 219 826
641 256 948
889 521 989
501 541 990
283 9 801
406 470 563
161 321 329
214 50 281
660 637 346
839 745 851
81 957 9
791 351 559
336 25 489
881 211 861
185 431 441
391 921 715
337 641 577
503 739 895
221 684 561
456 162 265
31 868 937
764 576 693
377 876 201
306 469 758
36 171 523
241 800 602
778 713 144
767 595 737
494 303 360
636 329 393
711 351 808
351 833 945
241 581 337
803 854 771
265 283 691
663 401 929
929 202 277
349 186 209
353 401 902
365 189 426
681 237 421
449 977 141
251 595 631
977 677 1
57 185 905
431 136 609
355 653 346
37 478 673
441 841 447
409 721 505
81 69 931
525 477 349
668 61 41
145 337 921
640 161 481
678 785 701
235 777 91
724 303 508
713 994 215
631 654 966
24 541 542
929 456 297
884 489 101
395 661 142
445 79 276
146 633 751
126 927 813
761 291 563
886 945 297
905 777 305
576 253 888
49 593 381
567 1 261
314 908 629
671 53 838
713 881 981
881 699 339
953 785 821
275 87 61
603 801 791
766 545 401
180 252 917
206 167 15
11 659 841
977 857 801
689 886 791
851 601 733
805 121 409
309 369 925
71 312 336
881 819 174
733 989 42
549 261 106
976 467 740
881 113 996
393 946 216
889 59 692
219 764 482
580 415 881
121 741 541
195 537 985
494 25 40
977 481 729
309 602 511
315 633 281
9 517 517
713 379 841
614 581 525
811 401 961
855 438 204
721 60 653
432 464 585
804 266 285
225 285 726
444 825 446
376 201 777
837 977 265
625 809 158
419 974 227
255 736 901
926 641 91
972 361 109
444 141 226
361 497 683
637 417 122
625 863 921
790 469 637
886 737 647
835 369 397
365 37 590
608 887 85
928 491 978
653 426 603
465 861 633
225 41 809
873 317 115
342 111 999
665 316 342
355 119 75
355 577 309
359 45 430
391 899 960
437 217 312
601 753 349
471 24 763
97 677 85
126 489 597
555 107 925
520 907 446
691 6 468
281 124 50
375 151 451
505 676 689
185 956 595
821 842 961
861 585 699
561 565 67
734 461 861
930 127 301
80 685 1
941 744 929
939 935 731
853 791 216
49 9 609
425 886 550
888 478 761
786 321 17
529 721 409
851 213 881
209 333 842
676 353 921
125 43 841
106 157 733
585 31 719
1 593 19
9 801 829
206 476 471
553 321 792
891 451 785
46 985 201
703 395 627
242 395 817
177 376 529
851 689 597
611 682 883
398 78 209
929 667 561
536 97 440
689 715 890
989 377 281
661 755 513
590 415 571
516 153 387
926 862 661
151 841 945
901 385 357
642 545 749
316 856 466
432 785 347
16 359 280
880 763 524
251 201 557
892 169 691
809 461 557
809 321 146
991 815 548
781 858 681
205 403 896
650 265 477
970 433 485
301 706 470
99 917 606
298 326 267
129 969 593
721 577 166
45 785 863
401 766 13
349 41 433
291 826 369
73 29 449
301 507 501
547 851 509
603 527 385
949 552 669
591 913 989
283 889 212
61 249 641
901 319 493
417 935 297
951 271 240
843 907 969
913 358 811
569 503 915
205 476 778
131 517 209
339 625 91
101 398 789
473 133 919
769 908 377
126 551 485
201 457 55
561 241 581
582 489 979
361 681 797
350 667 316
268 390 311
580 609 673
817 561 589
154 809 761
953 829 713
940 757 222
225 177 739
362 769 885
84 937 897
347 50 601
426 83 936
982 501 1
501 607 201
799 425 770
370 651 671
981 301 572
17 486 144
689 785 729
30 785 251
631 997 216
91 781 485
276 989 431
585 465 449
527 665 181
29 424 17
241 404 169
441 749 125
865 856 188
475 245 991
591 141 381
289 128 621
121 481 39
867 201 129
496 319 895
901 138 521
449 617 97
547 48 343
265 431 804
682 547 251
601 977 913
503 617 291
353 617 946
583 139 408
751 182 876
17 249 835
153 736 481
971 552 61
509 857 602
647 373 547
987 751 251
841 97 229
129 331 113
790 771 131
77 243 209
932 726 941
225 744 501
639 177 445
117 987 49
132 461 684
501 657 219
641 801 553
404 773 229
373 766 358
621 411 249
887 221 657
201 601 643
333 302 854
795 329 22
371 333 195
77 471 535
304 165 833
468 821 173
540 665 1
745 673 639
931 183 521
526 627 189
922 728 81
301 441 861
889 435 857
167 201 254
141 353 757
456 86 893
457 46 806
599 699 489
468 702 762
398 341 617
531 767 483
778 231 281
337 271 13
273 288 421
229 373 85
33 155 589
265 423 481
905 525 829
574 275 3
879 559 177
959 701 607
691 553 121
321 113 497
963 451 443
693 159 326
803 217 726
60 301 345
56 367 881
30 496 645
361 697 63
689 361 873
869 784 426
118 617 345
593 9 773
429 581 953
352 552 921
391 769 480
963 986 287
45 151 311
67 441 409
751 739 353
282 933 368
803 889 197
992 324 481
761 872 689
655 627 785
401 327 705
504 306 489
474 509 998
117 803 321
191 185 105
667 641 826
91 813 141
805 278 821
445 82 569
901 185 276
261 477 337
436 225 313
311 339 320
481 409 29
106 885 269
537 619 272
751 408 176
251 1 161
222 165 365
395 175 4
515 101 667
657 161 385
781 481 921
747 637 606
133 856 81
781 752 697
550 813 796
401 851 533
402 270 67
784 613 304
177 593 646
255 338 663
629 390 885
335 312 505
651 515 437
573 553 764
439 181 664
366 713 401
622 869 925
543 337 296
41 985 361
351 659 495
721 293 793
825 132 841
297 377 486
705 83 262
101 746 768
763 64 497
194 385 457
286 457 394
865 626 555
976 791 237
260 181 998
166 691 838
661 133 967
13 542 883
406 4 685
301 812 489
95 823 692
143 777 951
573 291 436
789 107 921
729 425 309
885 694 385
765 399 81
150 896 267
169 553 468
801 41 293
155 651 411
385 305 281
575 261 561
761 588 895
609 471 419
417 879 793
359 547 781
408 638 849
943 871 41
795 11 945
499 241 855
731 64 721
929 801 333
745 223 519
110 41 605
215 153 206
737 995 489
755 66 217
131 164 458
223 809 835
332 201 945
726 145 598
633 253 373
641 387 585
581 486 183
453 536 271
499 582 103
905 689 535
674 211 131
485 171 366
601 486 588
984 925 176
610 291 871
565 40 455
614 295 88
53 239 481
741 899 97
869 179 785
231 898 117
985 685 997
577 869 936
740 345 300
36 78 970
46 659 697
496 945 294
135 259 829
1 569 347
273 387 541
549 169 453
297 65 269
714 191 249
281 408 647
841 345 64
951 996 591
288 415 25
949 876 166
649 268 699
501 23 273
449 251 743
346 729 689
172 261 866
601 901 553
867 481 385
809 238 339
445 716 417
529 391 573
107 701 313
409 197 675
500 601 973
481 186 482
597 853 941
948 977 481
227 939 969
591 339 108
431 601 213
346 516 14
189 157 363
697 106 426
602 321 120
976 593 465
815 981 165
548 619 120
376 254 97
923 828 954
494 791 294
1 841 827
52 779 391
226 77 655
236 416 931
73 547 245
745 689 201
720 157 789
363 706 551
881 109 40
121 276 543
269 881 503
569 729 568
488 361 785
698 76 557
321 903 289
754 367 441
705 912 523
336 293 37
793 561 816
361 789 623
321 595 683
321 212 617
335 230 265
573 303 63
20 864 73
756 225 165
771 661 373
9 445 36
901 235 477
36 633 975
365 271 491
714 176 281
382 425 541
552 101 761
681 529 341
417 581 320
361 665 773
513 321 133
937 570 983
42 23 26
537 29 855
219 501 249
691 201 481
113 668 385
458 301 134
929 43 397
292 401 902
1 669 645
11 657 409
409 616 985
28 101 951
457 663 997
261 13 319
1 89 130
337 219 481
919 814 101
441 130 381
418 575 841
717 497 883
337 743 75
211 251 318
873 305 765
613 773 346
785 499 945
393 369 625
671 881 561
257 712 206
421 691 361
79 949 525
891 18 849
2 333 861
851 581 636
133 223 113
96 273 616
708 427 851
721 307 725
702 337 316
287 357 989
213 411 677
697 737 801
186 621 933
731 846 721
786 917 870
391 429 135
496 841 645
789 101 285
906 1 886
690 901 747
579 961 477
614 583 298
74 959 340
202 196 646
25 119 561
493 729 285
901 749 505
221 693 321
647 900 281
561 515 625
293 896 257
173 551 749
385 985 793
97 621 799
431 139 181
105 297 329
740 455 361
565 612 454
961 819 237
297 671 641
1 716 8
745 561 41
9 646 839
586 121 831
901 541 681
730 850 831
276 149 717
971 681 985
215 695 951
391 601 665
271 161 1
425 375 1
901 701 401
486 424 454
421 385 966
398 437 169
892 733 929
81 981 567
223 366 950
737 749 880
969 625 961
337 485 165
729 825 625
801 237 705
41 790 949
79 361 103
49 901 101
401 550 585
831 753 937
206 137 805
103 892 599
727 72 307
799 573 27
673 766 781
207 377 33
196 142 1
323 641 179
736 211 926
764 461 793
711 905 625
763 1 189
807 889 361
299 225 361
345 512 941
473 842 813
641 513 445
998 233 629
633 301 897
583 957 209
271 65 949
841 892 751
782 343 814
503 485 669
857 831 449
823 793 227
459 461 116
68 3 251
841 761 11
647 29 477
996 253 425
886 893 927
179 265 984
243 229 596
876 321 463
751 259 800
271 865 625
551 776 180
929 757 869
669 464 213
243 425 677
232 961 521
581 725 732
453 75 341
755 809 299
535 266 729
505 705 161
736 505 152
30 681 151
65 583 476
441 83 797
380 732 685
406 488 829
575 931 278
736 551 871
393 456 233
656 441 959
437 321 368
372 496 609
654 353 840
425 511 926
447 565 459
663 525 881
865 445 446
226 806 460
643 351 921
497 22 929
403 841 121
345 623 249
278 867 611
991 295 873
288 457 125
589 146 911
405 604 729
865 309 751
173 87 566
881 815 851
435 661 245
951 491 619
473 407 593
613 833 995
951 721 79
73 155 819
113 729 601
301 607 57
517 257 457
449 175 721
984 241 281
662 585 963
391 749 101
250 361 75
667 247 961
211 377 337
956 393 6
137 541 104
569 689 601
733 356 941
976 252 442
781 730 433
40 563 643
857 982 913
856 241 341
673 13 359
537 104 215
16 569 390
829 369 701
621 541 97
525 663 35
361 667 201
649 253 716
353 677 191
819 723 699
293 575 33
433 681 501
405 919 473
773 38 889
710 246 267
794 777 679
566 441 765
218 734 626
994 104 761
597 577 41
767 489 221
701 855 985
315 905 121
111 537 93
132 274 675
977 997 516
657 608 687
345 35 71
681 31 761
671 401 386
953 1 32
781 719 945
425 721 211
285 703 696
905 779 281
387 305 84
99 203 305
665 909 313
933 566 499
692 108 36
934 666 474
185 107 631
832 401 721
521 395 958
601 749 713
537 811 337
361 589 877
764 273 825
178 477 937
92 341 505
497 431 981
496 95 11
271 663 656
54 820 457
761 33 881
592 105 885
873 452 679
533 43 208
537 97 849
14 780 590
409 151 321
496 329 111
566 123 423
806 369 301
501 341 283
551 630 65
602 935 919
743 498 775
313 609 139
602 317 925
951 745 569
509 567 387
440 585 881
294 769 375
346 74 806
247 375 165
829 12 971
328 497 565
387 289 251
429 555 250
361 220 689
89 97 417
729 551 105
809 985 693
642 361 735
225 205 329
493 819 255
89 358 414
881 737 523
161 861 461
71 271 904
61 46 415
239 429 817
689 989 755
708 429 561
131 719 258
91 905 851
155 33 905
758 25 401
655 701 46
561 623 991
437 963 869
911 281 401
616 129 656
276 91 329
707 573 506
118 251 509
208 289 394
43 233 471
891 929 13
166 841 507
786 474 929
189 801 685
788 829 796
881 321 968
161 754 276
991 931 473
421 999 77
847 209 655
944 41 642
573 538 509
208 265 985
706 489 310
441 594 984
603 985 621
651 446 305
576 676 979
134 910 152
765 657 702
851 207 313
881 51 386
179 681 937
325 751 76
431 331 711
301 126 157
878 501 666
833 587 617
889 599 347
933 582 945
496 893 201
601 667 937
263 344 989
601 385 838
310 915 511
925 143 681
207 189 861
483 987 689
1 163 47
280 471 807
597 489 718
196 485 100
509 601 177
751 414 621
135 137 385
601 531 781
901 375 601
257 731 241
456 576 671
535 633 417
921 393 99
337 971 3
121 508 828
181 569 516
891 986 305
595 493 286
501 583 581
8 93 611
449 219 958
509 147 163
350 757 186
809 5 745
343 237 266
810 196 869
679 887 945
88 5 749
241 401 778
985 355 405
909 766 161
217 381 569
481 826 481
916 106 44
381 746 783
979 266 847
321 187 817
679 737 257
126 355 476
167 817 436
577 875 269
785 393 801
961 848 873
569 175 606
727 628 441
467 485 673
192 991 186
101 155 21
627 491 257
195 691 418
263 571 393
73 1 539
833 353 889
416 1 445
361 771 833
271 117 979
621 275 545
76 313 172
653 189 149
976 812 173
15 10 321
604 851 581
825 415 269
221 282 403
221 11 553
341 601 699
151 613 818
286 329 112
713 764 289
73 557 48
61 133 22
531 909 556
315 889 681
11 263 649
49 691 5
420 753 617
97 215 641
131 537 718
86 955 963
218 313 626
933 546 845
83 183 855
525 245 961
115 947 968
649 936 671
941 982 711
805 489 216
109 912 581
1 536 351
425 337 201
751 145 913
671 639 657
657 796 616
953 523 121
813 509 430
307 401 709
598 918 550
959 761 401
452 785 801
47 977 651
21 549 801
643 593 931
985 629 201
857 515 681
901 993 227
688 427 897
990 905 189
801 921 441
217 695 50
560 568 385
987 521 608
681 867 169
117 1 257
269 839 374
905 683 511
350 241 264
77 219 897
151 724 145
207 817 781
753 31 351
71 226 487
162 1 840
701 897 543
831 798 361
418 792 635
278 376 769
848 463 551
651 641 573
263 988 13
441 980 505
1 841 651
401 1 555
173 310 684
849 251 485
473 635 56
841 325 631
781 191 369
353 440 657
249 71 701
235 496 609
499 677 172
786 58 967
616 389 677
17 721 490
721 361 584
883 115 231
881 271 106
306 241 257
294 937 49
505 553 961
72 537 111
233 569 116
117 342 41
21 821 962
395 889 929
811 265 51
16 581 349
277 391 524
501 994 901
686 63 326
281 3 779
777 851 488
739 241 181
214 996 101
126 613 893
673 416 80
993 125 832
732 373 657
801 129 833
922 86 429
199 806 139
653 461 212
969 981 948
339 513 876
389 123 795
573 725 112
189 639 751
401 736 739
401 429 803
989 44 768
397 851 287
13 811 40
405 303 243
301 149 757
31 971 907
611 57 876
889 415 721
737 961 207
717 747 41
497 601 241
370 901 204
351 825 944
756 46 134
833 201 762
475 967 833
501 879 953
745 105 14
793 245 641
301 844 801
173 25 904
187 281 177
51 386 338
849 826 51
457 407 776
989 491 787
888 185 362
113 725 578
587 791 76
25 889 222
591 67 865
151 437 804
817 554 373
471 421 961
19 820 722
693 471 705
791 133 746
19 1 353
56 321 909
345 535 937
831 41 347
161 873 889
133 701 256
461 487 71
737 567 911
413 315 529
865 49 97
397 245 577
355 151 145
97 302 765
916 298 409
972 777 673
141 585 86
346 569 22
73 861 963
233 937 951
439 561 431
221 735 935
19 827 846
366 798 342
237 400 987
651 137 501
360 161 353
201 231 201
783 747 443
601 246 651
190 497 793
183 415 790
57 197 326
59 206 725
179 486 951
178 187 222
17 765 759
566 913 264
353 985 697
353 845 855
894 441 605
8 735 847
297 421 96
611 974 124
576 169 494
408 651 825
823 391 61
407 169 983
358 981 861
188 739 451
570 21 237
377 890 311
885 126 417
1 321 81
224 973 799
82 559 201
345 289 553
589 352 889
361 36 469
341 141 677
759 143 697
497 496 751
23 381 288
181 881 220
449 161 431
820 177 261
488 237 768
601 646 681
521 361 156
493 240 441
525 1 669
429 503 609
386 51 674
689 745 401
953 285 156
893 953 585
866 429 309
546 893 616
966 369 971
630 509 341
469 842 152
256 176 993
13 321 781
49 637 489
679 255 251
761 1 933
431 378 489
426 1 113
529 701 112
925 350 209
787 153 109
16 515 564
297 816 920
755 877 100
123 341 507
252 726 188
647 699 921
459 429 817
85 525 791
921 89 992
457 288 695
526 161 129
761 951 10
460 201 31
465 935 131
426 461 372
622 876 17
161 231 609
342 921 917
870 637 603
621 383 703
601 448 959
969 301 276
257 791 886
901 129 169
65 517 960
101 285 251
367 771 333
561 38 894
433 573 998
509 297 631
619 907 89
265 843 769
147 594 859
162 501 513
985 910 971
859 481 481
251 560 577
727 29 993
329 700 63
775 276 106
756 997 1
650 871 81
715 221 251
241 441 171
353 773 68
723 777 229
633 729 57
493 947 973
913 917 317
845 879 883
261 725 804
62 501 346
481 923 171
783 258 511
813 119 393
409 656 484
803 93 694
301 230 136
699 109 733
257 158 821
353 991 25
326 571 863
526 461 77
956 378 581
341 127 393
815 575 335
95 317 326
801 577 371
789 475 569
237 767 823
464 658 743
751 35 974
462 961 953
396 446 83
626 361 380
449 23 553
881 276 505
649 894 201
801 37 931
913 594 905
797 652 761
33 956 881
521 55 223
513 623 87
441 561 221
516 159 679
415 148 659
685 681 340
416 625 681
645 361 85
915 893 361
989 579 125
935 320 961
481 26 541
127 901 292
461 316 541
752 481 721
901 731 376
193 259 501
977 329 733
601 945 425
951 366 89
345 926 373
501 917 801
250 807 21
212 173 840
465 826 501
345 97 937
743 641 481
85 701 785
431 896 685
721 251 936
812 656 301
158 438 868
457 443 416
360 715 970
981 112 757
897 846 171
161 477 401
111 352 981
578 788 57
344 108 521
702 306 193
339 651 392
781 324 739
617 435 837
821 637 15
777 244 21
233 405 73
806 891 39
345 308 429
345 591 791
729 201 613
829 793 614
973 941 693
880 857 473
545 580 11
97 889 46
90 817 869
67 859 761
765 811 282
231 661 618
185 289 401
657 826 922
53 451 161
633 609 761
31 221 369
559 416 228
49 828 947
301 325 160
401 531 771
101 735 264
477 853 501
621 227 671
481 125 205
161 991 74
997 845 635
265 551 955
596 881 886
529 159 937
771 413 729
580 388 862
426 327 21
513 73 309
801 561 601
405 56 377
770 785 61
210 461 957
913 551 799
949 689 625
51 425 959
461 343 601
217 401 713
996 115 457
321 373 336
766 961 19
33 901 653
93 4 243
369 80 312
725 93 651
456 781 949
967 126 773
203 861 841
995 228 38
571 733 843
706 472 942
481 1 878
763 201 326
211 240 911
636 693 389
802 721 481
496 661 261
726 883 939
5 817 191
405 788 421
268 417 454
263 8 849
425 797 453
277 894 848
686 281 26
597 746 773
387 281 116
230 785 184
451 511 226
803 333 371
153 203 824
886 774 873
1 541 788
169 285 503
351 491 421
621 89 883
331 603 673
55 777 833
395 755 357
801 297 344
91 639 677
471 689 155
91 427 340
704 913 641
361 918 285
693 429 649
503 270 41
222 179 993
326 540 821
872 372 329
541 946 721
881 181 908
467 961 545
926 839 537
451 385 253
374 571 661
543 37 229
543 999 391
51 397 28
315 233 15
801 479 561
615 421 40
867 896 56
84 992 907
13 626 875
1 970 291
834 331 658
921 845 291
35 579 241
838 601 265
1 409 293
794 217 946
421 87 751
940 119 722
127 81 123
576 77 551
609 976 879
945 967 755
846 956 807
101 785 841
601 409 922
852 19 7
976 219 105
207 499 458
503 101 274
601 601 335
599 966 48
147 125 137
935 49 391
1 298 291
54 620 641
126 226 995
123 528 460
355 451 617
707 528 329
429 296 1
421 701 133
959 435 676
657 70 461
345 50 695
371 80 685
357 713 629
492 715 556
431 506 469
951 902 127
177 491 33
511 899 561
827 917 126
937 196 143
649 39 203
17 721 137
937 824 269
216 63 561
521 690 241
721 579 925
849 651 164
547 365 735
864 746 412
401 251 351
285 133 892
81 239 909
45 748 443
877 911 361
49 905 913
961 326 291
589 865 121
125 625 325
654 781 63
191 767 429
362 979 465
37 698 689
881 64 356
847 909 196
697 566 371
910 666 825
417 811 917
627 9 287
145 937 320
147 261 261
487 504 331
596 967 293
767 297 297
641 174 599
582 401 177
949 626 929
561 235 998
953 891 702
999 349 251
589 239 819
933 85 751
865 682 385
513 657 959
781 225 521
833 620 495
142 246 329
362 961 737
795 610 456
881 585 73
21 852 946
733 365 243
521 893 505
306 821 737
449 138 427
1 381 481
113 916 315
177 441 501
169 653 800
762 569 324
613 241 731
119 319 181
920 388 477
693 765 323
515 293 821
273 561 745
173 547 100
953 857 472
501 116 461
56 1 972
113 128 671
896 641 989
740 128 21
52 414 321
741 836 216
985 671 991
193 376 173
469 761 501
541 641 445
11 413 601
869 418 581
870 881 189
125 938 5
893 893 505
332 519 31
375 25 281
983 777 597
123 425 141
231 129 829
201 236 729
328 601 141
853 759 843
24 705 201
861 193 740
373 769 109
371 426 597
69 9 843
521 806 814
147 41 921
911 210 279
601 416 340
757 186 286
71 359 171
29 262 364
541 20 686
853 391 129
613 737 665
635 325 997
725 517 513
961 605 489
245 489 462
706 479 701
457 161 726
717 848 235
761 901 693
487 263 862
245 605 10
895 225 551
639 515 752
729 736 665
582 152 111
541 929 796
687 842 416
811 947 153
212 337 317
217 381 589
265 177 298
653 613 673
836 722 201
241 441 913
305 325 553
904 607 486
65 281 532
617 785 423
57 965 339
300 370 997
451 149 196
727 404 199
883 91 583
780 211 576
689 581 529
901 537 250
550 489 661
549 851 369
995 714 295
9 771 772
682 761 21
941 425 713
607 196 283
728 626 41
867 557 851
937 253 861
825 483 73
44 569 805
643 873 235
719 536 901
781 670 688
506 387 401
649 81 301
936 241 929
301 341 765
721 853 796
41 869 479
731 621 205
713 985 905
967 575 479
218 45 106
151 395 146
997 191 637
265 881 998
153 849 557
560 791 70
769 955 851
793 619 647
265 205 120
381 616 769
481 961 487
548 474 6
621 41 959
221 465 396
578 529 784
204 470 758
841 881 755
407 794 577
967 216 653
567 806 326
51 276 784
574 469 585
284 395 1
515 417 529
501 261 305
705 801 568
444 847 915
433 857 1
151 275 454
366 514 569
238 100 577
473 216 929
505 231 869
871 201 854
927 30 551
57 951 736
933 354 382
1 593 231
826 385 46
601 217 911
216 401 77
681 849 147
965 31 55
541 585 498
715 963 615
449 149 71
781 521 71
13 901 287
729 427 885
185 886 446
193 666 557
302 801 121
887 181 555
169 279 296
577 947 234
411 257 391
514 541 953
17 289 233
58 535 461
641 729 41
335 544 841
251 627 689
314 113 201
443 22 258
731 233 181
133 873 759
143 522 897
376 291 471
367 24 201
397 276 352
876 21 169
849 773 941
44 400 511
803 181 973
157 153 97
505 321 669
731 250 961
851 167 696
51 91 521
221 409 378
875 277 709
233 401 154
221 528 904
961 149 745
761 577 140
427 345 933
957 987 951
445 27 811
601 523 376
809 307 913
611 289 231
196 475 477
765 668 968
289 858 249
251 489 751
105 26 876
649 861 201
373 273 881
385 791 251
945 225 534
395 991 63
981 87 121
677 801 737
226 947 598
727 871 814
271 342 895
713 483 349
109 506 663
281 257 516
871 81 15
1 177 749
663 59 421
776 84 487
266 911 829
76 236 433
873 669 427
449 601 147
790 190 674
849 449 717
447 545 505
56 798 971
122 380 881
521 956 483
243 513 266
669 301 585
873 709 277
753 666 48
287 439 91
601 485 357
421 561 549
59 561 860
839 561 969
377 161 461
