289
9243 2768 86
2149 2320 63
7672 1684 92
22 7792 82
6165 7502 45
3520 8878 61
9420 5026 62
6976 9759 42
4343 2670 55
9721 2250 88
2587 5212 23
3113 2450 38
7216 4456 40
1908 6411 9
2904 4649 53
6613 4396 6
6457 1914 98
1973 8673 86
7322 6742 49
8177 9959 26
9594 9129 30
5776 2515 58
8052 8196 41
687 96 10
8616 1703 5
1186 9527 19
4233 8193 48
4254 8194 48
2513 6326 72
1552 898 51
9855 6086 9
2702 4230 19
2026 700 29
5775 4162 38
1843 4098 50
5299 539 55
4920 7048 95
7476 7322 100
7549 2021 70
8728 577 16
4077 7988 8
1933 7598 94
7076 863 53
7574 5228 59
8421 5420 17
6224 4943 98
4324 2154 100
7685 1222 67
5568 573 50
7858 7400 75
5838 1830 57
6227 261 27
4530 6322 19
5643 2281 26
9841 500 24
2963 14 56
7977 7308 26
3145 2738 6
679 7493 95
9176 1561 25
2398 512 14
5106 8900 81
6434 132 81
1522 4807 79
7807 7973 36
6110 2852 55
2327 7682 57
1880 5456 23
3180 4910 61
6132 3264 11
8123 9553 62
4774 6962 68
7584 6469 27
7541 8759 21
2781 2739 58
42 5030 73
3185 3146 7
9702 5539 34
8403 3779 68
4186 8388 43
2858 858 91
673 6522 86
9496 3892 9
8552 6953 12
7512 6803 75
2303 1941 98
2982 602 42
969 935 64
6931 3672 98
4207 4383 81
7744 5398 79
9170 6029 15
7551 2464 31
4203 2961 30
8531 9238 55
8181 1624 7
515 5684 28
475 7613 87
7453 5868 97
427 5753 98
8345 9000 42
3689 8681 75
3613 8174 53
1379 5768 39
1879 7178 29
8344 4909 19
2685 9231 97
1178 6585 38
7052 9417 31
9695 2416 82
7325 6476 74
6139 1021 88
238 8840 68
6810 1439 63
513 857 54
2712 860 84
2962 6340 44
6371 1455 68
1180 1965 56
1370 3601 75
4093 3987 81
1629 661 49
3150 9484 79
1574 7557 51
1387 2670 25
1762 8899 21
5947 4116 74
7793 8384 7
7277 5951 17
7102 21 44
5021 9386 16
3702 4333 13
7399 174 23
4411 7051 92
1725 7653 47
6677 4396 72
7178 2969 22
8126 2041 49
4781 9868 35
8831 1549 87
2383 8963 49
4690 1293 28
8505 9180 21
9279 5866 58
5588 9919 95
1876 9904 55
8879 7325 43
60 2502 100
3195 9805 76
8528 7824 15
7835 6198 9
6540 6533 97
9584 8005 98
7418 124 24
3463 158 44
3051 6267 45
746 1793 85
6303 1265 4
9874 1925 3
5645 1032 48
6725 4688 47
3438 2308 15
9983 2866 4
4416 1027 12
5215 2856 29
929 593 91
1553 2510 65
3446 790 8
7970 4956 42
1584 9570 48
1445 8705 39
7409 1274 46
3888 5615 5
7704 5554 49
5216 44 65
8448 6372 37
8292 519 10
696 4788 84
7898 9655 100
8506 8255 95
2872 2246 4
5053 4015 75
507 6892 65
5193 2634 69
9491 3734 34
31 4749 96
3028 8964 92
5753 1973 24
3749 7907 6
876 1652 54
3968 6273 21
4433 1592 34
1764 3293 22
8915 7987 60
6763 5468 16
4609 2596 22
9016 2719 29
5940 256 86
9122 8176 14
1868 8973 51
246 8041 21
8166 3728 54
1757 3703 9
2344 1271 47
9706 3381 51
121 3928 82
5962 8131 46
8661 3136 43
6471 2553 82
1774 9620 83
4188 2576 81
8683 2494 22
4547 6120 4
595 8965 80
6451 9624 45
6215 1514 32
1406 206 1
4372 3327 23
2269 6439 10
8391 4188 32
7474 5419 98
9663 4851 99
1580 9985 64
5957 936 32
5729 2496 5
3878 9529 79
1400 1953 13
1808 5496 55
1147 6233 74
2203 1266 19
2920 2068 22
2305 747 40
430 8154 50
6535 8636 53
9181 4581 89
93 9518 10
4786 909 50
3388 2806 85
3407 26 29
4038 6233 63
2516 4491 39
5597 1974 56
4907 6415 83
5015 989 49
3123 5753 31
1562 5881 14
2621 882 84
3136 2699 21
1657 245 39
7328 2538 79
3849 2559 59
5167 1048 30
3052 4449 79
9680 4390 95
4687 7869 89
2193 9407 7
4532 208 90
8959 3454 49
7712 8217 58
4567 7575 37
1838 8351 91
6383 7582 88
2827 817 70
8684 3990 11
7522 9478 86
9036 765 64
2188 4964 20
8134 5381 69
4738 4255 80
90 5620 8
7143 5992 29
4411 118 75
2020 294 73
9101 8388 16
3297 8797 1
5719 1970 59
8624 5650 51
1033 9475 53
4591 4673 74
6891 2423 73
845 9395 84
2235 4183 2
7586 9059 98
4072 5920 94
2264 9757 50
776 8069 87
497 5644 2
2525 8967 26
1750 1973 99
