3188
334 727 759
733 637 571
66 481 551
87 665 58
389 793 1
349 340 970
114 197 455
399 525 503
805 461 509
941 247 143
546 993 762
151 126 265
441 971 56
265 521 746
335 817 1
547 593 441
536 93 839
801 4 3
377 951 550
241 447 765
396 440 166
656 877 145
749 721 93
713 896 661
577 781 775
821 975 41
561 961 161
193 931 297
129 409 998
804 801 629
871 409 371
593 106 513
45 562 851
587 716 417
779 449 471
331 501 201
47 691 969
182 795 195
141 301 448
690 135 417
583 859 319
463 793 237
729 73 624
441 981 406
785 211 391
315 37 205
481 403 417
881 187 1
521 311 197
551 226 957
629 499 5
767 251 627
609 66 406
21 789 74
458 939 249
971 189 41
607 272 30
26 59 490
276 121 52
666 689 929
345 61 915
567 273 159
125 807 585
683 565 641
241 568 525
21 1 417
471 497 76
97 250 905
644 681 41
47 870 751
936 782 440
65 634 316
411 901 461
981 809 108
806 875 569
291 82 627
201 392 275
923 146 763
661 161 251
371 216 343
597 636 609
68 21 222
126 127 388
851 688 111
76 593 548
753 541 891
152 383 124
885 907 321
463 553 665
693 285 941
598 397 704
337 301 511
553 753 451
441 525 61
853 797 231
481 818 431
853 793 241
545 189 986
41 430 847
189 417 133
193 161 786
113 881 605
61 177 999
557 96 597
351 163 726
285 801 125
966 11 296
131 234 941
849 952 882
41 219 606
616 361 857
64 841 125
107 591 801
671 255 159
505 500 765
725 373 551
581 921 114
619 89 96
899 293 781
547 287 221
614 791 1
324 876 192
491 76 251
934 511 892
585 515 201
253 873 857
593 971 163
201 33 411
785 983 713
281 551 41
721 263 493
65 473 561
186 411 767
243 881 799
621 555 17
851 329 81
295 143 395
805 55 810
310 609 87
947 691 601
808 288 811
333 447 801
589 781 51
401 385 153
137 73 127
927 526 39
841 945 29
753 761 461
322 283 937
421 242 198
641 753 351
831 661 913
31 668 301
346 912 574
520 871 511
710 913 665
357 506 361
524 761 221
349 647 38
361 430 107
160 616 401
462 273 21
208 56 215
969 841 366
168 329 321
674 141 819
921 421 345
465 643 817
227 438 945
163 845 57
496 652 177
383 501 205
131 398 101
672 436 253
556 571 417
507 235 76
117 387 861
890 61 580
959 689 369
61 761 251
473 940 533
637 745 39
60 689 80
81 955 295
876 626 743
667 521 581
349 297 137
111 25 190
183 632 591
595 407 636
361 121 224
693 798 26
617 49 91
142 941 22
993 593 489
265 713 536
665 741 771
309 801 341
521 809 701
993 941 435
295 853 819
725 945 250
842 343 195
373 689 189
713 356 885
366 361 701
532 129 100
217 615 189
478 495 403
210 341 747
41 115 625
237 582 127
119 713 57
441 721 294
201 501 588
515 603 342
857 584 274
921 794 382
781 149 591
915 542 201
237 881 742
241 563 151
291 247 711
401 831 701
638 165 380
583 471 750
874 851 136
101 35 273
187 828 976
721 801 585
541 130 809
172 691 331
173 569 680
181 613 319
533 531 563
225 676 205
914 681 237
143 21 561
465 631 964
43 609 126
569 295 585
401 305 306
201 73 517
61 155 937
565 789 174
616 929 645
567 911 126
367 602 849
501 761 347
517 576 41
733 204 250
489 953 265
241 108 659
493 783 494
421 159 885
873 620 565
817 433 367
260 901 676
33 105 449
131 601 325
957 892 69
175 751 376
157 593 358
35 359 191
889 861 556
185 933 576
981 972 620
647 611 577
346 69 729
765 897 985
74 619 16
173 466 609
761 251 51
297 603 973
465 144 262
688 121 785
841 237 534
441 921 381
351 316 635
15 405 762
848 838 13
337 257 666
891 547 681
883 696 426
100 535 376
251 705 31
311 75 961
53 930 988
435 561 751
882 141 909
621 163 615
693 731 752
300 841 677
374 486 621
469 225 902
25 402 998
501 609 526
469 413 281
73 726 762
179 151 229
9 849 979
581 826 329
11 222 26
205 669 201
481 953 136
585 643 107
36 386 821
71 892 265
57 107 591
359 353 768
1 427 649
61 727 562
697 827 545
776 976 769
801 509 381
32 657 80
629 121 920
945 683 441
991 781 914
561 465 888
409 597 331
853 293 709
505 535 649
680 561 379
856 289 604
1 125 417
171 491 147
861 244 393
495 431 636
510 6 449
142 285 261
1 181 441
548 208 481
261 297 403
801 681 352
176 570 695
370 251 945
25 626 381
433 1 304
262 493 805
930 725 576
749 504 153
945 938 243
511 642 211
251 563 582
921 585 85
1 187 501
301 621 217
497 897 876
902 981 501
292 353 793
265 949 841
497 809 229
281 121 29
579 968 129
978 417 537
183 521 9
761 293 131
531 583 501
9 191 932
377 332 791
265 185 313
366 929 657
83 65 843
590 940 775
549 23 885
187 351 321
197 461 281
735 231 742
237 211 263
387 218 101
739 717 185
381 563 834
1 220 490
261 503 229
582 257 477
309 527 151
767 308 635
445 324 521
921 23 367
881 329 447
606 435 285
231 751 313
827 321 201
315 301 76
801 353 585
961 553 643
676 249 181
251 20 951
401 567 617
253 406 899
97 349 58
201 751 940
200 954 417
111 266 27
402 321 397
781 735 137
129 765 395
791 713 501
861 964 297
713 282 348
613 440 806
261 137 321
121 389 493
361 473 341
38 324 524
86 17 219
829 625 969
1 545 905
817 101 83
657 421 191
953 457 641
381 561 386
846 377 531
777 406 973
457 174 745
307 833 931
726 619 1
589 43 109
25 532 361
424 451 797
922 193 8
385 321 725
503 401 661
677 14 71
35 577 531
20 697 614
970 305 131
135 542 904
899 825 693
309 961 575
699 487 8
7 217 337
869 223 427
933 6 657
901 287 793
992 910 5
907 85 671
191 652 148
329 543 969
25 21 227
70 39 128
418 757 457
792 57 525
400 434 12
755 741 416
353 893 359
661 446 837
638 577 711
758 761 413
330 39 754
435 329 771
717 83 585
683 266 633
731 93 417
561 293 906
275 359 601
165 539 944
418 345 961
967 540 649
257 44 448
545 436 563
797 121 885
121 447 861
753 46 441
891 967 913
221 287 529
41 332 851
936 271 113
637 231 361
85 481 961
705 486 36
176 657 631
534 121 25
610 111 932
981 974 15
826 224 791
51 947 431
557 148 71
85 479 245
111 321 921
539 865 691
497 331 577
173 486 215
469 845 969
641 689 405
39 271 299
17 673 505
171 481 66
451 481 835
425 361 71
263 933 431
467 209 292
583 415 196
394 968 597
669 104 622
361 326 541
182 424 477
1 174 389
271 846 694
805 785 814
873 367 636
576 451 182
891 628 277
751 244 261
667 881 154
346 292 825
781 705 824
173 535 841
833 901 62
953 391 738
986 536 626
877 388 553
415 537 105
1 626 30
225 811 637
344 51 151
241 809 833
283 463 281
769 585 511
153 341 303
673 441 185
909 949 901
789 721 399
186 93 61
833 793 322
161 453 623
622 565 231
801 113 408
577 921 305
977 845 286
212 325 117
703 253 918
156 231 23
892 955 469
921 375 709
545 161 980
193 646 363
335 621 754
395 340 667
867 446 931
898 529 651
842 601 557
721 933 937
681 633 957
722 642 857
351 128 721
905 305 26
689 336 499
734 859 916
901 776 421
833 201 937
571 133 336
951 329 838
441 757 49
313 491 656
401 683 409
321 857 848
725 997 833
801 113 457
488 400 884
51 649 756
526 783 77
815 73 464
651 780 423
227 199 241
163 340 870
501 498 867
925 289 689
573 765 413
271 824 241
77 549 421
703 721 921
351 317 961
905 339 16
971 269 889
481 977 301
108 491 708
886 582 392
257 95 513
673 70 849
459 357 191
889 709 951
469 901 145
299 987 614
646 575 638
957 97 504
959 445 89
755 867 451
373 2 601
770 113 413
641 441 415
693 321 921
327 263 657
377 567 676
742 250 112
291 906 436
347 147 197
107 105 171
737 201 693
729 599 80
651 924 825
793 473 121
851 305 610
805 699 618
931 581 237
351 705 36
377 781 41
658 49 638
337 865 329
319 53 725
641 339 993
981 181 570
5 969 441
815 326 201
981 695 287
3 296 664
301 297 1
121 969 801
548 453 377
467 123 693
560 453 113
231 357 326
871 567 165
683 785 126
913 41 751
381 113 621
799 987 311
730 789 657
170 854 309
990 453 116
911 697 227
302 33 900
381 861 169
737 388 59
305 618 466
545 458 906
309 101 153
973 940 995
85 71 113
811 641 9
206 745 650
353 615 475
41 538 853
985 869 146
711 39 611
735 985 625
601 639 220
225 199 561
687 81 953
775 821 131
876 106 781
669 23 251
561 637 791
791 605 657
237 199 631
586 83 588
818 337 237
716 161 117
921 401 531
57 979 1
597 1 531
501 789 77
466 721 441
685 688 756
604 277 904
251 379 509
845 961 989
297 521 208
105 521 47
927 745 25
501 561 601
921 201 554
457 801 409
587 357 813
704 947 276
809 441 322
178 861 601
857 427 5
366 781 287
231 950 186
376 77 141
745 680 325
449 440 345
176 901 245
977 536 751
323 997 776
711 301 948
285 919 331
609 534 285
816 488 321
261 953 762
99 829 381
325 701 931
615 412 493
825 505 198
304 751 674
656 557 393
953 164 262
961 205 75
449 49 989
941 619 876
164 301 558
116 31 739
456 605 98
377 291 1
65 897 621
539 281 355
446 34 81
297 429 921
381 282 716
711 213 913
919 211 263
908 81 25
101 765 263
461 337 993
101 151 389
223 273 187
595 873 929
158 676 77
909 881 201
193 86 250
517 735 33
501 401 316
542 977 25
333 138 601
65 151 653
724 177 531
705 636 41
71 841 799
821 20 545
1 926 817
499 831 273
580 803 887
65 905 345
527 671 616
881 602 41
579 824 317
381 675 356
231 805 783
41 802 761
901 746 34
67 596 133
889 435 967
761 961 725
217 236 236
499 960 123
728 137 586
311 251 213
345 499 681
633 653 593
351 21 301
979 481 581
215 6 931
73 413 749
336 453 281
903 259 965
676 44 270
281 797 361
151 843 676
387 569 665
241 866 437
469 380 689
77 134 321
714 871 481
813 651 286
411 736 537
655 311 913
340 866 641
937 645 21
564 504 301
46 262 490
429 90 475
741 379 655
793 801 425
580 925 544
273 429 377
362 81 501
501 243 17
94 248 782
557 570 745
349 107 115
589 625 613
321 714 283
381 180 296
449 565 636
587 543 638
160 247 401
573 156 517
601 967 777
739 221 333
797 513 825
652 263 41
299 761 501
853 570 103
858 512 865
511 361 406
551 361 132
681 16 698
553 289 479
193 181 945
613 162 369
612 470 589
607 798 621
286 372 969
974 173 918
723 653 667
689 817 601
121 473 731
116 681 119
851 249 121
51 301 956
856 237 326
70 786 145
833 9 911
96 562 901
410 371 281
822 979 201
305 28 941
591 449 893
201 946 783
281 406 257
96 461 798
911 881 301
851 169 349
906 665 917
453 528 221
371 306 313
452 336 121
956 991 769
855 373 529
981 621 629
96 337 36
336 335 856
511 775 553
268 555 219
751 62 777
841 319 414
151 961 377
186 761 61
799 640 281
401 131 12
921 255 759
440 353 889
597 285 753
881 461 452
716 585 537
427 634 367
481 135 331
685 84 856
806 266 696
526 457 241
687 59 301
51 425 925
155 451 403
609 331 849
265 697 569
617 751 37
129 857 865
367 931 941
493 504 809
881 917 637
579 338 601
305 501 110
781 835 841
17 65 491
966 287 235
825 535 556
885 941 528
49 705 854
283 569 436
276 404 449
861 460 902
171 471 351
283 811 5
705 759 437
569 529 909
202 117 461
697 381 579
121 155 785
159 921 441
601 329 199
345 63 53
988 585 815
451 433 929
215 737 339
873 881 381
11 301 901
809 426 501
427 373 881
960 268 500
288 466 385
361 176 83
861 951 973
409 577 718
789 717 496
521 659 523
910 819 754
416 89 749
80 213 951
501 889 1
986 549 876
705 63 986
247 977 537
953 496 449
321 980 641
400 154 567
779 373 421
425 46 507
530 735 901
150 961 473
561 555 106
681 313 92
901 301 431
903 96 385
425 721 613
641 117 127
846 185 275
275 843 231
681 246 440
563 11 751
139 133 777
863 929 221
701 471 822
401 813 937
45 201 736
657 589 561
617 673 99
101 41 441
101 340 121
841 495 983
641 125 510
133 91 801
602 308 322
361 508 321
865 853 26
361 70 820
941 841 181
75 577 641
225 561 625
864 819 665
367 625 174
145 426 33
688 255 107
855 797 746
276 81 733
562 121 129
904 695 785
533 812 920
185 603 413
393 655 781
865 957 401
209 649 213
899 627 358
265 556 532
673 325 601
146 831 185
865 129 728
230 59 976
607 969 589
681 184 457
993 486 393
584 341 698
125 728 892
453 457 867
444 289 61
429 495 570
336 601 597
955 108 201
561 723 602
545 521 896
23 177 145
325 787 9
595 600 641
57 305 849
755 201 421
764 771 657
548 329 477
335 1 873
657 413 405
805 45 919
557 547 599
748 841 5
883 373 961
692 625 977
27 427 557
850 272 417
246 101 251
715 573 949
73 187 600
321 559 153
1 624 321
797 680 819
161 837 621
201 701 113
363 373 961
349 89 523
1 648 61
801 363 97
766 16 756
935 105 376
634 379 809
361 441 91
921 142 729
801 21 299
841 729 773
961 969 779
393 351 171
206 261 640
249 51 121
893 305 885
816 545 315
161 901 873
833 521 601
221 873 515
244 145 122
665 728 146
525 497 556
217 852 516
151 526 177
661 785 81
741 905 654
557 249 208
735 313 522
102 635 241
343 465 757
251 991 726
837 329 779
387 81 751
813 328 201
140 538 381
87 947 793
337 56 495
219 267 771
120 635 178
621 89 531
556 50 141
339 519 11
853 291 283
107 900 142
380 973 369
526 809 738
417 181 686
20 841 910
969 207 975
488 699 130
191 830 147
632 626 647
481 951 350
529 576 537
168 530 533
587 645 273
109 769 416
181 841 596
661 427 533
545 737 979
55 761 856
303 985 161
21 201 155
959 217 952
253 417 20
230 221 793
32 810 521
195 691 963
383 333 278
841 953 791
673 761 396
359 681 489
23 753 705
716 973 276
546 769 457
915 77 943
321 673 901
481 905 39
52 893 925
960 832 981
704 851 776
801 987 969
921 13 29
676 177 613
955 243 363
16 989 625
381 872 208
477 301 826
601 539 301
89 249 849
676 474 47
857 547 315
835 211 165
215 410 43
713 623 956
18 632 361
89 429 449
461 446 331
426 441 89
189 907 393
795 312 661
801 78 277
497 734 241
726 44 141
422 351 676
393 770 657
595 493 881
145 119 359
39 357 619
221 251 433
663 287 500
166 697 773
505 987 751
69 147 226
437 240 617
318 397 914
371 902 677
987 310 841
121 273 284
333 357 161
606 721 53
277 981 664
128 749 525
217 640 221
217 486 17
241 626 299
561 871 651
551 306 181
51 365 625
85 923 488
65 333 583
113 841 235
335 856 327
6 156 601
749 783 524
817 411 128
901 966 545
493 351 723
451 416 740
818 633 459
681 234 905
546 517 886
470 616 277
804 796 141
161 71 137
751 189 11
939 890 567
64 695 604
806 103 211
585 793 381
369 4 213
791 522 121
638 1 727
785 1 745
555 582 777
721 995 257
431 761 455
715 931 531
507 361 9
905 272 649
901 841 610
91 263 513
433 876 75
556 173 465
433 608 176
161 651 969
16 465 417
495 205 773
225 830 266
316 811 821
577 777 461
426 1 138
765 241 761
96 985 809
967 675 37
521 701 226
601 65 821
297 506 451
245 169 275
721 521 86
963 161 433
675 457 561
821 917 445
665 577 515
414 9 90
864 537 88
975 141 429
881 441 359
476 836 107
195 968 733
651 955 899
844 481 429
977 645 607
586 775 649
904 193 629
849 646 161
627 790 971
250 921 841
213 421 531
331 135 946
41 756 961
753 156 881
198 28 126
745 397 201
279 708 426
561 61 559
713 921 81
600 16 492
361 574 320
999 251 601
286 303 99
787 94 1
556 589 825
502 947 457
848 76 189
526 641 419
467 687 136
945 303 380
297 718 689
667 475 761
81 455 461
801 313 779
845 376 1
401 551 17
824 816 132
979 195 87
209 381 395
551 857 352
231 156 119
106 105 432
753 436 197
84 686 749
505 895 631
953 801 961
86 501 953
564 176 325
454 660 777
827 197 173
561 509 201
205 569 893
411 621 821
382 181 201
633 9 201
201 188 411
681 16 449
822 841 668
945 404 269
600 227 806
787 301 353
905 315 728
551 313 429
221 616 771
902 81 26
951 345 641
961 821 864
481 501 396
573 991 142
981 989 144
185 621 776
599 333 141
157 697 459
434 722 697
215 28 201
133 501 17
977 245 601
337 257 690
49 871 857
726 915 721
23 955 116
761 644 664
439 544 501
680 603 657
966 481 503
832 201 21
298 526 633
588 281 151
177 281 731
751 41 461
753 804 2
802 571 421
864 678 403
905 503 382
985 549 466
314 451 357
57 637 368
445 617 311
626 609 425
6 821 807
990 303 571
23 937 327
411 21 821
498 321 881
225 752 849
400 785 361
680 501 480
113 485 16
133 351 13
70 181 181
828 125 33
521 161 934
779 433 101
861 245 419
699 199 574
976 157 761
671 747 209
343 431 876
970 894 789
396 419 665
96 881 881
227 916 197
401 658 1
97 731 341
401 767 243
880 681 436
746 98 781
401 367 209
545 961 959
491 157 902
399 113 131
797 469 674
881 911 601
309 750 181
181 551 371
226 921 763
925 225 960
233 327 486
735 651 330
574 809 581
719 57 1
431 226 921
411 789 45
14 723 801
61 755 201
863 426 531
334 177 461
448 749 505
209 276 272
930 557 261
471 745 456
413 29 465
937 453 390
13 491 544
141 536 631
263 617 763
455 221 127
687 51 457
402 151 357
801 729 635
921 671 881
177 277 705
769 249 481
781 829 913
529 75 541
543 779 415
891 526 189
275 261 171
815 304 518
965 721 574
251 1 251
227 833 17
889 451 821
600 889 272
61 723 633
531 61 493
346 504 389
112 53 421
75 963 416
291 585 561
581 346 930
777 884 589
909 324 361
294 560 56
47 589 17
521 486 356
483 457 807
177 975 220
744 787 745
905 341 976
841 180 648
281 136 286
227 32 612
457 489 861
701 251 301
527 593 446
581 966 820
801 847 225
585 751 202
267 465 461
801 519 461
41 121 831
40 905 131
65 627 508
745 201 842
1 347 651
395 311 593
751 656 245
9 145 217
51 994 701
563 741 781
556 250 410
811 3 619
441 760 353
689 154 274
128 771 287
349 571 801
325 233 411
429 101 415
521 541 376
451 431 354
110 531 167
541 417 468
911 449 188
569 536 886
436 188 105
491 526 671
747 125 23
497 729 95
321 861 329
531 243 963
201 632 885
657 40 771
993 373 241
48 625 413
235 140 680
630 141 451
71 609 958
913 101 955
695 950 154
179 481 265
873 81 740
776 201 465
211 65 951
651 961 617
470 312 881
25 936 801
977 516 55
229 242 531
480 289 393
17 857 53
949 267 661
759 362 960
251 89 792
321 497 909
473 351 61
90 742 739
631 821 841
736 73 657
441 114 636
29 236 979
899 345 409
727 955 259
501 201 505
693 465 890
761 258 367
506 1 621
553 927 407
681 185 329
949 841 294
551 877 553
921 221 407
369 811 778
842 733 816
176 990 673
40 561 571
601 477 280
857 611 958
477 71 865
51 619 977
713 803 173
544 901 783
137 196 547
285 565 574
393 176 931
4 853 509
540 777 797
776 140 480
286 97 135
229 133 597
459 538 554
119 302 365
677 933 425
545 63 274
891 705 416
285 285 693
363 996 441
543 35 525
871 633 401
785 851 579
832 865 929
983 676 251
105 690 985
513 326 129
233 981 785
913 753 492
911 686 873
585 761 441
673 403 861
209 841 941
831 150 885
517 617 5
319 407 951
981 408 636
789 136 320
391 508 929
985 491 561
714 219 392
625 151 911
231 184 775
589 2 985
111 335 601
258 218 329
721 664 423
179 233 1
697 169 319
865 634 783
501 801 273
371 245 521
463 116 264
409 833 1
196 155 699
801 476 446
784 915 865
476 761 826
171 65 991
53 79 845
517 513 565
306 430 957
657 861 747
71 480 875
1 621 667
589 251 541
701 301 441
571 772 160
761 57 281
211 351 617
353 883 951
602 276 697
773 501 431
639 609 61
897 514 90
617 121 681
73 196 513
721 683 294
521 671 890
945 981 481
89 321 112
401 289 721
721 435 230
129 376 729
201 996 373
968 801 681
777 501 712
609 423 641
487 189 657
226 841 501
980 549 326
321 934 73
527 461 973
692 240 6
515 991 124
827 968 648
443 449 813
337 713 950
503 369 917
337 837 61
337 817 51
372 786 26
131 766 162
529 225 403
74 113 409
75 321 210
377 355 521
391 344 301
965 883 789
137 841 69
205 931 281
285 841 425
269 345 793
213 393 406
777 989 950
203 91 191
521 576 337
737 631 521
113 532 577
483 226 289
785 433 221
812 125 732
785 5 251
924 437 871
916 656 710
757 354 821
776 321 470
901 658 88
165 41 975
93 1 599
205 476 337
758 870 949
338 414 751
206 72 649
908 544 651
789 841 401
525 437 759
511 484 161
191 545 901
679 823 126
410 751 978
145 719 776
930 405 101
834 981 275
201 185 641
177 415 811
713 345 382
131 701 915
960 283 684
79 529 311
69 848 3
571 161 401
994 738 673
721 501 341
917 877 397
243 978 981
825 535 701
313 601 500
69 421 65
691 429 778
876 526 653
31 5 167
101 77 597
421 526 174
109 281 943
813 681 65
681 977 321
349 251 161
129 357 120
601 837 295
449 619 313
66 253 43
689 908 525
803 13 529
337 261 292
690 11 205
237 209 501
139 965 548
226 397 601
451 441 101
171 46 801
812 26 337
656 351 303
661 513 117
639 97 116
837 679 389
916 41 543
842 109 633
681 503 121
321 698 261
661 55 729
737 778 623
525 326 917
876 671 945
257 349 305
254 625 203
623 297 412
606 885 521
527 413 385
127 401 417
921 461 493
633 521 937
601 877 913
101 262 413
792 612 44
923 340 911
461 211 133
928 585 511
967 721 765
718 422 419
747 381 769
905 896 559
158 213 681
345 203 577
709 201 235
761 47 161
655 777 301
821 417 158
979 725 754
410 786 357
1 108 718
737 915 181
681 361 861
416 7 99
379 805 113
221 980 426
775 13 589
809 949 501
9 138 126
319 741 335
1 305 241
84 167 897
646 41 281
85 876 880
217 675 756
569 181 256
245 886 445
505 795 617
549 547 510
721 71 553
585 859 644
967 947 649
651 225 311
791 779 740
625 19 233
753 181 955
991 986 17
777 165 476
242 744 845
437 498 187
433 486 501
907 361 201
709 165 841
634 245 345
104 761 41
405 892 411
824 931 956
361 441 466
546 415 214
608 907 212
961 146 697
583 908 998
605 684 89
183 985 723
779 115 71
982 251 497
97 553 729
236 699 547
41 475 157
861 613 157
753 105 656
33 263 411
455 771 897
936 1 321
886 145 201
671 97 181
423 522 434
955 496 525
721 753 695
655 921 232
784 321 311
544 335 941
95 37 201
161 638 489
661 713 581
66 59 521
263 977 341
581 313 561
718 386 817
211 110 693
197 446 629
519 951 569
341 323 49
915 340 747
377 224 215
251 972 377
765 539 576
991 609 871
233 433 253
101 429 474
815 609 389
847 464 148
950 153 626
190 896 190
861 154 65
647 9 329
553 348 185
113 523 85
821 249 243
837 488 266
501 821 881
717 216 848
686 735 762
643 367 681
161 357 5
941 822 747
502 273 433
988 81 261
485 701 551
819 503 431
303 928 885
33 535 344
153 547 529
831 547 805
429 209 489
609 695 61
461 993 300
401 73 21
407 923 41
871 901 541
237 151 57
723 691 651
161 871 97
547 573 485
25 249 801
889 808 497
899 569 745
861 36 16
921 292 772
865 280 789
583 837 971
243 111 353
469 718 445
79 333 806
981 303 912
741 675 346
763 307 646
846 399 941
581 231 761
321 145 126
189 465 811
366 889 359
465 321 41
21 801 726
253 913 824
516 176 317
1 367 34
449 474 389
66 750 231
959 191 463
161 889 509
251 869 45
693 119 979
331 50 142
661 289 601
310 679 49
111 113 816
681 766 166
529 593 939
637 340 713
977 405 399
81 265 534
169 310 501
243 789 357
393 753 655
809 322 384
511 962 451
729 263 869
275 409 629
338 453 169
571 67 425
471 232 461
224 847 67
596 707 985
842 486 746
378 449 361
854 474 15
269 825 157
807 598 858
905 760 467
937 808 871
241 9 111
91 599 501
316 881 567
281 111 505
860 416 701
649 131 789
206 1 521
361 341 442
451 503 869
515 201 861
473 617 907
599 123 801
695 721 131
889 841 513
171 675 161
689 114 695
401 649 15
649 149 411
377 46 541
236 508 429
165 81 829
837 753 657
761 541 576
255 65 57
161 745 861
65 817 31
48 425 275
899 521 833
893 361 389
901 367 570
886 233 55
52 401 642
190 581 481
836 701 544
764 917 525
921 171 518
155 313 579
285 800 31
687 526 159
377 53 861
354 883 129
625 791 726
791 126 361
861 303 499
661 779 489
165 511 449
613 661 875
771 322 366
609 825 384
921 401 385
526 276 173
805 889 689
725 593 403
617 696 241
6 493 517
49 471 211
291 876 315
467 561 324
721 313 809
873 929 837
377 361 849
681 461 361
433 605 673
133 819 571
979 146 953
921 535 283
78 845 721
343 981 649
227 27 659
957 165 995
125 229 137
185 41 315
983 768 603
653 375 583
478 801 609
231 319 128
593 504 596
685 241 769
57 863 13
341 941 243
843 911 563
335 131 926
280 841 561
793 641 154
463 984 241
746 901 505
337 409 577
311 21 569
917 273 721
641 913 606
721 441 219
185 583 361
839 226 576
349 789 81
791 25 271
341 515 721
441 827 261
443 825 21
109 931 137
1 575 753
25 796 169
163 481 56
911 836 283
189 32 105
121 49 1
249 472 391
542 985 258
902 182 651
585 37 647
781 556 55
707 26 251
179 953 540
1 569 131
656 841 1
625 515 229
297 821 867
221 571 631
681 105 607
161 996 529
920 660 651
151 374 549
775 421 449
768 681 669
658 841 265
297 791 145
825 623 831
401 636 483
195 964 721
909 545 356
313 905 833
689 333 697
441 539 508
261 657 267
36 877 168
551 617 850
772 967 921
739 401 827
429 183 449
996 706 865
805 953 677
675 621 381
441 341 392
69 81 76
617 401 338
834 399 883
469 976 117
429 788 449
817 70 273
624 233 481
681 134 269
43 629 729
901 461 601
622 707 191
445 89 190
126 89 301
761 81 406
385 985 512
430 513 381
441 936 1
415 7 964
216 461 553
877 547 376
876 824 640
589 273 885
351 577 256
455 54 45
567 377 761
501 625 236
361 931 156
121 492 386
234 973 253
145 587 208
79 441 163
529 717 503
251 337 761
833 929 549
307 239 609
167 285 605
195 509 367
729 491 891
382 539 497
451 151 362
455 11 461
481 1 446
726 326 221
799 299 679
461 885 389
441 944 889
741 289 401
835 733 66
272 703 464
272 173 393
665 707 117
810 113 707
697 953 713
914 993 831
94 441 419
482 39 366
235 825 254
12 694 153
381 677 246
13 532 921
825 617 805
696 722 213
177 272 459
81 193 921
13 125 218
13 393 205
441 77 369
201 147 549
281 253 535
966 251 398
200 1 9
407 752 748
301 65 390
143 981 285
936 441 681
305 1 565
887 991 851
510 113 754
793 609 456
141 361 841
671 658 441
883 905 725
139 181 781
269 57 529
577 269 465
809 997 186
281 601 53
467 552 52
676 313 775
859 251 154
792 845 461
1 407 774
354 103 820
888 15 841
991 791 176
901 851 558
376 101 376
663 763 969
871 491 246
177 941 651
477 289 706
413 721 831
841 231 163
174 666 801
151 69 421
585 9 500
57 476 465
289 324 740
197 369 811
126 201 346
158 606 877
313 169 881
393 519 284
25 576 677
256 616 101
364 121 947
194 653 399
431 538 293
621 177 779
881 645 761
149 24 644
42 1 511
656 953 836
557 550 246
73 417 476
826 31 901
851 149 830
670 541 446
797 711 311
201 297 438
765 19 877
987 226 551
259 71 828
360 601 861
521 609 751
729 331 200
801 666 876
761 993 41
935 906 129
416 977 225
257 271 416
796 101 879
519 953 691
431 377 561
25 321 992
675 978 805
197 541 397
549 781 83
541 121 597
121 285 875
461 31 921
852 809 448
838 437 623
933 628 846
47 161 527
649 680 913
302 261 929
307 9 57
503 925 305
207 177 429
821 570 784
11 913 782
243 415 13
859 955 72
897 461 841
457 245 203
13 377 705
685 21 953
732 121 941
461 426 793
944 631 965
35 961 178
33 429 851
1 345 528
518 291 120
357 912 935
123 5 975
116 619 675
901 323 691
35 905 577
556 401 929
481 460 497
101 821 620
601 961 801
588 905 597
311 18 670
586 55 211
939 881 428
459 631 659
825 40 531
361 649 621
472 241 857
889 261 787
482 951 951
132 949 851
485 367 569
789 229 41
83 368 311
913 525 365
799 326 519
73 13 909
221 727 861
818 247 442
128 58 956
550 539 943
237 141 63
735 921 161
76 996 28
441 541 651
576 204 366
329 809 213
405 801 57
574 822 606
13 669 704
576 327 700
927 721 512
177 434 495
287 1 997
580 497 788
377 921 481
118 344 605
929 823 71
331 775 266
109 586 521
81 857 509
826 931 176
497 399 594
957 796 680
169 975 117
101 630 553
161 896 328
124 399 621
507 331 497
315 579 969
203 301 901
505 61 449
213 859 983
33 159 479
996 751 666
401 799 631
485 455 937
361 87 411
441 671 897
111 143 787
356 647 404
836 777 665
385 201 519
32 413 980
572 79 353
97 103 405
761 562 613
611 533 959
319 915 51
561 862 977
231 857 211
349 461 649
813 732 471
357 752 194
610 691 149
1 585 120
897 730 848
751 505 361
470 353 441
760 887 357
247 273 17
811 737 248
481 791 328
102 921 789
897 251 208
97 601 820
437 757 989
3 938 865
343 972 731
545 825 971
555 399 201
823 131 337
541 836 493
951 649 215
343 657 649
772 806 451
449 425 88
798 921 511
276 170 281
945 425 347
791 381 553
926 427 135
845 311 249
157 1 932
826 701 869
103 61 628
994 741 429
941 621 153
481 409 296
601 608 156
421 993 458
725 911 31
786 220 493
765 519 201
561 264 29
361 865 144
276 1 606
453 701 821
893 241 633
633 556 143
121 15 42
821 29 951
257 797 230
865 71 61
82 820 441
211 953 543
491 484 42
557 71 902
792 697 665
481 515 929
1 898 307
164 811 21
343 186 646
901 751 271
737 851 633
303 280 101
245 958 84
295 161 781
26 89 261
166 441 803
925 329 876
985 657 551
249 905 89
54 737 35
328 109 774
177 128 215
619 587 421
499 101 343
579 401 1
397 538 629
520 556 926
623 785 459
111 857 667
931 521 641
400 14 737
460 889 941
847 881 395
841 669 81
895 141 311
713 783 20
953 631 359
9 625 425
752 760 81
785 870 801
138 509 321
7 433 991
269 997 459
320 899 371
820 632 306
837 903 494
287 137 505
745 882 325
507 151 690
188 221 953
401 881 561
241 33 132
625 859 317
801 673 81
421 274 921
850 625 349
34 729 825
407 241 636
465 437 241
419 363 789
516 363 169
778 383 114
915 961 345
401 131 233
863 373 969
609 634 694
145 601 389
401 79 201
172 398 633
719 172 616
849 198 409
222 328 651
591 893 585
761 117 596
687 273 381
265 933 676
269 101 201
609 991 437
776 410 436
239 801 541
312 696 324
73 800 445
226 844 996
347 330 661
51 761 360
851 689 916
386 389 129
89 696 29
71 913 776
721 329 380
763 372 637
401 935 459
941 927 537
737 2 945
345 201 731
873 261 643
441 314 73
1 391 35
109 309 326
484 331 561
841 489 425
345 293 396
301 99 34
185 17 652
91 363 657
401 343 315
1 263 773
721 187 51
289 5 45
783 306 145
174 945 175
120 775 553
81 257 505
485 187 217
307 29 941
386 369 374
897 716 525
585 321 168
211 890 893
129 308 151
926 81 369
49 899 725
453 556 973
579 851 889
467 637 605
694 123 361
295 145 441
19 883 359
165 944 441
429 840 165
591 117 449
619 113 181
961 715 987
999 499 397
153 278 45
841 891 61
593 356 901
781 918 937
817 505 341
741 754 441
505 41 894
384 810 31
785 901 450
193 301 6
126 817 219
671 689 27
325 235 641
943 59 891
299 771 521
443 49 185
400 653 18
297 748 331
981 458 441
172 447 837
521 495 626
791 341 101
876 597 971
382 136 479
51 551 185
28 689 685
401 609 711
961 989 201
242 561 146
873 345 119
690 305 653
651 489 937
511 957 674
777 457 651
318 433 371
377 251 915
597 241 388
876 133 733
721 226 579
577 24 129
637 641 217
73 825 929
726 962 624
308 209 822
723 761 876
401 301 577
387 961 513
171 15 658
156 116 79
501 497 881
217 475 960
401 331 363
481 625 373
665 397 726
485 501 613
315 267 401
764 191 193
1 637 181
102 557 21
979 437 776
558 245 130
201 379 579
441 337 266
464 900 45
790 831 489
593 457 31
229 337 713
61 501 495
979 509 577
132 693 890
781 673 873
259 81 921
321 299 659
281 324 961
843 387 7
637 607 513
681 584 676
901 784 106
42 185 569
569 1 584
748 415 876
669 731 285
759 212 331
338 573 941
379 293 303
55 201 717
55 41 521
88 517 750
306 797 276
401 355 889
453 801 577
177 217 619
211 786 91
204 63 43
1 485 121
541 269 922
251 749 656
897 465 601
355 953 29
311 376 1
251 901 893
951 761 453
386 891 755
936 193 856
122 682 689
761 831 881
783 377 321
601 721 136
401 171 2
809 196 803
820 757 61
417 73 233
195 387 413
797 299 366
577 721 270
81 657 480
503 371 539
53 203 832
193 663 401
841 985 471
661 302 569
897 733 736
280 707 793
595 849 481
429 770 141
967 385 949
938 984 366
736 192 701
180 821 911
96 577 731
345 133 621
411 524 679
929 365 971
381 569 955
479 785 597
670 556 561
746 785 221
951 881 211
893 787 477
21 762 283
113 513 401
705 91 717
391 460 86
770 110 277
129 745 969
119 99 889
851 341 501
841 953 289
745 161 665
817 534 597
381 423 794
857 945 193
625 293 719
551 9 745
665 1 137
241 869 317
213 155 851
669 249 411
363 51 353
536 856 85
243 333 957
241 823 653
47 481 721
754 343 6
275 801 375
979 169 523
368 89 241
591 878 454
999 420 883
489 361 226
98 845 457
213 571 583
672 171 605
191 665 521
597 218 365
833 621 667
401 483 329
205 993 297
36 265 601
1 21 381
246 403 201
941 261 341
769 909 729
53 803 693
46 717 638
185 181 77
980 263 20
473 506 41
229 633 593
519 565 643
661 529 376
741 551 597
61 595 336
230 45 437
217 758 449
405 386 941
611 21 809
563 960 285
341 677 257
676 871 873
524 331 775
889 706 861
233 646 751
63 626 77
601 595 125
580 617 665
409 837 84
156 321 303
157 633 1
849 6 905
759 481 693
989 380 797
393 385 215
279 976 21
687 377 265
23 266 324
39 544 737
966 917 405
611 823 25
550 151 613
426 509 533
651 369 226
765 833 509
87 202 461
105 792 321
201 641 709
871 161 529
880 701 224
771 186 169
6 229 361
53 761 817
689 215 481
201 789 178
522 205 636
97 304 150
819 27 137
106 653 977
311 407 525
673 890 965
501 429 539
114 932 893
680 831 309
63 185 640
649 756 251
950 417 249
137 791 223
717 597 439
401 509 500
221 83 885
286 301 257
798 359 89
397 276 166
72 751 503
961 969 909
846 248 363
841 841 261
849 201 273
601 76 337
695 211 523
657 683 930
601 585 376
233 107 9
977 464 263
213 425 697
407 363 161
458 901 123
149 191 77
226 729 959
545 482 353
219 625 996
857 241 301
121 808 626
201 717 394
36 777 561
62 401 801
488 392 656
749 899 937
399 101 51
785 39 209
877 604 17
121 178 889
798 113 146
101 785 43
121 407 476
521 261 637
869 917 107
989 373 981
769 401 257
155 359 749
1 801 949
469 993 593
796 329 169
959 872 197
75 299 109
753 221 625
961 601 91
13 513 587
611 72 252
897 713 717
475 721 521
521 311 151
682 110 796
241 806 641
725 232 801
537 750 991
251 785 601
367 351 73
871 347 235
136 613 869
889 361 241
418 853 166
1000 741 566
671 224 905
101 859 226
641 326 990
311 225 951
536 472 33
734 885 89
309 675 421
569 417 617
173 900 795
221 41 226
379 289 720
745 879 258
983 814 35
613 805 656
351 43 787
17 693 849
251 471 413
596 929 4
369 636 518
576 807 841
151 699 363
151 222 972
681 505 273
345 633 891
566 366 560
839 194 451
356 361 11
106 503 265
571 106 121
551 535 965
954 471 525
941 289 121
661 165 951
451 155 889
376 295 868
408 241 90
237 108 585
201 876 774
562 117 740
949 381 980
989 161 429
481 794 337
7 74 473
957 569 887
993 413 59
506 181 533
986 211 138
385 870 251
221 234 206
895 571 859
176 211 59
542 204 671
311 166 33
16 365 995
325 582 501
442 151 439
833 638 387
413 300 137
112 721 337
569 409 626
11 686 640
151 274 921
306 935 1
333 945 981
914 381 585
911 611 316
37 546 571
826 371 805
13 247 111
208 451 563
849 685 677
281 521 181
631 681 165
676 599 103
321 329 601
551 626 975
961 621 824
635 435 601
639 622 841
99 55 713
987 829 433
937 91 397
561 967 609
741 101 679
726 134 273
13 21 701
111 239 206
922 123 814
705 691 627
641 91 530
39 40 785
249 175 311
316 321 691
756 287 215
581 93 427
653 271 386
169 548 893
962 153 510
871 306 690
1 995 75
901 841 476
898 450 261
177 81 641
185 933 881
283 77 376
937 461 412
511 793 617
305 802 235
457 201 423
126 509 302
597 828 817
75 613 607
612 451 485
244 858 429
841 765 45
334 5 801
967 476 398
788 61 363
971 31 781
569 259 641
881 756 441
851 302 791
753 257 454
897 605 435
69 601 742
33 741 580
467 661 681
61 195 665
936 894 36
333 47 433
802 810 567
669 261 726
307 843 621
377 777 317
321 941 845
485 994 17
913 297 369
734 521 433
821 603 543
527 432 281
263 66 571
1 761 630
503 863 139
382 841 919
871 452 141
615 637 335
867 691 899
185 329 995
641 98 717
281 605 701
485 853 776
768 697 155
136 151 949
341 41 154
721 26 581
233 427 925
257 416 622
496 705 640
675 579 597
581 351 945
165 689 560
51 453 301
221 616 614
579 231 401
201 830 409
603 377 586
821 86 771
199 257 902
253 221 442
41 621 249
528 227 240
466 197 254
157 890 745
382 801 491
461 272 585
169 835 517
573 432 779
881 293 102
16 459 633
794 601 811
939 189 788
237 873 747
777 41 437
110 610 306
781 451 495
393 121 993
109 241 356
989 161 249
573 344 579
301 335 621
241 574 461
441 405 51
511 481 725
967 999 353
332 551 710
139 451 121
621 633 115
729 593 89
521 853 781
186 593 910
195 287 266
329 609 681
556 22 130
741 789 836
49 105 765
497 144 369
329 961 117
1 426 817
981 131 601
736 303 959
909 864 47
369 971 35
53 183 761
261 751 129
651 895 177
981 178 837
67 704 171
265 969 651
709 241 737
27 329 910
157 929 353
609 535 55
813 825 921
265 693 985
852 65 541
745 873 778
382 237 547
601 771 713
349 96 269
446 473 963
325 117 143
621 979 41
119 56 34
977 156 897
905 357 285
471 401 629
537 340 633
15 297 867
543 730 341
303 755 425
276 174 896
796 9 201
308 545 795
819 396 615
723 329 937
125 931 273
413 888 345
53 837 324
541 181 855
667 63 897
342 168 71
879 383 213
801 547 905
433 813 625
481 813 401
257 19 69
661 865 251
311 921 682
671 31 876
616 863 643
241 21 226
134 126 110
649 504 946
117 541 201
419 393 655
857 269 879
406 236 501
790 510 729
491 6 2
578 121 373
11 991 808
576 166 863
521 176 184
507 731 353
144 26 651
751 12 421
316 601 571
231 141 529
873 793 137
743 201 691
501 153 161
635 495 121
785 197 463
683 694 751
797 329 530
473 177 616
369 941 163
961 667 399
137 312 861
276 987 481
391 769 513
930 889 865
441 11 921
285 561 950
159 363 417
783 21 807
527 645 317
177 520 321
876 611 739
657 329 717
39 537 817
477 161 856
241 333 356
301 261 461
839 513 65
821 160 39
693 601 281
465 227 621
742 503 969
606 141 933
947 569 109
90 321 209
901 16 372
782 349 281
946 221 569
281 919 601
145 621 577
961 403 407
29 898 356
801 297 96
871 121 846
931 217 725
898 19 980
501 609 691
934 877 424
900 851 428
797 601 510
844 249 575
126 685 87
352 176 645
369 676 431
925 201 656
1 485 317
400 97 893
601 581 802
437 119 733
72 324 278
781 951 521
210 641 501
16 993 979
724 44 249
111 513 841
4 705 854
303 232 735
513 989 569
394 415 924
706 860 917
307 259 257
217 806 781
222 636 89
391 931 861
66 265 707
147 573 1
131 961 982
673 498 888
705 688 611
483 507 65
634 961 235
131 599 862
756 441 257
801 937 769
719 356 849
17 504 777
67 731 301
967 201 285
769 271 621
559 673 60
126 611 81
716 161 492
981 877 314
795 321 781
857 586 867
569 969 886
203 421 871
737 772 805
401 521 603
501 922 969
113 904 323
385 96 811
641 445 907
6 801 145
443 351 381
73 157 72
671 551 433
273 385 831
712 441 571
945 77 906
619 855 403
823 431 169
799 850 269
182 761 729
231 337 468
849 17 635
254 86 21
561 901 441
108 173 633
947 106 733
219 262 180
300 56 741
725 281 147
446 372 841
844 18 671
521 56 705
98 346 872
451 561 989
131 501 526
405 330 845
195 61 513
585 609 763
493 629 401
529 651 137
551 319 493
747 265 199
439 486 561
311 981 484
276 333 426
286 351 226
601 837 229
225 685 31
344 297 468
457 116 488
827 706 699
696 936 787
90 357 676
381 342 568
441 76 774
888 430 477
629 906 985
201 501 317
207 712 117
99 57 28
609 17 653
483 292 676
321 263 497
791 755 144
105 721 549
785 172 512
977 647 565
633 99 765
614 91 541
