3525
857 236 861
781 697 121
961 69 985
480 877 71
351 937 501
394 601 970
166 291 141
141 132 967
126 913 571
841 227 878
681 538 447
650 17 437
441 43 301
801 404 905
858 1 181
251 890 546
181 561 607
742 948 221
581 561 779
724 176 929
436 10 176
405 581 613
697 445 295
569 397 801
271 67 191
253 207 121
417 764 949
108 393 627
453 681 57
384 522 857
875 512 5
730 169 203
925 557 969
609 429 929
717 651 860
176 263 897
637 375 233
217 201 177
585 586 756
826 7 821
53 663 349
311 620 756
347 750 975
983 681 818
147 225 201
85 303 296
516 947 577
121 630 11
961 241 881
426 653 761
861 131 538
3 629 917
571 362 315
107 493 401
153 82 985
387 118 466
801 406 832
337 101 161
926 941 55
605 861 84
487 259 207
796 569 331
221 681 369
541 618 526
581 500 524
969 931 1
262 313 951
937 681 883
324 357 864
729 48 97
696 423 521
277 17 592
902 855 595
899 885 142
413 841 465
761 711 813
93 949 11
339 637 741
770 751 926
501 945 668
536 653 785
703 881 221
53 342 271
257 163 298
337 881 471
911 670 309
787 862 183
943 825 475
290 293 797
304 785 885
481 23 330
597 361 497
166 545 7
251 134 242
620 565 521
195 755 223
54 799 931
569 865 385
656 757 513
559 891 545
305 882 498
132 141 489
793 505 966
505 369 617
506 250 769
297 150 643
617 193 993
682 753 63
261 322 911
382 221 546
750 741 661
200 345 919
954 89 941
793 84 25
861 336 681
673 521 223
85 938 860
201 576 821
469 893 589
641 594 599
669 545 189
449 405 895
409 880 623
773 615 660
801 1000 782
617 464 868
657 480 431
659 519 181
571 663 351
986 377 785
912 834 551
947 70 769
647 65 723
219 196 439
301 641 971
969 729 423
970 925 401
141 691 31
797 267 867
277 438 767
153 997 993
597 621 781
926 721 768
660 318 407
433 719 626
401 83 751
565 592 807
421 750 457
281 853 51
353 528 633
183 973 373
158 791 432
672 326 917
725 997 998
891 136 309
207 351 997
875 897 601
88 311 28
54 451 223
926 262 481
293 512 519
811 623 718
517 895 323
175 57 263
561 877 145
935 25 561
65 174 158
117 780 126
791 434 869
577 537 301
697 932 176
493 17 111
41 557 996
331 661 818
681 177 867
539 267 945
293 543 168
959 625 907
993 583 470
159 201 450
767 63 151
153 128 377
450 939 297
692 363 579
784 287 988
316 970 961
971 129 186
713 311 621
657 489 326
881 87 255
301 177 161
201 356 805
283 593 771
327 356 179
245 661 710
783 840 109
721 805 403
521 81 891
886 452 617
661 463 960
433 191 496
783 689 730
425 69 209
195 449 117
576 501 96
597 541 279
166 169 988
481 985 838
659 276 133
39 341 447
171 325 91
141 581 367
918 961 185
413 905 25
601 257 974
972 661 761
737 446 909
798 935 434
673 207 287
117 66 495
585 425 641
155 586 197
530 273 281
371 193 719
226 46 230
1000 933 155
141 130 6
701 843 856
165 851 601
491 311 420
489 877 816
468 713 596
61 582 841
73 841 308
53 801 522
315 926 681
49 591 445
1 801 619
653 801 759
441 17 751
185 469 575
233 535 137
994 536 367
845 81 248
851 931 277
890 32 477
725 717 376
419 118 181
557 236 851
825 817 111
993 73 945
976 64 317
964 833 393
614 741 492
543 581 661
638 853 341
841 474 284
833 365 676
799 45 141
801 881 53
655 24 861
968 149 601
841 886 93
87 38 579
659 743 997
781 551 451
389 801 85
577 74 51
421 771 521
195 425 890
357 71 915
837 747 457
711 644 654
33 295 183
608 641 665
753 145 525
696 649 569
948 665 205
577 921 728
476 797 502
401 524 513
64 525 747
365 887 540
317 576 701
757 633 726
928 473 137
199 701 501
437 305 3
111 329 185
125 896 829
601 341 911
145 271 545
653 594 801
953 401 956
949 949 693
962 361 297
981 230 433
829 528 333
20 659 681
996 353 421
758 419 873
226 445 27
776 38 832
885 719 231
33 329 505
61 609 114
801 759 321
993 771 93
287 967 970
861 843 657
225 177 761
509 701 25
997 193 16
711 781 235
65 17 37
949 640 63
834 934 809
536 651 439
441 9 607
776 209 520
321 663 374
581 361 501
745 996 52
544 945 145
471 161 711
681 414 909
417 497 593
297 377 200
855 805 461
425 877 707
207 772 498
273 967 561
944 799 765
853 73 645
466 731 31
249 661 371
657 592 501
921 737 823
81 118 179
147 981 801
925 846 101
553 453 601
776 753 557
609 423 417
701 349 987
901 636 337
511 154 596
596 693 81
641 785 80
751 841 786
853 901 393
576 485 586
695 897 429
126 619 873
861 101 524
249 991 778
664 696 491
658 433 251
953 17 431
671 133 609
995 242 253
161 646 681
248 655 475
80 811 310
825 1 714
681 247 201
526 319 767
251 367 184
957 82 353
321 113 521
759 128 601
551 410 825
501 933 673
249 536 812
620 568 875
114 801 431
381 287 461
774 402 69
265 901 658
732 496 81
906 371 260
821 671 724
234 555 473
321 353 446
778 1 621
41 881 690
751 693 355
261 430 299
289 159 629
717 651 649
876 389 841
892 696 75
49 447 648
621 66 644
957 29 901
887 549 541
75 328 475
906 769 533
117 606 105
581 569 667
497 845 661
433 161 321
861 244 905
209 393 852
441 780 391
638 977 654
131 874 519
777 251 1
57 289 91
891 269 276
837 799 645
665 330 861
16 237 315
984 471 800
261 669 423
969 947 501
209 621 396
929 1 241
801 463 751
943 625 739
201 635 913
592 181 523
515 221 271
653 901 502
881 226 150
1 577 702
606 669 477
17 325 1
576 926 183
951 817 145
673 121 33
556 921 17
657 560 366
449 541 206
153 587 457
649 697 970
36 488 609
533 87 301
176 525 42
751 76 297
639 785 524
194 401 393
283 485 669
547 689 998
100 835 865
273 13 947
637 714 35
7 663 153
44 881 636
167 357 573
121 534 747
49 740 634
330 178 89
281 993 66
465 571 31
785 981 840
529 561 706
281 129 323
971 271 917
25 652 295
715 905 381
91 342 696
695 381 481
337 416 116
268 51 729
313 476 33
166 641 681
621 34 449
910 599 592
192 784 977
406 265 609
729 324 818
558 820 871
195 370 925
395 661 177
909 913 770
267 15 67
271 529 753
217 479 757
188 626 342
201 611 20
973 766 559
101 501 465
838 527 301
294 38 513
765 451 541
81 656 347
301 52 240
527 926 45
745 541 371
839 417 347
721 401 773
113 969 429
624 856 41
345 765 894
505 275 940
416 831 640
991 121 409
523 88 336
494 840 876
867 301 425
649 967 307
769 619 1
871 545 11
756 329 913
723 500 7
636 201 308
247 471 401
57 105 421
926 311 636
463 101 211
335 713 944
751 113 43
809 611 797
745 191 688
908 501 579
521 142 331
917 761 133
901 541 310
556 113 759
513 101 46
523 766 280
576 37 661
901 331 907
466 709 858
527 21 751
529 65 227
572 547 421
51 154 191
711 849 280
710 129 551
841 476 592
684 877 351
955 582 911
281 951 41
593 461 325
401 481 179
377 37 409
786 633 90
801 909 641
531 605 891
968 48 457
769 814 165
211 111 695
865 601 831
282 606 1
101 553 625
693 277 220
191 589 952
462 785 589
113 281 761
171 561 181
866 395 621
837 300 173
719 385 991
982 301 76
751 463 181
201 849 453
453 481 17
13 393 149
348 894 653
689 181 2
569 315 713
57 51 313
16 116 297
477 154 476
541 401 454
257 604 906
723 299 736
401 655 959
313 5 126
126 882 106
311 3 341
20 641 297
280 782 629
149 521 189
889 501 425
104 271 670
925 695 561
542 713 796
879 851 961
625 399 144
663 663 981
76 761 216
544 355 361
841 861 869
376 346 299
921 945 421
1 382 814
593 649 367
117 692 599
537 796 297
539 477 505
875 318 422
787 726 945
91 801 691
401 737 366
863 369 52
229 376 777
489 73 641
105 439 962
258 105 769
876 444 413
837 571 93
517 273 409
363 873 90
631 401 341
445 295 443
133 338 221
971 301 84
51 207 29
607 683 835
369 745 179
623 557 946
273 56 361
825 433 145
848 669 115
833 286 91
62 456 249
895 335 576
491 781 321
966 697 706
363 73 211
818 853 717
453 241 870
467 17 389
590 512 816
1 579 751
221 771 869
101 361 531
279 259 703
837 851 337
502 539 601
443 369 308
240 129 421
763 977 409
237 861 371
145 266 612
3 206 123
691 203 377
39 287 795
711 73 101
297 434 614
694 451 859
821 41 993
357 166 326
258 265 111
796 426 527
401 905 25
326 626 785
514 841 287
503 269 739
901 961 975
265 108 983
537 951 36
643 161 561
625 766 383
17 40 401
1 288 729
777 955 452
657 799 181
12 279 732
429 192 836
193 478 127
353 669 88
367 705 687
111 207 593
900 855 440
765 222 2
352 912 292
502 779 687
501 681 984
777 705 406
172 601 371
384 316 491
385 641 865
118 326 748
121 553 595
180 972 644
775 290 382
541 141 113
36 985 608
445 49 414
881 545 903
34 536 478
877 19 954
501 709 17
22 305 378
965 801 777
641 639 687
405 71 657
784 468 555
228 737 795
2 838 397
661 33 97
15 261 673
503 418 892
445 995 617
500 778 991
746 702 230
846 729 456
481 44 601
167 314 925
297 873 193
921 258 938
369 217 248
802 785 352
357 717 955
685 296 567
636 289 737
624 633 972
8 699 640
248 771 457
324 681 493
757 679 172
122 794 441
593 749 66
349 195 609
191 389 672
797 864 561
885 591 695
618 643 653
304 13 226
429 469 361
94 9 601
886 571 855
236 875 781
125 157 949
477 657 841
901 265 420
271 255 49
926 229 266
309 311 212
243 39 853
825 183 361
125 551 767
849 501 307
714 153 337
361 418 545
785 443 285
401 976 796
217 455 71
363 701 561
101 50 372
785 905 283
293 265 734
660 374 176
321 777 965
976 116 473
681 882 828
131 981 169
533 45 501
958 367 481
553 307 645
681 408 496
606 769 425
891 457 252
481 875 636
565 544 825
623 19 201
13 353 701
273 441 123
868 164 415
751 251 741
1 191 257
702 697 380
481 362 993
764 326 971
944 437 353
6 530 859
316 35 641
323 961 356
101 443 19
697 107 751
413 328 825
396 971 363
175 651 609
1 646 697
921 419 276
963 171 771
696 733 981
429 859 641
461 317 957
51 796 251
573 769 501
501 915 12
251 137 216
961 491 467
408 629 230
561 279 65
826 769 993
869 353 941
545 216 921
625 47 281
49 875 291
849 161 377
343 586 881
480 8 481
896 549 261
237 98 853
899 905 521
355 465 485
675 410 927
979 325 971
659 139 128
40 981 179
492 152 810
129 57 721
258 891 783
212 88 513
169 796 329
345 441 210
653 378 503
66 645 945
3 501 252
865 21 639
515 231 839
525 786 729
553 679 851
233 314 331
264 497 503
166 306 686
991 501 532
432 5 101
736 351 216
43 859 1
692 852 175
591 195 625
121 845 161
472 401 81
633 363 603
495 673 801
730 791 403
311 959 485
661 581 221
397 223 575
865 505 491
427 956 345
866 885 140
620 577 928
496 641 631
361 357 865
521 297 916
67 361 829
145 457 871
832 233 851
365 257 241
873 836 131
568 153 653
966 407 566
801 446 341
683 505 451
445 457 121
1 841 226
207 605 713
574 271 811
201 597 338
127 624 251
29 49 570
925 198 581
911 57 523
935 3 985
635 251 1
121 481 961
801 979 193
757 271 761
521 779 802
193 431 576
687 279 828
209 536 785
779 555 652
170 225 305
740 601 361
153 878 185
373 825 877
697 187 921
137 707 33
331 244 773
969 664 881
511 3 513
721 719 505
128 433 825
197 856 311
47 831 1
885 837 277
225 997 165
601 205 419
801 5 305
885 681 227
881 930 714
128 214 576
873 849 841
49 319 86
861 810 788
881 518 621
495 443 965
129 820 301
561 484 745
137 913 193
113 521 846
772 541 211
123 805 281
81 437 793
7 433 91
311 46 807
563 903 953
401 547 269
501 697 780
141 331 672
74 425 563
461 269 593
300 476 327
113 161 477
441 586 249
977 116 233
41 439 469
561 177 104
937 37 291
440 417 921
617 701 811
397 231 644
849 431 270
921 587 905
611 416 583
617 958 369
256 769 441
201 804 335
425 32 501
826 323 701
494 113 791
463 241 554
465 449 777
661 417 628
719 717 329
317 429 789
983 760 398
345 877 126
860 321 381
327 977 589
561 178 545
345 401 161
253 675 560
247 801 179
505 199 968
849 651 225
550 910 337
529 651 111
399 1 407
796 165 894
661 441 819
997 109 901
161 81 195
721 317 683
441 176 665
796 1 786
775 421 345
33 377 678
873 447 233
271 647 55
696 585 740
319 992 395
641 66 921
891 571 257
1 133 900
170 119 53
3 434 1
733 187 857
631 247 976
221 584 810
363 73 839
929 751 364
784 803 683
195 913 913
986 661 436
863 7 301
449 275 257
93 513 267
743 921 401
33 441 47
481 674 145
358 890 415
121 338 489
597 91 871
861 706 282
441 584 901
531 511 706
721 371 121
520 181 791
825 13 693
551 163 569
224 521 549
141 773 341
921 273 701
735 581 333
909 377 300
851 405 137
270 195 516
537 742 297
50 893 291
969 671 376
455 845 923
945 661 345
961 771 289
718 629 241
51 654 494
651 425 113
405 639 118
271 647 945
131 134 47
113 967 193
954 16 601
807 621 39
323 61 681
188 793 869
749 441 801
811 845 140
205 251 221
626 608 184
899 991 821
209 249 57
686 841 747
206 239 251
78 233 303
705 812 667
61 641 851
791 299 733
919 161 794
513 88 727
595 556 305
906 389 145
311 131 873
641 451 23
819 281 99
787 831 873
173 402 401
483 618 606
341 708 976
333 627 101
473 570 913
773 748 426
343 55 611
211 217 235
916 529 509
337 231 181
876 492 465
395 404 33
645 121 509
186 785 53
56 706 113
833 251 985
15 704 64
117 630 51
891 850 694
456 797 301
449 657 781
111 45 541
751 313 51
932 29 277
482 317 855
99 661 878
977 554 599
933 121 107
151 941 669
301 893 909
213 161 27
241 652 26
697 630 472
717 647 127
901 489 396
781 916 871
481 745 451
13 119 129
598 844 322
5 285 489
845 227 375
501 521 683
552 329 259
409 401 425
6 217 71
321 531 354
177 743 231
646 473 635
20 263 541
865 21 451
113 256 673
28 433 121
92 791 601
57 820 838
823 513 27
162 941 291
441 445 407
134 546 737
901 249 765
755 59 646
159 576 731
71 969 16
73 625 904
895 757 901
341 867 753
653 481 545
453 286 133
57 746 5
165 881 685
789 367 695
417 595 416
879 973 215
9 726 225
181 93 237
169 101 49
161 471 531
64 941 261
980 141 383
697 186 402
417 161 217
203 657 848
801 321 501
97 217 816
531 301 71
201 106 365
537 302 121
705 297 298
670 607 931
250 825 299
309 501 459
71 552 721
961 249 223
486 6 838
677 257 265
915 693 368
145 478 608
603 345 846
747 901 374
4 139 701
697 511 743
831 719 220
361 465 525
441 181 176
641 384 609
455 304 165
581 301 291
821 640 347
827 153 299
653 577 491
333 456 722
176 841 851
819 533 627
179 780 843
311 785 265
355 602 920
801 803 421
809 201 303
378 354 528
479 102 297
613 302 60
37 58 761
65 1 889
321 645 25
1 689 969
585 138 141
463 811 39
125 526 959
481 203 225
835 838 282
379 751 167
643 913 849
413 951 33
353 83 744
701 115 536
73 41 765
276 321 779
191 856 571
185 117 839
149 851 841
731 781 606
646 331 681
880 265 929
751 731 856
51 599 952
529 961 511
729 841 53
293 387 947
256 633 559
633 536 735
976 225 81
741 871 349
961 780 636
726 120 537
440 441 896
926 471 75
37 1 50
841 199 33
217 691 318
555 913 871
427 765 281
504 919 41
612 212 853
533 397 201
695 770 593
505 626 719
89 162 461
939 354 365
183 191 81
349 231 821
289 43 85
244 1 81
67 507 162
515 545 947
881 321 759
53 986 567
193 41 641
489 805 389
637 393 873
447 409 303
297 281 505
601 604 785
359 351 951
5 251 41
837 856 649
88 591 351
76 681 441
201 482 212
825 959 960
985 425 509
173 349 544
485 540 581
545 577 1
931 51 581
697 736 495
820 261 81
257 209 871
111 400 149
93 991 582
59 838 408
204 706 851
446 893 881
161 425 873
951 901 285
601 415 781
871 467 94
511 89 585
571 975 641
501 47 767
301 126 229
893 715 187
762 275 239
379 661 923
921 341 177
665 825 377
316 821 763
889 369 627
393 930 335
103 435 889
373 189 325
329 613 361
1 186 292
391 968 76
581 249 825
126 713 9
847 141 91
28 685 484
321 801 399
223 41 744
911 664 741
51 81 821
4 633 890
801 249 297
123 96 129
521 566 661
531 403 799
971 417 473
272 101 652
617 148 593
546 39 389
352 201 742
159 545 76
59 375 582
384 85 201
790 165 531
341 777 936
623 881 59
22 353 195
564 297 814
518 361 461
241 756 514
851 678 866
525 626 362
326 729 249
97 577 283
661 557 804
377 995 441
966 111 598
781 151 49
481 201 373
615 116 691
865 697 458
236 449 315
251 469 285
76 529 441
102 137 151
585 933 63
99 449 733
960 329 650
391 444 921
169 602 807
438 401 465
151 121 445
728 617 834
876 25 125
891 107 43
512 315 466
481 145 701
265 181 161
480 929 272
141 581 338
745 890 971
917 925 637
49 9 747
89 309 27
841 503 801
891 841 321
537 409 545
681 1 687
818 425 595
751 70 721
973 773 653
762 805 757
247 613 399
44 601 705
216 321 441
711 821 977
601 479 549
539 98 694
496 381 920
993 79 871
808 373 921
551 713 169
641 691 259
125 425 391
173 737 751
737 185 973
922 644 161
544 46 957
753 680 130
87 197 773
944 841 529
84 519 81
893 983 297
381 786 881
267 649 577
923 153 481
696 948 953
829 401 29
857 201 801
101 701 331
95 376 369
592 200 517
251 799 17
172 591 913
693 37 779
681 163 269
7 887 115
992 621 817
245 70 5
357 923 376
63 365 305
602 408 963
961 833 296
401 756 101
330 601 50
331 508 765
786 946 331
594 477 447
703 841 981
31 605 201
737 693 993
649 909 571
816 973 561
173 725 757
199 913 721
901 755 185
193 569 121
498 642 899
147 545 969
903 931 625
169 232 849
906 205 939
69 829 795
793 935 411
821 673 221
889 929 297
101 361 121
631 740 708
87 433 941
982 71 1
726 299 483
451 285 80
181 313 892
483 606 261
649 561 381
843 581 157
841 76 699
13 579 509
359 137 945
191 349 674
561 98 9
741 779 125
625 891 681
976 129 526
921 129 399
173 929 739
551 13 425
396 801 103
816 785 589
309 625 363
619 923 43
663 291 51
901 126 729
905 463 705
433 596 698
982 349 594
814 649 361
802 833 342
921 241 49
129 285 126
881 393 538
931 415 470
17 756 421
345 401 275
759 129 169
982 474 619
147 881 542
833 253 841
676 881 4
478 897 33
785 897 81
407 9 89
124 279 82
957 65 249
247 95 394
606 337 501
136 961 771
68 667 851
361 41 47
161 217 299
89 846 423
221 281 539
969 931 973
971 378 214
151 9 465
426 731 897
111 231 809
450 787 126
687 585 749
896 481 252
451 256 349
11 554 241
401 987 803
151 869 251
953 571 855
155 695 685
964 101 43
679 301 721
537 185 146
803 625 845
40 805 651
1 4 553
601 471 609
955 477 713
544 633 692
489 423 786
845 140 941
362 776 97
993 306 101
237 753 506
521 981 870
993 541 599
595 844 960
951 296 587
246 363 829
565 659 259
651 944 511
315 557 362
497 913 43
391 569 577
206 197 681
338 113 111
104 61 714
201 638 216
297 952 781
364 112 236
156 961 625
661 403 488
13 724 946
500 297 436
997 186 571
301 663 962
367 593 621
631 641 656
249 931 505
553 90 105
595 936 100
159 615 232
740 881 181
66 565 550
223 441 89
227 246 737
444 151 110
661 271 472
621 176 541
356 31 72
659 769 101
217 210 16
391 756 1
654 359 541
722 817 897
927 781 41
359 101 948
61 849 622
625 545 22
318 121 399
798 973 871
487 9 71
761 301 857
683 873 529
340 102 941
401 146 517
46 79 10
502 865 200
849 69 482
449 972 735
610 471 411
380 396 461
477 689 73
182 969 987
710 253 932
177 927 777
221 481 105
214 861 321
105 961 11
979 125 361
406 597 522
161 360 749
601 419 606
718 487 535
116 1 785
57 327 390
57 301 481
708 521 999
559 336 935
451 721 437
289 796 501
445 153 185
253 376 862
25 886 107
649 881 205
557 185 481
345 791 857
397 211 587
530 531 179
925 935 763
611 458 703
364 66 401
420 401 425
941 808 396
4 791 817
99 451 938
682 11 366
274 832 733
232 9 810
387 649 301
523 1 582
181 923 681
241 831 222
470 721 680
867 265 611
393 987 581
511 201 386
542 547 51
239 701 114
313 912 263
421 392 367
161 223 6
678 726 733
290 293 134
193 311 69
891 551 705
661 531 776
313 379 894
376 241 435
697 541 326
253 921 815
101 302 643
467 801 847
975 131 537
941 141 309
31 991 605
569 845 51
684 345 246
845 97 114
305 61 305
505 333 189
33 420 476
334 539 816
189 969 561
475 589 337
871 251 789
425 373 339
885 465 861
297 361 668
543 411 838
86 249 681
475 751 518
435 509 925
513 589 696
464 321 291
965 794 27
751 708 935
9 393 421
77 782 411
423 435 176
969 101 601
213 461 841
513 193 410
71 175 556
296 329 715
141 609 945
626 751 803
372 67 966
733 712 271
787 132 561
910 51 5
1 481 225
803 601 661
529 827 350
828 251 219
850 119 651
101 423 9
589 459 309
141 721 229
184 569 721
251 888 116
961 631 601
76 364 796
881 386 161
681 360 805
491 681 701
808 325 649
357 560 554
937 626 329
385 137 631
397 155 291
993 121 444
340 402 761
401 601 41
1 81 905
357 506 562
405 801 606
765 777 146
494 217 136
56 307 841
251 279 686
41 37 301
481 499 585
705 557 313
504 72 860
545 741 529
356 674 641
673 205 849
313 585 201
959 277 377
447 153 26
370 777 439
528 406 829
381 43 309
43 285 641
599 305 717
627 463 33
857 417 837
41 750 292
333 101 665
361 207 63
282 908 915
741 512 651
301 376 473
833 132 986
831 171 833
873 249 32
845 821 3
33 180 687
85 925 694
131 981 171
969 218 481
511 507 817
245 769 251
599 277 970
673 21 428
573 510 481
775 921 41
571 116 819
371 945 154
326 461 338
235 776 201
985 857 24
622 396 670
853 673 261
569 826 862
581 794 727
739 1 701
226 766 752
657 97 383
705 465 669
681 11 26
921 152 206
489 601 611
297 591 636
538 61 825
676 29 859
617 965 431
377 534 524
121 169 501
383 171 343
890 657 409
249 826 225
693 263 864
885 473 766
113 577 418
364 369 209
521 33 231
686 772 181
959 81 159
195 957 73
440 269 827
55 921 193
696 834 122
785 177 301
655 871 603
225 117 133
769 205 467
924 729 697
720 729 744
953 362 844
901 966 281
617 81 901
649 166 685
575 689 233
249 721 937
975 117 51
933 103 679
891 541 796
526 951 526
441 861 681
578 177 901
526 205 817
16 581 26
51 529 704
433 921 547
161 128 889
251 152 629
691 433 233
657 738 336
226 965 905
93 928 980
287 273 225
241 451 726
777 379 119
310 806 831
251 717 674
841 93 396
964 964 995
1 748 496
269 462 977
54 756 890
791 687 129
941 961 501
737 621 217
192 485 375
201 639 392
220 577 918
498 341 769
28 910 57
100 873 777
823 591 301
225 553 887
31 582 505
76 821 938
151 473 97
850 363 201
181 649 881
429 11 397
329 526 18
337 569 216
246 91 957
681 468 866
417 341 801
617 328 52
845 539 597
121 552 913
431 531 809
897 667 845
221 663 851
268 863 568
770 203 372
63 805 385
586 41 398
297 993 297
985 37 531
721 377 106
801 97 237
103 434 977
934 977 313
648 987 769
393 951 297
399 521 856
81 401 31
49 358 233
561 207 353
747 303 501
25 77 479
295 657 619
801 741 807
681 244 822
131 865 675
133 381 350
267 137 856
601 7 945
164 25 971
669 250 1
239 627 177
116 242 398
596 291 393
271 971 538
989 49 725
809 839 405
689 129 265
65 976 575
133 931 697
100 417 993
266 701 169
966 487 917
71 413 869
422 6 856
442 461 881
57 575 96
757 489 571
840 1000 169
942 592 969
511 641 221
429 451 771
185 822 251
321 31 267
311 984 515
126 674 736
309 973 505
465 736 174
27 881 546
436 411 791
343 879 27
41 225 137
107 201 867
831 15 184
477 137 391
677 601 888
769 571 576
823 393 589
153 201 553
564 59 801
649 89 297
517 243 215
95 867 599
704 585 633
651 340 381
121 666 257
409 585 611
813 397 251
601 639 838
448 749 729
35 470 766
549 510 321
325 281 753
359 941 881
29 536 841
634 488 969
599 533 73
101 135 873
353 560 624
151 284 783
357 575 441
252 821 951
94 921 458
31 929 551
657 111 725
777 307 409
563 664 89
749 633 426
575 307 592
812 597 501
913 903 267
808 553 971
761 861 401
625 111 923
162 58 274
967 415 33
476 561 451
629 901 881
269 657 654
201 527 802
511 667 97
297 60 631
76 777 797
999 36 251
281 81 761
939 785 249
646 208 814
284 905 143
467 373 559
305 67 976
656 801 980
703 101 294
539 301 801
863 888 377
771 159 101
5 19 809
765 577 6
152 335 545
228 83 439
414 17 206
698 605 663
647 599 443
341 377 594
801 127 328
882 897 485
753 406 451
801 641 745
31 484 573
285 335 485
777 471 473
881 726 769
338 401 301
641 399 364
529 401 726
699 63 99
747 616 481
713 705 579
790 646 151
461 113 33
596 1 924
841 609 798
796 175 371
247 176 147
957 985 81
329 99 746
691 851 591
623 196 301
593 581 542
717 617 935
937 617 657
341 171 935
834 561 417
712 158 837
574 713 909
558 101 341
297 826 647
921 207 480
152 467 808
287 421 189
940 973 133
477 411 296
181 709 1
461 313 81
565 886 619
169 395 73
186 229 611
412 300 916
19 404 599
602 788 241
928 936 671
927 307 18
615 416 321
769 999 761
530 881 871
830 306 261
239 361 282
345 261 101
769 171 344
455 513 81
912 941 15
105 839 380
258 511 389
501 322 331
106 813 561
256 551 771
779 997 571
377 187 477
921 965 73
101 697 846
769 17 31
385 777 455
722 583 641
889 645 106
713 881 777
31 493 805
701 201 883
126 41 33
464 517 167
105 613 601
41 1 313
705 612 401
644 856 218
553 990 324
319 147 177
361 501 425
438 217 993
305 445 803
375 441 991
701 931 269
952 109 81
474 537 686
655 685 761
687 69 9
969 500 165
281 501 183
777 893 141
593 129 177
209 804 941
200 151 231
396 168 753
221 905 634
656 566 296
749 808 251
775 738 902
241 99 566
541 219 63
776 231 961
645 661 446
659 653 425
760 575 173
121 731 495
616 100 681
931 131 163
301 429 916
177 307 2
361 673 246
617 297 412
333 813 620
974 624 261
683 966 474
107 513 652
201 814 618
601 122 512
163 945 836
565 761 199
354 201 369
811 534 971
629 922 819
188 806 795
25 201 631
373 121 217
607 351 443
929 831 873
183 745 461
509 677 322
161 21 851
553 53 833
363 553 450
668 351 321
225 701 463
38 601 49
821 671 514
317 551 413
258 141 754
381 584 3
164 641 49
145 63 862
255 786 105
873 76 385
201 201 593
577 405 107
499 749 653
626 828 542
601 479 111
257 729 509
153 897 205
271 141 419
865 19 607
105 181 913
641 276 601
561 226 691
157 673 291
661 135 186
757 21 539
612 630 113
461 825 607
734 331 999
501 51 209
758 489 919
312 668 781
356 867 59
653 811 201
73 731 333
873 972 771
944 79 586
69 865 469
401 922 681
651 320 373
568 165 222
221 270 727
239 78 71
765 549 361
260 1 181
411 596 726
285 321 466
331 569 497
13 651 271
191 185 801
335 817 241
51 101 30
593 127 366
965 349 961
658 601 789
571 961 589
326 275 761
445 83 955
441 185 594
167 916 80
592 1 550
865 841 716
59 477 809
281 641 633
939 1 403
745 56 681
415 41 390
816 222 290
173 360 29
731 977 945
393 519 693
849 481 96
683 545 969
885 731 961
873 173 665
1 206 657
331 199 825
243 1 965
305 553 485
583 637 963
457 41 429
501 185 691
805 621 194
754 568 35
155 57 241
611 706 785
601 701 161
515 661 755
545 987 623
248 185 857
401 41 175
573 93 505
32 945 243
717 568 516
184 101 703
33 429 149
961 303 721
533 244 242
414 811 418
377 161 481
391 561 891
940 964 95
684 465 240
666 937 682
961 205 558
527 619 577
225 856 309
41 185 773
369 401 895
493 41 38
399 188 121
649 73 836
442 49 183
426 750 786
551 690 188
75 1 785
65 593 451
279 195 725
945 165 557
577 367 551
721 9 109
751 307 651
809 574 633
158 196 561
281 836 725
879 9 341
881 924 151
465 207 980
638 809 645
609 801 488
209 985 401
221 631 174
77 118 191
69 641 201
241 867 713
853 261 781
143 273 837
441 588 331
387 899 405
651 304 889
211 525 146
645 966 703
276 209 26
541 400 841
33 153 948
977 336 733
300 616 898
265 825 889
86 495 529
251 923 881
375 679 137
931 242 631
435 821 41
439 426 940
150 673 677
873 213 270
905 49 6
145 401 277
393 885 961
1 557 873
915 271 653
1 531 445
37 935 301
730 694 751
396 957 751
265 173 727
104 361 137
653 711 531
93 531 839
1 633 249
497 17 97
373 583 71
965 277 168
893 301 643
96 745 465
45 774 961
211 65 8
757 593 321
458 515 761
193 441 56
317 160 121
721 172 41
669 976 135
655 291 571
834 441 719
549 629 25
729 745 931
137 291 481
679 451 930
561 649 643
57 361 761
133 393 527
905 217 681
193 346 866
640 119 819
576 628 318
791 785 57
351 456 376
921 645 673
401 251 497
585 645 328
502 555 396
757 870 486
760 688 553
58 901 476
531 357 713
601 126 161
861 937 645
745 253 443
511 271 577
841 851 61
1 28 289
756 728 697
781 527 71
306 461 173
683 842 847
351 413 916
135 316 958
17 601 735
633 661 163
79 441 481
35 879 437
441 641 325
726 933 35
613 758 889
515 604 337
561 725 486
12 231 545
1 245 345
701 233 341
781 351 941
101 161 761
301 131 186
293 343 291
801 562 321
313 461 301
565 397 777
605 329 115
603 596 144
241 945 945
127 419 17
561 803 181
152 796 586
241 655 201
239 615 907
315 412 825
395 693 523
633 307 547
526 648 193
461 811 559
827 629 833
385 333 753
307 915 195
251 51 889
341 669 346
951 649 633
587 101 9
325 64 137
591 911 551
721 873 291
931 461 93
804 334 924
259 321 397
277 199 659
79 793 630
39 921 873
375 642 885
741 86 121
457 721 89
683 362 927
201 128 14
121 833 721
905 764 883
997 719 251
717 114 409
432 667 662
968 381 529
833 397 629
265 763 816
183 53 561
429 127 529
21 945 671
715 761 183
197 567 193
689 407 601
426 760 932
206 391 795
226 335 243
689 76 618
900 781 245
561 47 802
957 281 353
616 583 143
301 130 199
613 587 806
971 441 1
777 302 311
118 201 1
721 721 181
111 871 146
858 183 173
317 813 871
825 25 50
701 976 11
61 278 799
521 238 238
401 203 561
345 771 731
871 993 671
513 301 246
735 611 529
681 657 741
566 862 742
211 811 845
900 836 441
491 605 529
69 790 773
452 170 177
307 866 831
929 897 351
171 437 292
873 239 605
961 667 863
208 941 186
511 853 871
642 697 735
235 731 363
121 289 177
141 967 753
619 787 488
185 103 101
765 393 933
366 231 915
431 374 611
776 837 201
235 801 37
911 530 741
275 866 304
697 901 195
995 704 610
461 791 481
563 931 741
287 156 41
561 177 417
649 45 981
61 553 872
774 74 181
787 26 185
457 121 531
200 657 401
524 226 237
251 141 600
873 365 592
935 913 57
541 531 98
801 31 737
951 681 130
29 597 121
234 916 966
937 881 403
40 201 273
391 623 842
721 871 45
841 519 119
161 623 966
155 687 281
485 156 833
906 119 935
121 445 676
395 295 181
233 789 177
197 651 556
232 285 809
945 801 261
845 441 141
705 729 315
362 721 122
665 727 907
751 831 148
851 173 481
438 1 116
801 23 999
93 646 523
325 961 126
851 501 291
655 101 628
569 531 811
217 593 571
951 969 161
139 771 69
753 527 983
541 128 533
893 854 657
381 353 985
89 451 376
225 769 640
319 65 801
573 886 477
81 595 578
879 553 451
83 415 526
537 330 477
513 841 137
551 873 909
429 201 681
645 456 466
691 520 926
641 624 169
421 381 231
229 778 161
151 841 430
1 945 295
801 136 281
576 330 546
477 367 396
321 759 995
274 722 60
145 801 811
913 531 174
466 693 850
340 791 657
369 118 373
439 190 186
401 579 225
273 915 763
767 876 73
321 153 73
161 813 150
781 847 694
51 611 487
457 817 61
548 373 281
481 685 162
630 371 936
493 249 1
874 299 515
375 43 51
249 426 528
49 253 1
73 671 299
986 901 756
639 365 649
5 296 856
621 691 72
163 563 481
51 979 639
321 696 626
537 531 596
211 806 271
66 899 506
709 429 41
128 429 305
45 34 21
24 19 462
624 877 497
933 570 10
245 646 116
849 21 419
219 441 492
701 871 778
601 61 501
647 682 358
215 61 265
769 857 886
891 195 731
581 385 231
115 707 543
547 596 153
185 891 249
656 158 37
123 28 276
486 363 425
985 741 145
653 600 473
212 83 959
121 853 522
461 924 966
425 220 861
953 420 261
444 75 649
221 921 842
945 51 509
570 301 413
981 1 176
753 343 336
209 429 704
129 709 653
977 141 904
509 676 911
816 885 581
103 341 797
365 269 571
673 807 607
711 897 979
661 951 676
501 889 405
376 424 811
141 706 491
637 497 713
529 962 434
709 516 77
367 497 530
414 811 141
729 931 71
726 703 801
649 49 81
390 427 976
298 323 957
317 127 244
927 284 770
849 361 799
577 801 503
474 41 211
573 782 569
836 629 101
377 901 895
929 96 631
701 851 625
751 233 585
965 631 484
254 261 723
465 778 778
361 857 773
116 921 953
296 201 86
291 95 616
413 125 438
76 181 35
38 407 529
91 921 58
106 533 375
489 113 896
457 51 143
993 855 101
233 460 821
372 13 759
261 95 711
81 133 226
253 529 361
297 127 181
501 626 336
513 827 521
359 85 562
705 973 118
891 697 169
847 705 932
693 891 946
281 376 653
733 481 237
251 875 175
73 501 501
364 877 983
353 117 675
397 966 531
169 673 763
77 167 51
25 365 785
151 951 859
601 753 546
311 441 359
938 960 749
79 376 635
351 223 41
108 408 615
710 761 485
808 193 881
176 561 533
241 225 357
237 411 541
929 483 524
207 963 344
489 929 479
521 197 483
121 835 885
269 531 336
925 699 58
201 961 181
110 785 265
41 277 851
321 974 601
401 241 176
651 777 603
730 451 930
518 303 36
15 243 73
601 861 543
611 165 661
738 873 629
99 366 488
51 790 217
241 681 273
577 501 991
461 765 409
880 208 201
746 871 801
685 48 221
41 344 729
475 929 597
701 341 713
643 585 127
751 517 769
155 73 451
251 376 633
434 545 420
801 175 121
769 533 765
253 651 485
337 215 161
588 697 691
592 885 805
831 675 455
209 50 401
663 51 129
193 631 906
7 978 417
83 852 353
245 815 337
561 613 643
827 889 161
41 587 355
90 841 880
433 847 841
810 757 361
181 453 521
465 205 801
16 753 865
151 530 91
657 409 945
153 449 607
609 721 327
976 853 650
675 51 351
369 845 636
417 929 1
571 937 859
697 881 201
516 341 931
181 897 409
873 73 977
301 405 601
817 195 786
501 357 381
91 541 405
883 221 992
177 317 648
725 209 743
281 604 983
409 373 911
912 861 379
237 551 955
912 411 22
375 193 891
73 809 755
13 645 9
376 461 962
45 961 307
866 212 49
929 585 93
734 172 11
487 171 951
193 845 535
673 477 141
39 232 477
521 359 851
569 633 591
5 26 439
849 402 73
945 159 749
889 113 891
225 251 341
469 135 193
881 201 881
972 679 111
398 469 876
757 951 145
583 910 498
841 673 566
619 609 811
29 491 915
501 617 41
640 541 743
577 985 481
491 461 281
21 51 1
599 16 603
905 729 891
81 66 993
893 41 842
579 341 841
44 329 801
932 208 737
631 681 105
899 386 641
188 51 251
102 151 651
9 693 611
527 201 769
449 741 99
919 246 493
861 919 127
863 251 415
287 441 621
145 561 877
781 831 13
155 772 31
241 901 91
286 931 185
923 661 337
363 631 50
941 338 801
147 689 451
893 1 429
733 353 919
761 49 705
158 805 287
701 842 55
995 394 695
579 281 422
869 811 905
191 692 609
61 830 206
866 567 471
319 741 319
342 476 773
584 461 358
606 577 596
5 847 194
323 536 723
947 109 816
703 948 187
673 361 337
221 847 281
593 678 641
241 297 759
159 983 841
135 396 217
89 101 407
169 201 689
147 621 845
83 333 731
537 973 533
581 401 423
641 68 237
321 71 225
45 625 495
943 126 942
179 41 185
136 376 297
351 286 305
641 615 969
480 455 520
765 812 807
661 882 589
161 745 213
315 416 953
696 706 131
949 526 53
425 437 985
9 651 907
165 169 371
657 881 483
709 865 851
665 151 231
881 82 153
821 440 153
613 433 117
301 684 997
611 290 639
321 284 613
409 761 321
230 411 939
131 716 388
647 311 321
41 559 19
723 189 154
682 994 657
617 681 761
435 877 827
489 595 41
333 312 23
991 865 451
259 951 196
935 551 286
515 103 276
109 889 21
745 183 545
951 551 646
181 905 921
524 329 187
904 340 148
673 105 129
277 385 997
691 893 291
541 9 776
617 908 368
952 705 426
832 801 483
426 22 23
137 942 881
420 526 515
665 851 321
929 871 164
281 975 297
219 93 981
841 299 881
902 201 301
654 946 421
409 713 703
19 527 255
88 957 495
78 612 911
649 493 865
697 1 265
977 737 151
19 822 458
561 49 809
107 389 486
721 243 399
83 693 172
633 324 649
225 717 448
735 57 381
833 603 57
254 457 205
597 205 558
65 315 670
979 79 117
535 33 11
465 685 661
848 841 135
701 361 481
113 503 316
756 1000 961
225 670 543
145 271 93
769 281 321
747 121 631
865 895 91
524 726 131
476 752 177
516 1 467
641 521 311
601 333 521
996 380 71
373 662 813
151 1 573
36 213 593
799 294 213
763 651 783
227 181 581
981 571 387
281 101 203
39 625 466
253 327 31
1 726 779
321 279 541
861 629 71
103 377 226
11 281 614
676 313 479
725 20 475
188 731 866
501 580 479
241 697 793
626 898 937
420 85 536
886 219 92
203 273 191
151 82 681
57 969 944
251 551 309
731 703 89
981 587 617
729 981 397
111 723 509
380 709 121
916 533 181
471 229 65
661 262 849
852 802 243
847 113 913
426 341 580
833 521 101
662 853 926
540 961 774
718 996 905
499 506 711
331 699 819
257 715 745
110 625 890
183 201 90
121 759 669
501 935 435
427 409 539
201 331 473
801 558 549
134 385 385
184 771 979
49 439 103
711 51 520
579 253 562
176 201 950
22 701 549
56 413 51
51 246 189
991 161 601
908 196 835
665 786 290
241 185 186
613 372 905
414 299 146
726 259 921
315 977 632
833 105 833
985 881 433
433 619 299
655 19 547
306 863 783
439 873 729
871 426 461
133 449 201
808 194 825
295 893 769
343 679 619
5 901 673
948 577 306
24 75 936
599 621 967
225 984 878
951 830 876
529 971 857
481 313 79
773 446 557
346 189 251
443 941 811
691 799 683
247 401 33
642 152 130
674 629 961
223 926 687
702 348 732
919 748 839
787 346 381
338 1 460
1 185 531
583 35 649
805 721 71
167 121 481
401 764 713
423 1 386
169 209 828
954 939 491
948 535 312
596 269 698
732 801 953
521 112 249
335 603 509
277 486 1
185 822 730
441 301 281
521 823 537
821 285 401
620 689 338
435 271 591
745 691 613
129 593 821
937 185 766
442 273 930
414 241 925
333 956 163
166 777 534
581 857 939
371 853 20
919 633 806
986 315 961
851 809 565
656 369 88
132 199 508
888 65 536
289 761 422
209 216 70
761 765 601
1 562 761
77 786 101
273 123 529
961 912 557
429 455 943
821 875 369
393 497 744
11 927 712
106 753 911
326 640 189
1 671 560
901 471 156
801 533 412
985 681 465
401 878 61
805 437 497
824 755 860
509 62 804
76 896 471
571 305 503
117 577 193
363 211 935
641 126 361
387 257 793
865 522 476
349 489 578
206 201 497
769 901 198
105 273 537
633 746 457
495 721 337
331 877 13
913 185 681
37 879 543
801 595 383
713 505 947
355 793 710
977 684 773
551 841 345
133 973 213
857 194 116
23 234 887
411 242 51
928 373 842
613 561 576
874 705 129
141 101 356
970 241 329
716 881 672
165 65 896
493 628 327
114 866 927
689 928 817
793 451 225
777 85 601
331 764 776
555 861 854
346 737 454
340 79 776
167 212 842
329 291 785
667 65 565
515 453 261
435 785 429
740 701 801
863 167 731
146 815 473
984 109 217
474 451 131
54 222 721
366 713 621
365 241 127
65 781 283
282 966 153
841 894 136
695 282 276
189 971 741
736 547 447
997 919 501
195 785 328
385 381 449
713 614 433
985 11 441
641 518 281
990 814 637
126 466 889
392 633 279
443 377 664
55 669 362
60 162 441
667 355 711
637 465 733
454 885 946
905 576 155
854 693 444
425 822 520
953 916 535
966 737 221
868 775 721
73 3 927
353 783 203
563 191 769
516 781 639
113 587 875
221 355 404
77 557 253
867 789 585
508 636 672
501 113 701
633 463 889
101 494 885
557 688 832
191 133 601
361 517 480
187 361 429
961 23 540
645 39 351
117 459 991
631 689 639
997 525 193
801 466 421
511 481 577
836 138 945
526 585 691
472 905 901
325 249 241
517 943 546
77 781 370
701 358 91
543 241 971
68 311 15
521 913 969
585 905 551
341 601 62
196 649 243
689 401 769
121 89 691
841 729 901
471 865 846
995 317 736
221 923 468
306 122 745
551 233 936
216 374 853
573 492 860
664 34 115
177 817 769
276 551 34
853 108 561
927 173 250
605 169 486
437 602 33
562 862 961
661 29 976
177 625 801
201 701 243
448 466 126
453 801 853
759 137 238
996 975 30
378 2 57
405 497 125
969 161 16
615 345 491
539 246 681
917 409 377
85 251 673
507 228 551
857 481 931
197 470 115
851 286 693
957 378 449
701 601 49
950 251 41
525 664 753
31 226 296
969 906 807
865 337 401
601 997 407
440 581 297
893 93 116
500 207 343
417 389 33
269 980 185
261 620 426
143 318 85
316 601 535
201 271 273
737 672 123
841 331 356
351 51 693
600 744 111
452 209 191
473 444 551
385 441 526
717 666 886
315 21 649
305 177 305
111 201 708
681 911 553
324 706 881
913 245 779
706 201 321
252 657 285
609 301 921
577 73 251
505 32 697
759 729 331
649 643 945
305 63 102
402 469 697
687 45 300
258 667 8
114 51 301
481 827 38
309 976 932
775 809 249
273 880 245
133 554 735
15 821 226
113 68 160
337 33 545
596 741 81
201 1 33
909 847 105
674 527 243
796 741 789
371 349 137
217 149 773
861 666 813
601 825 72
813 403 340
121 51 337
545 469 837
976 427 275
1000 745 5
675 551 778
411 787 781
431 825 631
437 1 741
528 473 201
341 621 29
351 428 291
385 41 937
647 6 568
70 201 665
401 649 625
997 501 54
153 1 685
932 661 799
437 311 57
143 582 545
313 215 497
366 501 419
796 603 695
33 901 283
927 481 265
496 481 23
913 327 159
241 524 636
295 76 317
825 677 981
150 545 533
591 930 113
386 745 271
784 363 800
49 591 521
35 368 411
714 261 351
61 208 319
561 529 159
47 242 296
446 141 751
126 597 401
861 899 799
633 638 89
189 106 673
827 73 654
387 271 385
901 901 1
413 609 600
366 531 241
937 741 481
789 372 905
387 20 477
11 370 487
843 576 743
345 577 63
76 35 89
313 663 197
949 701 62
439 449 768
251 986 865
117 913 849
762 881 289
485 173 609
521 21 49
553 961 567
946 197 269
419 140 301
336 159 68
210 480 529
670 415 865
488 679 157
930 327 865
481 9 865
401 881 325
1 337 706
11 773 775
1 49 316
751 641 206
723 873 740
849 337 526
633 156 81
251 923 877
274 62 675
577 705 151
203 881 749
615 215 365
921 251 687
315 9 644
714 809 257
386 247 980
907 1 287
408 651 906
979 668 188
691 776 633
127 945 57
121 627 331
411 581 625
485 455 311
827 891 659
57 725 521
893 443 631
721 828 426
81 217 798
237 57 430
411 353 876
936 361 41
509 985 62
759 149 886
683 95 257
495 115 49
509 501 56
572 521 757
851 415 801
913 777 313
920 959 236
965 751 183
862 68 359
621 609 801
735 951 257
330 433 71
382 401 893
133 188 269
15 499 1
213 679 585
101 761 951
26 287 281
932 625 501
471 641 105
161 861 161
593 681 729
31 121 185
801 915 657
241 223 161
721 255 1
378 821 882
89 936 429
191 507 971
869 778 103
456 999 654
353 781 49
645 758 878
526 129 56
45 625 39
511 474 409
120 391 743
609 265 413
961 626 471
565 902 217
321 541 821
282 696 481
969 723 301
326 473 118
689 965 633
759 803 849
738 23 293
356 66 939
866 177 656
355 816 778
536 564 426
605 357 793
933 317 751
656 183 769
541 424 565
271 931 113
679 471 27
199 231 419
923 647 267
905 89 373
635 9 319
237 697 540
707 99 655
511 281 305
953 841 715
573 947 876
123 171 625
441 297 745
141 809 721
376 48 293
451 589 81
3 643 168
38 501 731
227 991 51
877 6 393
401 721 229
693 111 805
365 917 489
13 345 468
817 397 121
345 801 789
195 69 319
409 907 465
789 471 607
629 687 630
377 961 203
61 497 551
45 371 359
406 161 125
133 301 865
897 847 545
819 472 317
581 846 705
97 853 217
641 731 881
711 121 919
891 95 121
661 465 571
141 253 797
926 384 682
369 293 681
889 217 169
496 415 973
25 353 898
976 26 345
593 517 543
801 57 265
569 585 22
61 989 633
251 204 397
349 779 585
510 724 471
35 555 923
826 438 907
133 405 577
304 721 76
709 907 405
600 923 161
325 511 141
169 765 677
951 28 761
509 521 333
501 877 45
985 701 543
9 868 457
165 74 961
928 491 463
841 915 845
499 993 469
641 593 113
339 549 853
50 592 631
251 153 801
606 724 1
41 337 659
801 681 833
576 999 196
81 482 951
