471
1379 2804 45
6861 4144 42
1507 7792 85
957 4710 54
5810 2559 35
6751 3413 17
8539 7743 89
3677 1687 93
7493 8474 44
7588 6375 98
6713 8802 72
5505 4020 22
5090 7749 77
6 8656 61
916 210 80
7597 4386 12
1294 4574 31
7048 4124 94
1667 5822 77
431 9321 93
987 7508 79
9546 7848 44
9235 4649 87
2698 9517 63
6287 3216 78
1418 5675 36
424 665 22
1268 1372 51
1126 6737 80
6205 9269 90
2041 1117 4
8546 6536 34
329 3303 27
5086 9224 21
566 5679 94
7602 2246 85
9504 2947 63
2166 628 99
653 2907 11
1578 2408 27
5974 3533 88
3261 8614 72
9357 175 21
8368 7303 36
7516 3462 82
5841 1202 31
8106 3108 2
1817 8501 77
5120 9503 31
8501 1263 69
2081 1579 39
8471 3617 53
1165 729 2
9148 4 53
6877 2492 39
8781 7339 10
1382 3215 48
3206 2097 48
8091 1131 18
2276 7370 37
287 4946 88
7194 3792 47
490 2572 38
2547 8315 78
1868 1140 91
4341 733 22
7334 3225 19
9499 1100 92
1182 2023 37
7139 9587 82
7734 610 18
625 8169 80
7738 839 65
2427 9768 33
1828 5461 87
1344 4199 56
9563 2709 83
527 2571 89
2460 1934 76
1678 5966 14
1402 7222 59
5077 156 74
1448 7248 92
7358 43 13
4156 5979 60
5264 6172 77
6619 4837 92
3350 9622 4
812 7362 91
6323 1527 93
6987 5283 83
3154 848 45
1226 9742 5
8455 1550 8
3156 8319 65
2489 1217 100
7620 3251 39
1739 3608 70
6906 343 58
6527 6832 44
7443 7332 69
4876 3099 7
1710 1787 47
91 2339 96
8584 9265 44
8725 1351 55
9653 2652 34
7210 6489 42
7064 2571 13
6313 9971 22
2020 536 29
1412 358 97
1925 2042 21
2590 3468 3
4767 5172 47
3501 5646 98
6830 1682 49
4381 5930 30
1028 3019 71
5711 4101 85
2457 2753 99
2264 8516 91
6162 4391 17
1286 9765 7
6431 3772 29
3595 4598 20
3407 2830 83
9020 9568 82
6136 5787 23
1798 7169 56
4187 9039 36
1622 9049 83
2664 9250 3
7914 7508 94
3022 6478 42
6544 5949 48
9546 8594 75
1506 8185 74
7096 3532 25
5189 2775 62
6395 8496 38
5397 2002 35
8249 2938 62
8081 7828 89
2009 7492 15
4266 6101 77
3007 1487 10
5291 898 2
3836 7397 67
4010 3012 8
7792 4088 12
2461 8944 53
2197 4627 52
2700 5393 29
5096 7985 44
503 4434 59
6166 9749 98
7246 3618 79
9732 9681 1
5619 7506 69
130 4116 45
912 2976 73
1743 1275 40
3097 783 94
7301 984 60
1509 2246 46
3837 3202 95
2151 2608 94
3046 7827 65
4764 5639 94
4389 5373 81
954 616 21
7244 3227 32
6540 9728 15
9428 572 27
7120 9424 78
2830 8011 21
5199 9039 54
1407 2281 15
2033 8624 67
8670 2748 48
2689 6388 88
4183 9731 27
1339 3823 32
4536 8512 83
8409 6102 59
307 1079 84
1085 3053 10
6775 5984 52
6759 4520 30
5738 9857 7
1367 6831 62
4776 55 99
5647 1437 73
1952 1106 84
9552 1882 70
5122 8575 91
7477 4744 84
4835 6817 78
1912 3586 56
1205 715 39
4362 7929 45
1573 9239 23
9392 6084 33
9842 5108 3
2294 5604 99
1723 2278 80
8487 3234 76
5259 5560 73
663 6580 90
1175 8507 23
550 1231 35
2604 5728 31
5513 880 98
8130 740 43
7375 5451 2
3673 849 44
5878 4059 99
9821 8019 52
2529 6176 46
7913 3622 65
1584 1841 65
7386 7284 33
943 9149 15
2179 7404 29
9981 5199 47
389 5307 78
7731 5619 10
439 3663 52
5891 1060 7
5656 2354 34
3660 4429 8
7535 9155 43
6340 8743 66
9119 4450 60
144 1444 87
4967 853 29
5164 7320 71
3656 465 29
3278 8851 19
7098 243 61
7801 3562 5
5023 1067 94
5811 1783 28
222 8857 93
298 9312 81
7144 3619 62
1201 971 67
3506 7294 5
7931 4295 30
9326 8636 26
6315 2243 24
4246 6639 87
6656 8117 95
8522 2227 22
3556 6502 78
5835 3643 65
6993 1296 15
1367 4448 28
9128 2080 17
5340 718 4
613 9712 36
7221 6718 24
3595 4953 84
3548 2562 8
5842 6152 87
1772 1351 35
993 1311 80
2241 4468 24
2516 8418 30
4403 1555 53
2655 1834 67
8609 2451 56
3932 8138 54
4400 4658 11
304 8465 69
2187 3022 41
8652 5902 93
2162 3976 66
6282 1800 55
2089 5486 60
336 2388 39
9852 3786 8
370 6508 45
9284 4610 33
7935 1739 77
5348 5127 96
2317 738 90
1703 1002 25
2706 1766 62
9005 120 64
1690 2012 41
3528 7047 42
3765 6149 35
6641 6987 20
2444 8172 38
9379 6801 87
956 6005 41
3010 9612 15
12 2653 78
6297 5561 40
4440 443 92
9954 5541 81
3375 2016 72
8681 3488 23
5482 9004 53
5025 537 88
196 9044 61
6941 4712 59
5975 4560 80
5399 7595 80
1682 5321 54
7175 9514 20
7965 1688 36
7329 885 67
6303 421 79
7084 7176 88
2405 6332 19
1952 3830 21
4867 6903 78
2672 5396 48
2250 9194 8
5087 4939 14
2575 8508 1
948 2784 66
5721 7211 87
613 4882 70
4840 5840 56
4862 1416 83
7178 1927 91
2283 6090 99
649 327 27
7847 6573 95
4814 9099 91
6959 9824 53
5032 9659 7
1433 3876 5
4586 8168 55
5818 5446 99
3640 6408 78
3466 3246 95
5923 3360 59
5263 9365 43
6528 5958 4
675 9913 81
8634 4396 69
260 2836 94
3242 2246 44
2246 9576 74
5306 9681 75
4772 826 42
2750 8783 64
8559 9183 55
3696 7779 69
5670 2545 68
2623 7018 93
2392 6434 77
6187 7737 20
8183 9531 98
9943 9516 5
6755 702 88
6341 6388 33
8847 6970 76
1103 6004 9
915 5543 83
3008 1481 4
1650 1978 53
4514 2069 2
2379 580 38
2484 950 44
7204 7154 13
2467 6870 67
6826 5241 38
3176 68 41
2514 7116 37
5548 8567 42
1431 6436 96
2032 7720 51
350 6337 83
8457 5365 90
5449 9883 17
1206 3728 52
5370 473 83
2037 1665 91
3338 2243 25
6988 1195 95
8312 7602 9
2963 8109 16
428 1028 82
7586 8425 84
6289 1934 80
2512 5657 17
8747 2636 46
3219 9636 97
6852 2226 34
4327 7548 50
7300 3345 96
7717 9919 98
913 1453 41
2613 8054 82
3957 8091 74
5056 445 35
1110 7222 30
7726 8020 52
5399 8449 79
6206 9380 8
7497 3321 89
9072 7813 90
745 8051 36
5253 7716 94
5270 3572 80
6743 8284 15
5150 9000 13
4626 5649 4
7658 2845 75
4401 5110 59
3449 9834 54
6710 7496 69
9312 3030 80
99 3006 16
6471 7967 21
6133 2433 72
9755 3268 27
5675 6062 44
4221 4409 54
9997 8001 77
5796 4556 21
1416 6872 49
2115 912 64
3124 8131 82
3990 7872 25
7416 9621 28
1073 9039 22
8358 8599 77
5432 2697 74
5217 3645 61
2568 685 43
6206 2922 100
8443 5093 38
4721 6023 61
1314 5709 58
7266 8215 73
2500 3283 98
6570 162 54
5886 3432 93
2180 1246 100
3434 7116 68
4345 9109 28
3958 265 90
390 6979 5
3699 8309 90
2518 2516 9
6947 4250 75
1838 2618 63
7451 9347 36
2625 7427 62
723 5198 31
731 5585 65
71 447 12
5451 2079 78
6552 4782 53
4439 9534 51
9705 2730 88
2611 3050 6
5557 8040 5
5854 2362 49
5107 7186 32
8883 7110 98
3332 9829 60
6462 9245 2
1472 6950 33
