3072
243 730 441
551 508 751
733 487 713
1 121 699
729 925 843
634 836 421
85 621 873
481 21 13
596 35 616
940 501 837
777 553 987
741 297 423
949 981 95
267 462 351
576 705 257
795 981 201
508 385 81
911 359 481
632 48 619
874 72 944
246 791 352
356 85 857
891 300 359
781 533 161
973 109 446
341 413 537
49 145 941
377 271 831
290 529 995
717 153 301
741 781 339
121 681 446
373 41 413
634 463 521
769 673 726
247 101 939
237 28 541
449 531 419
793 222 395
213 474 351
401 731 651
777 151 471
373 937 461
353 101 491
521 146 874
698 751 657
556 449 141
123 449 261
207 847 274
269 233 97
524 945 641
781 415 157
936 725 53
541 453 715
231 197 972
586 451 845
458 658 132
341 227 329
31 81 219
907 855 926
73 738 611
521 776 453
191 21 713
443 877 837
897 421 601
125 661 381
317 307 807
785 13 65
65 416 849
908 471 258
339 721 470
183 265 163
369 887 916
823 1 256
385 479 907
1 417 65
294 121 141
566 353 396
495 569 61
841 201 437
754 345 693
978 147 246
976 210 261
795 171 62
89 245 277
585 985 401
346 841 41
411 382 377
405 495 361
233 345 705
865 898 611
433 260 877
901 437 681
805 485 550
421 826 695
866 551 776
683 697 199
528 153 607
141 181 262
600 344 789
515 39 199
921 845 265
94 226 131
281 5 634
706 569 633
463 895 595
23 433 490
341 717 941
533 275 635
745 617 901
414 828 169
531 7 913
245 367 138
176 73 541
142 553 241
816 606 475
429 185 461
867 748 187
609 993 625
5 361 649
453 546 584
419 801 921
27 329 454
421 686 249
336 193 633
406 323 92
647 521 150
295 691 801
515 973 200
603 625 665
25 65 729
766 240 542
981 235 121
801 961 61
353 778 57
209 814 597
953 511 715
796 621 385
527 175 89
661 266 389
501 697 430
4 306 433
380 625 921
417 176 465
411 964 695
643 821 480
676 961 465
751 965 385
43 719 487
229 531 940
643 779 396
577 781 674
761 619 513
721 305 385
963 192 732
565 321 601
203 161 925
108 896 351
601 291 886
180 721 101
413 419 697
885 1 137
736 696 469
885 576 146
432 225 229
131 275 583
241 691 373
731 895 739
933 248 221
821 240 926
386 828 661
453 301 235
281 385 81
101 635 801
761 325 377
640 751 226
697 440 95
961 826 105
721 481 89
761 553 307
731 730 663
289 526 415
958 61 765
353 101 521
409 757 384
809 646 520
401 369 31
11 452 985
619 485 87
529 621 301
828 919 741
663 479 712
791 476 909
809 876 601
737 179 567
660 734 80
497 275 235
809 909 398
23 77 401
684 96 106
883 61 977
752 151 497
575 389 911
280 1 401
833 718 993
536 321 444
256 447 833
361 446 25
393 666 477
652 517 105
481 951 966
93 117 121
801 218 993
394 849 492
686 729 945
429 201 165
147 671 356
89 75 441
9 413 824
318 77 147
341 173 245
199 947 972
721 523 199
333 76 381
151 501 811
369 205 545
45 1 825
821 36 873
165 138 924
401 609 681
420 921 367
655 461 997
231 501 169
536 338 363
968 919 670
700 780 903
551 934 753
24 224 989
893 950 81
243 86 228
721 861 561
201 92 351
277 617 343
50 176 546
21 216 825
341 665 561
88 981 401
691 615 497
169 910 872
673 916 507
801 955 777
452 381 988
376 780 325
401 740 209
601 109 9
686 193 89
167 384 93
237 986 477
69 287 589
933 161 204
281 601 351
50 521 905
625 145 360
773 41 613
366 733 442
19 641 946
398 316 533
286 383 449
32 926 761
898 201 289
704 605 646
271 190 601
927 215 581
663 501 625
816 409 871
601 937 741
877 619 825
946 621 111
706 157 553
479 846 323
151 479 566
289 965 213
474 521 801
561 197 959
431 627 645
720 520 453
702 123 657
427 89 161
179 124 691
562 882 93
626 923 484
471 504 511
585 585 121
697 787 437
1 707 435
791 297 723
665 221 501
778 702 426
733 709 133
524 385 31
726 401 657
304 425 679
440 385 171
598 5 649
251 696 196
351 893 801
712 426 548
453 489 177
531 621 259
841 857 137
545 80 81
887 449 871
801 321 452
209 409 549
341 33 351
849 101 23
983 810 86
272 949 83
221 733 769
823 837 43
736 301 953
405 898 911
730 81 31
25 217 998
709 606 822
472 355 97
262 167 686
724 753 875
741 985 1
777 39 139
886 391 529
169 471 664
871 587 997
121 656 212
336 248 688
687 88 371
73 291 57
881 219 206
3 673 285
641 703 113
891 678 756
264 433 56
67 441 537
660 961 25
563 541 361
312 649 76
71 426 373
751 411 43
611 690 503
76 283 549
357 225 992
685 501 281
161 870 195
599 261 705
13 225 943
341 544 985
110 229 502
65 663 504
337 429 871
358 961 356
465 20 640
537 672 549
601 761 66
7 481 5
401 716 46
71 941 435
366 495 196
257 1 177
20 1 713
81 569 133
22 225 201
169 845 661
965 233 16
535 800 640
697 365 185
845 1 225
332 626 696
104 745 371
201 833 805
986 496 93
881 26 849
801 631 761
439 829 139
898 349 746
815 301 313
511 641 903
721 435 819
526 44 773
707 261 957
733 650 969
706 249 713
207 855 431
543 55 171
461 361 891
506 645 655
543 1 230
201 457 339
949 449 881
108 431 743
258 149 593
483 654 441
845 469 971
451 51 641
945 763 261
394 323 229
585 659 853
593 227 561
581 189 163
881 593 341
341 160 609
501 516 265
913 481 476
569 489 148
521 73 561
356 881 597
949 651 227
199 785 993
801 83 986
881 558 352
821 976 296
987 473 371
619 593 343
991 113 17
1 7 730
769 241 215
201 737 246
961 491 845
477 279 36
208 841 917
277 716 499
361 647 289
501 372 114
315 69 981
966 362 457
151 966 331
968 378 511
785 263 361
800 854 171
441 993 705
585 466 1
95 401 264
595 761 309
551 153 384
401 286 283
575 24 523
911 376 511
393 296 281
919 800 546
808 666 737
905 613 433
603 303 322
400 646 97
164 748 661
145 581 191
322 201 389
820 685 481
444 654 86
601 155 655
239 471 881
861 903 177
15 136 4
439 11 116
976 601 839
182 491 745
108 553 206
511 937 539
761 883 251
341 291 565
649 866 761
241 641 741
716 509 237
826 516 289
153 113 320
967 123 483
876 441 401
881 409 279
847 998 61
513 85 321
759 927 437
105 233 139
321 453 578
151 716 706
97 785 881
801 388 539
644 129 791
581 108 431
229 60 459
441 89 817
843 910 51
671 315 487
943 289 374
190 721 321
963 769 48
466 749 607
857 224 168
54 899 280
662 42 637
181 529 329
241 489 11
653 481 981
733 799 776
705 945 719
51 766 878
531 17 737
213 990 40
719 681 944
26 899 483
721 1 321
575 321 269
952 349 934
753 350 169
359 421 429
851 981 451
563 757 213
688 176 776
673 969 826
489 341 12
626 280 929
465 837 431
767 664 561
105 961 705
226 956 569
285 817 71
701 947 941
105 971 491
956 71 65
576 238 537
143 468 673
657 1 359
944 997 157
715 863 113
570 52 71
796 851 199
501 741 706
625 893 417
337 456 297
858 193 726
833 380 569
751 905 501
912 589 313
616 663 761
701 75 703
289 581 237
101 393 193
505 671 784
559 681 69
787 396 13
871 152 953
658 381 9
841 845 753
641 529 953
200 793 821
161 297 249
49 776 485
360 850 61
271 326 88
791 137 751
715 1 653
948 297 273
216 267 21
321 89 473
331 792 781
797 609 186
551 461 616
603 511 673
451 949 689
88 68 101
128 291 147
113 141 692
74 976 533
737 1 249
41 776 973
946 601 831
915 371 915
373 777 189
451 505 435
128 790 248
909 871 345
451 451 377
161 155 940
632 21 775
381 681 709
705 339 271
665 626 283
188 293 501
637 316 281
705 154 127
241 236 100
609 161 131
783 501 748
376 891 253
865 746 595
546 190 219
51 539 823
966 229 218
417 686 687
341 399 621
513 1 635
868 273 711
733 643 982
236 763 871
66 443 863
169 465 217
876 371 309
281 898 330
325 228 702
802 501 581
547 337 223
455 401 21
101 665 801
425 906 949
561 96 830
481 701 472
765 525 871
921 477 869
190 353 887
421 721 481
999 326 159
618 186 538
613 586 201
64 991 521
37 949 721
349 463 356
392 661 501
761 159 433
827 610 57
103 452 501
460 662 444
154 901 509
549 748 165
501 1 665
505 461 929
53 626 992
145 402 945
532 601 174
537 861 646
569 58 949
421 799 456
665 629 705
901 126 781
891 147 481
131 649 467
882 641 393
918 321 956
841 417 771
657 101 126
120 301 321
323 129 873
521 745 829
713 371 529
733 853 77
339 197 462
825 381 667
382 209 945
36 233 924
451 626 661
597 937 55
70 891 925
199 220 532
173 465 728
233 108 448
160 411 401
363 411 681
806 981 629
27 39 565
601 387 697
701 211 741
863 494 921
577 33 336
510 577 205
901 786 45
946 661 781
505 447 673
987 641 56
641 359 855
701 976 979
221 420 873
323 577 339
21 770 561
241 113 61
737 420 845
49 946 751
13 375 605
647 261 828
205 601 206
625 901 741
881 825 491
362 205 711
569 273 401
717 329 759
737 696 485
89 653 376
579 96 366
73 542 435
453 865 464
158 501 761
21 117 312
61 829 438
293 577 985
627 273 618
246 956 359
805 842 307
776 813 801
864 501 241
208 881 700
517 267 593
765 926 295
844 443 818
111 111 757
927 466 741
971 736 625
251 401 67
41 217 197
861 497 561
521 611 155
743 241 601
226 597 131
441 495 676
848 601 509
15 136 849
193 63 684
903 609 641
162 598 797
551 747 290
161 501 701
506 441 401
37 105 326
392 223 405
359 603 255
744 681 852
211 683 452
765 391 594
806 223 801
821 153 136
383 61 641
393 677 657
491 834 853
633 49 651
294 971 593
717 201 933
313 737 226
881 209 984
761 545 701
856 233 278
817 625 519
885 671 780
845 73 862
49 873 837
146 17 591
877 449 761
111 389 303
841 251 753
413 477 244
195 157 1
811 968 127
986 631 431
343 546 591
90 705 700
645 246 751
779 960 737
235 550 984
793 763 633
207 883 839
865 497 849
243 127 603
711 991 181
974 929 921
351 981 711
151 209 17
31 115 192
889 469 559
181 251 691
395 1 941
269 161 785
691 1 281
501 180 446
97 751 842
81 466 948
676 205 841
401 563 961
317 28 717
171 484 425
13 435 635
1 57 29
621 977 121
481 791 85
965 705 535
837 1 801
86 776 489
250 461 139
181 502 551
776 461 64
865 859 721
609 939 961
887 537 323
686 767 529
84 191 807
881 63 395
766 246 789
645 805 281
103 537 949
469 497 773
113 882 803
407 280 561
823 567 421
329 489 506
670 592 63
113 143 633
982 239 951
499 463 693
465 396 79
705 355 696
819 577 65
171 937 403
389 145 174
761 601 997
289 81 833
811 548 391
251 1000 689
931 163 355
676 849 546
95 121 490
410 776 829
41 638 205
868 297 77
911 75 191
883 860 42
991 722 233
618 703 816
473 201 397
679 814 401
700 630 564
520 185 215
471 641 925
297 817 21
377 753 141
651 371 351
79 377 96
529 38 313
126 586 365
155 267 251
497 571 426
693 521 101
536 137 941
379 579 235
239 393 900
976 671 721
191 641 203
661 215 802
376 724 916
982 533 1
355 313 397
265 416 610
553 397 481
161 178 292
91 751 860
241 681 453
789 306 778
489 451 493
405 112 641
501 675 643
955 886 177
241 697 777
976 221 435
37 101 721
315 773 901
777 483 236
829 305 111
545 462 211
656 253 577
957 929 57
857 697 525
685 864 963
952 509 480
953 893 986
851 897 375
91 821 851
117 49 231
927 831 775
954 781 267
344 373 667
139 154 461
149 571 944
185 969 397
995 161 906
359 880 433
356 133 15
968 459 792
481 10 976
41 305 953
366 537 65
393 497 529
281 915 165
637 717 401
301 753 399
35 921 849
552 251 86
527 969 721
515 609 619
406 363 646
486 571 689
983 282 648
439 751 31
77 639 786
668 469 569
329 361 905
743 647 875
967 805 27
356 243 43
828 284 297
673 349 477
463 256 556
305 445 380
745 111 914
11 609 454
859 633 95
904 468 268
521 851 521
837 98 121
847 266 825
211 21 723
721 534 455
841 13 989
561 527 51
646 848 985
665 505 67
601 155 126
954 356 74
619 175 955
253 774 515
193 776 801
61 376 311
719 378 365
985 64 685
337 165 301
982 449 629
655 521 326
974 616 105
677 325 487
490 712 332
241 777 299
919 891 703
911 557 194
471 765 249
376 594 470
931 635 91
885 265 971
196 650 402
49 77 558
739 614 409
397 763 737
703 413 321
841 153 901
221 861 195
889 240 652
812 211 585
910 763 452
932 841 281
485 751 401
528 447 954
888 125 290
181 989 863
534 265 419
712 125 864
314 141 673
829 209 65
583 665 761
219 835 949
441 366 862
151 763 471
331 815 221
285 914 394
161 277 701
437 81 756
888 406 764
676 630 961
751 919 949
233 996 1
914 985 1
995 589 691
225 611 565
912 481 350
951 902 413
697 389 677
673 981 97
966 446 805
223 385 633
855 900 913
401 451 404
393 775 641
356 588 801
773 617 448
589 17 361
157 431 688
883 6 603
849 445 789
242 473 156
276 632 293
761 241 801
836 537 680
351 702 381
601 943 961
233 816 830
201 645 861
781 889 683
933 806 3
533 233 279
740 6 323
94 825 286
164 325 851
737 515 521
897 1 701
417 817 411
509 599 953
699 961 121
233 783 617
401 190 184
479 721 253
676 953 461
806 345 283
827 917 764
951 639 270
573 803 481
441 321 499
388 106 570
201 493 275
365 729 945
217 761 781
226 313 621
927 365 639
313 358 538
611 485 969
931 519 309
271 131 677
605 373 385
351 447 848
381 153 311
274 769 881
289 397 17
263 758 496
139 947 995
12 337 185
751 31 652
490 977 330
505 301 175
377 357 13
576 38 412
506 953 526
129 205 411
201 495 426
554 623 667
713 141 267
221 912 406
5 871 713
871 432 863
768 492 89
1 451 601
828 425 153
700 431 734
967 16 245
88 873 473
977 766 776
224 601 495
119 701 558
928 847 505
913 526 163
478 289 819
311 113 389
601 569 504
444 956 521
655 97 795
969 147 971
995 437 841
255 655 950
94 757 301
281 649 783
41 886 531
409 511 324
391 121 237
641 241 889
547 581 465
991 682 957
941 164 587
449 89 376
73 385 408
195 993 801
563 136 849
485 983 481
736 321 846
183 435 446
451 445 166
209 95 846
931 897 486
745 152 74
491 641 136
749 53 508
823 115 619
530 646 865
409 626 74
547 91 581
873 352 713
553 754 396
800 567 833
581 592 281
826 661 451
425 572 209
1 909 681
863 534 373
123 649 169
515 178 151
449 865 451
291 708 371
601 223 939
376 417 92
613 557 110
1 689 133
788 261 353
505 201 246
226 532 636
201 471 353
685 131 86
570 896 115
650 297 118
129 621 727
453 533 254
336 191 899
481 108 1
693 37 681
279 961 831
941 595 89
188 629 658
541 861 943
781 91 860
417 661 709
225 61 307
557 747 537
481 120 233
130 261 253
680 906 487
200 985 311
591 732 49
677 225 641
871 289 210
213 720 651
758 242 168
756 156 656
761 873 501
335 227 441
249 256 631
585 925 476
981 74 309
981 795 956
632 675 613
113 166 76
680 445 944
662 301 601
315 351 651
861 421 445
567 459 905
975 289 588
890 99 424
153 227 246
421 276 304
251 165 121
841 239 339
961 626 473
349 595 626
626 649 108
777 616 330
867 501 401
719 955 541
251 619 269
786 369 113
796 187 176
53 546 386
840 924 331
566 923 201
625 991 505
743 807 549
131 101 463
534 824 333
817 756 954
647 548 507
217 861 377
652 285 527
465 535 706
679 782 314
365 888 412
417 159 947
241 225 81
530 50 666
747 233 589
418 757 297
895 793 713
777 206 435
571 309 285
269 284 81
701 201 529
421 183 33
785 104 971
841 132 332
637 881 866
801 409 939
25 513 441
217 117 135
591 965 553
311 781 663
116 1 17
238 301 601
481 521 665
291 288 585
365 915 243
1 966 580
149 221 393
583 25 801
29 233 955
296 152 985
48 601 405
53 817 81
556 679 989
201 443 111
19 906 598
202 911 833
41 989 176
777 653 496
726 441 368
549 43 821
311 8 306
953 301 969
139 583 316
648 676 999
589 371 529
591 831 669
22 351 762
91 865 181
825 447 31
431 893 85
985 926 328
781 901 853
83 913 297
293 351 947
511 715 366
240 495 664
118 229 437
769 81 456
786 337 404
833 577 803
534 10 849
826 801 891
345 569 273
843 480 66
1 433 537
927 461 371
91 799 153
192 726 521
493 622 951
992 325 349
726 437 765
497 1 462
416 369 93
121 921 753
586 521 13
187 231 385
302 197 749
257 871 777
577 211 859
889 913 553
995 493 91
751 41 201
867 721 41
949 247 443
947 581 516
839 174 96
977 691 27
290 81 349
648 553 906
1 649 33
719 575 417
678 849 281
161 626 401
420 556 988
25 544 486
878 401 431
597 343 837
489 672 16
121 499 355
270 277 762
951 867 196
758 121 650
341 984 241
767 831 347
310 641 364
281 689 581
251 646 217
333 397 579
981 740 355
707 949 112
362 541 876
787 960 121
1 401 569
36 273 729
939 901 144
665 710 57
169 77 275
151 687 741
817 713 915
801 937 245
101 701 488
873 97 630
385 497 41
393 449 265
157 923 763
401 88 697
16 39 752
559 732 219
287 176 371
417 807 353
553 101 817
563 61 651
629 741 319
831 641 387
93 328 765
383 528 551
896 525 617
211 43 442
201 287 407
121 401 931
161 773 249
615 835 915
754 57 662
555 651 457
65 580 673
181 465 876
456 457 197
831 463 516
351 141 355
889 137 261
50 721 514
761 439 531
639 13 193
597 29 29
949 353 599
385 751 169
118 708 385
480 151 871
833 623 501
1 976 427
705 685 900
169 253 921
22 217 409
310 407 519
289 531 137
675 968 181
257 933 751
581 407 65
409 777 561
6 779 656
325 883 428
625 281 166
977 114 841
289 853 917
887 349 677
241 450 17
161 141 166
627 833 87
102 306 244
794 533 997
809 401 187
309 77 233
930 384 263
195 316 553
701 785 305
257 113 659
211 801 301
77 111 385
847 934 701
65 214 913
135 1 475
317 410 897
841 681 286
576 845 977
951 651 580
733 273 705
91 625 921
761 756 141
71 649 626
941 829 218
745 316 957
961 665 367
731 281 987
699 89 697
597 761 237
349 939 597
501 508 545
405 393 907
993 740 873
634 583 277
173 255 556
529 723 801
270 481 481
479 610 739
219 765 91
692 897 147
130 43 356
153 300 191
341 126 729
753 511 761
853 841 377
976 497 876
977 331 129
961 88 261
998 831 765
504 414 397
441 377 633
147 635 836
745 805 561
529 67 201
32 937 683
731 185 701
217 905 921
227 240 246
285 177 697
801 642 993
857 2 883
316 446 905
241 434 319
665 241 323
973 543 945
997 681 883
366 635 543
854 361 403
95 841 489
255 81 615
761 129 846
377 486 918
659 41 454
861 703 609
893 95 841
983 17 561
485 246 13
704 407 41
679 633 217
484 649 556
5 817 701
942 600 457
961 943 141
696 476 837
876 601 667
391 505 350
903 610 329
328 189 847
545 297 457
651 1 441
289 951 947
795 361 911
227 247 352
284 393 79
57 845 761
296 649 726
280 359 881
797 469 805
229 963 321
470 967 401
229 201 241
857 121 157
183 636 31
173 643 640
401 513 883
863 785 661
609 323 539
459 66 817
865 535 769
968 257 791
835 368 426
569 527 965
16 281 306
615 265 345
577 133 685
737 583 786
401 393 610
192 198 681
653 493 297
928 961 849
31 717 506
233 513 519
433 720 636
395 795 481
769 992 905
385 863 653
349 343 911
1 671 369
561 73 681
996 735 846
972 310 897
927 809 961
773 317 535
303 881 837
632 549 531
245 481 111
56 537 647
895 441 809
125 821 961
528 286 967
821 561 460
890 975 291
191 401 569
467 611 767
17 941 599
201 117 353
79 141 413
178 987 969
146 181 673
206 182 401
383 451 957
959 221 998
886 376 601
749 833 651
115 809 503
233 541 459
561 521 350
875 586 505
527 689 59
210 507 550
3 419 82
61 835 551
597 723 301
448 901 401
349 861 926
748 598 313
441 469 801
191 721 490
109 530 201
297 942 641
449 569 57
641 356 929
305 7 838
932 441 105
617 969 601
325 653 165
961 261 945
39 889 671
484 739 455
176 638 497
701 850 445
251 277 89
656 41 755
201 751 661
203 844 976
512 215 984
77 941 801
425 963 687
651 21 711
801 967 313
85 734 443
57 253 241
426 579 901
254 221 724
847 749 690
201 503 175
973 342 223
227 401 895
570 651 956
341 461 881
188 890 401
435 905 207
516 913 291
680 873 538
443 379 613
377 721 956
917 346 501
265 417 1000
751 251 601
971 301 301
1 814 857
211 797 267
697 491 739
51 221 995
234 79 711
655 391 99
553 521 201
86 976 417
437 881 517
827 433 77
249 201 369
817 627 955
969 806 689
401 202 946
835 361 211
576 47 161
641 547 641
945 486 129
123 371 229
263 781 521
297 789 571
311 19 901
299 31 101
103 540 841
1000 721 631
896 717 537
289 41 726
927 894 781
937 170 340
922 594 781
201 323 641
71 783 309
694 428 809
283 844 833
725 656 870
161 865 921
880 61 321
976 615 87
861 751 3
647 914 523
667 697 964
681 601 719
316 153 591
677 926 745
373 41 713
619 721 586
596 918 315
573 337 801
785 426 717
649 313 775
31 401 592
408 547 775
149 301 801
137 776 526
376 61 614
555 649 277
288 91 862
349 145 309
273 597 35
333 823 509
689 195 220
839 136 53
937 261 281
649 950 313
547 353 113
60 656 525
241 701 871
840 185 741
553 765 953
957 487 561
370 831 797
771 335 119
769 50 361
381 899 903
801 539 761
561 9 40
39 888 436
489 291 51
236 49 334
161 366 633
414 317 695
99 497 129
421 51 856
801 386 995
415 457 427
246 609 155
559 457 451
393 325 26
302 356 56
951 347 471
575 420 989
616 69 651
159 951 21
937 839 521
254 281 935
641 648 737
791 352 1
249 623 72
29 241 809
445 693 892
487 9 132
753 720 19
941 329 709
605 501 241
309 743 745
517 677 35
313 464 15
873 569 953
796 474 373
209 735 191
9 257 966
88 401 769
281 677 489
801 521 257
189 761 379
121 511 581
403 275 291
791 15 401
273 531 349
167 139 931
111 419 66
65 309 223
485 89 891
836 61 73
926 59 313
537 981 833
197 201 133
817 629 429
767 451 321
609 465 136
904 113 378
797 599 573
849 288 993
735 630 691
1 354 441
212 846 832
921 412 125
329 493 733
269 259 301
841 649 281
181 521 149
196 782 65
89 67 961
567 561 225
561 81 929
345 121 261
361 426 530
729 45 1
793 371 961
305 231 553
545 831 520
107 201 873
715 53 623
561 41 190
953 913 849
97 377 911
427 703 599
88 61 962
420 899 208
779 855 327
363 410 801
89 106 130
751 551 697
27 321 324
19 581 446
729 441 467
713 971 637
503 879 648
701 273 140
811 311 399
819 614 361
253 945 681
1 671 625
785 475 703
651 253 272
201 879 979
733 526 977
784 948 269
773 396 845
177 491 815
46 601 641
5 73 307
537 296 435
901 713 199
376 906 968
881 441 780
48 344 917
522 179 986
464 268 651
901 46 357
337 1 217
337 575 881
739 685 676
653 601 621
281 897 601
401 441 36
764 417 889
372 462 563
401 662 921
629 995 40
853 691 305
375 193 317
201 606 245
783 363 431
203 101 324
626 797 316
13 362 527
597 1 751
65 213 152
663 88 990
43 419 237
697 566 873
986 915 947
916 431 701
851 204 98
823 607 30
527 194 971
21 918 265
201 523 357
532 857 101
499 513 553
311 201 401
813 813 529
741 26 811
59 701 399
141 469 769
770 615 887
931 515 371
725 381 809
574 33 495
549 350 431
169 641 345
137 113 833
301 65 206
254 126 331
694 187 1
641 430 982
631 211 401
789 775 55
997 593 139
440 33 289
561 713 485
297 929 726
991 59 36
636 261 114
346 941 271
550 251 123
305 185 781
43 970 487
825 257 544
926 601 878
945 369 587
557 401 758
793 561 5
807 421 643
41 5 385
49 241 226
471 238 536
274 139 241
11 51 421
571 462 489
961 287 471
697 806 433
625 501 271
313 467 251
66 393 337
844 785 971
506 631 98
162 881 951
603 383 585
631 992 387
279 12 501
493 629 554
185 606 791
472 837 849
813 969 709
201 533 71
901 967 593
217 877 126
701 677 837
341 716 129
633 833 829
249 835 901
167 215 596
905 17 206
381 661 393
121 321 846
187 481 86
211 121 196
623 537 511
213 297 401
393 644 605
861 526 901
739 476 669
716 420 629
881 925 902
601 41 4
361 645 876
795 112 431
815 437 514
741 649 993
715 51 309
881 977 355
500 761 976
353 338 113
685 304 513
79 963 65
691 409 465
832 941 849
827 785 579
575 156 253
786 1 461
769 462 1
197 243 933
769 772 43
601 801 261
1 846 641
61 321 101
889 281 941
598 293 841
839 124 575
374 570 751
684 680 43
287 584 151
551 847 25
145 721 921
601 426 229
44 962 553
888 201 951
296 421 79
865 301 351
245 931 426
576 89 951
291 843 553
233 736 219
961 54 828
397 491 777
161 961 865
369 571 338
609 146 509
899 193 820
9 186 744
917 590 555
9 465 42
93 97 145
815 361 405
201 91 907
176 193 745
155 433 321
146 871 513
30 98 977
221 999 681
221 865 12
249 794 113
646 116 617
297 1 891
126 133 712
26 719 17
842 413 495
741 761 301
545 784 521
102 777 81
641 941 955
80 953 981
57 611 413
527 740 833
471 144 663
570 281 878
926 149 775
41 57 87
163 867 121
431 693 185
486 151 512
673 545 206
751 781 171
180 857 929
798 327 661
154 739 305
881 481 401
576 657 758
558 817 653
11 793 141
805 681 232
920 281 99
30 681 223
537 901 880
61 680 453
617 55 127
964 825 583
130 248 151
274 123 69
231 428 94
476 82 359
413 308 171
541 52 7
744 786 703
57 264 759
161 893 601
164 673 420
329 169 757
247 975 931
57 381 976
435 851 221
744 489 330
833 862 495
911 534 251
440 928 449
933 547 361
449 131 997
214 980 91
553 35 468
801 441 501
662 401 687
65 445 449
944 676 641
979 362 761
705 201 11
787 529 851
155 366 861
895 206 377
995 207 415
642 398 821
851 541 211
546 749 241
20 393 556
973 776 289
601 267 362
851 801 823
224 823 372
737 606 878
551 651 619
6 609 955
97 446 86
57 556 886
924 161 401
751 501 202
111 501 759
252 647 305
105 221 779
397 637 686
885 665 633
327 701 701
21 487 115
586 719 91
988 177 521
70 728 856
713 766 791
293 613 313
170 175 15
411 137 651
401 388 261
709 910 225
781 205 53
909 9 481
373 321 853
226 480 83
961 195 707
129 531 243
457 751 401
581 181 541
969 982 613
341 196 315
553 321 172
121 648 356
849 63 163
929 755 599
242 748 236
649 870 449
952 436 369
346 166 154
966 479 216
911 673 251
343 309 703
631 151 561
255 649 537
804 250 786
951 177 961
145 275 559
537 241 925
291 880 900
417 329 825
249 33 911
82 913 726
221 51 615
109 972 786
35 620 201
217 3 861
15 996 41
731 312 209
274 107 446
805 876 614
279 801 601
773 851 6
747 529 72
506 21 777
956 581 301
705 241 561
937 977 741
321 601 737
83 437 848
755 944 749
971 848 625
225 21 771
393 361 256
162 400 877
444 790 255
601 631 753
617 241 561
537 1 19
99 201 633
735 709 421
467 680 281
546 998 700
829 113 293
706 301 756
429 947 81
943 576 249
159 329 251
997 708 341
265 879 681
61 669 121
962 633 421
937 207 502
661 307 492
455 361 901
781 244 653
989 806 301
207 441 561
777 223 609
938 813 866
1 763 526
933 229 670
435 81 986
857 346 919
951 39 141
125 495 561
641 38 669
628 305 498
905 321 649
951 157 405
202 33 809
1 69 617
481 553 980
916 892 835
321 81 826
126 275 381
949 149 801
742 121 226
847 211 892
847 963 459
658 701 799
467 241 353
831 993 876
89 91 829
531 34 686
251 513 711
885 313 822
165 221 251
376 377 129
667 943 643
76 426 853
195 568 48
653 175 485
169 543 397
682 443 337
701 549 287
577 91 534
602 607 921
701 979 686
983 421 313
954 717 593
405 981 665
801 81 713
891 362 467
897 90 286
527 701 161
526 801 161
393 145 731
619 240 385
1 137 487
737 377 497
826 376 81
1 219 195
605 741 758
822 1 549
756 945 264
953 645 156
466 796 661
969 5 983
285 281 673
952 145 41
202 601 191
86 617 31
145 259 671
543 986 605
81 66 533
405 650 177
492 402 457
489 377 517
645 881 117
629 189 516
513 16 81
122 614 115
896 337 262
430 327 825
363 916 116
558 858 813
817 654 799
6 196 631
706 57 323
919 688 394
250 23 505
241 759 525
747 953 479
769 279 401
500 823 747
265 301 273
358 994 80
197 258 354
137 404 321
681 359 732
94 397 547
103 801 404
553 501 689
19 429 595
544 751 939
313 122 301
910 867 489
752 756 11
917 145 981
761 933 516
136 977 865
817 961 842
517 210 511
80 873 783
516 903 72
86 182 781
271 993 658
365 889 647
5 871 649
174 473 451
501 823 755
221 151 61
450 841 885
15 535 126
433 873 547
633 73 17
717 481 69
823 417 761
977 786 417
436 321 449
521 856 309
678 788 29
591 831 787
161 777 11
855 482 943
576 501 843
731 300 881
281 127 175
635 517 594
222 81 140
469 246 755
730 678 124
221 737 21
740 876 965
787 997 957
397 576 41
529 436 434
862 113 91
998 881 701
196 40 746
520 573 103
576 911 606
650 667 704
856 606 433
927 405 592
201 945 857
185 435 415
461 643 1000
993 838 359
837 494 196
29 381 666
363 456 882
461 573 302
125 481 741
577 453 184
965 91 183
964 450 761
901 358 164
129 428 975
795 629 313
776 239 435
872 147 69
911 238 97
646 801 959
752 111 343
777 901 740
918 893 593
761 645 723
146 731 713
331 771 856
193 61 130
801 894 897
876 346 829
890 138 473
723 808 511
269 79 927
141 405 488
89 311 545
3 423 705
316 255 989
879 406 671
899 38 773
37 333 612
825 311 81
917 545 341
409 899 201
227 353 433
735 674 289
635 499 841
461 361 161
767 265 713
557 785 926
346 718 257
119 745 565
935 126 849
423 307 681
439 16 451
306 721 405
971 903 369
974 283 80
892 312 805
19 743 617
532 993 73
853 151 897
53 841 873
461 789 501
337 261 689
691 559 735
313 93 301
777 15 545
592 441 451
174 583 746
206 958 890
565 294 161
498 469 561
477 809 670
347 547 164
419 737 281
495 186 763
441 961 927
14 225 737
196 161 12
308 801 688
634 61 137
1 631 871
138 189 571
891 636 200
201 169 61
426 777 781
1 159 829
905 265 26
713 739 861
281 444 209
571 801 321
976 501 814
991 781 761
162 399 309
665 71 309
41 609 573
925 221 310
201 117 471
497 281 738
663 154 399
740 21 65
881 447 968
681 441 271
849 676 755
726 49 566
306 637 57
267 405 973
757 201 643
317 125 854
189 791 2
839 873 169
953 721 241
97 845 276
978 969 638
93 521 937
347 674 351
893 100 191
191 570 513
919 505 587
921 783 359
761 275 405
575 681 641
706 89 133
124 330 681
617 31 361
301 262 601
625 449 641
729 151 201
56 321 608
556 472 265
485 639 637
217 557 265
505 953 145
785 149 889
640 681 404
745 793 215
528 833 419
481 591 741
186 785 30
549 613 243
729 139 564
114 582 450
345 621 368
601 939 37
32 668 989
131 661 433
989 861 49
137 793 40
683 859 133
641 763 72
401 595 413
451 896 177
131 735 68
1 534 549
467 8 839
313 109 646
777 410 723
931 999 841
646 456 49
117 791 222
493 511 81
69 676 601
788 45 449
715 331 785
491 501 236
659 824 116
251 159 651
77 623 121
451 305 936
89 862 197
87 221 999
137 682 594
689 881 305
13 455 911
65 711 416
951 250 930
169 709 936
621 458 301
113 771 857
406 481 165
706 745 502
805 721 601
881 657 225
961 71 511
66 1 241
137 356 291
983 126 592
301 869 723
694 223 943
651 205 499
478 209 625
536 282 998
901 469 353
521 463 366
39 801 557
525 381 549
781 594 5
489 529 405
621 266 993
398 31 691
501 496 106
156 710 977
822 641 976
371 231 656
601 484 201
376 617 48
261 789 369
371 799 834
563 597 640
339 241 705
23 305 341
485 441 310
301 6 537
421 791 970
547 321 481
442 944 917
119 312 543
88 341 75
829 599 922
345 57 269
733 881 475
61 929 709
515 979 563
529 755 379
841 159 5
11 557 885
387 51 837
501 836 441
581 489 561
883 43 465
879 201 683
691 111 146
819 689 789
29 541 881
429 325 331
570 283 382
56 995 195
882 845 14
353 491 287
487 928 571
3 649 202
441 185 66
887 433 187
793 342 573
169 691 322
843 836 473
435 869 759
123 121 38
373 1 845
97 595 505
574 599 965
293 51 125
328 123 453
821 680 18
996 935 931
255 296 684
72 983 12
937 110 141
470 943 621
137 431 553
313 944 412
545 611 351
271 585 604
29 685 757
321 425 41
478 421 376
921 835 157
489 417 309
802 914 227
737 627 997
50 821 781
566 431 891
378 386 416
765 201 749
198 174 105
43 966 771
20 911 226
596 206 609
450 537 905
801 192 120
571 163 713
610 905 779
233 794 482
349 651 65
953 214 629
349 67 65
978 361 419
377 137 586
29 99 580
707 702 417
185 577 461
601 191 601
742 244 132
729 909 17
89 4 751
451 697 309
742 886 393
487 466 52
895 725 681
240 201 963
975 765 849
501 409 774
571 91 579
921 965 587
209 191 977
401 166 769
195 315 780
316 963 242
33 559 955
100 629 477
567 457 597
745 977 945
509 551 385
293 485 976
663 148 735
30 41 67
881 341 849
626 871 641
513 966 650
51 785 365
13 473 224
641 121 157
233 535 519
569 336 550
185 209 634
261 661 963
809 177 265
522 813 231
321 926 822
529 564 231
145 285 219
419 448 621
2 911 681
129 241 761
370 521 362
754 985 851
523 123 431
269 593 89
756 161 761
434 264 417
395 427 541
602 401 1
517 545 575
731 655 473
51 664 671
441 115 781
365 799 335
133 321 620
959 111 561
351 911 769
897 935 609
462 596 285
412 866 39
806 353 389
855 613 75
606 509 705
565 639 873
681 809 981
499 891 29
251 846 726
476 799 78
389 501 969
769 667 287
1 301 441
575 726 761
617 273 401
7 761 575
653 585 164
267 134 481
441 429 462
717 511 291
245 170 81
717 801 915
531 913 17
217 343 203
584 708 196
233 625 667
287 158 161
251 241 857
765 555 425
729 461 249
230 909 215
225 445 557
57 397 73
251 827 631
279 873 522
890 30 714
675 265 665
401 961 65
758 341 956
502 256 932
281 915 681
945 629 139
105 278 138
652 105 893
71 98 451
84 935 971
892 541 197
887 649 119
527 607 417
385 417 861
177 155 143
440 730 661
33 77 545
460 608 881
121 786 676
454 541 590
856 801 251
976 761 849
51 757 185
397 281 257
265 65 691
361 410 901
121 41 469
126 169 691
459 439 638
86 797 501
828 1 461
941 171 940
736 65 481
602 96 481
261 33 401
823 235 1
231 237 482
861 799 828
106 321 847
15 577 345
631 113 416
947 411 289
817 825 551
17 526 585
417 778 89
822 641 603
556 290 519
209 960 551
481 81 217
477 785 341
140 122 99
781 741 576
746 114 957
531 861 410
1 887 393
251 853 585
881 313 61
694 841 321
126 561 232
878 976 159
687 879 313
753 899 317
909 641 405
543 423 577
641 271 989
207 81 413
159 471 246
153 469 321
134 567 386
844 537 669
37 417 656
831 21 975
631 481 286
13 937 137
101 448 21
881 277 315
43 261 581
246 1 546
467 527 447
206 801 343
987 33 789
91 929 431
977 383 50
189 22 546
937 621 701
194 527 826
943 411 893
3 401 85
597 589 976
141 857 771
793 751 539
451 839 599
331 41 151
1 750 185
285 299 439
635 249 973
69 591 393
723 961 657
237 573 257
584 480 741
1 876 306
930 960 177
635 841 326
158 834 591
947 601 251
657 673 593
201 876 949
500 380 559
174 980 886
326 731 180
611 845 266
751 237 774
291 645 193
981 781 181
541 536 117
889 185 915
925 135 967
804 547 602
721 473 585
593 972 231
329 33 362
540 621 609
153 602 929
664 65 203
851 601 661
613 381 811
393 105 941
807 389 677
361 589 268
67 117 763
713 507 921
940 61 484
319 92 212
769 901 969
969 251 741
711 795 443
801 5 455
533 657 201
374 331 352
785 961 59
61 621 457
781 477 411
713 611 983
809 161 648
56 155 751
901 116 241
611 917 945
587 570 656
38 371 795
801 401 193
977 973 338
631 381 765
441 351 365
785 846 856
858 927 577
297 985 936
869 117 53
577 111 181
781 841 241
39 21 536
443 668 737
489 441 711
115 815 818
267 945 785
953 191 933
507 241 285
601 601 414
332 936 761
401 321 469
761 186 273
958 674 225
645 737 924
857 1 721
845 957 611
773 406 57
340 937 679
666 171 573
485 125 521
452 457 461
361 850 471
297 175 921
468 754 753
289 425 133
91 19 604
429 117 780
229 579 653
279 629 439
631 249 581
249 895 28
201 213 137
120 663 276
356 480 168
513 717 150
409 261 631
648 360 71
458 483 633
106 569 833
357 404 201
737 661 77
984 369 817
388 945 351
813 351 588
117 244 283
797 273 225
9 33 373
164 70 925
666 995 67
311 429 341
221 347 620
46 385 519
705 277 451
648 451 539
961 901 201
369 565 403
915 81 916
631 10 889
819 881 981
207 151 108
480 68 113
617 369 666
876 167 773
701 50 387
572 143 26
435 385 780
353 306 41
185 918 169
526 11 737
41 841 627
301 577 729
889 537 441
361 109 9
871 473 169
572 705 293
803 897 337
449 481 344
621 591 506
393 651 9
977 769 750
793 273 774
393 306 753
113 429 632
787 601 132
441 101 749
968 419 669
579 825 386
928 568 985
399 461 25
979 666 101
61 223 925
257 131 301
57 793 945
87 286 752
503 301 294
203 825 926
729 476 951
391 417 818
291 178 841
528 451 478
415 242 865
627 533 900
73 421 73
441 441 315
96 971 113
321 257 16
948 915 301
961 120 382
827 255 449
341 37 249
316 141 53
965 657 897
544 209 229
99 351 770
791 753 676
305 17 633
781 961 157
49 753 761
505 786 121
84 254 57
317 181 701
397 543 583
866 601 717
225 498 733
971 391 321
133 4 421
173 721 917
825 243 187
489 224 659
189 681 796
609 946 385
487 157 817
313 121 795
558 871 423
921 425 473
354 937 1
85 17 781
745 985 673
910 101 499
759 223 526
407 735 185
251 919 705
266 43 257
20 768 657
669 826 591
727 993 505
436 241 111
401 321 677
916 689 35
926 91 801
613 351 561
265 269 451
353 361 101
264 213 554
76 197 255
254 211 349
273 725 137
951 729 360
31 51 881
761 126 251
731 621 206
404 469 801
669 619 641
90 361 788
826 458 141
903 713 553
86 354 693
493 66 249
71 975 170
469 153 106
384 518 641
155 343 793
281 120 425
656 901 973
643 821 97
257 341 589
617 605 637
672 137 849
401 377 175
333 933 3
751 4 517
940 724 613
801 571 697
945 286 449
213 411 195
76 755 201
713 161 719
829 393 645
265 426 273
475 501 137
938 266 753
710 549 209
517 227 501
577 63 511
212 955 425
138 570 701
576 713 464
21 447 903
551 434 911
445 171 539
355 106 188
485 426 981
769 6 515
116 112 951
268 999 659
631 113 645
891 1 601
313 994 111
421 801 258
270 360 621
501 313 45
748 561 29
73 797 905
191 537 41
49 721 88
155 761 385
977 463 524
833 25 761
56 408 265
216 805 225
225 681 141
671 205 709
413 787 705
5 336 679
858 590 415
680 101 80
444 375 80
969 681 641
383 951 441
98 663 228
71 975 861
376 871 601
174 51 487
766 255 513
659 51 7
506 690 403
620 409 781
41 485 382
791 39 819
433 131 539
501 893 25
521 484 147
721 469 497
937 765 690
893 81 353
724 281 481
533 241 371
774 402 251
207 5 979
302 916 564
501 101 501
601 318 482
569 691 337
793 735 865
252 38 1
264 851 913
516 582 21
684 275 851
454 841 905
769 494 511
223 905 856
241 439 331
90 149 761
344 989 515
428 409 53
105 964 593
469 521 109
61 276 362
803 361 997
810 459 429
331 351 262
669 933 835
643 726 657
745 526 151
511 968 695
46 329 217
881 391 689
55 860 131
241 391 81
919 329 651
