3966
105 982 541
180 945 481
889 841 93
401 391 748
505 256 150
633 937 910
950 873 831
820 977 757
797 510 831
465 797 69
971 461 283
903 629 281
811 235 25
166 78 953
704 710 513
594 329 471
761 247 287
552 236 681
611 837 647
857 792 569
281 778 673
435 869 61
565 789 771
857 492 989
275 201 289
297 966 681
251 370 245
581 357 533
620 451 994
261 971 136
141 49 76
465 816 568
818 167 961
477 122 735
801 11 269
29 702 153
281 121 887
641 639 801
760 23 465
581 637 201
112 845 67
473 894 693
76 343 61
435 809 937
759 497 726
624 393 199
429 876 51
861 116 101
661 306 321
987 535 933
501 777 556
281 548 931
287 17 70
641 1000 989
621 926 621
656 721 557
215 729 637
705 625 683
191 861 662
301 289 65
431 1 335
969 886 152
641 901 211
86 855 166
489 314 639
941 313 835
170 493 331
393 595 917
786 97 618
591 617 321
101 593 114
782 126 308
999 413 475
210 830 601
509 548 729
329 151 221
5 680 487
841 428 472
551 104 267
46 675 173
501 816 139
957 586 865
942 113 185
785 449 225
281 961 393
265 125 341
139 321 457
655 181 455
861 109 650
980 609 643
249 348 521
441 995 106
396 495 449
639 116 301
622 699 715
904 921 801
619 181 637
1 745 836
852 499 952
401 663 934
583 944 881
631 11 366
775 571 823
250 472 313
521 200 185
327 31 537
853 217 113
76 351 324
561 891 561
982 475 937
222 749 993
269 985 331
321 385 103
871 129 849
682 597 951
865 353 173
289 130 51
845 229 919
569 545 189
136 110 81
357 1 876
801 315 575
825 331 788
297 633 416
627 863 525
473 972 824
855 526 661
496 895 636
899 397 435
605 976 627
316 675 903
761 846 140
43 961 825
455 751 83
939 209 921
81 571 67
780 923 261
991 501 167
1 529 339
714 901 345
729 136 331
127 265 202
725 461 115
86 409 713
524 881 256
209 761 424
225 11 94
689 41 850
67 257 924
726 820 137
125 429 395
281 31 31
909 666 947
841 361 831
377 729 109
877 650 281
965 437 251
701 97 511
943 741 721
739 596 789
891 501 791
755 395 787
372 501 226
582 25 180
361 561 113
481 201 476
771 228 579
401 862 155
937 275 531
384 608 732
233 107 701
529 825 841
910 881 853
601 91 27
419 764 673
447 483 755
633 985 441
592 882 279
873 825 540
561 571 959
227 151 666
493 561 371
499 489 375
420 863 41
465 173 633
622 981 737
951 489 881
390 321 841
511 367 564
151 503 991
501 567 51
995 569 131
288 209 385
26 536 176
313 291 251
291 852 657
537 234 367
39 7 300
267 474 741
275 439 486
365 399 153
251 976 807
41 114 844
860 625 186
485 721 549
869 41 233
601 889 933
42 371 149
158 489 204
61 709 684
921 358 955
749 538 245
457 853 518
789 581 601
365 884 553
546 555 203
127 117 161
604 171 353
106 665 227
227 367 635
772 776 80
612 685 10
697 821 249
501 131 542
706 881 919
601 26 248
164 597 906
145 336 897
709 672 386
109 115 501
569 126 746
1 719 317
431 778 749
801 421 761
886 685 511
797 371 807
41 561 872
985 471 64
372 901 65
401 756 407
338 280 441
563 769 641
223 617 261
268 229 418
295 231 51
526 881 947
767 521 93
971 499 611
989 217 663
504 847 799
447 208 281
672 477 998
621 110 101
434 629 951
641 1 649
77 365 693
651 616 823
965 611 21
194 207 788
427 21 76
153 236 609
259 737 433
817 481 457
81 648 457
131 837 109
501 461 393
573 741 837
417 271 636
411 641 641
631 313 595
343 854 123
930 78 45
241 158 942
111 495 51
723 517 396
110 533 201
641 677 769
785 367 352
11 65 43
708 766 511
443 142 615
69 1 147
721 82 808
84 241 71
1 203 468
91 242 697
976 11 785
991 416 2
975 225 609
707 151 337
651 694 448
233 823 201
31 117 643
618 505 461
861 489 56
419 584 421
97 163 889
542 793 291
56 386 866
730 319 531
233 882 223
697 489 715
665 140 723
271 26 759
181 249 245
817 691 321
592 521 541
691 251 757
246 636 441
351 665 935
292 376 248
465 185 33
496 517 750
525 991 651
426 89 886
25 356 500
76 445 334
709 153 1
816 698 534
216 929 653
746 871 697
551 701 451
921 626 373
785 345 305
113 573 901
533 899 216
770 526 89
697 808 295
478 813 971
817 755 230
201 967 846
502 711 131
557 371 117
748 929 459
616 668 581
6 259 451
793 613 361
529 81 21
369 811 55
921 499 316
100 811 229
863 126 297
301 504 396
881 340 821
249 861 873
332 4 166
524 416 753
571 747 849
641 177 95
217 379 821
41 501 152
233 713 53
88 129 856
387 184 45
689 541 141
403 569 998
121 64 285
271 185 221
341 564 621
345 737 843
485 199 557
389 764 696
505 25 247
662 725 769
721 639 651
711 94 864
719 945 1
899 926 185
86 340 340
393 561 721
693 601 770
399 514 221
827 337 751
745 529 96
393 561 845
586 629 905
473 12 406
337 705 541
328 876 728
83 305 253
46 581 23
341 691 961
305 321 995
193 601 1
343 165 2
1 58 401
809 473 161
331 185 820
100 353 1
982 447 121
333 677 985
31 501 434
22 195 723
551 349 815
97 192 897
79 900 86
147 465 647
651 593 421
185 641 114
197 43 833
776 535 325
189 525 782
135 32 429
841 951 701
237 631 491
301 761 723
521 763 288
702 601 875
915 426 593
493 529 761
541 211 332
776 645 679
354 736 353
105 310 967
144 570 345
241 500 785
1 597 271
415 654 774
634 362 97
637 345 112
617 481 492
486 911 551
791 553 211
367 251 844
661 294 407
9 787 134
291 56 681
789 453 731
721 268 905
729 423 288
799 860 484
781 619 1
369 643 636
938 249 851
663 379 819
254 270 369
121 357 535
248 733 453
992 361 61
185 681 549
910 326 801
246 909 409
999 849 773
927 518 661
169 16 683
948 363 5
665 883 121
657 82 986
465 261 312
792 3 233
261 481 961
131 891 245
489 634 101
491 875 191
121 545 803
970 801 513
251 240 873
105 231 737
101 877 561
679 521 1
115 506 219
116 413 611
251 25 940
371 797 395
454 433 966
956 891 993
949 348 725
431 547 926
391 938 501
577 685 402
811 379 611
409 30 813
689 251 862
884 268 877
185 629 883
817 31 251
181 341 149
189 545 785
813 115 342
221 185 641
181 616 580
449 943 73
587 951 359
315 461 205
58 1000 169
526 581 69
357 41 889
629 437 873
359 761 639
234 486 118
301 193 271
961 167 787
430 438 586
807 817 576
586 113 489
851 641 966
834 219 626
341 641 429
961 621 323
689 153 141
840 61 663
1 424 981
463 265 631
686 701 291
316 57 417
676 41 197
101 96 161
649 759 664
721 600 281
148 336 843
150 541 893
747 964 421
419 413 201
401 265 720
421 764 851
334 938 924
516 592 22
713 721 451
385 900 1
601 622 536
129 565 172
16 509 183
85 85 438
574 312 271
809 729 432
880 216 629
530 230 881
335 605 272
281 52 401
383 726 801
817 881 306
884 782 435
761 146 191
207 491 134
51 442 881
917 81 167
757 349 775
529 209 292
64 281 936
27 505 562
150 851 201
501 951 901
147 711 309
162 296 401
413 603 936
618 677 682
222 494 646
231 116 985
896 857 601
258 731 973
61 751 765
298 266 739
625 332 762
747 900 731
371 701 97
644 709 176
461 777 236
479 616 620
125 828 540
273 941 936
669 201 851
601 584 922
882 1 41
11 978 361
313 241 961
241 876 271
932 829 571
5 645 202
169 89 708
81 666 875
737 831 558
745 431 222
77 801 336
861 769 371
835 761 913
937 573 291
749 736 485
41 601 702
563 186 9
545 752 101
481 401 561
989 327 311
825 245 263
383 481 418
183 861 473
594 529 93
453 417 861
372 424 887
533 657 301
531 681 401
706 112 113
351 949 31
261 614 16
406 380 729
701 561 140
928 617 283
154 176 217
131 637 943
839 451 774
301 621 385
13 651 899
180 260 518
553 979 833
861 616 559
277 584 635
300 233 785
797 881 411
59 859 247
401 501 632
480 589 469
885 827 177
265 841 566
501 680 11
754 511 16
134 701 988
321 753 822
418 873 80
501 371 649
967 312 55
837 861 465
621 989 905
732 427 824
953 917 817
321 261 373
718 581 331
861 464 437
625 933 476
731 151 919
101 127 755
433 967 505
824 489 425
739 313 793
181 688 537
281 84 381
45 941 556
657 598 945
445 949 242
907 737 441
175 691 649
124 905 733
181 81 799
69 941 451
515 515 445
202 611 684
388 321 484
679 247 793
82 31 481
555 665 241
481 531 465
266 441 609
41 913 193
609 228 660
571 105 808
964 978 665
815 765 858
957 281 776
876 593 915
424 151 231
927 578 247
138 137 666
151 791 921
931 696 55
579 609 361
33 153 817
170 943 831
817 813 129
450 693 932
877 517 910
338 934 573
403 496 956
489 889 60
865 460 273
857 801 232
56 505 97
809 281 69
847 115 212
113 9 833
921 133 121
441 401 730
613 825 425
121 545 497
971 561 121
497 861 991
565 509 705
656 479 442
911 96 856
213 748 220
929 997 897
881 701 601
681 216 501
521 647 279
509 321 396
459 957 151
383 851 399
56 413 100
401 19 118
753 38 773
142 801 249
241 17 841
591 251 91
751 714 57
643 999 662
833 953 567
169 882 41
732 505 31
173 866 267
462 83 781
501 689 281
981 551 141
477 935 195
815 573 965
57 297 575
901 489 505
809 946 455
513 812 409
73 872 229
316 193 277
281 576 530
241 649 848
583 1 361
190 519 81
11 367 315
805 531 511
433 163 973
816 113 155
300 89 785
209 529 377
113 871 508
691 879 75
700 209 201
601 751 891
121 681 887
911 251 897
251 121 859
345 365 491
263 529 769
994 378 340
94 428 985
697 73 101
61 390 921
258 888 291
382 167 705
193 833 361
176 761 321
216 673 705
645 855 981
841 990 904
201 409 705
947 523 577
859 491 501
777 565 1
526 317 609
297 147 739
309 687 713
769 576 337
961 828 890
97 325 299
131 137 528
856 233 651
345 761 525
802 217 781
720 457 533
621 513 521
161 308 861
511 181 676
633 413 89
879 309 495
433 496 985
845 614 675
525 253 457
876 237 969
318 911 404
853 91 581
360 873 581
924 503 594
201 583 254
487 949 613
673 754 321
773 161 409
371 712 473
951 9 407
9 715 805
76 982 501
103 798 288
945 601 517
471 351 623
626 185 97
457 561 791
925 236 121
53 585 929
545 956 345
657 903 198
14 41 481
301 113 113
33 485 536
623 398 715
961 413 523
287 801 795
751 501 773
33 329 711
740 839 288
771 386 809
331 777 505
929 238 49
189 881 245
5 965 548
503 272 401
236 421 433
778 577 221
553 97 833
481 496 394
661 451 633
290 973 849
545 839 561
21 156 97
356 370 701
85 9 227
981 648 660
325 529 361
251 105 410
991 696 769
761 447 397
101 145 889
481 985 817
401 151 131
397 281 917
938 685 958
562 121 673
378 121 459
177 201 991
466 826 89
84 345 541
501 682 31
297 683 788
473 105 951
41 127 305
661 835 676
21 611 95
411 601 901
971 339 573
481 227 583
725 736 569
657 575 366
809 648 985
206 195 434
731 741 663
773 748 449
283 33 137
689 809 81
825 269 926
155 601 461
206 638 697
551 121 747
1 166 225
449 595 261
710 937 753
481 231 762
804 565 733
265 97 961
31 409 744
401 103 359
793 757 937
33 936 481
321 595 786
252 676 773
109 831 841
121 241 502
221 201 550
365 181 310
641 845 493
544 289 103
211 141 493
833 441 701
935 434 779
412 701 121
104 707 826
771 441 793
573 381 295
189 849 333
853 297 341
761 667 481
530 387 497
418 550 577
488 580 371
73 975 641
762 301 751
80 714 485
833 501 81
365 1 456
369 467 837
501 369 512
568 11 641
776 961 183
151 459 442
751 551 276
738 17 695
621 667 373
476 92 745
302 285 837
722 166 540
73 491 729
265 631 521
611 207 981
297 581 600
641 113 834
369 477 581
929 126 795
346 281 473
929 61 473
321 151 639
737 345 239
185 265 923
576 690 901
734 964 387
501 117 727
445 344 809
456 761 303
611 953 311
805 819 246
896 986 347
47 865 487
581 177 451
781 173 876
345 653 103
865 199 918
101 857 569
9 218 851
589 549 510
155 453 96
461 323 699
211 245 127
420 497 8
451 571 952
461 771 313
424 726 821
621 89 866
191 709 71
911 513 286
346 181 567
785 607 841
893 94 773
484 713 841
459 924 165
649 4 165
81 287 551
881 597 859
101 873 267
550 711 417
658 219 631
571 491 487
889 301 193
101 324 649
721 809 153
710 295 729
691 921 461
969 753 11
573 969 396
633 563 392
927 369 949
530 986 329
537 361 221
833 748 175
217 475 551
189 316 197
281 181 951
490 531 41
726 707 885
789 346 438
793 689 266
363 621 751
689 581 533
492 39 591
799 561 278
78 70 895
821 601 681
555 412 673
278 276 865
729 886 937
321 502 544
781 393 711
833 221 921
221 736 101
951 959 973
151 180 951
684 865 1
292 489 751
675 49 11
196 837 437
353 41 745
219 369 427
556 82 500
369 65 837
161 189 125
288 153 697
39 201 793
394 716 237
661 399 607
657 641 546
786 428 173
742 441 1
62 144 751
682 337 713
113 403 417
83 541 643
961 995 239
138 307 757
49 977 449
910 201 831
653 401 897
438 450 461
561 297 701
395 687 905
909 429 441
93 428 611
537 276 677
245 119 304
793 613 881
636 229 637
111 953 163
793 737 701
399 662 830
241 361 340
99 991 341
81 68 389
177 420 529
391 581 833
685 11 647
109 69 524
981 217 307
516 841 588
375 601 851
521 471 623
560 336 254
36 821 652
909 196 542
637 997 799
423 362 107
125 241 287
501 862 745
401 917 597
339 291 156
881 721 344
840 169 17
851 939 293
226 769 27
458 585 715
938 801 21
354 1 393
505 401 147
633 801 19
185 891 248
1 341 873
425 706 341
319 53 943
281 381 387
242 501 201
401 377 773
801 599 129
45 51 953
641 797 729
231 11 195
96 813 321
241 281 623
437 317 571
348 221 276
817 101 712
261 921 181
482 896 865
1 876 281
145 955 569
545 36 1
872 217 11
541 755 617
249 169 347
876 401 360
651 251 541
337 61 681
852 435 251
161 86 913
382 732 800
178 649 446
41 291 101
813 557 197
387 849 941
297 41 393
253 878 357
801 77 313
301 261 841
785 673 561
358 721 121
757 997 154
485 565 869
977 109 257
457 335 545
521 481 144
171 181 401
697 885 611
754 761 401
837 859 65
815 385 203
71 941 751
314 144 621
52 160 471
175 739 750
891 167 953
673 589 776
751 168 513
61 281 745
979 108 693
676 257 281
1 151 336
1 538 891
807 681 489
12 301 543
678 103 321
189 641 61
473 449 668
769 336 309
736 713 986
1 835 244
361 398 809
955 248 141
109 926 396
361 781 990
51 701 977
105 468 825
297 161 478
977 953 592
91 406 406
667 169 975
808 954 933
390 786 871
138 858 126
77 631 31
913 101 81
921 664 377
221 17 750
965 662 777
169 303 41
521 777 233
576 721 41
507 506 8
525 941 645
601 671 376
687 29 542
193 101 981
391 881 221
603 875 212
829 338 365
888 467 927
578 965 262
541 673 921
775 257 284
943 458 608
575 127 501
589 161 996
81 426 51
479 679 827
695 335 724
751 476 111
599 570 771
18 341 147
929 819 231
291 133 129
751 325 305
93 941 669
337 381 369
801 555 443
355 901 954
873 645 497
334 875 595
783 691 18
727 753 141
995 921 376
701 551 716
861 873 357
809 313 209
209 897 457
82 902 828
187 812 13
461 121 716
871 251 901
41 853 191
813 785 215
751 485 321
225 161 341
405 1 586
472 85 644
750 983 187
444 682 21
339 179 724
961 409 464
701 215 139
861 657 711
50 895 921
659 601 877
437 681 60
376 1 177
15 851 455
841 249 923
921 501 853
44 771 212
236 731 789
429 429 792
93 91 23
113 301 733
429 371 857
161 853 548
251 25 11
646 499 121
245 980 601
911 627 498
716 889 501
907 628 441
616 331 706
693 674 101
632 801 418
666 209 786
195 117 217
347 631 425
353 249 317
987 71 751
889 741 60
751 251 929
447 119 761
983 417 441
709 637 411
391 365 226
690 281 361
515 281 329
541 217 703
172 425 2
771 181 551
651 561 589
301 773 121
705 931 371
341 587 703
643 503 349
32 16 581
231 177 254
517 465 590
841 1 901
591 716 187
171 216 429
654 449 551
601 663 501
251 361 991
208 465 851
201 451 105
501 99 329
899 994 281
258 3 913
341 903 905
121 425 332
701 966 311
559 841 615
25 965 201
785 287 56
305 333 708
937 401 921
443 41 257
501 73 573
269 741 913
78 903 407
337 983 931
848 850 654
175 586 166
327 175 930
869 686 441
517 129 481
481 190 631
583 266 401
105 342 193
408 311 507
921 261 613
565 437 14
842 377 901
533 870 601
785 859 800
41 448 718
823 807 281
263 345 945
657 793 904
865 538 291
151 973 549
409 290 134
547 179 436
681 361 912
397 977 41
361 289 953
951 889 117
390 217 387
801 701 609
873 167 337
810 790 781
305 987 682
857 937 229
473 671 914
313 942 761
323 641 196
47 176 877
788 547 889
826 327 333
85 261 897
649 661 395
645 1 101
161 1 640
3 385 753
369 23 261
357 210 981
619 223 996
959 761 327
640 243 285
261 473 609
39 477 124
561 856 801
173 346 187
752 177 778
852 65 139
626 131 561
851 850 685
787 14 201
825 441 809
16 132 737
732 345 646
61 631 193
637 561 385
572 121 165
559 570 1
251 773 181
607 695 446
897 373 922
371 169 140
243 930 3
574 116 729
788 943 840
668 192 336
69 651 667
533 252 203
472 498 696
41 440 151
306 601 289
401 386 65
531 49 901
887 772 61
397 553 335
706 397 461
476 736 353
601 812 760
739 251 546
651 662 961
429 421 65
926 321 256
973 326 19
681 500 959
676 585 432
453 76 161
681 443 881
402 756 697
200 295 838
1 889 962
75 51 281
351 107 733
935 952 195
377 846 151
79 526 454
401 205 534
239 197 81
103 789 827
211 447 33
861 489 232
574 187 785
970 755 406
897 914 518
887 836 343
283 610 897
104 769 722
65 41 496
616 495 401
167 537 782
31 421 862
331 296 81
137 613 911
421 889 326
583 797 561
137 797 925
635 629 766
511 698 693
196 759 329
545 30 950
61 465 360
589 41 91
81 934 43
979 321 8
101 25 933
252 701 433
849 111 505
968 897 721
501 805 801
428 694 951
198 49 831
865 723 471
653 161 203
393 481 751
565 201 714
109 757 871
129 717 201
298 793 736
154 657 488
401 381 763
660 40 848
409 755 873
857 34 954
681 742 962
284 355 508
555 466 409
11 691 917
205 214 295
633 833 761
237 614 646
951 164 681
641 1 925
305 697 121
673 274 982
893 129 601
729 530 561
700 757 651
92 829 397
901 798 406
622 659 498
41 838 455
621 939 401
957 331 11
101 652 439
501 606 236
983 901 121
737 358 371
111 501 799
526 725 253
271 941 989
941 161 1
689 809 781
761 105 65
731 909 296
403 870 859
101 250 359
281 349 61
243 721 427
304 288 326
589 276 971
811 97 29
481 289 993
521 705 861
979 317 825
429 27 807
409 320 93
517 662 526
371 729 141
685 606 461
431 475 369
711 60 12
929 801 403
226 173 29
568 65 741
689 191 697
326 593 877
569 244 163
351 583 3
479 227 249
249 666 101
805 544 908
201 101 761
441 663 258
1 701 192
601 910 751
412 485 165
328 793 350
865 683 407
215 375 453
127 179 521
321 766 856
13 585 642
761 753 835
473 573 487
741 291 121
593 521 596
785 321 449
564 464 919
813 329 800
216 328 361
906 697 761
748 491 361
27 851 60
3 707 567
876 810 465
298 321 663
81 957 595
313 649 467
681 416 40
98 961 841
471 161 423
519 217 627
906 578 57
489 126 351
187 946 446
145 956 108
45 179 949
169 142 437
919 839 999
113 137 389
123 465 708
972 216 729
441 399 808
906 637 625
847 387 513
789 411 685
681 529 393
979 98 554
473 361 316
582 271 657
157 75 241
913 769 501
951 611 169
857 481 743
511 145 321
302 8 39
17 257 563
917 365 10
616 565 289
652 533 279
428 881 887
16 418 701
17 189 999
929 876 569
83 329 201
248 509 31
727 70 769
711 489 525
306 451 117
141 191 851
127 749 889
135 226 951
161 568 801
590 49 865
729 691 877
336 721 701
271 930 526
703 82 481
692 295 527
297 204 814
728 926 27
17 947 575
226 478 895
202 717 201
739 667 706
838 332 161
641 293 525
583 703 633
761 314 97
540 166 485
527 461 721
761 456 354
947 891 624
251 21 283
201 641 559
38 176 281
307 171 241
417 525 634
33 151 101
650 11 659
841 820 259
291 614 649
151 650 904
29 253 865
873 245 422
88 487 901
441 189 481
223 935 84
795 601 761
471 275 324
418 738 183
141 471 733
893 601 681
583 419 73
751 881 640
411 241 716
25 460 313
938 352 321
406 135 531
291 369 973
422 705 841
255 857 61
605 263 121
529 309 811
477 625 121
353 336 46
381 126 207
723 581 890
373 761 918
227 71 180
359 970 821
29 276 39
1 921 269
396 339 717
316 143 781
891 135 79
106 588 82
663 961 473
428 376 973
891 899 921
877 326 311
689 889 310
790 581 397
119 594 17
27 256 288
904 845 439
24 636 983
806 835 470
416 26 481
525 901 711
127 281 865
497 13 828
731 789 867
273 516 568
481 702 74
699 433 624
6 671 736
247 883 365
221 135 169
737 93 685
54 561 400
847 906 953
457 183 626
721 179 147
235 11 11
617 851 419
142 306 757
429 308 598
321 311 497
280 34 301
643 641 51
948 976 153
921 651 765
676 959 445
321 691 751
457 479 859
329 293 968
225 716 570
77 128 597
303 991 498
801 710 303
43 41 163
691 105 425
435 786 441
523 379 541
586 159 870
651 847 468
637 681 851
257 353 1
161 44 761
83 321 241
854 455 865
153 847 501
857 751 359
489 225 89
69 569 361
1 653 167
336 590 849
633 545 561
475 894 673
921 724 501
961 835 728
943 421 265
482 893 525
233 883 432
650 606 368
669 29 661
197 730 177
981 923 541
677 273 441
573 181 961
572 513 49
9 533 568
721 697 250
209 493 86
721 295 969
791 815 214
78 292 226
691 227 715
545 724 201
513 337 500
332 197 86
756 913 725
235 715 867
437 641 1
918 113 153
757 205 433
836 561 206
706 244 641
345 177 183
764 486 21
757 802 776
289 201 961
701 577 199
973 401 141
839 373 561
377 92 51
969 101 507
809 908 921
881 476 509
611 315 161
727 111 536
301 41 319
145 713 387
165 853 381
129 701 908
273 209 365
776 383 635
666 379 233
69 145 267
647 549 865
809 286 796
79 739 165
566 790 121
366 241 55
653 633 1
739 201 551
380 273 394
316 9 629
697 301 761
497 731 983
692 876 265
816 149 417
381 367 240
551 389 510
821 562 261
997 785 861
141 63 757
861 217 645
580 27 321
591 746 513
253 620 96
713 767 201
397 501 604
369 865 561
585 933 215
185 529 34
66 906 321
181 697 776
673 761 993
551 425 521
9 246 137
585 26 785
705 41 545
216 241 936
329 719 925
672 297 963
107 207 405
401 365 334
132 526 456
111 17 653
551 61 847
749 476 988
569 104 213
601 174 501
537 945 145
876 453 397
345 171 359
461 605 939
245 766 620
961 773 320
177 41 86
57 518 586
615 721 101
797 205 827
951 530 765
529 236 826
345 971 835
454 69 677
729 715 441
248 323 391
593 683 821
673 173 535
774 943 418
279 631 875
381 416 891
417 126 633
969 341 949
676 289 23
743 837 718
46 505 9
81 461 520
49 40 983
339 102 760
309 21 741
12 661 115
185 11 249
677 754 209
701 241 137
856 257 581
265 70 921
241 9 487
319 895 881
489 569 626
519 951 460
6 369 478
819 831 726
587 367 473
898 997 701
101 140 580
181 44 933
81 851 976
547 279 697
381 652 401
187 931 71
925 177 961
22 885 311
21 647 26
535 101 40
880 936 417
896 505 970
952 61 356
292 81 653
477 826 929
876 169 59
881 109 810
631 621 974
114 555 737
1 914 561
79 897 103
101 916 85
269 869 68
355 929 897
957 680 554
349 967 883
130 981 834
743 305 68
569 929 393
73 729 729
285 511 521
591 479 363
393 14 211
213 721 133
445 37 138
781 907 427
649 914 663
1 409 893
827 251 59
281 761 910
751 541 956
631 9 191
615 801 225
751 999 289
976 555 440
476 906 461
6 832 261
65 275 651
235 95 886
391 753 959
579 961 969
975 17 915
557 475 820
617 685 266
375 390 833
655 187 981
987 1 351
376 105 505
175 281 809
471 911 483
621 291 825
664 971 732
885 61 384
396 315 675
191 202 284
662 484 47
996 201 485
802 934 57
801 358 851
201 361 804
197 21 451
151 838 801
691 721 260
461 369 607
305 901 532
48 201 117
649 177 623
79 896 983
865 242 541
519 830 313
503 48 107
111 408 142
580 561 901
502 954 901
141 496 935
646 794 607
410 516 957
951 648 113
985 281 194
815 203 281
422 537 407
746 201 1000
486 493 977
177 65 155
571 585 181
657 997 185
921 317 341
387 123 239
499 866 223
777 285 83
249 477 557
387 306 184
497 733 545
1 861 774
355 241 199
269 970 295
453 571 570
215 202 753
860 321 296
261 627 321
469 886 201
74 501 171
136 361 907
401 975 297
263 41 865
627 43 906
832 30 295
849 465 443
23 807 809
951 579 837
409 853 721
425 421 601
871 969 271
96 431 571
226 661 491
305 113 1
829 554 691
177 93 856
422 889 671
825 401 854
41 849 881
429 377 486
825 533 996
304 625 272
141 845 175
461 389 601
13 899 605
256 697 324
73 34 811
699 281 107
114 779 813
340 255 916
33 606 825
886 61 761
766 1 759
99 247 912
239 689 649
16 54 761
611 226 741
83 551 903
861 209 433
993 181 49
555 925 289
551 990 11
953 926 451
961 47 450
105 835 577
231 91 694
841 933 359
485 41 17
607 690 197
120 332 972
251 926 33
901 280 629
227 983 965
313 557 981
681 201 9
716 925 277
467 774 420
198 978 663
676 841 365
201 581 951
801 993 191
729 676 801
905 641 871
225 469 161
83 321 751
86 891 649
101 51 61
207 387 511
613 651 281
387 141 401
579 367 489
347 489 523
599 506 826
612 9 401
151 51 225
346 881 851
33 847 1
191 501 697
225 973 580
201 13 293
633 641 665
795 757 276
637 901 755
908 216 748
695 961 65
729 985 351
905 591 463
464 770 78
737 986 137
617 635 669
757 921 480
128 761 472
257 652 746
419 2 207
587 662 917
325 719 161
788 983 297
681 521 221
555 593 435
391 830 341
672 433 857
335 56 626
769 769 626
46 146 973
330 912 441
251 167 689
57 877 473
221 175 825
401 241 993
961 745 431
593 233 361
85 941 221
286 301 318
440 871 625
960 479 533
857 391 107
336 561 889
161 56 782
641 823 489
225 108 401
695 615 551
629 126 131
534 117 511
461 79 329
509 281 403
591 307 929
141 321 881
496 625 505
353 943 553
564 51 413
151 722 275
526 441 720
881 42 297
612 361 105
683 856 419
236 25 392
372 290 563
327 809 406
237 313 149
101 785 441
857 561 285
882 201 181
411 831 301
938 416 630
389 583 939
633 502 909
185 790 913
707 755 693
961 65 855
995 175 665
581 107 863
157 913 511
121 971 306
694 673 936
57 377 679
551 821 220
419 49 895
701 881 311
849 165 895
801 147 643
701 711 295
965 309 735
903 716 631
223 889 396
139 693 681
206 181 537
249 276 671
491 199 826
565 209 853
447 748 911
900 427 345
640 29 785
916 501 245
565 905 978
781 773 811
463 797 611
543 801 553
361 943 921
549 626 365
683 985 651
761 373 831
961 409 201
801 87 41
770 426 492
669 401 540
664 654 165
81 651 357
164 564 723
499 375 353
585 285 241
233 340 358
429 376 583
614 62 596
572 871 906
491 32 773
331 531 187
750 887 345
879 231 577
251 333 741
545 327 993
133 475 483
736 31 376
4 161 633
101 529 538
51 329 509
858 941 965
321 416 441
352 758 401
331 21 349
583 469 685
961 905 757
845 7 441
113 89 46
811 997 511
670 801 881
776 195 771
179 206 256
145 279 911
561 617 607
197 763 979
465 751 771
581 345 65
717 226 559
841 133 153
570 969 169
955 617 959
987 705 399
19 373 633
80 772 639
381 583 53
761 775 953
61 487 612
120 2 421
741 471 865
553 921 357
256 513 269
911 345 993
657 501 566
124 471 131
645 313 977
667 333 531
1 689 501
341 301 709
297 845 351
771 306 221
121 91 521
607 507 975
620 449 149
113 985 401
883 345 909
587 257 112
310 16 433
73 801 391
741 321 917
499 334 309
261 265 649
986 401 329
510 481 403
677 691 929
746 61 141
548 726 13
71 929 145
280 753 1
193 741 683
10 969 700
769 774 748
761 865 705
611 951 427
717 84 949
851 367 867
341 501 259
13 1 1
801 285 991
449 801 33
585 571 762
492 328 902
361 293 658
609 41 497
488 106 104
687 215 471
825 394 201
673 831 36
321 929 441
490 305 201
345 606 89
21 231 307
790 901 926
741 873 321
841 481 449
581 306 730
221 783 491
947 181 235
937 186 391
412 401 55
854 297 425
46 846 981
265 787 193
661 181 421
125 533 899
931 102 301
381 193 169
69 291 790
358 174 525
941 137 152
728 119 389
739 899 207
726 783 992
410 785 773
898 473 879
737 997 369
839 936 929
333 865 405
725 609 628
897 266 841
889 605 226
601 417 105
537 613 565
387 457 937
681 617 897
613 244 47
457 71 355
721 881 310
981 97 529
30 889 996
417 23 445
483 727 197
586 937 189
306 996 105
587 93 173
988 978 991
449 201 141
621 319 613
560 289 647
833 251 915
953 151 921
865 108 438
874 175 341
226 673 51
179 221 868
771 665 176
698 475 501
911 996 91
255 788 201
367 651 235
321 34 593
417 177 469
27 346 71
201 345 530
816 206 269
573 913 44
43 523 441
53 794 1
621 371 795
101 101 649
881 814 969
541 163 447
528 657 818
481 881 481
785 672 361
653 1 113
401 467 751
293 880 556
601 883 773
101 71 803
311 499 193
649 101 970
241 970 361
577 749 949
501 456 161
641 309 686
881 648 75
5 813 615
702 585 463
433 742 125
401 93 697
23 288 837
601 65 977
771 385 509
905 801 281
989 753 45
269 133 15
228 911 587
366 525 855
1 95 391
857 596 201
787 148 465
701 703 459
470 711 745
713 218 849
721 993 473
381 326 633
986 951 63
97 477 789
697 639 591
753 689 737
564 218 533
36 294 641
268 219 279
411 145 873
858 797 265
667 942 705
129 685 563
964 937 612
306 386 577
221 232 409
509 841 650
938 592 303
61 141 73
701 590 642
241 746 200
665 47 11
582 793 565
206 666 415
65 923 449
45 1 561
768 183 641
607 723 325
793 206 345
881 918 245
493 53 841
817 689 384
335 105 493
451 490 806
453 756 151
1 589 42
361 297 221
601 629 717
106 396 41
467 233 97
37 889 218
121 192 461
831 507 281
708 412 83
745 692 365
65 273 693
977 217 365
500 914 685
761 160 693
6 553 154
653 778 159
371 575 540
591 201 251
938 915 876
645 806 916
513 615 131
106 530 715
318 280 141
667 961 461
491 88 793
393 106 947
691 815 489
538 966 685
203 997 345
75 806 873
525 41 297
431 265 661
225 849 921
208 521 785
321 801 964
150 553 881
656 144 990
713 103 421
361 17 689
700 1 432
29 717 289
753 506 331
400 734 39
16 123 259
256 251 416
761 447 329
529 266 271
881 447 194
115 247 935
991 676 327
777 212 259
31 300 817
651 959 59
723 932 887
864 241 100
209 715 901
135 63 111
323 225 685
829 397 345
561 309 655
433 456 121
865 689 900
300 381 385
26 193 171
905 557 713
138 794 771
504 211 325
991 274 206
381 667 921
965 545 134
121 171 199
337 345 326
977 76 66
649 307 619
365 352 845
296 786 51
219 501 625
449 581 754
277 701 71
102 505 776
383 71 73
611 141 395
36 981 681
521 371 289
335 961 321
205 88 526
131 5 1
2 586 723
481 979 600
807 681 108
37 326 521
433 996 631
703 526 224
471 201 814
537 449 533
625 858 770
683 193 825
409 804 977
865 829 971
153 743 825
896 627 896
49 525 531
245 65 461
289 322 911
967 215 719
325 713 569
306 988 541
901 153 985
465 346 347
751 342 925
997 601 337
573 928 775
877 898 419
148 145 551
265 339 429
329 957 73
167 979 304
75 553 807
511 553 767
750 437 273
413 641 921
777 565 601
851 993 605
245 1 951
449 162 933
265 713 322
852 763 829
844 369 397
921 897 424
332 285 486
665 467 508
529 729 44
901 303 223
571 507 879
505 297 283
365 256 725
149 756 841
825 21 17
9 925 705
193 855 873
193 508 351
321 786 145
355 511 294
209 861 681
887 557 635
326 761 99
11 84 473
455 813 866
93 26 750
441 712 961
609 387 539
43 301 665
655 57 194
167 891 93
526 844 197
886 221 921
491 781 897
225 781 129
403 441 556
444 201 626
785 185 995
876 559 703
916 89 245
865 659 467
715 91 449
277 601 489
721 101 141
313 341 269
780 755 370
121 648 641
829 733 769
401 673 75
701 527 453
625 615 624
687 997 348
651 631 753
377 825 391
962 705 997
573 631 889
681 570 801
330 177 781
632 51 603
877 963 181
791 317 585
201 961 475
297 281 218
205 332 95
309 201 610
343 961 339
49 921 137
303 461 340
309 201 193
66 9 23
445 727 913
935 889 311
673 389 596
227 826 701
897 921 703
747 904 275
601 273 261
181 701 757
687 747 616
331 121 307
629 491 763
61 331 259
223 321 479
681 362 193
265 595 693
347 795 229
747 860 431
531 948 651
339 409 959
576 609 401
921 765 956
249 1 843
649 61 668
717 158 497
889 161 199
693 637 91
391 793 708
715 666 535
931 401 490
864 379 151
561 59 646
928 549 201
745 469 183
849 93 241
187 423 565
412 631 267
57 317 571
917 501 89
50 561 217
442 801 621
337 751 271
121 141 689
793 417 491
337 401 5
381 803 40
41 721 566
867 248 163
681 601 621
566 370 355
641 886 989
1 813 803
9 345 529
801 975 556
819 341 541
361 953 421
191 861 451
133 841 149
452 529 771
515 529 511
586 621 983
583 42 949
721 403 240
991 745 376
476 315 577
353 397 69
794 601 72
493 945 70
621 421 607
945 657 921
643 313 791
191 21 969
134 279 767
449 937 477
941 537 413
797 555 565
815 57 251
789 987 953
136 321 411
1 357 566
657 735 349
579 513 537
869 594 751
498 753 897
379 77 535
201 321 447
109 197 953
27 489 278
593 61 283
698 641 565
98 541 949
137 222 833
801 261 997
128 783 641
78 174 426
837 573 753
879 269 534
56 667 388
967 46 494
965 896 267
829 626 781
340 321 849
921 228 721
40 977 367
481 517 283
501 675 813
646 235 131
697 745 641
301 51 981
976 361 391
111 101 233
201 331 945
939 591 565
703 413 119
767 251 83
601 49 811
960 291 503
197 409 291
281 513 141
30 366 49
277 551 100
84 801 685
726 149 203
929 449 940
921 676 151
576 929 343
450 367 611
857 321 825
724 513 804
674 277 367
766 377 967
767 387 681
77 45 231
113 125 441
667 417 193
337 113 413
457 769 993
546 269 801
948 461 759
609 441 455
968 151 469
754 221 627
504 611 685
257 91 206
877 109 181
208 96 425
505 851 393
301 661 245
81 914 42
194 697 511
145 691 741
297 501 489
29 361 587
468 321 597
157 537 985
513 576 917
769 46 869
661 496 331
759 777 281
245 5 769
673 310 287
239 401 240
441 721 476
960 536 31
349 513 971
321 531 921
41 537 879
501 236 621
296 52 716
865 546 60
381 617 186
318 929 521
6 165 976
598 965 309
961 591 133
189 808 273
809 321 333
111 287 835
553 265 46
449 129 990
706 457 313
273 621 933
501 381 196
921 541 174
856 561 511
319 913 163
385 661 999
55 501 381
974 962 989
619 251 537
711 294 325
381 25 97
803 40 193
272 377 525
583 612 661
391 681 547
493 251 278
759 883 7
819 110 705
669 494 205
361 273 157
653 789 421
311 977 844
531 533 393
721 905 381
101 896 984
276 673 267
86 293 887
769 7 611
189 135 309
481 701 933
229 841 696
54 545 360
196 929 176
19 637 829
59 193 909
35 65 984
880 573 817
702 599 593
385 561 696
415 349 781
902 251 157
469 881 765
841 259 479
761 681 451
315 481 521
655 626 219
625 61 493
654 921 519
241 127 455
497 953 593
665 466 697
821 406 624
581 41 251
688 369 736
581 618 33
80 453 777
217 377 98
866 937 24
375 700 894
977 80 41
669 533 701
114 297 909
217 700 301
949 985 617
493 255 73
61 891 233
691 163 973
373 711 352
455 769 280
121 415 61
211 609 401
86 401 176
26 977 301
393 561 26
223 736 331
381 881 654
441 934 568
649 278 430
624 1 221
226 641 429
373 901 473
161 745 62
553 266 109
907 218 443
785 11 969
201 521 501
719 529 693
145 191 121
774 89 934
79 903 556
305 9 449
453 541 545
117 260 273
225 386 620
907 494 102
39 847 756
619 501 981
182 363 249
935 421 216
536 357 61
306 618 607
911 106 187
560 1 238
625 138 990
641 739 577
981 780 91
351 43 785
801 201 319
449 357 873
193 593 826
713 709 269
653 893 569
594 183 177
941 981 76
418 369 577
3 89 145
973 1 331
995 781 648
705 842 444
961 308 501
537 889 447
596 270 881
246 576 747
709 137 41
141 485 351
182 201 522
979 641 957
815 525 785
193 965 345
931 81 530
892 954 722
7 223 741
846 465 830
344 960 601
272 653 941
114 1 98
481 176 427
233 921 433
241 597 857
161 501 181
881 23 81
616 249 461
551 26 623
921 776 626
549 721 704
145 28 272
927 906 624
585 829 33
812 669 437
289 961 583
174 617 981
974 250 291
209 17 947
685 233 543
163 625 760
807 146 373
473 557 479
641 329 833
241 425 523
489 390 794
627 34 766
513 395 295
152 581 270
897 382 211
601 981 321
667 976 841
793 574 362
721 901 201
347 361 76
495 276 40
225 864 140
63 396 845
751 262 585
76 902 401
771 999 483
538 465 903
858 123 233
29 177 481
940 515 705
581 985 601
893 617 161
781 212 345
845 68 666
115 101 238
916 191 369
841 172 111
249 96 11
363 216 525
409 635 295
406 663 715
243 791 460
341 432 361
406 736 312
276 409 189
909 305 201
561 721 481
389 393 137
966 593 925
605 1 291
826 576 31
743 250 686
249 365 201
441 694 881
353 383 497
442 481 261
755 725 293
601 343 421
645 795 23
845 193 401
269 305 165
457 457 41
131 998 133
928 151 417
225 183 531
51 595 901
386 640 725
394 241 305
106 569 36
231 522 675
275 948 714
713 29 439
431 632 322
381 887 592
57 332 571
515 188 39
888 801 594
946 717 841
180 565 633
301 843 1
283 227 201
416 180 477
655 294 474
209 718 736
421 500 253
32 714 299
633 517 481
807 743 941
425 281 425
671 137 360
755 435 141
413 361 162
365 227 476
1 509 338
861 165 974
518 191 622
585 403 713
613 853 857
687 745 242
550 989 481
102 636 173
730 312 379
109 743 676
41 961 231
541 235 153
839 852 315
609 361 431
406 491 673
493 833 251
670 639 430
510 937 822
986 371 900
161 17 753
729 732 525
651 666 432
10 321 753
597 721 499
841 195 998
271 554 389
668 557 446
929 352 545
70 988 241
672 101 110
597 347 464
53 479 449
517 781 61
805 453 701
445 833 768
139 517 601
761 989 985
781 776 171
601 633 345
897 919 848
384 284 633
611 921 139
961 471 503
950 351 927
612 668 669
611 293 385
587 524 381
751 919 167
733 816 57
421 761 97
533 973 853
481 877 849
255 477 457
586 291 85
771 309 896
642 275 358
841 973 796
419 959 451
911 9 329
881 402 523
313 794 943
406 657 877
593 149 888
929 637 169
729 9 353
217 357 439
535 246 136
905 457 857
705 797 501
561 117 91
441 807 601
521 334 121
431 740 723
561 968 954
106 317 317
687 892 92
686 887 603
88 688 220
298 725 419
151 851 560
577 282 985
264 519 589
479 794 241
613 366 235
586 201 650
590 121 1
871 524 983
727 947 461
667 461 92
586 46 161
629 385 901
117 486 576
381 174 266
410 277 921
185 977 379
391 28 901
409 393 5
438 951 555
597 541 871
281 209 825
976 465 707
625 933 663
974 745 285
926 489 675
410 965 681
271 281 974
737 629 171
308 861 489
458 452 891
866 269 51
977 271 781
951 21 276
367 161 711
35 840 824
357 221 441
467 959 451
776 601 833
528 442 101
22 895 368
921 469 249
273 95 227
956 605 633
113 464 573
205 89 796
588 5 488
815 573 245
656 489 197
247 566 359
354 310 385
401 223 977
15 293 801
43 616 921
501 611 56
690 961 913
135 233 610
781 737 512
771 507 993
273 971 537
897 289 523
372 831 637
701 785 621
289 235 723
505 526 986
993 745 905
603 688 178
497 820 746
521 865 321
121 86 591
164 840 509
847 125 129
44 561 855
994 157 853
473 866 999
960 188 731
297 721 352
451 895 753
25 825 19
241 567 770
53 241 112
351 603 901
423 295 849
961 679 555
666 919 803
125 676 923
585 288 645
833 837 69
561 639 556
665 633 588
633 911 421
981 10 501
441 257 869
461 213 3
649 423 428
261 697 641
249 275 661
536 649 55
217 815 157
30 188 750
757 221 55
441 91 777
615 886 661
837 331 376
561 1 39
441 461 521
374 977 557
121 89 38
211 741 808
945 981 757
311 653 57
249 405 516
15 461 617
801 805 553
744 640 317
88 495 97
721 339 486
91 209 9
786 665 82
975 193 516
117 564 589
637 907 533
852 197 938
651 217 649
396 801 63
841 877 281
986 172 406
67 961 238
911 489 651
57 825 501
342 295 89
482 267 121
137 6 53
177 359 311
745 305 931
321 460 526
269 49 457
819 785 151
48 263 773
832 815 965
778 761 101
596 321 371
601 741 616
721 389 213
937 897 343
831 302 769
233 404 141
906 201 231
391 167 586
471 801 33
649 739 531
137 361 665
151 137 618
839 577 689
920 351 148
401 16 762
84 869 22
789 673 596
233 385 690
357 771 411
387 25 873
289 751 531
533 450 273
131 445 339
81 56 833
191 158 993
861 976 15
833 254 473
936 121 109
53 531 74
894 513 557
571 361 781
391 737 21
669 465 729
709 677 285
489 712 794
925 143 338
813 936 269
835 553 116
561 18 601
160 16 273
564 81 233
451 275 329
641 421 485
763 745 135
721 953 489
661 425 619
145 107 663
429 881 219
576 178 749
221 878 203
985 886 269
859 264 900
255 825 689
589 78 605
151 406 917
709 997 621
261 1 371
271 828 384
63 371 13
497 279 93
471 173 916
181 600 711
269 541 454
416 413 961
609 731 945
553 87 346
383 821 838
875 307 489
328 791 893
901 791 407
101 585 471
105 157 226
673 847 128
261 243 557
423 889 859
81 89 731
705 759 949
189 71 921
661 359 323
5 653 729
181 45 490
551 930 857
516 343 701
265 169 83
866 393 356
529 942 971
791 957 299
150 398 494
801 876 985
179 481 437
890 311 676
341 913 419
103 635 759
42 501 801
134 551 915
587 721 442
220 135 313
857 607 558
25 886 1
153 91 653
277 843 378
941 651 736
690 889 506
243 396 437
612 66 148
24 210 265
41 815 801
971 741 452
457 927 451
924 913 537
385 501 549
53 641 373
461 65 461
821 217 497
979 231 729
713 821 427
51 152 97
625 593 949
263 169 569
281 901 851
929 136 177
61 945 551
601 751 751
385 947 116
572 443 197
651 519 913
921 12 454
321 457 565
485 353 841
958 203 745
491 195 169
301 537 975
177 769 891
1 696 141
811 161 221
175 751 9
335 281 65
189 469 911
781 381 923
21 542 975
73 957 747
209 701 391
497 761 310
179 831 289
151 47 697
501 859 41
580 851 457
846 491 915
867 359 631
321 451 9
721 201 897
293 809 455
809 733 371
17 611 166
676 610 503
427 551 325
295 617 324
233 169 517
305 162 476
138 791 907
801 813 141
495 905 851
769 726 777
511 923 761
256 633 695
745 551 406
592 485 713
197 141 314
30 193 951
129 921 996
875 464 825
125 539 676
185 69 551
769 723 383
673 751 589
496 951 151
667 695 601
551 135 649
417 445 105
416 461 335
26 25 780
501 821 551
665 795 205
39 601 125
551 439 301
99 819 970
308 993 465
345 457 350
368 785 763
937 425 9
553 481 436
1 392 1
466 741 345
613 821 965
627 793 561
81 169 341
225 541 771
623 261 627
248 25 888
881 417 801
746 463 913
15 761 951
1 434 655
489 916 461
977 836 73
571 637 182
771 947 46
221 17 40
301 376 13
125 137 97
809 897 682
864 603 49
689 638 230
724 65 327
92 153 660
740 889 17
425 193 281
621 399 993
509 111 607
402 598 274
461 169 178
605 396 447
876 675 533
559 743 265
183 117 919
981 215 178
349 796 152
632 191 3
301 875 654
795 649 95
847 47 246
204 273 964
609 567 643
731 416 571
1 839 447
879 209 401
310 561 376
699 649 945
787 65 975
521 641 207
847 17 661
731 33 865
256 281 875
573 372 441
985 984 521
449 822 196
256 251 225
713 53 648
105 401 41
243 533 181
801 663 988
737 949 697
753 3 462
378 249 427
463 866 301
161 193 95
878 39 863
889 241 257
177 341 591
497 609 317
266 333 901
297 103 504
439 193 135
253 239 745
881 130 982
705 501 47
675 836 149
151 616 419
741 561 382
93 401 446
751 121 34
609 367 206
69 831 645
719 833 797
605 737 497
953 176 91
537 396 500
361 704 471
891 421 201
166 241 401
761 897 593
373 857 164
159 742 745
311 751 809
9 263 787
185 887 759
503 353 659
966 361 338
729 936 441
261 961 781
241 273 594
753 357 753
776 915 206
773 401 961
485 633 781
991 82 997
171 163 239
288 459 571
775 403 852
781 382 825
680 106 818
201 521 921
921 245 321
283 214 191
267 457 751
88 669 166
297 196 330
216 969 499
1 513 547
361 824 573
753 995 479
781 576 122
638 241 589
589 851 921
176 589 302
577 812 957
33 859 201
880 297 331
61 437 81
981 239 166
645 385 584
704 590 941
693 821 501
751 435 537
548 153 147
161 53 584
935 85 369
337 557 985
863 286 681
866 691 877
626 404 333
140 242 80
129 180 513
721 449 313
231 645 522
611 16 681
256 294 337
406 723 881
367 355 281
185 881 669
409 301 771
534 651 620
861 287 455
929 539 969
201 819 561
917 451 341
383 195 85
377 538 438
937 794 825
523 543 445
177 20 653
23 626 509
551 359 491
209 101 511
339 81 561
451 889 567
161 1 306
455 361 726
853 685 667
503 411 71
426 63 449
878 121 691
289 242 761
650 361 26
607 861 377
877 985 126
481 613 415
869 356 633
385 61 801
660 868 301
973 3 191
457 639 871
656 400 22
81 343 752
193 11 341
126 496 906
120 341 583
935 551 573
119 941 401
571 83 69
446 793 649
449 173 595
797 89 876
571 253 951
641 305 217
556 171 461
391 177 225
441 193 941
885 213 931
121 477 450
537 773 239
22 556 911
889 765 896
13 838 451
694 575 993
133 401 686
941 331 578
757 963 121
211 6 614
191 483 365
46 725 161
197 22 926
89 621 926
569 865 441
649 433 537
317 561 171
771 381 953
91 201 464
1 850 475
113 701 549
201 691 213
425 919 155
459 521 526
473 262 716
424 667 681
186 403 411
941 964 545
41 493 441
110 45 61
50 821 628
336 950 354
575 271 77
42 396 252
76 385 217
9 614 101
682 436 677
25 977 851
125 417 741
370 656 961
749 126 151
481 253 707
793 281 763
159 315 647
380 946 34
401 629 96
311 286 393
949 961 842
913 75 143
881 298 105
925 480 848
665 676 659
33 583 911
348 695 511
273 818 409
947 65 457
818 69 346
692 161 145
719 575 187
420 603 331
257 356 385
317 147 933
941 553 579
777 298 301
913 529 181
363 406 797
651 907 507
529 450 241
821 801 847
941 705 226
296 973 159
878 339 313
416 11 996
41 339 590
610 584 868
713 809 369
807 845 161
525 980 432
903 973 725
381 758 397
9 581 227
261 911 337
413 867 843
671 552 161
709 593 932
591 235 831
991 277 957
681 655 387
77 729 169
673 609 727
411 105 876
764 980 542
163 405 161
581 137 411
322 25 285
801 91 837
945 171 444
353 626 628
910 513 837
84 689 671
692 641 289
11 167 846
905 777 281
881 674 236
713 129 891
347 161 733
381 481 613
805 636 41
916 25 745
705 985 233
553 865 731
699 207 956
686 333 308
913 185 217
945 588 701
911 625 515
719 725 449
481 601 841
942 788 991
49 328 833
829 648 576
627 173 591
353 338 699
885 447 825
45 410 702
91 246 604
409 737 941
706 686 407
841 739 457
173 929 813
891 406 405
141 115 397
168 201 979
265 377 877
628 495 913
585 606 115
161 924 721
941 583 986
311 401 6
692 454 253
579 845 527
103 299 696
899 321 534
386 872 617
497 119 989
883 228 616
751 311 79
257 611 41
163 541 425
33 789 253
663 404 453
101 128 580
429 89 525
349 797 399
750 420 501
121 592 1
521 881 361
794 201 937
623 787 641
632 191 630
383 786 353
491 881 919
229 401 539
689 789 151
947 550 733
789 155 986
601 664 241
981 153 903
277 626 855
1 551 483
37 102 795
715 751 757
689 299 131
897 773 147
81 980 622
27 837 351
205 183 292
117 265 397
271 73 41
565 323 271
207 981 780
761 425 425
761 493 665
1 87 538
655 565 545
183 225 613
205 160 533
421 87 847
54 121 345
641 121 257
261 387 145
416 285 85
561 603 441
947 770 664
736 121 877
701 421 972
677 797 373
940 337 800
676 884 613
77 721 349
806 926 829
545 569 331
689 856 537
285 593 1
729 403 965
641 95 534
221 339 863
242 473 66
973 236 449
53 948 434
213 907 685
201 721 137
708 500 791
584 63 703
921 65 881
625 332 734
611 705 793
206 737 474
66 839 250
17 340 340
185 829 949
525 941 483
1 951 277
49 304 473
401 776 429
41 733 873
596 366 785
861 519 616
351 149 101
871 89 241
351 293 543
367 501 955
793 721 987
33 731 961
599 243 1
261 693 321
627 261 928
641 339 418
905 531 358
937 901 27
268 42 48
91 755 557
880 288 387
975 598 141
895 103 93
109 926 274
499 391 914
377 6 969
705 858 89
515 571 41
224 1 931
421 199 582
123 769 236
793 591 548
401 377 840
1 169 561
457 425 161
109 1 262
776 883 663
660 356 905
669 721 4
755 131 447
52 741 721
515 98 65
796 417 733
661 753 987
229 321 729
601 120 704
237 11 313
465 801 967
800 417 896
700 201 281
155 361 677
676 413 41
281 391 433
581 95 99
417 766 599
679 691 347
872 221 249
737 151 593
556 149 217
713 497 672
922 961 629
497 924 538
561 401 451
931 208 801
724 431 523
456 51 401
125 433 751
321 791 626
651 65 1
345 161 517
816 25 379
583 996 649
851 381 466
965 429 463
143 534 1
217 892 209
372 751 879
257 779 226
229 701 209
781 143 93
739 1 308
245 529 517
71 312 908
493 1 925
172 543 777
727 926 969
851 933 369
417 480 620
166 431 93
394 885 451
300 569 1
865 389 96
166 689 281
337 441 23
865 561 46
172 676 672
701 537 251
681 681 9
481 748 818
881 351 355
101 519 148
439 1 827
685 999 311
261 721 863
528 91 292
52 531 289
213 353 651
343 365 185
121 427 264
938 599 925
52 900 381
441 598 401
26 889 801
753 942 491
824 701 101
461 561 127
34 887 261
551 967 657
56 641 713
471 247 905
901 351 201
241 289 89
179 817 406
120 181 523
814 885 729
33 940 971
631 787 321
1 49 217
501 547 811
241 998 801
527 473 73
819 473 831
77 641 97
889 750 253
641 317 935
142 977 616
595 797 97
423 69 901
815 681 818
51 281 523
454 959 541
436 825 697
497 673 839
413 308 399
205 176 391
866 519 641
501 539 839
81 823 632
528 701 409
85 841 645
213 309 613
121 333 219
540 290 541
417 669 200
397 951 81
337 761 133
385 680 772
641 221 931
601 935 857
886 281 60
61 929 716
682 709 490
609 257 973
649 937 988
529 861 473
707 324 14
51 101 608
787 976 65
324 617 175
276 717 233
221 48 856
203 361 139
893 601 94
185 577 274
710 251 699
240 776 658
