3108
601 297 466
293 381 793
45 305 813
193 846 325
583 421 791
889 958 653
101 475 741
811 501 401
833 107 977
258 536 307
529 927 349
651 650 813
713 289 735
513 363 841
256 836 619
476 921 493
230 535 233
761 109 615
721 990 198
316 830 921
492 657 829
851 464 126
965 249 657
81 353 145
993 231 401
905 577 3
349 270 612
513 157 347
195 181 957
291 575 973
201 753 537
977 351 431
801 656 809
347 7 153
521 999 449
877 841 22
265 963 799
695 471 381
251 726 839
723 961 184
69 827 621
265 262 256
346 113 193
981 46 241
411 881 96
338 340 121
761 537 921
533 387 289
561 925 85
329 96 437
985 857 357
151 857 392
364 401 111
441 661 575
425 813 651
201 767 681
517 251 419
47 656 76
515 605 778
653 563 673
604 305 243
207 260 517
59 991 369
807 226 651
347 301 445
172 74 891
929 913 821
381 724 21
261 683 976
5 161 397
8 457 146
821 979 389
425 47 979
325 697 251
655 577 629
712 241 632
949 521 301
425 308 112
801 312 815
319 663 941
795 8 545
21 953 334
451 621 647
749 926 854
365 847 93
157 165 995
298 806 529
201 506 525
628 401 158
465 691 331
881 765 286
396 381 738
793 79 137
81 311 945
998 775 192
53 733 207
511 152 135
465 305 273
853 997 987
391 59 849
389 716 870
339 302 861
769 408 233
504 171 287
787 117 768
341 823 960
981 705 633
721 291 577
131 799 381
476 521 593
911 297 908
497 681 184
968 977 586
119 173 763
741 371 59
334 839 553
761 15 561
233 856 496
751 696 806
93 220 983
663 394 507
81 307 423
29 296 171
251 925 444
878 276 971
701 923 501
184 251 591
25 663 637
437 621 341
45 533 613
929 597 103
195 419 901
227 63 711
882 981 149
401 421 237
881 501 601
130 932 19
126 36 606
163 502 741
964 809 729
88 749 721
256 37 873
991 145 633
812 921 552
901 249 241
215 639 326
761 509 514
770 521 156
865 781 233
319 141 312
657 912 67
250 564 126
250 101 289
879 906 893
85 505 121
277 633 741
295 401 403
741 373 481
636 839 777
629 948 561
909 165 717
984 97 737
899 609 319
15 230 863
321 83 292
112 735 35
511 421 626
409 577 803
740 241 419
908 661 626
940 192 771
566 921 782
324 429 217
435 125 966
301 764 321
185 365 892
311 249 197
577 425 939
357 461 889
825 23 676
208 801 926
521 398 413
251 25 381
159 493 238
447 311 270
111 693 475
432 221 459
865 218 554
557 297 469
801 293 325
273 961 153
961 873 731
345 429 41
653 48 206
171 377 166
511 297 489
181 129 541
509 913 72
255 241 774
481 229 579
436 385 781
105 571 279
515 37 329
23 681 560
681 929 465
65 121 79
955 509 326
171 944 509
295 751 241
667 383 701
341 119 98
255 234 225
121 36 913
172 346 21
11 89 892
693 836 327
594 893 565
616 686 82
179 881 901
641 541 345
625 101 121
128 795 665
65 71 532
901 441 28
545 845 835
807 46 804
869 761 829
71 98 916
996 801 975
690 533 941
556 919 601
59 335 571
751 269 641
166 71 565
609 501 410
635 65 693
940 105 401
647 645 596
26 481 73
636 1 201
671 981 651
873 209 958
91 917 3
664 825 179
241 729 969
663 259 741
761 855 977
149 315 630
357 334 541
410 301 71
265 791 1
81 907 466
961 641 95
753 613 125
784 251 859
897 915 805
8 667 227
341 287 280
810 419 478
863 912 779
288 77 94
207 297 621
125 849 249
971 281 420
565 546 427
930 135 49
509 298 545
225 977 119
327 761 927
683 305 185
881 377 71
749 289 846
521 661 323
641 309 833
439 251 254
305 313 761
603 757 584
122 153 31
671 806 161
823 891 296
265 529 507
399 471 905
856 5 595
787 216 16
279 199 981
267 801 11
849 801 667
697 341 652
489 663 761
717 277 71
320 213 904
773 979 989
209 831 434
69 809 521
224 311 889
258 95 601
652 641 901
705 915 761
669 131 741
999 7 728
790 423 481
656 969 21
937 11 881
770 833 223
891 392 549
421 51 348
125 760 891
715 634 992
983 950 965
969 884 505
854 498 89
442 339 676
602 199 457
11 457 417
819 403 553
641 886 228
871 85 509
737 409 321
1 785 253
751 380 959
601 641 326
701 249 41
736 493 40
39 101 434
161 288 637
356 61 113
369 671 554
787 899 941
193 59 621
493 201 367
569 65 229
362 856 399
386 989 741
141 379 357
892 305 436
379 737 209
857 641 506
188 37 852
861 679 926
967 675 398
41 26 81
801 33 836
61 129 826
7 453 689
945 164 565
2 177 601
333 46 395
993 418 11
121 236 661
276 189 951
467 963 203
636 997 1000
22 1 757
902 468 716
355 329 31
11 281 566
515 677 81
537 941 407
580 155 216
834 257 901
711 349 249
225 150 983
671 759 851
801 426 861
601 563 229
209 132 753
192 86 131
129 711 85
766 227 645
623 929 569
221 923 129
529 76 273
21 677 665
226 7 958
365 906 371
382 321 163
339 770 4
384 86 531
945 689 305
236 271 921
271 393 841
827 771 734
185 305 540
255 298 587
751 409 901
103 537 737
456 249 747
833 210 67
65 594 645
676 49 129
631 398 781
735 393 840
746 745 551
422 219 801
965 221 977
469 877 850
289 895 979
335 571 501
671 693 49
761 485 397
715 638 881
851 121 601
299 47 706
109 637 600
493 939 826
121 905 514
113 717 825
351 289 357
821 366 529
955 776 476
292 709 797
808 721 139
593 409 523
633 867 594
111 807 289
480 566 148
649 829 363
150 447 51
169 262 113
63 132 821
101 271 701
779 945 535
372 873 186
699 571 661
236 770 341
32 601 357
171 523 884
376 765 507
561 535 586
774 569 270
169 601 156
773 549 345
780 801 989
189 473 209
801 452 803
952 505 52
229 147 351
321 335 73
981 390 61
667 921 185
155 574 139
573 776 741
758 961 509
889 433 727
495 220 267
543 545 361
689 791 118
701 81 971
45 261 943
635 329 721
73 925 541
181 521 493
310 617 1
421 742 65
825 877 813
297 741 481
416 805 411
25 693 267
211 983 454
401 279 557
919 24 596
276 717 287
21 473 811
423 369 777
751 723 926
846 961 821
155 606 226
942 721 781
168 425 325
696 101 159
691 805 265
126 361 300
309 409 79
337 951 266
741 993 809
677 313 517
873 71 997
176 380 902
67 659 573
782 625 913
487 921 187
81 591 961
141 341 467
992 333 601
605 841 207
409 787 965
497 817 177
65 401 969
915 981 233
846 593 660
41 143 696
847 553 783
938 290 108
655 739 376
369 884 753
296 887 273
33 461 816
81 481 853
259 9 901
633 945 835
529 505 72
790 440 281
546 19 791
738 223 985
844 966 741
461 923 406
576 323 411
524 791 781
696 33 401
301 413 317
55 141 959
802 120 500
678 51 584
617 669 347
321 861 360
41 883 257
165 593 32
753 137 908
833 151 401
265 349 476
929 473 219
314 839 843
806 601 933
33 665 857
49 617 841
617 758 285
717 776 1
717 604 761
453 483 437
376 267 909
125 740 221
192 36 601
701 970 671
989 366 293
876 428 886
321 967 135
593 469 751
287 465 921
899 616 773
313 335 405
225 283 349
841 638 776
507 297 421
451 41 305
105 513 481
393 374 141
593 465 241
597 801 126
1 330 492
700 347 581
829 28 797
244 141 766
44 183 57
801 963 173
165 537 64
546 612 306
521 856 652
937 776 169
120 567 391
66 233 586
287 86 630
71 835 379
41 168 505
33 50 976
227 347 731
169 650 721
331 485 960
537 321 301
869 18 821
305 687 897
261 735 413
251 745 539
849 617 775
353 761 92
994 931 835
161 853 806
369 873 324
785 541 11
145 955 345
561 509 521
851 356 729
306 376 269
867 836 285
55 51 161
1 25 143
965 937 556
181 601 675
25 583 193
801 683 591
734 691 725
547 393 866
870 971 29
358 1 357
987 251 823
151 609 771
971 641 846
146 601 501
833 201 745
769 589 776
609 258 670
471 296 163
351 693 181
526 76 981
977 91 325
865 577 753
551 873 199
401 711 131
525 259 761
761 895 946
276 753 461
403 436 693
244 831 509
541 397 269
702 505 341
347 961 716
581 207 808
913 783 777
477 289 273
988 991 237
209 441 848
481 185 295
629 654 17
393 613 942
625 132 701
321 944 745
987 241 226
557 841 79
237 536 161
431 998 547
481 537 191
556 169 833
735 56 551
745 874 689
721 577 26
362 111 906
549 985 297
113 594 31
126 787 609
801 671 41
579 967 241
401 931 873
82 376 129
961 201 73
471 961 451
857 266 283
373 890 285
903 631 76
647 846 3
218 24 761
205 647 567
498 241 33
323 833 376
341 417 503
559 693 713
632 450 497
161 749 218
541 51 241
963 715 184
173 409 517
371 536 876
276 128 960
191 703 857
853 889 160
151 176 764
474 998 772
777 939 424
955 517 324
125 35 655
617 361 131
153 425 21
766 719 841
225 73 981
679 901 417
33 353 901
721 367 281
551 273 269
153 366 305
73 863 651
593 242 514
457 909 805
188 533 957
916 722 367
601 501 637
839 394 985
305 177 477
57 110 126
878 855 42
585 1 751
449 701 681
370 466 568
442 395 517
785 551 996
823 521 153
33 481 214
50 579 251
936 679 193
401 91 868
901 403 485
987 709 289
730 253 241
886 346 153
780 809 291
646 501 217
826 681 441
201 487 377
259 619 528
209 610 811
603 785 723
188 311 513
945 217 851
55 60 201
49 829 257
268 998 721
881 151 705
571 825 956
959 912 437
421 271 793
961 376 439
153 55 485
362 377 1
115 81 933
383 414 217
273 574 845
329 167 961
229 11 626
205 436 569
174 749 327
529 504 235
107 801 901
628 556 63
871 373 626
776 881 175
201 928 606
631 992 724
567 719 369
621 43 582
615 506 923
51 891 85
125 581 106
320 493 989
25 929 31
361 37 971
686 612 555
773 811 657
249 215 201
254 672 321
810 835 597
115 471 986
717 593 881
897 379 236
696 921 661
901 624 516
968 689 993
793 121 231
155 489 287
85 965 443
905 816 734
203 781 449
751 303 306
481 21 891
497 382 183
466 330 750
707 641 595
951 729 444
951 77 683
161 701 487
254 591 802
931 785 96
787 961 738
780 114 482
805 543 1
675 69 128
945 607 17
321 557 146
538 809 372
39 378 879
213 890 558
249 609 202
641 407 1
46 461 101
876 926 245
936 885 745
141 521 499
191 670 931
373 341 320
74 817 145
755 304 601
75 756 689
41 491 785
103 148 582
301 425 911
598 757 729
16 577 69
401 265 977
137 614 23
211 517 9
21 989 85
209 846 57
393 801 812
531 789 953
153 733 625
333 717 563
788 653 311
421 98 241
709 138 669
667 887 152
545 237 81
529 467 534
140 833 580
1 745 493
52 916 441
756 451 201
925 301 681
551 649 133
557 261 401
261 739 372
619 793 51
214 310 57
126 347 423
81 581 776
769 621 981
776 759 761
261 989 85
512 982 218
691 911 690
172 424 241
717 429 879
846 19 929
687 65 249
857 1 441
962 97 451
20 625 561
138 161 239
35 339 227
716 112 36
11 659 186
793 411 929
763 563 176
801 521 345
837 571 154
457 65 176
301 980 337
420 481 501
665 745 541
567 626 923
873 221 165
614 755 739
86 852 521
375 505 152
377 529 550
641 717 155
529 389 343
965 681 11
901 355 201
785 843 961
600 741 167
167 436 779
809 553 721
980 651 177
701 727 673
31 707 234
267 923 97
433 467 473
21 606 946
293 473 716
109 545 687
105 281 5
580 246 46
105 823 331
741 725 667
546 163 193
612 413 743
25 457 197
485 965 661
189 426 677
862 705 983
649 979 731
507 265 105
615 406 496
51 433 81
77 793 105
183 961 371
981 926 569
395 507 137
669 351 543
432 347 988
611 505 649
501 345 466
241 123 857
468 847 826
840 151 44
769 555 942
389 416 621
149 83 375
842 536 503
190 121 507
301 696 601
471 823 271
307 301 961
269 281 901
321 403 527
914 325 749
641 633 804
665 94 359
173 31 493
865 305 447
821 951 945
61 669 581
395 650 881
245 715 421
218 581 465
649 512 71
391 217 896
153 704 526
567 263 217
19 893 783
237 401 913
563 353 859
345 761 73
481 953 377
553 934 626
489 922 401
11 241 917
861 5 33
938 289 171
874 899 531
63 423 387
159 445 591
227 252 375
967 519 504
627 745 235
681 51 391
61 251 965
216 928 976
345 573 687
473 935 201
276 65 788
705 223 796
935 449 161
997 377 89
241 47 751
729 413 86
531 725 291
187 854 129
751 772 723
877 258 151
178 847 526
644 89 260
281 874 153
28 326 845
951 827 931
421 504 893
206 159 951
991 677 751
657 597 632
625 645 440
871 711 951
797 745 791
883 738 387
753 992 651
799 715 305
721 814 197
131 923 945
577 401 419
303 277 776
449 35 451
164 843 356
681 517 726
845 577 137
305 893 125
33 922 549
76 481 401
766 166 96
933 65 901
897 991 934
215 26 49
972 263 676
53 206 735
39 491 665
606 895 711
141 453 985
659 191 61
997 121 525
203 451 18
996 801 11
353 830 681
373 601 871
470 275 857
513 393 126
659 651 81
681 411 251
451 418 811
911 96 222
619 200 481
486 851 329
856 521 369
307 305 919
37 57 925
830 206 237
253 797 841
189 805 857
753 407 120
604 233 465
684 403 876
231 876 224
388 121 445
185 904 909
783 241 682
338 101 935
296 509 958
459 714 728
74 279 779
643 843 457
928 473 36
620 148 281
1 925 867
448 317 48
553 377 919
41 271 1000
401 546 979
241 853 13
915 177 842
526 961 161
849 573 291
596 790 173
206 721 481
243 928 908
609 105 921
428 845 153
12 905 857
634 301 452
999 826 666
221 851 885
973 59 737
653 101 821
716 729 87
49 861 177
129 237 381
661 324 111
919 301 294
115 585 281
753 713 41
57 571 517
675 813 419
641 711 227
823 325 801
642 705 739
21 149 789
441 851 316
805 501 591
835 371 457
864 145 181
526 31 173
6 651 260
176 609 821
101 333 885
809 377 921
460 609 221
185 978 533
417 152 214
633 417 393
225 772 563
21 1 820
450 537 921
971 109 148
411 945 886
202 848 197
747 545 461
780 51 877
709 411 101
402 69 501
975 929 389
496 81 876
39 303 84
758 110 129
254 801 456
751 985 153
555 401 987
251 535 825
525 101 651
835 91 309
521 281 345
201 955 897
913 285 191
893 889 19
859 881 840
423 173 786
519 322 555
96 497 366
328 540 234
201 701 754
817 361 159
481 261 307
409 930 357
931 197 416
43 979 602
753 625 101
717 826 345
877 774 132
615 989 724
31 809 569
688 169 601
197 197 101
865 713 707
309 221 952
314 461 640
331 445 833
83 993 733
492 296 831
524 243 733
633 118 475
851 945 409
473 207 91
77 185 983
741 670 321
693 977 450
135 220 858
666 473 189
981 631 511
466 355 521
471 677 343
793 21 865
796 7 401
604 825 261
513 303 870
871 939 906
881 161 173
682 571 801
89 604 801
891 501 847
321 105 190
889 61 521
720 631 449
313 670 847
651 57 269
38 217 785
501 579 47
681 221 313
685 670 889
419 161 608
246 809 863
87 111 897
29 556 709
441 844 937
751 11 341
577 806 169
289 721 849
281 278 944
283 271 83
391 485 127
385 76 545
1 56 385
741 165 589
541 201 992
81 498 250
426 965 81
151 697 609
531 601 16
287 641 732
379 542 214
939 421 377
725 150 124
201 901 626
877 785 861
535 35 878
305 491 801
705 930 721
681 451 901
889 229 311
737 36 351
921 221 405
776 621 717
442 85 347
414 941 495
735 981 553
375 596 97
941 785 151
789 52 885
107 617 963
406 836 459
210 81 115
66 401 825
745 606 730
561 72 689
161 114 315
177 567 341
31 259 921
441 897 620
881 889 901
655 801 745
121 153 601
901 945 423
773 905 349
411 144 523
865 801 265
715 268 953
786 977 337
137 785 57
325 141 328
976 1000 481
439 690 751
935 401 661
658 226 582
571 441 332
234 77 742
83 291 413
937 741 716
45 369 239
621 51 481
251 928 751
305 33 326
739 185 106
121 584 189
605 425 949
471 642 801
465 379 283
281 749 240
998 249 1
495 239 817
60 982 421
262 55 943
662 136 811
221 257 116
169 117 331
771 350 661
853 502 676
461 811 475
150 853 55
669 801 201
765 76 405
531 585 455
913 636 862
421 876 749
141 102 441
333 1 153
21 653 801
621 166 189
713 457 401
472 824 526
665 447 665
849 827 356
504 249 961
253 371 629
649 782 583
305 763 630
374 669 376
826 975 451
217 751 825
29 981 529
146 673 245
505 876 970
896 921 879
703 673 932
641 634 566
937 689 658
129 751 266
841 337 737
275 781 270
501 803 19
410 992 285
305 693 873
638 216 239
117 755 721
845 437 751
25 864 385
639 761 637
363 917 20
877 673 896
26 923 71
545 233 175
49 385 551
729 207 959
881 21 245
277 461 561
695 951 553
139 711 321
595 521 935
163 9 321
305 881 261
143 849 141
270 756 307
593 289 129
139 847 381
781 157 84
578 289 134
139 526 41
285 715 871
217 370 826
60 1 595
289 807 343
47 19 484
51 453 158
397 820 944
609 341 833
281 529 241
1 293 641
342 196 921
119 893 537
191 181 577
77 207 581
451 937 876
889 113 513
304 461 889
216 343 1
60 901 27
571 101 225
956 756 316
257 305 876
70 819 557
755 261 173
916 66 30
577 591 137
176 621 424
399 601 838
280 843 965
935 121 677
893 465 626
148 125 999
849 246 331
16 255 77
99 699 255
897 534 77
569 749 484
721 875 795
521 369 351
3 231 576
301 423 645
591 895 866
465 741 1
613 737 471
222 974 141
701 999 96
871 193 706
806 530 259
21 42 471
811 158 681
149 367 180
552 79 465
913 751 714
981 551 888
89 555 845
497 257 293
684 361 801
985 281 711
91 457 105
349 241 381
96 29 301
697 416 365
81 443 623
913 617 69
413 965 391
575 915 117
586 908 523
959 745 71
561 685 11
977 193 78
983 427 481
941 407 1
49 314 466
577 567 796
1 356 397
952 277 893
581 293 361
161 521 683
669 485 847
704 211 57
447 87 871
21 583 671
257 653 814
563 761 323
377 216 374
588 903 515
773 845 442
307 855 178
873 251 931
161 445 829
311 639 466
678 399 126
1 385 201
709 987 547
461 505 511
787 326 143
311 621 621
683 433 123
646 441 886
828 336 204
21 476 396
131 837 11
934 574 401
864 751 394
161 926 846
915 221 601
480 666 524
217 945 786
293 755 401
141 887 640
943 360 39
53 321 449
436 519 837
93 241 555
263 851 41
872 177 321
321 91 473
666 471 901
121 826 481
411 271 491
457 280 654
17 218 644
649 263 6
9 225 661
305 319 837
962 337 126
721 685 891
529 613 110
535 110 81
651 838 881
713 261 401
81 435 339
591 76 949
361 801 627
264 196 133
848 873 1
431 961 281
553 625 194
747 151 198
734 415 980
227 339 472
649 839 939
473 806 578
269 386 633
961 439 626
623 537 837
339 351 679
426 965 297
745 543 417
869 511 724
10 457 851
597 39 521
583 326 881
610 243 667
106 337 357
989 369 18
413 81 736
757 133 889
521 217 111
909 21 49
297 51 153
341 451 887
981 683 126
681 1 941
133 941 299
101 882 345
813 1000 213
313 952 793
171 127 201
405 1 441
91 305 66
95 9 40
754 681 990
221 134 396
644 821 525
866 441 161
803 451 521
905 284 230
222 169 71
961 611 905
726 38 793
709 396 137
624 378 563
225 161 861
8 858 868
753 849 746
529 576 287
292 701 801
853 113 873
776 851 761
560 733 753
847 721 816
251 639 767
385 317 11
425 443 515
581 31 281
169 148 964
837 707 665
486 331 132
53 121 357
266 869 377
241 765 571
469 633 951
129 651 129
931 289 249
265 872 155
982 221 780
787 501 509
886 666 368
380 541 633
560 973 855
561 264 827
458 393 353
285 45 101
953 240 102
545 743 521
847 531 912
871 989 181
67 29 535
111 285 701
6 321 515
333 626 351
585 129 521
485 51 441
341 203 161
697 801 301
162 589 538
497 321 693
793 575 41
987 617 265
376 381 836
501 1 289
525 791 626
551 485 368
263 757 897
793 625 911
139 197 448
186 500 896
97 73 828
341 969 995
943 657 647
916 819 558
501 581 758
967 959 65
187 897 217
671 676 139
106 479 137
41 349 538
751 801 637
639 335 209
97 93 301
421 920 101
365 726 835
921 889 969
811 23 39
886 309 341
321 762 183
555 554 41
8 556 907
37 796 859
181 704 806
542 624 119
831 501 801
267 7 465
198 248 27
569 815 651
753 626 538
988 551 43
861 191 436
673 99 695
195 608 201
607 411 421
751 432 676
389 571 396
190 823 601
51 801 551
877 534 779
523 459 631
291 853 309
851 767 633
289 426 481
252 627 122
371 221 382
425 261 303
305 433 805
135 743 334
977 311 112
679 97 585
726 936 773
71 69 327
611 902 130
210 151 385
113 467 938
187 297 778
651 667 435
580 538 932
401 193 989
481 715 24
951 992 133
321 761 589
190 441 521
217 593 256
984 230 460
401 337 906
751 724 923
633 841 419
787 625 941
617 376 649
104 303 713
287 852 125
809 961 7
943 893 981
260 973 213
657 161 361
573 533 841
289 373 405
385 679 738
161 75 61
781 901 887
761 877 422
431 813 877
637 427 613
586 81 397
919 367 559
465 556 181
451 309 153
919 901 747
925 291 905
201 761 847
31 761 509
841 331 175
681 863 614
991 251 1
721 400 945
141 595 787
515 892 647
375 845 325
537 471 325
646 771 241
691 127 641
318 473 679
706 49 625
603 471 746
113 373 541
175 487 884
283 893 481
485 758 933
661 41 919
480 241 323
57 297 268
605 889 665
485 43 665
789 642 131
992 223 181
126 312 173
80 461 377
632 211 479
198 193 571
61 49 962
799 963 194
599 845 809
329 16 883
574 379 144
881 169 571
501 544 585
220 433 247
1 801 173
251 331 945
435 499 189
31 709 337
468 435 708
867 701 851
914 731 41
536 864 189
885 708 311
821 615 571
81 660 321
20 177 288
973 168 891
617 526 651
763 1 481
218 442 295
221 287 145
163 881 633
254 981 505
897 302 537
729 782 799
805 648 41
66 781 363
666 630 53
545 801 454
599 18 329
889 138 401
593 677 103
521 614 497
241 265 126
589 120 664
188 57 921
731 433 771
864 544 885
137 333 255
706 616 787
291 101 481
569 162 531
749 907 269
448 846 697
691 425 515
208 81 931
529 502 55
879 809 454
8 141 176
37 562 569
125 902 361
837 300 256
249 451 393
893 281 501
226 906 511
841 797 266
997 527 646
941 995 201
646 996 985
857 443 476
271 227 891
110 417 265
821 371 753
971 475 909
444 565 377
965 105 539
442 161 255
281 14 668
21 645 463
321 113 727
301 57 529
53 873 601
609 281 579
809 565 277
713 271 955
153 15 765
700 357 529
353 845 360
33 730 215
252 271 501
326 398 466
201 607 422
89 323 256
156 384 287
881 467 911
220 854 897
65 880 997
641 773 704
167 219 293
461 561 459
945 925 313
501 73 787
1 381 49
916 601 405
476 499 334
759 569 672
137 581 811
973 729 401
961 805 609
85 336 701
939 665 346
97 429 364
53 209 161
979 661 533
589 871 266
211 766 729
661 937 785
461 389 449
193 973 198
737 354 825
997 711 501
822 329 801
179 811 646
41 323 448
845 213 437
641 851 289
131 363 321
245 361 785
337 16 827
255 971 876
866 331 953
849 649 27
858 766 793
577 774 323
1 209 289
393 753 637
779 765 969
481 615 706
281 213 677
631 969 102
827 840 921
921 499 93
407 153 649
473 817 152
111 21 1
143 281 769
587 821 375
11 441 7
173 587 125
296 985 776
858 665 675
666 744 461
527 1 657
578 659 161
417 151 589
839 93 796
345 481 147
157 381 976
664 406 53
448 117 655
341 631 458
811 770 281
257 873 737
809 345 264
791 893 241
683 249 273
763 51 996
25 425 521
989 991 687
886 766 982
331 645 177
401 302 905
235 777 563
651 233 289
894 539 249
359 33 661
611 367 703
493 418 146
473 569 325
305 19 44
505 433 221
786 857 647
631 431 821
16 620 910
127 402 241
547 777 549
437 24 755
53 821 461
983 139 387
599 905 345
121 427 697
769 565 355
541 477 471
922 771 665
906 241 581
642 908 376
256 497 991
779 893 947
307 249 57
191 337 56
547 876 593
661 26 771
243 694 525
918 163 100
630 611 651
296 951 352
345 405 545
785 297 972
167 889 713
674 286 589
917 345 965
900 41 418
762 26 393
913 165 262
881 837 865
480 809 351
465 489 677
679 591 727
751 863 781
729 178 117
516 201 657
505 205 71
897 745 511
83 408 101
416 251 901
833 683 920
551 723 961
111 701 61
416 605 675
640 693 121
1 751 879
321 81 641
359 922 497
403 953 71
793 217 817
291 179 932
601 386 615
611 323 911
329 509 329
861 518 286
255 917 521
849 561 622
709 721 377
821 553 222
553 881 765
937 125 801
256 788 346
663 725 154
663 155 113
297 459 421
883 696 771
41 561 984
865 892 806
917 781 409
985 358 29
383 701 249
109 681 185
466 821 401
198 171 889
940 894 983
487 729 301
417 875 465
151 501 805
377 241 754
606 526 373
800 974 145
441 128 899
133 111 849
965 616 341
577 719 815
409 101 1
697 951 115
601 615 262
230 735 971
649 668 45
243 351 751
308 113 250
455 489 102
85 189 341
77 496 629
801 72 536
857 221 133
580 337 836
469 445 441
951 867 196
602 783 205
61 297 881
273 122 601
894 891 166
471 14 279
931 893 386
329 537 126
392 14 162
361 676 777
188 801 801
402 85 129
183 221 561
994 300 581
1 287 775
213 727 949
655 684 303
561 401 415
889 461 541
611 31 31
276 924 679
433 857 16
609 171 667
66 528 545
361 176 660
861 55 345
863 793 395
576 145 892
27 958 165
745 491 343
377 329 755
976 991 921
471 251 572
798 487 161
421 255 571
657 329 1
281 755 257
95 719 386
22 147 201
649 671 986
157 952 51
575 280 526
996 261 883
787 204 17
671 41 381
126 846 801
193 61 999
747 545 273
394 211 301
751 13 588
621 517 347
387 885 77
519 21 91
177 208 129
623 665 140
734 536 398
685 621 677
874 218 948
281 676 591
201 969 689
777 490 57
546 476 876
356 355 628
801 56 43
10 178 537
664 977 391
422 124 468
438 529 59
699 677 365
609 85 661
901 117 352
477 233 513
132 801 681
315 551 936
99 860 449
101 931 371
201 131 907
11 226 101
781 33 17
128 641 477
703 937 309
611 69 271
75 733 457
564 409 771
317 805 949
54 367 505
431 385 873
309 619 693
29 544 586
799 445 723
608 943 614
979 642 113
49 891 721
625 850 696
187 209 361
525 743 851
846 301 441
85 600 501
895 914 913
705 57 41
776 609 120
401 413 96
66 755 976
721 831 341
501 737 354
741 340 464
628 266 96
697 626 261
892 765 945
193 923 269
504 326 143
7 391 397
923 941 991
473 73 21
581 552 321
173 433 25
41 288 775
362 441 815
943 156 361
129 421 771
299 91 429
233 89 545
931 881 37
938 176 221
109 993 346
329 62 613
987 461 777
86 79 225
871 901 342
701 942 297
794 566 801
737 605 130
493 717 834
833 778 327
331 784 181
973 361 555
345 738 791
273 642 289
637 321 833
712 251 781
181 341 281
166 451 297
511 879 481
266 751 645
369 953 983
831 550 571
641 809 934
74 497 569
801 41 601
65 473 699
790 137 561
744 545 376
41 751 399
3 72 123
992 643 117
521 176 245
333 346 569
911 491 176
144 438 216
328 447 25
541 73 29
26 21 286
473 933 561
385 321 428
425 649 598
780 513 575
778 366 289
178 689 571
26 819 439
945 166 401
46 980 833
921 834 231
85 921 176
969 391 786
159 809 421
627 515 411
54 143 261
601 777 176
301 305 185
515 781 561
53 641 841
279 685 1
617 281 993
233 575 170
281 493 705
758 846 509
821 981 899
157 373 485
677 861 620
432 594 163
817 946 797
501 525 321
345 268 381
301 233 827
399 489 509
321 779 896
701 111 431
391 107 605
865 66 17
927 403 545
591 627 191
826 553 99
746 661 581
309 241 741
174 565 194
269 659 924
121 607 787
570 557 651
747 925 671
858 171 829
426 626 649
913 157 944
202 397 106
707 317 848
961 894 985
761 181 926
41 821 725
65 82 786
640 89 562
251 169 933
9 111 421
771 961 636
878 157 793
571 200 577
236 435 729
89 446 240
37 822 670
451 135 555
856 981 801
617 819 865
238 251 644
592 681 34
281 771 751
61 681 979
853 925 282
749 497 151
609 601 553
52 321 205
949 889 561
484 342 450
397 481 446
880 617 175
361 983 185
794 681 151
645 41 609
773 43 618
256 492 306
6 623 125
751 31 856
979 413 173
143 858 475
145 960 545
481 236 61
179 876 795
666 313 126
384 545 555
205 845 913
857 761 989
185 693 834
785 689 157
431 371 861
735 534 699
41 654 945
629 865 851
133 527 705
885 801 282
895 873 390
757 797 773
626 321 308
178 802 51
201 213 663
32 565 816
673 51 507
151 626 661
520 801 581
537 226 554
451 493 657
89 116 33
768 388 623
997 791 961
633 346 493
493 961 705
596 801 251
989 297 913
448 302 211
12 956 56
303 481 149
251 769 105
603 61 479
142 511 156
377 661 965
837 236 836
560 640 221
977 337 955
750 959 161
37 658 379
773 635 516
383 899 185
265 411 93
921 241 251
496 905 695
662 979 771
803 507 611
877 841 576
738 701 169
701 525 835
513 461 361
781 945 97
591 366 586
988 177 981
619 209 102
469 731 246
803 342 868
891 274 653
45 658 981
667 489 788
73 586 161
701 825 151
259 873 417
526 113 36
421 401 573
297 701 329
596 936 126
37 195 658
741 729 391
961 813 345
339 961 767
805 840 374
479 217 941
273 126 441
893 281 67
981 151 531
877 801 381
101 984 631
240 141 902
615 735 561
669 731 725
756 914 1
201 405 81
608 145 233
33 783 265
1 251 946
675 405 309
521 196 961
703 971 195
78 385 846
752 976 366
261 274 3
61 861 993
639 263 871
621 961 889
666 653 871
41 211 13
529 643 187
185 610 376
221 339 155
427 305 996
389 655 129
451 344 704
801 967 28
901 216 744
469 601 61
778 843 281
993 821 335
909 311 578
261 931 311
186 525 600
281 346 879
219 965 233
651 187 557
400 177 757
694 628 977
827 502 873
561 451 881
605 551 223
121 411 813
781 361 260
73 117 169
425 809 935
9 480 573
76 105 461
529 847 28
25 857 217
939 365 946
631 108 401
619 735 836
789 411 955
382 801 65
281 187 959
135 282 877
13 301 637
9 401 761
41 121 406
521 459 702
353 942 328
497 71 721
801 341 342
414 889 321
669 389 105
717 449 413
239 701 661
197 174 533
649 1 1000
561 758 948
89 531 206
294 466 503
655 241 32
289 185 839
400 217 745
976 451 751
952 117 901
681 852 38
857 826 71
481 648 579
291 889 237
10 494 973
989 250 929
850 264 43
501 349 613
521 896 229
452 518 510
301 743 621
371 685 27
906 935 89
465 921 109
682 401 437
169 691 827
225 133 925
66 480 598
27 649 65
328 461 550
561 939 433
38 941 128
28 149 839
313 261 106
413 161 351
547 197 996
436 62 176
861 753 981
536 272 561
501 447 75
845 465 981
954 169 117
895 121 129
545 353 113
1 567 702
713 621 593
375 321 593
896 511 731
406 401 353
849 175 425
357 514 45
551 273 835
701 499 181
747 97 995
95 757 672
649 89 337
641 692 935
823 170 917
376 660 301
112 426 635
677 230 993
579 163 746
979 983 150
381 831 695
745 750 35
959 244 254
209 953 459
993 677 576
764 891 27
912 598 273
799 621 817
711 625 673
917 667 241
733 131 562
733 533 697
726 317 481
562 11 951
999 399 49
333 951 673
505 551 678
622 305 81
629 431 941
301 101 954
261 748 801
948 601 847
567 829 295
668 951 413
142 651 97
987 41 276
348 817 969
631 817 221
332 567 263
237 757 6
61 377 665
195 366 891
189 417 878
566 775 711
351 423 181
79 855 355
201 777 675
787 713 961
839 329 307
249 381 325
849 70 919
617 297 56
383 616 41
996 1000 45
508 456 301
847 26 249
15 709 789
762 744 777
133 690 257
889 731 335
345 261 801
53 676 699
519 341 753
897 710 133
967 929 311
161 45 789
431 297 693
858 438 865
935 393 661
257 369 180
65 457 991
601 465 301
611 347 717
518 25 606
699 689 101
901 363 691
619 680 899
891 851 479
150 33 840
13 33 941
233 176 689
346 594 921
91 209 723
646 407 376
349 993 989
167 633 272
604 798 741
73 701 289
696 281 960
145 783 956
465 751 567
86 145 217
293 21 793
377 647 543
941 573 929
297 11 337
89 821 601
41 417 601
183 21 550
965 185 461
489 897 129
659 807 181
527 898 753
311 879 281
851 330 905
449 25 151
626 5 1
938 995 623
93 469 11
7 301 46
251 401 305
551 636 391
993 963 921
806 573 263
867 711 142
805 945 41
101 947 635
637 169 521
505 626 541
851 241 561
118 529 162
496 117 121
642 752 38
237 687 366
731 451 1
968 440 131
363 373 851
841 105 605
729 225 501
813 783 51
457 41 77
101 577 633
671 414 295
649 737 195
493 292 326
615 853 936
387 424 495
273 961 963
211 439 957
551 306 219
651 526 176
781 940 204
1 394 294
45 737 949
322 561 513
159 846 799
842 858 437
361 51 763
111 481 974
925 749 591
81 621 721
911 625 422
394 162 949
48 497 609
326 500 25
634 601 603
131 657 962
357 546 222
795 801 39
337 1 431
7 865 821
441 298 385
571 311 779
449 139 305
821 96 940
158 354 369
501 979 936
795 451 209
929 528 828
661 434 510
429 775 191
423 137 85
533 299 688
913 775 601
111 57 906
655 751 499
45 455 993
251 27 51
81 936 173
457 353 82
389 549 481
497 16 23
948 81 292
504 513 712
229 673 1
441 850 265
625 101 238
792 937 921
140 493 253
956 454 413
787 26 601
191 826 149
630 323 709
937 401 26
607 737 953
469 181 276
584 739 895
214 461 544
817 151 740
599 425 529
526 221 585
485 56 889
285 191 221
637 891 151
901 355 653
836 204 270
81 235 251
399 333 713
955 897 961
189 809 913
662 981 476
137 73 944
509 871 889
453 961 301
713 458 30
321 61 381
961 251 579
841 361 751
751 463 352
642 607 163
385 280 948
761 491 329
861 301 663
418 245 41
451 893 85
666 961 321
651 956 953
880 336 101
521 881 701
913 761 659
837 417 771
689 549 617
577 19 171
125 525 916
974 583 707
745 66 371
142 376 241
468 345 881
536 447 883
825 641 313
378 727 1
665 873 961
212 954 146
97 25 656
17 721 239
373 905 757
809 501 154
355 779 765
229 229 608
453 471 562
161 665 364
606 353 713
521 341 781
165 889 25
401 747 511
233 283 255
776 706 981
151 866 327
631 951 683
748 722 587
473 775 15
457 137 693
433 337 205
556 711 611
767 448 771
549 938 256
983 271 501
338 961 721
776 1 561
613 515 825
220 276 129
905 851 889
313 566 774
111 833 651
981 91 790
239 223 459
221 396 546
216 237 160
79 141 426
41 311 898
1 905 465
603 563 881
245 665 91
806 232 396
1 167 771
206 326 753
914 546 959
978 959 185
987 681 245
576 457 421
740 122 121
975 144 953
1 381 922
84 384 539
41 999 849
423 268 817
976 474 189
977 225 497
521 445 671
461 260 215
862 801 364
988 396 76
661 569 105
341 1 351
443 441 561
558 579 552
951 41 79
831 633 103
249 323 47
179 121 390
907 516 341
438 377 827
288 321 55
961 631 356
126 860 545
961 325 891
651 832 237
957 845 198
689 475 713
851 166 52
833 681 867
345 501 985
626 801 431
861 651 997
273 264 886
816 751 916
495 961 457
785 25 15
601 573 308
161 241 107
269 507 501
901 871 921
409 85 537
695 881 245
736 34 359
645 376 575
673 156 376
481 812 826
217 852 601
341 281 471
377 145 755
607 197 705
23 62 954
29 669 801
577 636 433
715 833 15
481 257 721
510 209 795
969 556 870
89 859 793
871 937 67
785 117 381
65 581 433
93 373 591
118 409 341
727 475 187
561 608 791
7 311 631
310 283 877
1 277 486
775 649 851
287 821 181
498 888 961
889 577 491
137 218 877
328 129 852
298 501 77
991 709 751
175 631 63
849 272 191
663 125 727
521 251 649
475 176 345
131 275 381
25 834 191
921 286 895
459 257 879
255 726 167
593 561 577
833 169 797
806 561 857
446 505 232
116 177 289
537 529 253
881 520 283
165 254 441
895 954 49
300 12 681
126 353 677
745 141 203
851 97 943
376 521 441
971 107 928
366 509 225
105 13 17
63 201 637
270 245 119
227 642 501
851 935 501
149 121 665
281 541 425
207 645 876
475 436 853
937 291 141
711 891 958
308 971 294
511 335 505
995 909 997
559 152 561
965 500 611
805 521 247
889 779 18
727 697 393
505 817 491
558 85 817
713 259 889
187 604 555
129 281 841
309 761 978
128 33 777
803 593 401
531 385 323
859 361 931
737 353 381
991 581 755
245 497 909
627 359 965
261 1 405
191 493 595
492 417 907
1 45 109
773 45 318
799 127 294
543 709 316
999 631 745
637 418 276
427 801 155
267 707 184
153 97 157
301 909 163
740 41 626
161 753 531
869 150 795
484 431 251
306 129 861
551 73 351
138 511 993
905 618 632
118 755 759
225 157 829
85 129 141
547 226 863
891 768 31
51 294 480
270 547 617
431 101 249
751 538 932
379 204 761
971 165 341
624 976 9
632 260 9
363 919 141
533 321 383
116 74 640
945 785 751
915 221 507
321 121 371
945 303 545
601 179 601
865 951 609
19 178 797
828 649 319
391 85 607
613 171 654
803 744 817
818 282 69
500 192 299
685 601 665
331 433 793
48 539 967
81 817 821
210 686 214
692 408 657
41 46 785
500 521 246
608 772 561
131 652 548
401 106 21
251 63 489
695 411 23
510 884 117
151 514 391
381 409 901
545 632 277
731 479 963
981 406 323
865 635 226
767 207 96
26 901 353
733 169 686
251 255 401
39 371 11
778 561 521
518 961 688
67 803 501
324 500 583
780 609 761
318 466 41
709 195 364
597 885 110
121 180 401
135 443 585
980 613 735
415 631 479
259 622 351
691 203 699
869 633 835
925 51 721
29 442 826
36 597 148
465 397 316
269 946 409
112 649 421
763 457 775
161 501 21
684 313 103
18 846 835
627 261 177
313 406 724
24 689 711
23 641 675
194 293 955
381 749 410
416 295 153
476 783 73
367 541 601
926 613 805
547 853 22
275 1 1
969 957 761
997 568 159
461 281 651
695 361 374
175 169 352
671 603 151
188 372 681
905 541 525
71 267 881
168 910 21
89 169 49
105 257 665
9 609 400
334 851 61
175 605 826
89 505 33
494 789 751
813 737 346
721 865 774
733 836 143
220 779 897
713 801 11
621 507 976
496 804 105
740 654 801
915 746 521
678 801 681
323 880 958
169 133 601
829 281 401
261 785 587
357 875 611
921 199 9
281 267 3
243 41 681
791 865 949
51 102 220
581 444 281
641 468 825
451 417 687
341 385 851
65 543 761
215 711 620
657 416 300
440 272 971
695 91 41
437 601 900
102 401 397
226 868 375
153 885 748
710 521 114
285 120 441
733 377 905
194 552 807
306 233 61
575 346 69
712 988 81
105 729 51
649 226 521
897 246 17
869 9 649
585 514 281
156 794 362
91 902 697
831 644 33
281 828 60
657 201 387
355 506 956
141 308 957
585 421 225
121 845 103
715 889 424
876 929 542
826 55 991
502 678 841
425 789 997
429 703 316
4 153 95
58 356 616
850 688 359
707 771 447
696 121 405
9 781 311
665 249 200
17 321 232
245 91 705
870 619 72
457 774 457
111 413 840
585 914 909
596 415 947
518 26 831
336 864 751
345 569 401
993 265 633
538 881 390
611 556 86
640 407 288
477 774 113
41 55 225
721 681 249
729 369 737
613 137 184
600 609 662
201 967 276
441 633 973
305 91 641
676 728 209
264 201 509
515 471 616
860 921 489
361 70 577
617 373 809
871 723 801
953 431 697
399 329 102
584 622 399
818 505 34
849 961 413
513 633 33
684 998 519
926 120 590
541 825 129
947 75 268
987 234 121
585 31 709
161 841 123
470 229 498
549 731 49
641 192 781
866 919 373
849 11 703
361 486 417
444 617 255
739 841 214
731 831 660
26 569 581
101 611 808
984 397 361
945 89 722
247 361 665
401 561 645
397 5 295
35 41 91
216 221 741
861 234 627
821 724 811
627 405 473
216 757 501
889 965 628
301 7 972
750 421 431
515 281 877
161 707 472
169 179 663
38 841 589
891 766 645
390 112 911
753 81 241
107 645 761
755 661 561
135 563 747
323 248 435
741 41 411
443 810 501
718 101 566
977 312 261
751 505 47
291 229 305
135 793 857
97 45 576
271 169 71
288 281 929
841 615 579
602 361 199
241 8 899
289 96 685
969 841 766
729 558 151
983 203 865
1 801 866
732 231 419
147 751 253
351 297 621
970 217 481
529 501 377
289 169 727
929 26 751
185 209 209
707 225 121
579 311 301
361 79 788
965 221 9
