979
2986 2056 56
4379 9862 6
1008 923 59
571 2452 83
5147 95 40
2180 9053 4
8595 32 41
3006 4672 21
9409 4351 36
8166 4159 21
1916 7411 32
8100 1076 45
1760 566 63
1901 7547 22
5869 4184 99
5137 8119 3
9439 1651 2
4547 3780 71
1963 739 5
5001 1654 73
8177 6540 64
7115 2016 45
9093 5163 69
2310 3241 21
6659 3114 34
2334 6129 24
9407 4525 59
7771 1735 62
1206 6889 81
4714 7219 38
5731 7054 44
9986 9757 69
1054 5325 59
1096 3831 11
9545 661 99
317 7962 80
4460 2247 63
126 7934 93
3493 4760 84
5355 9501 46
6009 5608 47
4629 4762 19
6978 8087 40
7865 5426 22
3668 8453 55
6843 2849 25
2829 2679 5
299 7723 82
7020 7740 40
9147 6402 37
6644 2432 72
6651 6443 66
2017 70 51
1580 7228 48
2671 5768 60
9523 1464 78
1351 6222 75
8344 8524 19
7039 1905 45
3254 9169 38
1964 945 73
3070 6072 97
5590 6417 50
2147 6284 55
4316 1879 65
842 4041 49
1143 1745 26
3549 4565 31
8769 7617 4
4339 2205 71
31 8169 61
1429 1764 25
7744 3699 17
3446 7116 63
5058 4458 34
857 4909 100
2194 3604 4
4162 2090 5
1962 6316 40
9009 5789 57
2767 485 74
1252 9439 9
973 2457 94
4168 4482 70
2065 1006 36
8596 4883 3
7630 2586 90
3896 4412 4
3703 3647 86
1856 2060 88
1846 4801 33
9 3506 87
4328 1286 97
631 3660 5
8307 7319 27
2140 8791 41
9034 3660 20
5352 3254 44
3633 4183 21
6723 2558 21
7571 5686 36
6077 5441 85
7400 1722 81
163 4315 69
9023 8905 40
2274 3456 63
9238 2933 97
1133 3627 39
7266 9741 22
2475 3375 68
3389 1632 35
9242 2966 55
2736 8613 87
4550 6402 21
1247 969 95
1014 2723 64
4954 190 41
7644 8346 14
6200 3497 54
5950 7868 88
1531 2679 87
8862 7801 69
8988 2309 29
1645 1891 17
1746 4912 62
2318 5960 40
6194 4632 81
4835 2772 78
2130 4486 46
4731 1269 80
81 4430 55
9239 1085 94
2937 1422 63
3041 3570 28
8105 2484 95
8127 4171 7
9373 4448 89
9905 7515 23
1220 9135 33
7390 1766 94
316 7142 8
1309 6088 93
7150 763 62
7230 2366 53
1941 1030 8
5560 2307 3
1762 3494 55
2526 1430 93
1587 2253 12
188 8875 25
1158 7516 52
1694 81 30
537 6940 70
8187 2153 92
5017 6580 67
7480 4781 3
6403 9847 3
5034 9602 17
411 4987 80
3361 8957 99
5643 5580 80
4682 8319 93
9405 3695 16
7905 9834 97
4603 9121 13
2154 4872 62
2426 5887 51
1840 2507 47
3442 8194 47
2426 1767 65
5173 5137 67
1266 2819 25
1513 4345 99
2177 5803 68
9989 5909 26
2997 1260 43
2216 6815 81
3634 907 6
7133 1385 75
8680 2483 36
1604 4546 26
5835 4541 88
3056 3724 52
926 3459 45
9851 5768 43
8718 6422 79
8949 2375 31
5940 405 18
3682 5140 82
4900 805 28
7126 6152 67
1871 1160 55
1198 5574 2
974 8906 51
8526 6865 80
1402 6268 6
9345 263 9
2318 5516 92
2259 4658 6
8846 5733 44
3767 2646 44
9830 187 70
9425 4995 74
739 5293 89
2529 3677 87
3039 7682 53
7497 2100 69
4823 3850 64
7744 1384 90
958 225 37
2746 5833 74
2397 1 38
613 9287 23
7249 6840 96
4062 1264 31
4472 7338 66
2648 370 89
7713 1720 37
3959 7509 87
2855 8614 1
8776 3629 57
4483 902 37
8586 8728 17
2771 1198 79
1074 7740 36
9439 6272 38
5756 5277 12
5816 6701 67
2676 8425 4
581 6789 98
8972 7125 14
3249 1647 74
2467 4947 54
3869 5487 46
4768 6444 18
2264 3771 42
3770 5722 60
3838 9236 52
8580 5507 38
4780 1262 40
598 5865 98
2545 5949 98
5375 3854 88
2931 1418 75
4031 5875 3
2472 9621 79
1351 4881 60
4178 750 76
2761 3825 6
2489 2357 69
2920 711 61
8699 8727 93
75 9179 14
5568 9119 16
7584 611 81
5031 2278 51
7135 2758 53
7044 5161 67
6335 7787 23
4644 2451 53
6075 2669 47
7048 5100 33
5548 7217 73
7409 2210 26
2318 5187 94
4661 9116 89
3386 1973 48
3096 1684 71
7150 2088 69
8199 8634 37
2684 6824 14
428 1553 45
7969 490 83
1782 9111 44
1493 7842 78
5251 7476 54
7705 5806 58
1526 6315 78
2645 4918 87
5686 6887 4
837 2159 100
5968 9687 69
96 4388 29
4119 1679 30
7477 1143 67
9154 9799 77
225 3600 72
338 74 34
9134 5948 99
8053 1820 40
5198 1394 17
6023 6455 75
2526 8621 43
9967 9207 91
2748 8926 79
4710 7382 72
2913 9789 61
7929 1257 88
7158 4981 99
8973 1938 97
548 8175 92
8961 3626 28
2570 2347 83
8655 2475 32
2169 5667 95
6579 8408 23
1732 2171 23
3430 7768 84
1756 528 79
1955 3779 42
7278 1784 92
7354 8636 61
6484 6035 24
1134 8261 16
2215 1237 85
4402 1719 15
2382 2663 92
9922 6870 9
3154 1256 80
2475 4416 40
1941 38 68
2332 2929 83
1442 7851 51
2727 6657 39
9286 4623 99
6801 224 5
180 9075 63
6793 211 31
4499 5353 96
9455 6367 85
7662 3620 95
4734 6283 39
581 4871 67
3717 7086 13
1542 3974 100
9069 8708 72
630 6444 35
8752 6808 7
6420 5969 19
1714 1358 4
9503 3585 83
6680 2915 57
6827 4255 96
6872 3046 12
591 7989 73
2106 1368 86
2933 4866 79
3942 5335 49
9388 3445 91
72 2149 70
9102 8275 61
5180 9297 98
2782 2396 97
5342 4976 46
3859 5357 96
7710 4313 81
4042 5581 78
6999 2687 84
9692 2857 65
9088 4513 8
9676 8655 86
624 4868 82
5096 2492 44
2627 2551 82
903 9624 31
8202 2542 57
679 6430 89
5071 9091 83
369 9741 79
4646 8781 56
44 9277 19
3457 1693 87
1306 1242 82
3372 821 53
8948 8402 87
183 9629 33
4701 7965 57
1997 2103 7
65 8098 14
5610 3399 35
2905 3144 98
2715 5339 29
5804 2184 73
1516 1173 52
4001 5030 33
9846 7650 2
8169 1328 16
5795 1222 10
4290 7422 39
6456 5178 11
1980 2760 21
8052 9959 18
6164 2807 93
2883 8690 73
428 2643 43
5076 6352 42
8372 8138 44
5673 336 30
5447 46 47
1083 2162 33
9057 5423 15
8973 4769 26
2326 4118 94
7722 4463 68
9029 785 84
8920 1408 96
7376 5897 87
1487 9289 47
2710 3315 30
6127 1226 3
3892 2973 11
5846 9022 5
540 743 39
180 2961 95
2611 7807 82
7267 660 93
5829 7357 6
9737 7678 84
7020 9630 24
6445 801 62
7959 4330 71
285 2475 41
8284 2407 12
1166 1454 30
9572 9401 95
6048 5729 40
7716 4337 71
6377 3837 70
1348 4374 98
3066 8703 13
3548 9675 37
8091 615 7
3950 2456 74
9276 9483 57
6072 6197 100
2677 6970 88
2201 1599 57
3892 3709 100
857 4014 26
8776 2626 67
6402 6031 89
6039 3769 50
6087 749 44
4034 1398 25
5870 6252 68
4010 4957 14
1116 3873 51
7545 8069 98
8082 6199 86
8978 2220 79
9988 6109 55
2070 3170 72
15 4280 91
45 633 4
387 2718 13
6932 830 60
2323 3597 78
1 8151 57
6247 2591 33
2698 4469 46
9694 1618 44
9300 992 59
5999 6848 27
7029 2379 37
2961 5521 1
5931 8067 17
4859 8738 50
3897 1527 46
2925 7484 64
6375 4643 80
6981 2854 67
1066 9935 48
2682 8281 10
7181 6269 84
5247 6359 44
4198 3029 93
2278 5166 34
502 8089 47
4527 3638 85
2950 5106 54
8464 3022 22
1591 2709 34
3576 293 29
4181 5601 77
4165 3506 72
9281 1901 71
6154 4678 8
2112 8543 7
266 3499 7
7452 4094 22
2236 7797 48
5919 3793 51
9242 5879 63
4207 5677 59
9896 4851 54
931 1238 38
3585 2867 52
2148 8242 98
3655 3108 7
4368 990 11
6505 4337 62
2602 6250 28
8349 5356 11
5629 2905 63
5269 1337 81
7835 3997 66
5207 2262 24
5002 9732 5
6348 6773 48
4095 9773 55
1060 8725 54
7874 8705 70
9800 3928 78
7200 2079 19
1217 927 86
1698 7606 76
7310 9263 57
7985 8110 54
1225 5943 18
25 281 51
1599 4619 93
9481 5965 22
8828 634 24
4256 2361 1
96 6958 32
2372 6348 48
110 5340 25
2779 6207 7
1206 5684 27
3964 8159 49
1587 8196 87
8945 2598 51
9750 6308 39
3556 155 40
6409 4518 96
6297 2920 99
1307 6648 2
806 962 78
8422 9056 18
2519 2331 58
6169 1385 16
1214 9775 9
2242 8055 69
4965 7195 34
4497 2431 58
3798 9237 93
6039 4275 55
3717 4777 70
628 2599 44
2596 3444 37
7320 3160 62
3942 8659 89
1340 1574 90
1697 2141 5
559 5463 21
8869 2341 3
5561 5677 16
363 6184 68
363 8340 84
4887 464 55
6329 2574 6
3022 7475 8
3016 6569 94
5428 297 29
5435 5807 75
6670 8637 23
385 4476 29
9622 3828 97
293 300 48
5576 2674 29
7043 4861 13
227 3266 12
5795 338 40
3035 217 20
8451 4451 7
663 8600 49
1155 6681 46
9441 7356 8
2562 1976 79
8438 3249 23
9566 2818 63
1538 5512 79
3934 4114 32
2001 7686 33
697 9154 64
6380 2501 71
9965 5859 56
5559 908 6
3212 3886 50
2892 1782 34
3845 5635 44
7822 4111 47
6273 6776 77
3792 7348 4
3695 7244 85
721 2413 46
3376 1800 14
8592 3560 91
8348 3895 51
1485 8101 76
1306 3023 8
6153 615 16
2919 8710 85
3479 2752 62
3556 8760 13
1645 3874 10
2301 2498 18
9665 7871 36
6886 5008 5
9480 2814 72
538 422 95
7005 8007 34
5 248 36
9685 5968 83
9413 9420 92
5057 6602 78
7692 6793 92
4801 125 16
5437 4615 28
1996 5784 50
4897 4456 25
2189 6560 33
901 2912 56
3176 6949 26
4550 633 75
6346 7676 58
6302 1221 35
1905 2283 97
6590 1513 23
2417 4676 96
7843 9807 12
3252 674 69
9618 5719 18
2145 537 61
4826 4387 27
5036 8782 100
6516 4499 27
5580 339 2
5257 684 17
457 4122 94
531 4843 76
404 9026 17
1110 2455 54
9666 3507 31
2095 9010 48
1123 9895 54
4339 2527 71
7758 6039 65
8239 4097 66
9368 669 56
601 8202 57
3261 3535 78
129 1282 96
1401 4589 31
6883 5924 72
3564 2938 17
4257 2203 13
5285 7091 48
3214 8715 77
698 6555 79
9596 7657 72
457 6858 100
3567 4843 59
84 3413 64
1782 3934 54
3223 1390 46
2932 2123 18
7832 964 52
474 4732 98
3666 2627 64
9327 2024 28
9785 8927 44
9442 6562 12
4300 2609 67
2351 5664 96
6846 8589 11
262 1478 10
9156 9186 5
3681 9714 73
240 6325 89
3370 2548 18
8091 222 99
471 7845 84
4611 1274 98
994 6518 44
1190 6758 31
7687 486 16
2628 5733 64
8073 1413 83
1881 5727 76
966 3622 89
3461 5188 87
8418 2272 83
7009 7329 36
9685 1700 12
2630 5108 92
7773 2314 72
195 1936 38
9869 5831 26
1141 1146 40
9966 4889 42
100 570 36
9830 7902 76
5415 8023 17
9929 9644 6
5017 4449 2
2029 8556 45
3607 7101 2
9362 1053 100
769 9163 92
4647 94 32
1967 1947 23
9235 8264 60
6271 6375 45
5296 1215 68
5940 3889 15
7247 8875 81
3132 146 45
2520 783 13
2263 3152 90
2102 5599 53
9165 5226 1
8560 4592 9
3962 4224 82
7817 5653 81
49 1202 80
1984 3137 28
864 5944 70
9919 3989 7
1166 4134 32
7964 4174 4
2713 2792 20
1032 1427 30
3837 1888 34
9864 2536 52
8909 4074 62
2354 6515 69
3075 4173 58
7608 1617 82
2422 8970 63
8522 2160 16
7697 9193 79
524 8379 58
5123 9859 91
1572 7543 83
7583 2689 14
1180 9666 89
6250 5115 5
8445 2553 79
8020 3113 89
3904 1063 58
925 5473 36
4800 1201 2
1306 427 2
6386 3950 93
610 4709 56
8519 6354 82
6768 403 16
4023 3051 98
252 4104 61
5669 5654 41
2608 5913 46
8170 2265 91
3870 4373 17
1217 9059 67
5811 2190 46
1371 2971 56
81 9440 78
7732 8702 20
3521 7370 32
7944 1783 38
3172 1901 87
1142 3013 59
8125 4836 35
7914 9344 94
1220 5635 32
6772 8552 20
2993 2530 22
4994 2067 80
252 930 3
7350 8312 70
8630 211 23
437 1173 52
2559 1601 89
1440 371 60
9767 443 25
4533 3243 16
1987 3772 68
8295 3950 29
6343 3054 1
9905 5401 18
49 6398 46
2054 6948 60
5520 2240 23
6671 1663 47
1643 443 82
4032 3519 17
5102 9435 68
1304 1858 21
9773 7872 10
2200 7909 90
9771 1138 42
1588 2439 65
4839 9678 66
1054 7318 85
3917 8469 70
1191 6134 88
4490 2852 35
3580 6867 87
7373 9700 74
6700 8204 28
8994 1692 14
993 9632 49
4185 5577 15
2960 6561 62
4899 8440 22
6253 7133 93
4381 3121 97
2785 5996 6
5783 1853 75
878 4577 95
1630 4091 29
9815 6980 21
4998 9328 89
2298 2153 69
4807 4051 27
3811 3145 53
2167 8864 36
4493 9873 4
8311 1168 36
5463 1906 18
2616 8356 22
8708 481 88
2539 9612 29
6790 4489 68
6585 9397 23
9130 5337 82
4456 355 34
3580 9188 89
8493 6478 35
5859 8240 40
7356 9503 60
4256 9845 37
9235 2770 5
2375 6553 5
358 8466 70
6697 7204 60
6706 1518 54
1984 7383 18
579 7813 6
2318 9420 11
2628 4400 68
3206 7092 49
235 6336 42
4481 7412 73
6405 9095 33
906 188 15
2668 3787 50
4094 2239 4
1756 2509 31
6353 3135 16
8486 5588 95
7424 8662 51
1497 1266 57
3635 168 2
3670 4592 62
3188 9748 6
7744 5930 46
2211 2824 98
39 342 53
6081 83 84
9509 5640 53
2593 4758 83
710 1514 2
7015 5205 100
6841 76 13
5998 139 58
7573 487 2
6343 6982 22
4996 6058 22
336 9961 27
5554 9840 32
9539 9937 31
2260 1245 68
4790 9677 85
681 2199 14
5175 9152 49
6597 3291 6
8572 7381 56
6904 2622 36
7255 9848 88
1361 330 50
2099 4883 68
2354 3247 63
4074 6036 32
7562 3907 76
8474 5363 64
5079 4919 63
2887 6481 23
6758 7460 92
1409 2089 40
2945 4471 25
238 4922 98
379 4700 56
2351 4223 95
8034 8509 42
1257 4485 95
7851 8370 6
5105 5246 52
4397 1134 100
8212 4302 25
578 6982 9
2597 5580 91
5938 8792 11
6713 3187 91
4590 4459 62
5574 6005 59
702 280 3
9249 256 54
3390 4740 17
43 4700 94
8147 471 93
1655 7165 9
9342 126 46
5723 4948 69
4164 5353 29
5615 8004 74
1282 3278 54
8771 9098 17
1507 936 82
2150 471 16
9474 8252 13
8266 3702 17
1903 61 24
3674 946 53
9429 6640 29
7123 6307 69
7225 7536 46
8494 8797 57
7409 187 15
4437 6683 27
9686 7793 93
9158 1477 16
5282 600 16
6871 9590 28
7354 7464 35
4105 6795 63
4169 2195 39
9775 772 93
5555 7689 64
1830 4382 66
1160 4890 58
6252 521 47
9860 5979 13
5350 9061 28
5931 4707 98
2722 9722 60
6307 7163 30
2789 1376 92
5849 6077 84
9029 1814 83
533 3419 90
9707 2879 3
1916 7579 64
1368 6486 25
7624 624 96
7327 5459 15
4317 6909 71
8488 2552 77
7314 4379 37
6093 6772 99
3603 5840 4
4708 4120 86
3209 4664 83
3814 2579 47
9198 8457 27
7455 288 64
9331 8453 56
3368 2065 73
