3343
367 58 735
801 152 576
385 565 316
83 489 755
175 741 796
61 468 961
752 369 664
751 181 606
599 495 513
577 602 650
51 541 235
385 871 809
241 894 817
853 801 542
601 841 726
963 929 464
625 770 121
159 706 702
473 449 201
126 779 802
649 569 410
441 593 325
387 317 486
401 993 25
30 409 888
704 380 809
661 287 5
55 472 80
301 5 257
979 338 488
471 751 649
49 617 706
239 921 111
437 216 326
261 887 821
559 768 217
151 997 814
371 395 769
342 96 365
152 289 274
537 793 126
689 89 756
128 133 527
141 897 577
161 674 546
851 33 937
674 641 155
150 837 743
305 294 76
417 617 679
476 411 167
55 454 857
9 213 31
385 967 903
413 364 801
677 281 1
79 866 681
51 261 734
420 121 521
595 105 477
483 341 977
789 169 113
709 193 257
927 201 537
233 501 651
311 973 179
925 468 721
21 497 97
1000 241 378
563 500 587
401 246 446
978 993 611
214 545 311
712 620 440
971 685 327
755 748 30
257 281 56
949 725 417
376 715 431
313 153 501
847 189 449
777 1 305
831 69 421
677 52 613
541 180 471
302 251 721
392 381 713
895 649 913
501 893 77
169 713 704
785 215 961
226 97 201
244 261 281
513 943 529
617 601 907
778 783 526
49 473 597
793 381 105
1 333 905
334 1 610
109 377 115
361 846 1
401 799 591
366 505 951
416 253 641
249 13 951
525 855 391
1 561 637
113 881 576
615 19 943
532 426 439
661 225 581
247 874 510
513 577 198
935 217 185
673 861 549
173 127 753
397 361 131
826 409 953
817 723 337
462 191 312
853 65 511
481 91 101
261 601 409
32 731 969
781 931 397
905 983 233
923 543 617
291 313 815
577 32 805
296 730 273
711 682 936
101 579 17
101 346 287
941 641 243
461 483 761
100 965 593
407 141 577
376 384 846
829 880 121
203 421 171
250 871 426
825 45 825
201 269 821
856 19 601
805 559 821
993 23 791
876 241 197
301 21 91
435 654 638
526 879 857
921 621 606
833 191 737
959 975 89
357 438 983
369 243 497
401 111 587
251 953 826
466 153 21
953 137 455
540 921 593
9 890 589
555 275 251
425 616 500
342 291 226
733 823 233
257 825 376
111 405 201
905 203 607
255 291 201
625 241 303
457 521 921
895 417 117
651 66 271
241 538 257
561 234 348
600 256 401
771 143 941
511 407 125
21 371 201
496 791 700
293 861 986
743 919 430
617 294 775
740 118 887
751 376 139
296 653 973
601 513 345
892 731 385
437 106 134
185 321 817
501 796 629
874 522 818
721 597 841
406 441 877
517 248 861
843 425 425
309 403 19
387 827 27
737 453 146
381 900 601
613 369 801
179 121 617
283 839 584
969 520 751
109 121 599
480 947 271
337 379 493
41 592 501
631 936 161
545 713 779
211 501 101
241 899 122
429 471 277
171 957 417
1 159 703
596 581 522
299 463 895
547 161 293
577 953 862
662 315 289
777 317 901
862 501 61
545 969 241
806 685 629
365 817 577
45 704 28
194 555 605
826 331 71
201 561 247
681 951 144
119 333 961
936 617 620
126 265 621
265 529 790
913 659 741
25 829 581
625 346 385
601 350 351
757 140 158
691 811 297
225 625 767
701 443 377
477 89 469
426 750 606
829 312 950
897 17 376
175 665 75
901 601 824
889 273 227
459 393 201
85 737 659
495 217 131
366 766 491
415 129 628
945 431 227
635 772 545
882 667 241
566 249 905
801 445 216
697 809 312
168 969 101
977 172 537
516 241 749
1 419 951
916 306 251
937 505 777
789 713 18
157 566 751
342 755 6
923 247 661
266 101 137
926 152 782
882 21 756
581 124 85
481 674 61
205 371 861
237 714 12
633 985 931
747 981 131
793 859 356
523 273 201
827 481 17
165 791 491
931 636 316
875 509 73
704 625 511
639 746 832
921 765 728
540 117 11
561 643 481
759 664 929
796 831 830
885 745 631
819 221 853
367 720 11
501 51 743
308 830 259
601 905 811
471 873 893
541 549 959
281 315 251
546 62 855
721 209 499
106 9 984
463 955 488
646 132 625
31 775 276
161 771 181
617 222 118
793 361 373
747 471 117
501 954 807
241 491 193
332 993 801
903 63 841
609 659 401
271 525 176
961 835 265
268 886 264
294 573 665
261 834 754
852 949 524
611 689 581
553 105 178
69 506 876
732 956 279
492 841 656
71 746 498
169 464 977
907 702 692
876 142 713
871 23 849
685 289 825
617 961 417
80 673 201
285 436 825
921 359 659
648 159 916
661 577 599
111 89 471
95 711 762
233 121 89
201 152 421
581 219 825
313 383 401
843 911 873
721 308 777
151 713 981
41 582 675
997 971 369
281 321 655
101 645 576
930 51 789
815 56 955
438 879 42
677 885 823
197 217 226
712 479 929
921 545 795
151 126 117
581 185 216
377 51 938
121 217 281
741 104 325
888 201 257
312 306 463
152 641 187
961 401 717
186 393 236
944 716 634
512 481 466
897 508 409
829 265 959
249 152 614
819 851 267
409 151 13
651 541 845
761 325 440
841 985 845
397 809 776
515 874 389
115 459 180
105 341 309
527 775 847
761 237 505
801 999 321
737 674 776
97 445 169
914 521 886
13 431 761
933 6 51
541 787 9
766 785 94
769 546 118
933 405 701
298 385 29
546 281 938
211 823 176
437 857 189
103 653 186
339 377 954
441 697 217
609 112 271
41 281 17
829 454 471
65 315 267
477 666 315
981 285 425
971 451 758
895 241 97
246 58 65
497 449 129
801 609 625
887 86 177
849 496 641
56 121 635
475 751 440
399 232 415
889 321 440
165 433 314
893 347 831
864 376 814
40 800 11
225 753 513
529 546 945
438 509 621
433 117 845
676 957 441
318 540 613
771 826 502
977 26 841
711 434 431
547 321 782
325 214 772
261 853 306
987 861 217
744 161 35
482 211 65
377 711 431
271 246 259
41 73 181
656 721 269
577 439 985
617 493 641
161 251 989
469 365 977
101 393 427
274 561 585
501 550 654
969 665 625
855 401 561
221 337 101
684 272 418
543 57 186
501 601 177
165 361 700
129 481 861
607 291 641
609 537 783
656 745 859
979 571 855
101 93 826
593 315 647
521 979 439
19 602 713
975 282 721
89 233 73
217 838 797
946 957 639
756 541 739
823 402 345
839 727 481
99 266 951
665 90 970
805 569 441
832 202 217
530 671 601
736 761 822
237 461 101
278 777 285
369 941 946
386 160 445
170 71 49
769 485 411
481 351 61
524 934 393
269 591 736
169 140 511
945 597 902
560 825 422
670 319 171
655 400 565
233 893 431
733 182 343
836 336 121
482 377 511
899 701 461
399 401 125
506 601 549
539 989 765
721 36 257
981 921 321
421 556 726
426 969 729
958 472 265
211 37 339
641 626 61
891 841 85
29 969 551
946 976 836
218 606 35
493 251 259
648 727 497
33 651 146
911 965 256
421 569 596
421 175 996
111 282 17
806 168 465
639 337 373
665 277 229
233 497 989
754 249 253
173 171 751
593 411 390
751 957 374
109 881 461
271 781 883
277 97 525
426 691 813
166 697 257
113 938 925
476 818 826
999 549 861
771 576 353
552 613 631
855 923 194
849 608 201
897 121 522
226 935 645
201 149 956
841 792 868
11 821 683
201 21 26
401 321 209
765 380 581
15 973 561
481 224 646
871 652 244
704 835 521
113 559 365
601 167 241
779 334 931
196 569 429
925 649 580
4 640 480
741 729 901
367 302 811
309 909 882
79 805 255
804 203 79
201 841 351
41 729 253
775 32 457
611 590 527
695 863 567
695 561 181
456 746 725
601 21 185
775 177 521
141 101 25
941 275 206
826 52 33
409 127 993
206 221 991
270 679 558
132 351 66
521 661 890
465 223 441
148 645 298
537 485 209
971 967 661
461 30 329
620 477 893
61 301 813
441 732 136
686 209 751
146 225 489
51 601 1
97 767 701
451 617 704
430 51 421
393 881 86
629 881 725
559 125 51
399 137 33
177 581 8
331 976 721
54 771 251
969 985 511
441 204 226
549 449 681
913 792 321
469 897 51
557 121 71
370 567 453
513 429 780
69 403 431
575 486 889
326 624 736
406 765 626
943 117 845
409 931 371
243 825 593
761 578 641
803 337 991
41 317 895
335 833 650
336 201 791
959 775 1
244 317 211
941 999 728
152 281 251
452 761 96
400 641 161
313 210 319
193 957 725
563 121 955
522 777 751
99 58 129
136 485 626
275 439 541
49 63 695
161 40 561
169 286 460
553 711 526
205 81 551
953 329 307
555 141 119
525 273 601
428 969 201
193 161 549
371 949 944
649 556 33
721 421 459
164 897 785
921 95 789
290 875 804
985 455 931
460 785 911
151 918 329
905 929 847
835 211 762
781 473 985
785 25 585
993 901 241
902 785 799
598 89 918
536 821 83
389 545 1
566 502 441
309 481 85
721 361 117
401 107 337
821 537 678
649 437 525
560 37 830
228 985 591
102 326 826
651 107 201
80 77 553
571 616 25
217 696 535
91 584 917
337 321 764
214 201 634
979 401 600
935 951 641
833 874 606
977 465 346
861 626 712
951 881 325
849 145 16
561 156 246
766 265 939
937 263 293
751 954 459
533 689 401
1 410 949
889 145 647
631 313 389
697 26 872
430 471 345
381 912 633
126 281 215
85 406 949
352 836 193
451 721 33
674 557 621
147 335 145
980 676 302
344 293 593
905 400 536
917 837 203
431 681 337
157 938 401
505 171 921
901 405 865
429 201 203
326 553 329
601 691 661
885 232 163
871 750 649
541 1 691
981 541 578
445 171 841
879 997 263
997 503 41
247 363 969
16 513 873
777 973 180
395 659 226
801 912 588
521 136 650
527 501 902
381 31 191
282 991 571
966 745 75
395 633 646
879 243 308
126 261 373
991 877 265
296 580 23
415 656 878
393 251 201
597 947 281
241 773 647
245 281 23
794 589 973
1 550 709
481 386 775
35 171 851
337 625 771
45 833 715
126 694 557
681 561 363
961 221 17
402 857 748
465 316 61
515 875 729
883 164 779
49 54 751
513 671 341
468 300 781
497 747 697
25 700 227
795 993 573
886 269 817
121 983 822
711 769 465
486 934 747
35 315 451
337 171 811
375 529 621
919 383 693
121 435 549
183 881 277
805 241 278
851 401 569
48 51 296
365 892 856
237 156 344
945 275 602
937 171 641
705 450 456
701 273 466
21 569 551
379 681 913
949 761 820
751 355 697
401 681 486
365 811 961
283 921 41
585 899 321
661 418 198
85 331 53
125 889 301
332 997 301
307 533 281
949 911 367
197 342 105
486 151 249
277 241 471
423 791 728
623 359 31
451 878 881
344 909 73
509 481 416
285 218 122
581 575 157
127 286 267
688 9 141
165 851 705
976 28 526
81 181 273
369 776 661
376 473 51
164 293 851
827 966 545
777 265 893
453 797 611
851 341 929
221 737 447
681 261 161
341 825 933
73 331 97
166 385 433
253 421 425
477 895 987
673 51 82
745 771 779
925 647 306
633 929 921
579 906 637
361 274 919
971 481 629
999 195 433
166 543 53
901 763 100
171 781 511
281 478 633
451 831 67
726 361 801
481 121 63
183 601 937
921 433 138
857 151 921
353 390 701
554 824 301
161 626 664
926 21 83
934 7 487
705 32 144
687 527 241
7 237 737
121 341 481
561 761 571
343 953 617
217 309 941
201 651 566
707 133 597
495 901 516
614 699 145
176 463 176
843 441 697
879 191 451
841 187 546
151 951 398
584 401 620
348 953 138
718 833 397
533 170 17
301 339 870
179 546 818
677 481 591
151 971 597
254 533 129
491 705 229
581 3 337
854 802 922
57 536 25
441 46 860
453 250 681
495 247 101
426 601 346
774 303 581
531 341 837
715 363 713
661 993 906
601 159 411
863 377 919
641 381 56
132 526 546
381 781 151
848 31 711
681 537 128
564 41 802
518 621 995
219 411 169
913 313 279
736 813 83
313 83 41
330 971 555
103 793 403
245 191 487
415 537 904
429 381 809
362 33 533
629 5 416
731 276 345
636 928 281
168 293 633
661 873 226
449 165 657
878 592 649
121 412 689
817 596 734
1 631 834
681 891 154
653 126 351
209 841 453
626 163 621
713 689 201
692 840 471
227 478 657
576 521 803
460 531 501
533 726 569
277 917 696
33 193 691
597 921 255
411 229 999
421 52 44
750 653 751
319 915 885
401 951 169
261 801 981
861 30 237
964 497 501
216 889 875
45 57 605
17 869 26
582 413 41
341 553 591
927 685 377
195 115 715
952 410 267
143 1 56
924 93 895
349 901 897
19 762 185
29 351 97
165 130 177
561 495 516
481 648 768
889 529 517
701 109 81
911 521 545
343 173 1
977 593 487
471 409 621
876 718 531
391 881 290
903 686 976
661 684 489
253 904 395
55 889 369
321 826 875
909 273 965
661 844 722
818 681 661
40 557 913
51 633 601
617 449 973
754 191 471
705 801 453
40 825 259
458 33 873
260 518 941
141 529 177
161 529 97
137 273 239
51 865 431
611 296 378
641 587 26
211 155 779
719 484 866
799 365 547
371 317 617
257 441 601
321 396 491
631 251 576
119 733 234
704 771 963
413 706 633
181 216 137
781 317 671
745 164 76
337 573 351
853 673 318
126 411 121
535 881 559
590 3 995
911 625 596
266 928 961
216 867 717
626 1 291
338 709 373
493 519 743
425 601 361
287 494 8
844 441 571
599 838 470
245 282 290
883 74 851
141 55 269
661 472 41
89 180 538
257 667 296
161 121 433
626 300 312
775 905 83
241 523 428
685 576 506
937 545 693
5 77 393
923 461 892
235 686 301
796 356 316
852 681 45
649 589 965
643 831 997
353 870 391
744 795 885
771 923 257
491 629 711
803 511 85
302 551 348
89 278 601
455 872 445
763 873 915
996 126 844
685 745 229
623 535 376
781 221 893
142 81 495
425 751 782
276 201 273
311 601 633
921 434 509
43 697 735
525 525 1000
126 368 691
828 251 457
981 381 593
27 317 441
100 945 1
823 449 959
661 617 907
781 765 841
613 595 193
705 88 650
707 121 144
251 33 316
472 233 276
946 609 876
853 841 557
323 641 225
151 235 473
565 427 918
626 841 481
101 73 332
81 375 933
491 229 169
517 342 705
455 421 612
254 929 631
497 939 81
919 373 81
425 553 201
177 581 841
51 478 865
273 131 879
847 5 896
963 251 27
59 398 975
477 841 961
270 267 977
375 659 921
681 834 328
861 497 833
767 461 394
49 504 789
76 770 277
137 563 313
523 939 315
627 897 752
203 179 841
707 181 823
941 759 168
341 631 511
553 865 146
491 941 70
43 831 481
475 19 406
627 321 137
281 249 521
229 918 553
977 662 45
400 284 477
273 777 261
729 217 528
983 929 166
721 323 730
497 740 596
601 862 889
321 141 369
783 543 409
179 504 721
317 215 407
152 942 501
873 581 441
241 571 713
905 262 85
691 791 234
877 831 107
565 405 985
401 457 589
629 931 265
988 815 244
145 669 751
149 251 935
742 668 767
526 451 771
77 703 241
265 331 32
401 365 428
263 293 349
131 341 807
874 507 445
441 741 117
775 94 501
969 201 455
501 199 980
215 201 849
785 761 1
938 504 241
853 263 985
201 895 765
783 391 365
503 149 501
957 851 261
527 881 277
809 943 171
73 49 361
377 923 561
79 532 189
975 737 645
381 981 793
422 27 131
334 627 941
196 107 131
673 657 938
140 831 761
247 271 95
624 85 641
925 625 441
311 36 149
114 781 845
351 153 326
71 76 667
271 962 13
697 595 141
251 234 371
361 889 426
880 94 63
91 785 281
797 977 921
565 895 586
675 143 880
867 279 86
520 318 231
781 755 825
913 123 682
844 127 852
281 351 649
341 576 672
61 16 476
369 447 611
529 373 933
851 156 986
312 861 161
611 191 781
391 153 277
855 41 819
797 441 703
653 57 739
301 391 866
233 604 385
11 443 41
891 329 967
742 783 280
545 498 226
617 76 736
711 801 737
229 407 81
353 408 247
227 33 109
213 898 526
366 476 1000
57 677 158
661 364 721
22 256 708
917 15 892
540 413 306
793 543 827
269 691 15
499 438 788
1 291 706
27 545 77
149 565 920
557 111 411
351 601 126
183 249 551
330 11 963
944 810 921
945 985 401
686 511 107
973 83 175
599 458 49
961 494 101
576 71 607
481 596 756
259 956 485
33 766 586
937 673 639
276 1 145
926 641 820
505 251 135
65 268 333
971 43 331
571 111 46
419 207 815
647 905 533
343 781 743
817 601 290
842 380 565
676 737 217
924 401 746
141 336 9
101 743 841
651 953 913
965 660 761
843 626 526
711 663 1
121 173 846
116 896 585
187 211 417
95 210 529
479 785 617
690 744 131
289 316 523
453 955 937
401 126 765
897 111 777
998 559 845
869 933 289
161 457 304
195 361 349
943 283 825
950 371 313
320 411 127
227 524 972
49 625 665
545 427 839
745 200 230
701 445 561
213 557 445
633 325 301
24 638 751
69 891 153
330 901 673
93 62 937
19 161 73
2 221 701
726 809 860
979 356 951
601 973 737
791 405 591
776 576 756
617 332 598
89 879 74
681 558 181
521 391 528
758 273 153
921 977 985
869 221 901
671 309 263
791 873 43
181 457 471
31 103 961
585 899 229
353 55 526
572 309 644
9 1 684
173 751 9
91 981 889
743 821 371
129 491 675
20 441 160
628 1000 384
479 267 871
501 585 897
380 70 977
445 882 820
955 897 469
796 550 89
634 609 632
1 737 81
157 386 768
83 282 353
881 467 218
933 896 556
881 465 757
999 153 466
617 21 886
57 77 557
145 241 394
433 956 586
938 551 366
917 971 188
789 229 604
996 317 513
615 415 466
660 669 44
189 921 157
821 881 821
851 671 101
256 684 25
630 554 75
515 134 158
489 457 281
257 145 571
876 188 429
787 226 644
536 930 8
979 159 751
115 528 997
97 341 433
75 157 169
176 673 197
712 625 983
641 982 943
560 989 526
837 539 357
480 41 98
789 668 259
807 502 210
91 168 328
963 361 321
937 489 381
201 426 321
854 623 316
446 256 619
944 549 862
65 701 995
533 489 885
705 713 417
569 993 497
168 696 797
342 109 723
76 657 741
97 917 111
161 756 40
445 216 957
269 95 835
960 916 101
505 505 54
9 5 1
673 939 599
393 577 819
801 3 297
638 40 838
443 906 453
602 189 565
465 881 781
305 164 438
131 246 16
926 737 481
961 527 399
708 951 962
441 61 891
385 601 481
535 342 161
722 529 351
441 25 872
213 746 243
325 561 463
259 121 846
969 724 257
51 719 581
766 431 547
132 370 521
801 689 655
688 736 241
337 1 493
306 667 241
101 801 49
841 553 329
91 959 361
791 896 665
489 873 554
439 653 572
591 135 417
885 176 721
953 913 757
740 689 851
60 142 49
811 839 21
861 713 943
656 689 751
859 46 237
177 559 926
977 102 200
563 389 409
945 991 749
577 887 741
701 979 23
127 79 496
367 441 265
727 183 786
785 638 761
958 281 560
1 171 981
563 831 373
701 315 401
61 921 109
816 211 925
3 456 925
61 645 491
895 954 189
43 777 504
303 57 576
437 573 761
782 273 902
11 123 351
529 641 17
586 932 195
591 551 771
449 291 609
1 714 297
249 361 221
293 33 25
667 5 146
835 601 673
385 759 265
689 95 467
281 381 595
796 825 89
821 982 473
361 241 931
789 473 779
313 687 801
918 241 27
176 599 461
143 481 753
287 351 903
791 561 817
105 873 961
210 205 801
382 659 785
741 131 278
725 957 676
641 486 365
731 351 861
431 436 589
727 366 306
759 126 281
105 41 653
313 947 907
517 267 976
536 809 211
717 891 753
961 432 449
558 881 674
951 810 471
163 513 401
791 771 611
286 877 601
315 697 665
192 13 539
120 21 277
835 836 968
617 61 169
205 541 983
81 464 931
176 291 137
41 181 911
753 1 828
593 669 241
389 937 9
161 37 357
491 837 81
657 303 793
65 921 971
982 524 125
755 621 399
716 927 45
879 581 317
235 509 449
83 73 13
181 449 353
69 897 156
245 991 569
61 913 581
269 370 987
890 573 536
539 529 655
751 999 190
491 983 313
513 246 101
449 831 740
781 569 669
840 433 816
659 675 121
719 857 369
811 64 717
508 280 931
113 721 911
116 265 708
731 304 634
998 694 951
146 533 869
164 541 433
505 623 721
982 769 280
313 416 565
719 69 863
15 993 591
27 451 420
937 361 411
705 907 639
831 69 883
787 381 409
797 606 141
45 733 579
474 549 901
775 854 908
153 254 773
6 914 465
231 985 448
588 201 114
845 383 929
293 70 561
603 499 836
29 269 269
554 836 202
721 501 377
681 681 334
585 433 321
669 1 391
246 993 720
101 897 103
314 876 47
238 194 971
748 805 153
51 216 58
109 245 93
398 20 401
726 646 57
579 843 953
238 449 395
307 701 357
481 421 345
386 338 316
300 301 11
753 331 103
887 376 11
884 749 151
339 837 725
751 493 98
146 387 86
361 903 9
629 321 579
661 822 237
65 747 731
199 731 703
961 808 969
569 321 911
339 841 700
517 81 976
417 361 386
64 911 949
802 425 333
999 157 861
203 877 522
693 73 473
405 765 189
505 275 405
91 881 208
514 727 724
23 946 249
817 808 641
351 603 783
951 466 911
429 115 486
801 751 651
673 353 779
31 271 641
24 1 19
481 114 208
603 649 925
785 984 982
719 609 935
206 481 605
698 761 957
635 439 749
550 541 449
355 649 151
473 81 677
371 521 33
145 450 795
566 549 949
382 577 891
585 897 411
405 394 320
512 581 981
794 927 577
51 2 921
193 901 337
22 265 604
887 83 751
681 369 383
617 681 38
909 57 857
657 36 752
283 839 736
843 203 789
504 245 301
683 592 731
63 433 367
247 265 258
882 391 761
246 167 857
582 501 401
38 10 211
371 865 697
27 717 282
621 635 155
916 425 379
953 357 584
658 87 27
340 767 253
283 303 38
713 111 406
881 340 707
361 569 141
311 392 511
817 389 981
371 816 729
601 145 7
65 264 645
500 336 309
345 776 910
161 440 936
766 191 626
581 457 211
73 593 999
351 331 955
683 746 637
201 301 651
239 968 397
481 936 771
557 824 992
563 735 713
129 285 673
228 407 447
511 846 819
1 893 449
177 345 687
360 541 976
16 551 201
848 789 614
13 576 505
53 905 621
930 21 377
151 551 826
69 518 833
677 257 645
465 381 340
771 126 401
907 313 785
185 792 750
136 548 741
132 437 411
45 413 85
906 777 891
841 621 19
243 308 153
721 86 488
324 7 616
915 180 701
676 863 474
821 537 290
57 425 142
809 36 17
291 87 147
745 509 851
565 998 341
51 816 695
197 499 876
634 825 501
751 167 635
463 181 33
497 697 545
419 289 189
263 33 687
720 571 686
815 90 657
973 985 876
893 637 352
961 449 919
275 681 836
466 351 911
526 666 753
506 65 56
809 826 77
969 159 497
429 403 964
92 638 161
866 629 281
827 141 798
866 407 769
602 861 63
465 138 838
853 467 621
677 69 141
709 921 965
495 341 208
241 60 181
998 363 626
104 157 229
577 93 929
753 602 581
172 513 645
665 304 888
513 883 708
487 73 292
881 818 703
216 607 817
738 473 575
394 217 593
241 761 289
689 701 384
311 229 401
49 393 941
645 501 909
103 419 771
341 601 878
295 431 665
873 549 993
300 72 937
259 565 381
112 755 386
126 191 533
961 969 821
130 799 563
860 87 649
118 564 531
581 821 513
341 977 493
882 601 764
370 401 885
779 997 787
423 752 757
821 393 582
746 815 344
692 25 191
351 73 461
313 729 113
711 622 445
13 633 336
917 954 833
809 128 729
729 463 297
701 926 819
55 406 36
808 629 427
681 403 382
608 927 935
861 673 893
387 401 937
992 697 956
821 685 374
820 541 357
101 749 331
997 433 261
117 744 817
273 926 369
226 131 753
213 441 571
833 553 369
436 649 836
396 854 421
393 379 541
531 377 851
359 476 351
55 833 588
617 394 214
545 137 313
322 853 359
751 421 466
412 269 145
788 461 939
401 435 222
470 751 648
529 641 779
981 709 647
271 251 157
76 497 961
221 521 51
643 986 540
197 957 281
243 839 185
6 915 826
557 550 117
399 237 161
294 823 269
969 976 709
25 349 961
607 119 601
171 355 321
281 673 781
576 801 296
505 337 213
483 793 617
607 242 375
261 913 289
609 116 611
801 793 31
449 385 226
387 48 548
411 691 30
162 466 493
393 49 896
349 346 101
615 951 476
523 581 889
691 937 322
201 364 532
49 881 786
929 225 521
137 553 886
113 937 491
81 81 285
718 507 955
490 373 988
357 562 698
93 681 57
123 867 633
678 505 646
851 522 8
55 819 43
905 341 85
246 361 216
289 665 841
760 161 477
666 825 36
149 711 334
358 444 649
57 537 65
349 29 750
337 143 503
873 26 595
511 283 961
230 454 801
793 993 23
666 361 951
326 657 989
734 213 894
745 1 919
949 665 859
611 376 548
545 67 488
823 677 324
577 901 196
455 893 787
297 12 271
621 387 136
261 665 953
180 437 849
801 201 151
645 1 162
251 262 653
601 286 870
346 937 364
721 926 745
826 26 115
347 742 40
459 921 523
78 606 951
135 578 111
815 598 341
749 961 527
921 701 213
977 558 849
834 105 826
341 971 485
66 141 201
701 533 91
535 681 310
263 353 825
746 107 620
263 601 678
537 391 579
361 433 426
201 539 332
737 666 802
105 356 204
713 171 745
797 19 655
537 927 18
601 708 533
521 881 481
443 49 393
496 581 533
92 586 201
241 897 237
415 793 77
457 549 599
544 201 248
58 937 89
32 741 662
317 865 246
354 306 861
917 368 29
450 175 457
427 273 443
441 851 361
431 610 413
183 337 41
841 957 183
589 705 266
162 785 234
195 529 839
681 965 951
421 128 415
9 801 649
431 717 461
551 783 519
141 809 935
297 587 889
721 793 841
541 641 357
655 137 513
757 401 506
305 911 473
735 193 185
974 947 715
101 888 362
387 557 901
817 521 614
617 272 913
788 201 391
277 6 165
689 300 423
727 537 851
695 971 376
859 139 839
493 166 282
41 393 517
779 855 305
176 6 756
875 726 631
953 796 49
455 739 847
933 323 829
911 461 841
611 857 155
129 519 848
661 949 121
26 965 897
632 658 737
99 824 285
233 3 329
599 614 966
298 381 791
599 883 901
179 325 871
100 43 649
131 225 345
736 853 229
225 161 913
629 881 569
705 35 955
452 291 821
990 482 426
465 48 956
568 681 996
79 996 348
979 794 290
67 227 206
953 521 401
571 503 656
495 407 98
923 200 461
10 91 63
207 23 873
103 537 489
824 681 681
392 809 581
949 733 923
836 541 821
479 520 561
474 526 956
831 101 869
729 852 85
51 924 64
964 575 325
524 746 261
33 473 557
542 561 80
265 745 963
901 797 201
109 785 835
601 375 195
841 776 41
341 697 709
690 210 831
941 885 271
425 551 9
751 461 301
576 345 41
797 949 43
521 681 301
596 385 657
24 745 379
906 353 167
192 89 765
331 513 433
934 69 201
213 776 353
846 787 601
915 7 161
975 17 801
556 968 855
41 481 279
620 581 441
651 449 511
26 165 29
504 227 497
237 36 951
640 961 177
963 93 541
46 25 377
845 891 201
400 606 651
26 153 76
713 289 565
713 743 162
761 511 218
749 579 729
921 409 951
961 975 91
841 751 715
761 958 426
457 631 858
579 969 962
809 610 708
651 606 886
921 883 886
454 585 851
101 153 225
933 10 286
994 525 571
673 95 51
566 257 21
455 885 537
772 701 477
335 929 861
497 558 53
496 382 51
915 457 457
846 356 340
851 691 359
749 761 741
135 551 663
369 661 605
577 801 749
84 777 235
255 382 351
877 661 605
263 503 657
226 283 681
468 857 563
513 913 217
925 649 817
261 601 831
312 83 793
941 481 358
510 156 801
421 39 137
922 137 816
51 205 514
582 835 409
237 598 621
677 725 329
73 180 441
671 441 236
925 181 579
911 957 435
952 891 554
931 147 711
656 466 786
577 580 926
239 201 463
999 113 565
585 137 1
261 520 437
21 222 171
41 520 181
489 433 475
398 667 365
171 291 754
865 681 894
29 956 689
849 762 214
244 973 61
817 21 848
960 653 388
861 501 473
981 116 601
831 145 73
383 361 19
54 715 933
101 191 505
271 481 901
893 141 7
125 731 1
583 649 63
902 905 945
337 781 757
9 682 681
787 53 476
41 926 193
881 241 341
684 70 692
809 531 301
397 972 593
293 749 609
401 657 761
969 540 384
539 303 485
658 136 1
669 633 463
657 121 768
990 137 741
217 599 955
897 95 315
628 641 233
958 681 181
365 421 36
805 169 169
794 953 941
291 234 274
91 51 921
169 549 750
813 933 865
906 349 833
33 913 249
673 546 727
131 549 913
389 902 745
441 945 409
34 811 791
447 521 440
975 689 101
771 543 391
585 951 316
121 923 420
681 295 283
978 264 125
617 33 616
499 1 949
313 780 519
382 817 837
137 603 941
989 507 81
636 421 398
541 129 806
963 941 504
445 182 408
189 126 603
818 101 991
329 201 895
699 621 469
75 577 326
541 745 841
501 499 210
385 353 861
723 361 241
273 142 226
736 281 853
797 671 486
999 726 751
651 257 997
387 857 697
869 574 383
851 464 511
629 261 959
459 401 893
793 311 177
667 634 347
533 178 785
153 206 725
713 537 154
54 587 861
259 173 879
340 313 600
991 449 365
661 525 603
44 421 655
461 806 521
268 756 926
577 888 953
163 709 551
147 576 943
501 878 626
689 563 997
47 799 820
173 421 129
403 931 7
50 793 657
499 355 687
560 33 193
877 286 293
758 371 451
634 312 971
894 255 18
241 985 60
785 525 249
757 166 609
338 886 81
755 539 571
121 777 266
221 37 981
569 16 262
41 611 11
145 263 417
255 842 221
2 189 326
575 801 841
126 559 61
516 771 256
723 576 151
907 981 386
310 96 301
75 261 471
970 439 151
441 905 745
376 872 169
177 253 544
523 675 383
679 321 401
937 977 187
521 933 233
89 265 975
960 82 426
529 390 31
934 905 433
671 166 137
953 377 891
985 395 507
782 776 351
684 821 300
136 261 25
825 721 521
204 97 182
122 944 733
263 110 617
799 888 296
231 633 406
726 279 354
1 513 47
666 985 241
521 407 819
843 265 891
213 105 913
101 609 300
895 467 897
51 369 865
545 1 789
893 387 494
223 508 441
476 156 721
293 961 160
547 859 637
715 965 475
640 105 369
745 973 67
591 592 921
464 505 481
391 189 679
926 424 690
761 817 581
87 701 149
556 955 985
181 301 669
169 386 193
81 331 416
891 429 646
207 861 733
809 901 997
634 761 311
649 121 269
833 673 456
529 817 773
689 371 341
807 755 807
231 737 569
877 465 361
911 437 976
426 1 857
836 617 341
353 648 517
726 331 577
97 617 710
561 592 17
823 793 631
201 373 213
359 873 323
241 729 99
673 805 266
571 948 80
243 631 111
175 699 350
169 711 415
942 934 729
393 215 857
86 506 65
904 721 530
13 491 601
977 721 783
197 641 641
316 987 137
111 1 545
233 721 585
777 353 181
807 455 611
105 85 241
651 848 899
836 586 953
733 96 71
344 412 521
841 80 57
314 767 990
8 93 629
641 84 722
138 337 476
25 301 827
526 261 308
56 233 519
261 961 372
105 439 973
287 969 921
981 910 621
897 457 241
969 783 49
951 218 631
715 658 89
861 721 606
867 967 938
701 769 571
921 569 507
725 189 985
699 953 671
803 761 697
685 380 349
833 347 786
1 630 771
381 211 497
63 821 825
501 51 85
767 931 639
456 319 473
133 203 521
244 881 41
70 203 287
901 275 309
832 781 552
895 26 661
341 806 886
244 395 102
695 324 135
952 817 801
345 487 70
401 777 816
602 241 17
334 533 947
515 925 705
342 335 99
515 49 751
660 905 436
233 841 417
1 951 953
826 168 691
93 995 518
801 153 975
165 357 661
747 813 915
221 745 257
277 761 181
782 761 371
872 800 111
718 961 677
513 641 281
235 415 351
705 598 301
989 753 711
1 311 495
121 759 619
161 956 28
833 113 542
571 193 226
535 591 490
956 261 936
341 521 304
869 522 260
827 461 40
417 848 858
128 693 937
521 587 451
201 701 397
998 751 284
537 469 351
593 434 249
977 947 727
361 195 323
711 393 721
206 591 735
857 89 431
125 254 200
465 376 887
772 980 701
408 50 851
837 433 550
568 993 462
940 465 933
483 761 165
945 907 542
341 774 1
841 644 171
30 413 9
128 547 291
936 155 26
721 641 861
305 697 666
685 561 17
302 711 51
950 425 157
969 751 211
255 751 614
972 85 11
932 401 498
51 530 901
81 1 921
353 159 9
597 969 741
166 825 585
139 264 470
361 101 777
485 885 683
821 235 726
609 481 668
183 393 364
665 793 883
325 300 97
161 907 367
862 259 631
393 81 459
988 89 366
917 758 576
143 880 770
801 181 905
991 432 889
899 176 173
537 610 729
41 811 81
881 391 441
910 611 225
178 117 731
716 217 715
593 900 989
81 793 229
891 777 308
73 531 343
795 750 774
116 734 41
178 517 623
647 459 337
649 121 145
363 65 98
776 101 317
703 421 311
50 575 441
151 821 685
921 679 865
561 859 921
166 192 169
343 925 796
577 941 249
366 503 151
413 65 481
186 961 327
501 244 891
137 793 707
365 986 473
190 862 955
439 305 127
652 461 196
681 233 298
811 231 553
695 641 121
46 673 169
640 901 773
646 918 771
889 913 881
747 849 203
106 577 1
168 620 114
180 231 881
276 553 84
980 205 992
85 455 535
8 947 553
973 257 531
231 601 386
117 881 416
747 626 39
767 897 132
754 113 939
810 527 63
631 546 662
401 345 86
354 318 657
209 467 649
463 913 174
179 721 69
481 566 147
481 971 743
301 746 973
801 681 545
167 521 407
49 721 91
841 761 461
887 92 599
249 31 51
861 293 976
737 883 807
369 161 999
113 69 277
701 373 636
921 509 467
285 982 769
225 809 221
251 744 338
761 289 869
285 241 165
651 686 879
905 431 861
761 440 323
590 885 11
977 93 717
401 349 785
134 125 593
641 987 387
806 873 360
496 30 261
192 821 345
841 355 847
66 51 241
129 411 645
344 79 22
537 279 201
490 537 151
832 579 763
145 850 317
138 525 28
926 371 701
959 717 681
357 63 578
18 225 361
721 361 136
347 846 492
465 817 377
358 601 593
637 939 756
665 521 403
96 103 793
291 783 299
1 527 611
889 28 891
541 680 519
985 983 105
919 724 320
177 511 9
81 535 367
141 508 337
651 271 689
525 289 79
780 541 437
41 266 209
133 263 369
125 716 765
687 825 536
114 637 113
169 887 517
329 733 513
985 9 634
577 477 788
705 30 576
731 39 281
845 860 645
121 276 281
561 735 90
945 123 641
817 841 701
471 251 841
705 265 391
30 469 141
51 941 831
256 606 811
81 652 843
53 371 679
683 585 273
776 131 816
793 745 517
691 575 129
856 911 665
73 326 174
259 13 221
817 227 77
273 49 193
809 166 86
861 633 230
985 251 205
195 241 221
916 951 797
816 939 191
688 55 929
933 845 877
441 821 329
494 897 151
114 172 951
275 761 711
705 401 401
637 933 798
129 617 121
180 94 131
9 270 558
489 969 447
944 814 954
566 25 261
901 309 5
346 989 681
945 921 1
393 172 847
727 35 447
255 777 897
601 665 555
803 51 439
22 133 105
101 889 929
181 841 321
961 161 665
639 331 351
893 925 489
329 601 326
513 577 86
1000 457 339
196 345 273
926 580 807
305 773 301
489 789 141
211 404 322
846 81 501
571 613 971
919 873 249
244 76 221
841 151 92
613 786 21
393 889 797
501 59 561
525 109 129
866 121 524
677 839 655
220 56 381
921 196 193
37 833 465
451 601 657
492 538 777
122 265 606
977 921 641
165 829 601
661 245 858
441 747 897
299 238 873
929 466 975
139 233 736
739 751 827
304 801 871
101 869 988
493 353 47
810 801 911
251 265 276
633 372 588
581 785 715
126 651 81
485 621 376
61 19 661
389 817 33
681 829 17
761 31 798
457 916 463
639 476 725
702 563 936
251 209 655
370 534 201
236 681 740
171 851 446
457 586 513
611 814 935
357 132 385
929 705 511
111 305 136
109 807 116
814 465 45
150 945 911
297 63 396
481 859 857
133 501 413
683 513 977
403 72 961
69 261 286
161 805 726
81 938 284
437 84 433
410 1 473
22 631 898
33 706 489
340 841 833
280 71 270
862 857 390
203 811 293
439 182 481
486 40 175
115 280 165
317 693 896
109 939 77
513 97 776
691 81 193
665 533 513
561 46 305
867 113 711
846 772 13
483 303 160
401 349 191
469 117 205
649 161 529
789 383 761
227 936 205
499 125 993
121 517 959
393 629 199
732 790 903
909 909 569
77 305 985
501 103 361
381 836 443
105 111 763
249 29 541
694 323 351
593 201 494
731 913 601
17 802 405
681 16 866
381 955 97
592 509 603
606 325 598
151 647 881
825 501 857
939 166 301
871 556 61
337 166 81
125 1 149
450 1 129
299 833 742
557 310 352
108 139 404
146 305 197
775 36 377
318 909 276
521 341 351
839 953 441
785 625 605
661 106 297
363 967 649
337 201 196
336 791 696
376 478 450
254 857 425
644 393 326
733 877 639
941 491 165
937 461 131
911 41 375
201 515 719
650 117 61
207 540 625
157 665 116
489 144 909
580 21 201
95 864 926
381 336 957
641 709 631
841 33 921
506 791 113
320 851 522
761 81 921
981 599 493
195 446 201
151 504 203
595 89 659
949 689 203
841 41 593
896 961 655
719 586 194
81 217 871
400 383 383
689 153 771
1 173 160
333 511 295
738 200 798
743 67 181
299 594 410
666 797 852
476 993 399
517 353 847
424 189 556
60 446 835
97 856 106
998 505 750
329 887 641
16 901 297
10 407 829
992 164 437
871 797 329
591 251 969
276 35 737
913 274 669
167 777 652
363 208 81
759 79 853
655 487 812
76 811 919
298 944 823
267 709 875
18 197 865
801 476 897
68 257 121
705 421 276
767 281 841
683 745 49
167 208 281
289 414 547
595 133 921
152 156 507
568 961 487
61 115 431
381 57 816
351 401 431
896 479 293
387 605 717
114 276 3
726 295 471
788 841 899
169 209 559
105 779 108
653 825 423
305 321 563
501 258 541
66 509 666
357 611 409
569 67 681
105 145 511
951 656 33
898 569 446
1 565 659
888 233 918
411 43 487
401 677 1
689 396 953
720 675 277
37 601 451
171 371 441
377 441 602
361 525 297
241 830 611
541 890 275
34 833 845
961 585 85
727 605 525
121 933 430
601 785 231
243 751 842
425 821 967
229 831 305
505 581 297
165 820 862
521 269 91
101 199 961
197 802 337
922 883 751
777 347 440
883 861 781
716 61 828
448 45 789
611 725 779
966 445 424
549 147 851
231 833 615
235 913 585
426 731 857
273 894 393
682 185 670
617 969 93
236 227 855
697 163 193
170 883 38
146 651 309
229 801 481
158 885 826
890 661 184
202 880 230
875 897 651
299 55 353
983 825 191
369 39 181
841 776 491
451 793 435
689 140 73
131 377 823
635 401 491
353 505 813
957 921 371
833 635 715
392 677 905
681 368 326
223 821 465
751 501 255
501 360 396
621 473 481
661 126 409
594 145 989
297 947 309
26 18 441
280 991 483
177 891 585
37 921 301
493 177 133
421 141 295
341 149 701
147 999 767
118 476 78
979 345 286
86 279 93
456 19 129
751 113 461
957 470 870
341 811 268
181 379 401
751 791 651
551 77 591
331 529 983
641 806 511
513 811 501
177 311 23
751 382 597
5 61 761
70 273 575
729 808 845
685 60 149
161 889 601
151 190 649
677 111 729
936 46 225
61 191 601
596 501 398
656 235 641
97 157 261
189 683 479
881 939 831
141 715 389
611 228 491
501 194 1
537 277 335
46 747 815
339 611 441
325 553 257
41 391 465
481 880 301
446 317 926
153 643 259
541 209 653
761 889 541
381 103 776
464 749 737
961 851 117
161 351 139
752 287 881
334 271 353
217 873 644
965 855 496
448 29 833
945 125 276
765 255 859
341 52 536
511 483 283
529 556 671
981 841 803
124 83 647
969 515 496
151 481 751
393 521 669
693 810 759
541 161 869
772 201 308
710 209 869
993 345 280
129 121 487
176 696 817
782 332 83
77 185 606
836 309 461
449 436 51
708 455 621
375 497 868
512 140 111
790 393 588
511 301 326
57 945 689
789 841 291
743 345 486
2 46 448
257 73 549
681 966 461
561 717 927
951 681 359
526 937 509
133 161 545
212 289 727
611 426 177
513 536 605
815 633 941
657 573 126
545 401 581
509 625 511
85 437 865
707 349 681
809 561 865
981 83 601
585 401 601
831 619 451
151 349 285
425 609 803
341 385 697
796 759 1
558 485 181
837 319 641
210 369 621
809 281 421
245 223 161
120 921 182
453 361 860
409 827 473
475 184 289
484 552 2
441 210 801
780 501 645
555 630 21
860 453 625
369 435 689
957 220 853
804 501 166
543 121 547
289 211 293
455 601 841
317 209 797
971 791 144
591 111 177
425 121 817
183 97 953
755 569 513
159 121 821
631 502 379
670 798 605
2 185 241
934 93 91
802 70 866
898 476 227
497 311 835
13 121 151
831 341 777
337 585 941
441 329 419
984 258 653
423 113 680
375 36 281
181 549 501
921 817 3
805 555 426
665 49 636
379 149 383
29 259 933
163 25 812
79 253 627
761 737 712
241 117 889
363 147 401
575 86 613
352 856 392
886 434 234
657 161 69
652 391 927
721 721 766
841 815 71
841 597 673
271 627 761
224 451 211
218 625 95
128 987 133
619 781 291
676 13 401
721 681 700
62 304 521
705 317 381
868 145 73
601 264 905
521 961 476
241 793 361
870 56 454
695 381 621
636 953 17
206 185 329
286 313 211
731 913 149
925 382 791
426 321 709
845 66 861
901 371 309
2 355 105
237 547 531
215 433 61
956 589 453
606 925 121
858 858 286
705 481 331
767 128 413
100 345 275
405 825 77
83 569 778
89 744 201
15 153 381
705 501 741
103 667 577
786 319 281
291 131 851
575 857 701
95 614 878
743 901 833
191 153 961
253 861 44
81 382 901
289 547 179
701 451 409
416 431 881
761 277 642
681 591 865
561 277 403
342 849 63
661 731 238
811 13 921
409 989 529
569 57 255
276 847 340
96 701 705
329 873 346
134 525 841
556 183 978
9 323 473
45 433 159
902 679 965
810 426 657
201 629 291
368 561 32
1 1 876
511 306 208
249 241 721
691 1 563
129 833 41
116 793 322
931 306 801
276 961 833
722 143 574
801 850 772
761 281 791
673 54 857
156 952 653
414 126 332
195 903 166
101 633 881
449 241 18
453 359 231
593 985 288
373 789 85
663 454 851
414 247 138
255 397 267
691 821 589
751 678 77
564 139 721
479 573 247
273 780 691
617 301 654
494 853 841
561 293 761
253 401 575
133 481 1
569 101 593
932 569 437
129 821 814
464 491 704
617 101 385
673 918 67
525 851 601
701 429 279
921 377 81
985 81 697
980 820 401
805 333 7
427 229 665
105 161 245
211 832 800
265 169 776
445 610 457
581 687 406
425 25 679
756 721 353
327 809 558
377 569 417
582 841 986
521 455 71
589 849 618
754 576 697
341 177 193
204 979 41
657 121 394
895 897 265
191 806 811
57 177 337
799 666 975
848 410 536
163 746 345
201 706 221
299 221 61
569 201 637
998 821 928
97 593 400
467 161 465
885 881 729
333 76 481
285 401 30
593 760 819
29 823 1
732 165 346
347 649 771
321 977 951
981 977 386
721 961 101
331 491 541
745 289 457
556 303 807
249 81 121
101 147 493
481 301 355
296 771 88
327 633 799
124 256 787
701 754 457
552 745 601
637 69 967
641 858 485
371 593 745
499 625 601
525 515 930
286 629 76
777 648 821
53 505 20
171 881 798
841 31 648
745 905 801
197 345 849
83 553 263
264 751 339
85 405 921
917 89 774
78 521 997
506 177 786
887 50 865
889 517 425
113 531 241
649 897 876
917 636 437
751 254 941
283 113 332
359 172 279
461 100 817
453 213 1
221 945 361
509 781 731
541 736 28
861 641 711
803 291 542
681 47 515
750 774 862
297 207 17
640 223 587
873 5 217
223 391 703
805 541 649
17 231 881
75 673 181
889 785 637
500 813 831
638 855 1
689 941 687
91 161 226
4 668 661
701 329 156
479 805 47
775 675 631
817 413 558
