3517
325 197 126
639 226 776
993 526 421
1 681 886
333 345 977
995 763 205
417 358 625
151 673 928
870 561 481
451 89 735
321 404 51
517 193 679
605 261 91
1 729 922
151 93 901
69 580 389
840 173 341
897 431 735
57 443 977
64 154 129
361 993 886
557 53 265
570 321 961
401 409 439
595 885 761
918 366 441
446 641 57
216 718 409
1000 681 941
154 226 154
625 449 243
381 721 35
651 641 701
971 607 153
945 241 1
93 799 151
72 334 71
702 763 145
429 761 329
171 801 221
165 1 523
422 37 609
227 661 577
25 426 161
206 101 124
85 251 553
351 211 771
355 392 536
585 262 257
477 61 161
793 857 296
245 665 351
13 841 903
231 886 776
795 459 531
53 81 89
241 651 131
685 606 358
872 827 701
989 313 657
847 104 215
857 271 513
337 849 715
417 813 469
245 678 381
49 931 895
826 436 795
226 177 749
530 353 945
281 871 41
553 107 625
267 609 685
3 441 7
899 172 801
209 49 331
860 385 350
617 586 769
251 575 11
897 563 321
778 721 561
701 471 668
469 602 981
209 449 906
634 697 466
910 121 605
905 931 201
465 755 777
915 881 179
319 636 249
437 537 827
981 166 956
601 889 527
449 921 985
255 541 253
933 129 539
613 261 111
786 625 626
576 86 761
53 49 521
523 225 970
665 386 409
913 509 356
201 661 337
332 89 853
891 397 645
193 699 926
81 36 811
296 353 771
701 293 467
393 977 393
121 745 62
151 709 685
878 867 779
469 631 710
16 771 689
131 721 147
413 223 7
653 327 109
623 209 76
445 817 585
105 337 198
849 356 166
706 787 637
641 155 520
371 741 954
649 1 889
735 710 449
76 841 73
761 421 736
621 681 948
457 741 273
617 636 681
411 401 429
545 657 907
786 643 412
949 809 385
161 177 388
369 305 801
711 645 75
866 541 805
433 633 873
201 673 335
888 773 871
606 241 383
949 232 85
697 741 817
357 1 443
473 440 717
164 336 626
572 961 43
841 546 97
781 319 443
477 83 441
4 481 352
375 249 77
611 817 201
497 501 282
521 861 375
589 145 209
774 12 807
56 193 483
481 473 131
601 925 351
825 501 526
27 106 158
967 420 905
507 21 623
374 481 577
429 789 452
850 439 435
435 908 710
937 431 101
361 1 651
475 745 767
156 791 233
302 789 9
493 32 321
197 719 5
955 994 950
711 467 863
581 621 189
49 111 177
547 473 507
912 213 21
305 733 521
257 791 762
281 320 665
793 453 850
411 381 8
188 695 357
355 925 841
467 891 508
605 786 435
269 497 749
137 401 911
707 169 670
61 513 808
983 795 497
756 16 666
116 329 208
319 833 708
237 141 451
705 793 765
377 598 701
901 916 581
161 129 801
534 360 993
6 109 921
401 891 181
742 550 191
219 161 457
381 553 293
897 465 357
480 464 897
245 437 265
183 91 177
343 791 45
945 68 757
659 223 297
691 280 243
71 150 86
207 836 813
989 587 311
616 198 462
521 829 977
423 715 423
801 225 337
645 380 911
125 782 117
893 365 185
593 197 513
321 265 75
121 656 382
233 137 425
951 548 954
303 889 601
593 669 201
87 895 897
897 881 697
180 82 934
241 549 943
159 729 378
965 381 793
669 386 831
805 325 251
376 170 26
145 357 209
801 501 391
63 631 521
21 21 834
497 826 241
126 89 105
461 156 549
401 74 161
601 523 505
871 73 956
631 985 93
488 357 141
457 486 115
501 563 536
500 342 628
727 715 407
781 675 993
108 271 89
161 501 19
501 167 839
291 581 581
101 511 625
881 350 976
89 33 249
161 949 833
858 713 523
130 981 281
16 571 865
169 541 637
807 555 201
181 319 766
165 321 977
551 172 218
1 599 165
973 421 677
445 611 857
581 452 709
647 254 415
513 809 601
305 711 487
521 751 425
681 513 281
845 47 753
194 803 107
369 481 241
509 449 713
306 310 35
751 442 882
829 59 161
321 481 481
676 46 274
293 978 216
887 176 626
145 671 235
857 881 589
431 21 489
501 979 501
177 225 231
996 673 431
621 55 541
901 24 161
26 339 704
975 681 825
974 277 628
942 676 311
402 944 301
265 89 191
341 128 566
57 361 489
2 61 389
924 681 593
386 353 791
765 749 613
84 61 279
984 491 760
723 294 382
777 880 201
572 37 160
463 712 703
111 617 308
781 536 463
169 713 761
551 731 49
697 851 134
471 716 857
495 421 613
875 817 977
219 127 295
591 537 373
226 861 497
879 951 295
953 74 797
326 889 361
369 287 379
147 706 525
747 41 537
961 41 81
620 855 181
949 494 411
793 199 742
565 836 985
122 639 379
204 618 305
413 494 732
369 561 876
123 601 333
501 671 357
117 465 321
480 945 49
809 125 563
561 146 281
549 876 389
217 627 897
45 347 206
861 585 928
904 636 645
208 813 166
989 648 581
701 581 835
259 997 705
921 13 933
401 733 99
753 921 441
209 441 841
241 211 457
99 51 570
989 457 901
623 17 17
53 465 305
969 905 761
281 861 739
341 714 886
437 989 593
913 377 956
532 421 923
129 987 491
979 781 299
217 937 197
441 161 13
78 121 915
511 841 585
197 161 130
421 77 891
898 390 851
529 789 337
375 651 501
304 843 186
476 94 260
301 261 718
831 371 185
946 859 80
985 81 849
361 670 557
806 361 836
900 361 542
193 751 796
956 473 35
479 46 12
141 65 122
575 121 261
291 651 75
437 699 941
606 339 441
227 77 20
696 519 789
751 483 905
894 945 324
824 383 856
305 981 293
253 392 663
325 251 226
351 456 121
929 301 351
795 709 351
808 907 745
311 861 808
371 52 783
141 733 376
826 921 569
203 601 561
895 645 197
401 614 361
84 477 573
609 392 81
701 164 791
366 666 25
367 9 86
551 806 727
827 485 445
731 596 849
851 113 483
931 111 353
529 907 445
175 825 657
825 441 307
121 394 866
405 553 385
609 991 1
608 375 534
673 631 384
625 152 751
189 963 758
393 901 706
871 605 609
665 113 681
78 205 677
469 17 449
789 774 55
121 512 513
601 550 161
444 426 207
146 998 307
651 461 141
126 421 611
81 486 265
65 561 109
245 225 881
349 39 574
377 360 125
741 262 442
789 572 411
141 201 661
1000 380 533
221 205 177
626 481 904
869 553 663
577 740 977
1 321 921
9 889 177
56 947 426
257 487 357
131 401 875
681 344 125
993 950 615
449 981 703
145 626 565
487 193 281
881 515 121
497 918 796
959 975 101
333 78 661
202 633 991
103 693 641
172 81 259
616 154 217
399 71 521
464 93 921
789 6 289
541 441 139
248 897 961
589 521 216
951 520 1
1 93 721
331 559 345
312 515 213
161 116 287
827 262 233
73 817 625
599 936 43
711 876 675
520 984 809
425 201 290
815 271 487
71 309 106
301 732 355
978 225 203
813 613 75
305 915 81
956 982 564
89 277 265
943 702 553
627 311 261
480 641 725
433 826 268
70 785 17
489 866 925
445 585 133
436 762 936
501 692 9
457 133 21
89 735 99
546 640 245
641 285 26
583 351 511
281 817 331
421 340 584
587 31 870
902 201 417
761 102 451
634 726 627
613 646 209
591 579 537
918 970 665
941 815 351
901 909 943
826 945 841
294 778 311
271 761 183
447 596 367
733 461 816
922 961 945
416 623 503
721 453 921
517 44 389
157 857 57
85 298 695
861 601 172
44 283 913
523 359 276
243 84 891
311 396 857
185 889 453
881 794 569
229 236 105
571 13 681
799 121 897
841 601 876
193 601 276
977 80 851
779 621 897
801 585 7
376 279 137
21 792 862
150 451 14
751 903 1
409 475 840
172 1 555
941 221 329
751 748 412
954 645 266
453 531 57
850 113 71
917 412 486
651 345 650
87 108 951
804 321 961
106 973 721
50 825 809
373 726 1
21 691 707
549 967 19
129 323 801
373 712 654
811 199 264
361 969 211
291 875 983
211 89 973
203 475 761
684 591 938
615 389 689
187 901 741
271 525 785
329 865 167
513 56 415
136 609 285
855 425 278
167 783 13
781 221 886
896 129 961
261 441 789
585 161 657
235 525 193
53 406 71
645 349 665
114 569 457
483 917 687
961 514 765
864 146 481
301 801 646
751 775 17
241 661 761
8 1 563
952 153 737
109 601 471
501 465 966
981 1 97
445 801 661
921 727 477
265 424 721
793 81 51
609 253 16
345 129 421
968 837 899
821 873 267
902 725 571
585 298 505
377 648 340
786 61 5
466 89 618
531 943 121
961 733 581
731 41 657
465 607 89
56 409 211
226 616 137
132 686 787
153 45 49
307 553 955
465 617 710
536 376 998
209 793 911
421 201 11
105 39 211
171 165 409
835 661 953
1 569 875
435 466 406
153 321 263
910 827 129
86 107 185
751 473 830
817 251 275
93 179 209
216 331 228
601 753 354
921 108 925
901 131 501
191 401 367
438 509 113
581 749 944
161 590 386
137 433 941
766 452 693
849 875 161
219 421 781
197 100 505
633 129 409
957 737 99
430 909 31
973 329 724
270 835 785
631 189 521
72 376 549
433 171 953
697 933 838
137 604 466
251 345 820
731 201 476
562 976 857
431 252 443
151 521 627
46 81 870
391 425 926
331 383 26
25 210 789
297 825 31
241 771 937
866 991 341
107 385 31
927 42 341
517 431 201
393 756 634
603 865 805
776 331 129
576 276 281
520 633 239
981 907 641
473 371 745
638 465 781
93 143 977
145 593 253
328 473 476
385 929 755
869 171 911
453 771 431
454 232 460
617 677 198
601 801 882
541 384 759
734 529 586
676 109 101
569 737 971
440 581 721
741 179 537
521 801 257
255 425 1
213 57 799
926 249 463
395 903 349
161 111 749
149 765 681
505 851 829
225 82 541
241 81 421
793 917 609
491 133 281
121 336 665
929 664 274
956 697 609
276 422 541
542 897 846
436 969 681
974 17 229
774 478 471
769 590 353
745 864 276
921 118 617
256 241 221
512 335 57
783 698 242
616 841 691
831 316 289
613 811 191
515 390 617
501 650 762
76 194 161
376 279 121
137 135 731
146 782 531
293 531 196
801 17 151
921 307 61
461 851 905
305 905 985
591 869 681
545 665 435
619 737 531
305 17 890
143 87 71
251 426 177
257 401 926
769 853 705
783 852 177
379 241 999
203 302 400
289 687 741
523 878 560
597 333 256
929 761 959
989 27 521
551 640 611
606 653 5
911 738 677
128 145 601
566 389 242
121 153 34
653 585 861
291 561 987
955 23 498
34 609 681
260 79 291
1 666 919
116 793 286
233 296 537
972 817 145
135 411 929
609 36 109
353 886 161
321 561 891
61 372 351
389 871 401
421 524 745
215 753 813
141 1 396
412 512 933
985 488 110
281 785 433
719 380 621
976 669 633
301 437 573
136 846 1
746 657 327
799 511 731
151 447 497
36 313 441
711 371 961
905 493 801
747 273 607
301 316 497
169 631 427
89 411 376
101 248 470
886 452 1
245 801 501
366 961 437
697 609 575
607 161 155
841 593 301
561 782 974
781 918 459
735 596 241
519 357 109
901 957 431
234 841 770
201 851 479
117 349 947
761 977 821
521 137 123
21 64 254
674 508 905
34 176 921
489 441 57
51 517 457
361 823 563
805 396 133
592 601 631
51 721 313
605 834 591
333 706 709
579 671 37
527 376 121
243 741 202
69 566 175
481 617 61
489 711 797
981 561 105
889 66 663
575 481 941
6 545 791
405 389 281
316 108 71
883 703 327
787 281 664
895 453 377
533 615 436
599 507 889
291 486 29
593 481 201
827 62 201
375 201 1
33 881 629
709 961 466
961 887 258
222 927 102
307 536 501
1 181 822
871 816 249
75 463 171
456 753 269
842 66 521
218 250 135
463 293 273
832 173 651
701 619 209
807 377 206
505 554 573
357 657 401
578 395 81
163 154 177
441 281 989
973 829 277
449 928 577
337 975 129
503 75 285
409 517 264
138 719 23
537 705 201
887 201 201
871 221 819
813 997 178
329 864 146
593 71 368
51 985 145
321 701 233
745 883 41
573 425 249
191 241 346
385 141 731
676 536 72
561 676 981
1 159 329
1 91 281
911 924 1
465 933 449
711 249 179
575 991 985
297 866 115
797 241 81
547 495 700
629 496 431
689 18 274
899 275 551
929 911 46
993 437 881
326 618 804
375 411 659
676 751 201
876 393 20
203 971 617
100 801 53
697 716 153
951 328 899
677 121 963
30 415 876
124 869 967
65 642 13
491 579 271
543 93 533
856 281 469
901 598 340
321 986 780
865 151 141
936 918 875
47 733 367
733 959 451
581 592 344
199 174 968
213 125 292
711 26 185
229 585 131
457 297 281
117 61 102
522 159 623
771 679 999
354 656 961
291 265 201
97 553 960
661 315 811
851 801 867
475 389 539
385 225 501
545 221 221
23 287 838
8 595 521
721 91 489
534 538 79
641 385 361
767 920 302
87 95 55
42 751 417
29 47 320
897 997 897
840 959 473
75 841 321
912 211 121
302 439 725
733 887 760
297 921 801
661 459 265
389 812 781
914 559 721
436 331 521
561 696 701
251 901 677
698 507 975
234 866 209
224 993 781
721 721 347
881 743 745
776 520 501
588 853 76
275 786 725
497 793 555
433 17 217
291 207 853
987 627 637
615 919 533
30 273 319
951 489 604
327 161 733
841 211 584
632 726 681
355 905 629
249 176 653
1 657 577
658 631 465
352 205 595
726 449 2
521 73 619
377 326 709
548 119 709
225 741 920
362 995 509
291 9 680
612 49 22
398 594 979
874 665 641
401 553 99
35 401 216
9 92 857
463 217 946
935 969 811
773 785 38
564 838 139
626 347 483
401 601 819
977 889 249
730 721 355
208 324 587
859 32 245
13 638 196
813 201 169
152 235 513
861 945 497
19 641 313
545 651 392
225 723 841
171 911 895
354 557 722
364 611 337
813 22 713
241 656 251
556 986 281
495 873 295
947 361 335
986 209 208
830 991 77
886 631 686
872 225 46
297 406 97
727 785 875
651 467 415
493 1 976
773 781 105
199 901 501
195 456 876
351 126 470
514 169 73
129 217 844
682 651 34
605 739 662
37 601 231
640 321 417
347 553 353
122 965 883
814 393 764
683 462 761
19 591 249
51 57 978
141 457 931
492 467 437
226 749 984
380 849 152
829 201 561
175 811 503
599 511 716
123 456 12
937 236 841
581 497 880
377 413 757
398 11 737
673 926 741
737 551 18
481 591 505
948 859 369
501 176 751
505 229 516
807 29 623
161 11 305
857 192 72
525 255 73
442 333 461
933 669 217
392 636 758
810 556 694
987 675 465
401 687 589
193 891 933
869 581 113
37 51 319
325 133 301
77 111 827
641 271 17
761 577 929
196 337 781
787 791 701
98 851 53
123 926 359
905 471 641
1 377 790
345 369 451
553 160 521
331 236 155
647 726 993
893 576 360
32 177 651
976 390 421
581 681 281
297 751 429
845 713 647
747 291 466
819 611 145
15 813 401
57 427 357
451 753 327
457 645 201
649 737 1000
741 329 105
281 873 17
593 173 479
831 239 361
127 955 181
666 487 1
291 233 892
32 936 940
106 611 7
900 865 801
481 809 361
211 486 1
211 228 839
341 201 622
889 778 676
835 431 124
699 545 879
863 149 594
791 592 857
633 106 289
601 677 81
228 371 275
816 201 188
746 409 169
89 671 769
646 89 250
461 675 990
341 749 231
821 394 391
61 672 603
431 21 553
324 997 537
205 391 119
271 161 790
881 429 181
685 769 27
670 196 597
41 281 41
915 245 749
701 279 871
161 262 131
927 11 727
977 76 261
331 191 925
601 733 105
941 357 191
320 361 441
789 357 409
671 222 339
693 773 618
336 594 719
704 861 955
287 106 235
390 768 263
345 801 573
313 405 461
297 369 500
249 31 301
337 566 961
626 767 900
53 85 637
907 346 680
387 475 946
421 293 948
625 559 161
912 956 95
57 321 285
101 559 379
955 159 393
71 643 985
73 886 177
376 832 401
231 585 154
53 479 721
563 820 430
453 108 633
63 395 189
916 245 897
478 105 964
785 746 631
804 712 999
3 165 416
39 153 521
69 762 292
965 113 717
976 821 67
477 538 881
201 236 233
461 493 121
589 281 13
556 357 401
473 103 37
641 859 216
521 531 376
901 881 301
621 161 797
611 703 65
561 581 601
493 733 640
417 983 601
993 81 48
9 597 401
373 217 634
444 857 918
751 413 441
71 215 101
433 100 283
217 161 153
900 761 483
172 557 17
1 499 271
825 481 125
387 35 467
65 1 331
356 355 881
497 355 926
180 40 353
881 628 514
629 571 163
857 317 191
62 985 167
619 41 161
259 9 871
957 481 303
529 897 726
427 444 971
933 83 243
309 761 724
407 921 491
353 217 113
199 625 379
359 641 496
711 298 791
652 410 97
695 376 351
656 256 633
614 719 87
957 973 191
135 118 273
251 28 105
131 690 710
437 449 477
807 95 849
641 894 497
431 501 617
545 297 851
764 439 8
818 871 245
533 927 169
876 169 81
973 5 276
273 362 223
11 13 736
106 121 501
561 21 17
925 537 757
576 974 440
633 951 174
441 58 153
751 654 512
649 686 1
241 221 612
253 322 433
326 565 948
274 153 681
453 622 793
636 701 356
930 497 249
931 505 291
951 148 393
113 72 3
717 707 479
313 801 85
561 228 449
385 791 411
697 121 569
519 292 899
317 816 934
231 481 916
194 1 537
61 801 501
321 54 731
35 329 631
483 696 13
723 685 433
729 241 1000
297 296 386
699 101 481
353 245 361
201 457 261
733 57 96
27 817 716
468 751 4
937 476 95
917 747 9
59 299 200
299 615 957
321 677 764
483 343 871
324 756 935
7 186 535
305 395 855
7 169 304
954 429 529
821 41 937
1 243 701
610 53 141
161 104 186
620 207 433
183 423 391
726 561 386
471 449 913
697 77 885
212 459 55
646 759 937
710 955 974
704 411 206
1 32 383
234 641 157
523 81 785
897 101 273
161 269 571
845 551 461
105 656 166
741 535 241
653 905 707
773 706 731
884 633 726
801 802 957
662 751 641
222 259 431
865 816 359
411 771 670
161 347 699
771 804 548
19 147 531
284 713 413
390 649 905
826 473 731
469 349 901
698 187 385
211 665 383
301 124 121
591 21 417
901 501 125
356 761 126
816 553 947
57 136 577
829 540 771
182 873 395
481 221 249
716 216 74
145 517 261
618 641 378
631 206 158
916 977 352
992 695 289
989 249 437
113 401 509
658 369 676
801 72 150
413 13 449
881 871 841
704 511 201
130 433 446
41 721 199
811 749 741
486 551 707
145 273 625
733 97 901
833 841 937
219 183 641
916 829 633
401 666 853
829 3 561
816 421 496
353 231 873
804 996 241
413 181 36
931 119 429
911 671 913
950 882 856
813 431 551
249 603 306
151 890 81
579 367 252
797 345 157
489 937 769
91 306 221
905 831 253
682 893 787
853 253 969
963 718 177
77 969 877
945 311 447
921 907 251
51 537 806
429 746 476
177 76 173
801 193 873
65 421 576
224 429 421
4 691 525
421 621 568
1 839 153
391 541 506
881 471 660
913 587 121
766 131 501
238 313 954
859 11 671
899 129 449
21 658 971
160 57 419
808 117 446
600 902 327
607 867 321
656 106 411
195 497 271
455 445 884
260 592 107
558 452 793
257 281 262
229 845 613
406 245 824
575 231 758
841 865 940
896 361 6
659 701 657
81 596 291
681 640 435
574 681 17
473 601 969
845 207 955
711 281 961
180 117 495
569 111 892
644 936 721
621 929 293
327 37 441
553 524 817
896 829 962
639 900 881
584 651 472
198 891 469
49 273 219
873 531 870
571 857 616
12 459 430
792 403 661
763 755 981
99 665 313
731 975 645
951 683 646
601 793 441
409 801 333
560 689 519
172 571 134
157 608 147
584 11 68
613 502 877
275 897 417
489 172 29
481 179 489
52 501 806
271 218 577
939 229 767
615 236 55
441 680 211
1 694 839
537 92 433
441 332 105
383 611 991
441 489 122
338 151 1
720 901 791
81 777 189
417 945 981
367 42 429
597 785 246
513 479 477
781 592 233
128 460 945
876 81 604
441 285 102
481 741 956
737 401 554
702 269 424
1 261 371
1 257 421
705 913 875
256 914 914
53 15 748
838 181 339
461 494 313
975 554 850
605 353 409
905 348 715
999 841 778
241 685 142
545 701 78
697 689 909
923 581 45
601 201 946
771 817 929
500 487 132
497 681 84
615 220 965
971 772 801
845 427 406
107 491 688
1 345 373
1 622 93
825 19 161
919 573 713
465 726 412
921 855 917
33 375 349
401 128 842
406 775 872
45 847 428
659 57 541
96 891 745
938 931 957
945 243 969
921 501 684
665 760 66
154 119 653
477 459 619
899 809 709
427 366 733
141 677 939
471 786 425
957 737 731
934 595 539
633 977 866
641 801 59
677 924 131
773 526 645
969 890 126
1 281 849
841 59 553
890 539 841
401 313 366
681 575 353
865 61 89
226 377 902
577 177 364
489 241 11
520 796 906
841 327 269
855 652 95
401 295 909
129 926 859
513 596 865
188 689 189
651 825 73
329 673 541
873 611 306
301 657 719
643 181 801
597 571 679
11 147 983
251 329 241
207 321 89
101 921 977
553 573 625
422 183 209
113 681 417
628 710 721
917 182 569
141 893 189
1 471 809
373 561 356
13 916 183
805 745 277
603 881 162
172 241 796
521 871 893
533 148 909
801 683 841
74 610 739
224 599 999
576 441 134
420 476 773
601 913 851
238 464 157
385 177 161
157 112 284
317 11 113
939 412 847
680 876 313
412 334 889
500 800 331
423 313 751
329 43 441
247 86 835
398 712 563
289 981 441
613 826 261
113 871 135
277 743 687
299 85 668
197 761 259
281 928 661
875 506 301
201 537 17
661 263 401
76 919 651
1 545 1
570 871 505
795 961 672
450 938 489
517 161 11
916 817 17
626 682 380
121 721 873
925 673 561
417 941 1
647 285 337
351 788 773
217 26 750
541 301 601
505 736 61
333 568 723
652 374 184
976 207 425
118 465 137
113 205 351
291 33 419
147 761 1
261 1 137
628 655 657
308 721 121
145 931 44
703 171 21
64 868 918
715 301 161
7 854 231
607 857 1
254 810 21
921 477 655
121 280 28
297 845 381
305 725 521
631 353 494
124 687 99
444 115 697
952 701 471
610 377 292
83 129 399
365 963 579
837 495 521
386 628 689
849 212 691
749 791 919
381 103 178
526 849 929
623 215 348
753 847 921
146 528 919
96 373 313
441 117 181
913 413 191
527 541 191
691 970 89
626 141 586
499 751 355
401 689 611
431 141 151
849 206 565
187 641 407
163 81 611
5 498 218
943 332 252
126 629 508
887 549 417
387 180 377
869 430 769
925 409 341
493 17 929
105 689 316
691 377 481
352 869 875
991 542 257
924 997 120
583 467 536
999 51 932
336 508 638
401 101 969
643 419 761
130 506 681
286 471 41
609 113 791
681 506 877
705 76 921
139 331 501
496 403 645
493 439 101
497 425 951
305 305 260
465 979 301
328 681 287
466 91 429
134 21 481
751 261 487
577 488 161
190 801 727
693 265 313
945 417 621
151 961 501
558 451 633
703 991 241
401 545 207
140 552 475
652 4 153
40 413 589
229 685 578
689 308 945
341 689 17
836 325 455
306 357 89
905 405 570
458 729 941
732 181 801
293 549 219
249 841 417
426 533 723
239 801 141
199 9 301
976 916 961
153 63 152
269 941 805
856 302 980
805 301 280
1 586 597
859 301 793
641 739 811
353 671 610
214 489 175
311 693 741
964 465 777
559 705 321
517 641 79
951 831 289
464 156 817
251 207 121
961 41 169
765 333 34
480 423 233
211 321 825
329 883 431
674 186 21
703 721 169
856 721 721
441 150 549
993 98 649
777 75 991
289 532 981
667 591 191
521 654 553
44 745 957
56 225 340
183 525 961
801 716 501
573 935 477
975 819 826
841 443 128
399 166 153
726 261 617
203 51 336
932 462 289
341 984 237
876 268 157
87 419 445
481 926 705
549 65 905
811 11 991
893 153 152
402 810 301
46 506 275
63 277 282
753 471 629
609 290 465
241 191 561
292 209 337
361 11 801
243 499 943
5 403 783
873 157 243
815 119 419
97 446 885
601 390 25
321 173 1
636 511 717
369 489 545
872 895 421
962 477 313
141 579 976
451 16 681
343 569 288
563 709 456
36 894 227
50 697 476
145 814 563
826 244 601
47 37 311
431 961 951
272 541 326
926 83 610
230 141 150
508 257 224
508 389 945
751 721 207
731 585 601
776 81 649
561 11 353
441 526 786
797 138 337
213 644 730
615 71 154
329 945 627
237 549 753
533 361 243
585 382 653
467 285 524
461 296 221
287 221 839
668 801 73
281 439 450
146 691 201
19 135 471
863 521 801
858 273 881
157 737 507
271 352 751
39 905 989
219 354 576
526 963 485
905 5 987
875 793 671
230 366 169
273 853 785
945 137 751
457 291 611
201 217 531
275 572 19
777 881 709
381 389 906
777 693 931
384 417 953
599 971 343
515 568 466
269 131 599
521 831 821
751 240 74
107 535 481
583 707 281
126 651 720
2 977 476
601 949 559
689 111 161
499 760 271
329 777 664
281 633 330
113 243 587
777 7 563
146 505 947
721 121 597
410 701 43
6 881 440
185 489 91
635 929 86
111 881 325
691 672 958
311 975 397
55 331 605
469 135 955
271 683 623
873 839 709
393 937 987
454 159 604
336 752 261
32 925 479
749 383 636
811 741 513
739 491 774
598 877 981
511 267 641
164 545 302
111 673 147
85 123 41
89 321 143
541 621 705
659 321 265
221 414 325
401 306 498
738 611 741
1000 982 397
293 25 379
813 491 924
609 493 961
729 625 379
648 106 253
49 857 879
857 1 311
650 166 961
161 953 943
469 721 232
481 909 614
849 527 977
448 596 621
289 160 705
935 276 353
278 491 511
249 971 747
801 878 467
301 247 897
329 56 685
557 551 497
571 501 801
77 352 431
545 837 123
377 813 897
666 179 571
305 64 394
300 801 123
874 349 521
838 455 1
441 275 521
881 89 106
367 829 868
91 541 787
848 189 428
501 584 953
169 34 890
833 510 476
237 96 265
2 461 937
88 790 601
576 653 361
681 425 937
861 173 246
17 5 827
431 617 128
925 61 405
681 473 483
371 161 401
41 76 951
893 893 61
801 791 868
575 329 510
941 769 713
751 33 445
682 386 641
76 207 201
51 701 289
249 860 348
97 921 700
521 591 541
153 685 101
534 237 39
261 267 26
53 593 509
817 859 233
893 951 342
506 247 61
990 651 39
654 631 405
509 655 611
833 279 541
152 261 563
956 497 881
160 667 255
161 156 801
847 141 841
483 271 601
255 666 113
801 207 577
804 512 134
691 178 478
404 62 495
226 169 449
631 299 481
136 683 971
741 297 931
769 349 511
444 42 889
131 211 751
996 532 566
493 346 533
481 867 851
931 915 871
382 273 150
251 541 480
41 849 35
713 481 373
929 933 681
36 915 219
825 100 891
893 531 41
933 871 33
973 801 113
561 385 937
593 776 309
809 953 797
561 811 657
387 71 431
169 979 97
421 281 49
441 33 989
311 761 151
473 269 563
356 85 697
879 629 233
360 260 441
760 424 985
524 375 785
7 357 453
25 41 271
446 995 321
835 102 89
357 916 203
909 218 713
289 590 158
821 379 115
625 1 491
679 334 787
345 601 222
971 213 607
511 273 831
425 614 351
295 868 80
92 451 401
285 834 319
490 11 730
238 477 893
681 101 449
201 963 761
971 777 251
573 245 625
906 974 209
677 287 710
17 619 533
849 636 171
886 398 569
221 637 603
816 531 777
951 937 47
591 342 807
118 703 273
91 993 221
137 909 193
650 716 189
74 141 701
297 843 37
671 907 66
815 79 69
217 791 261
332 241 540
801 137 952
41 67 698
486 210 226
873 21 966
498 961 225
621 83 629
638 778 861
28 273 189
684 117 121
99 437 301
461 983 864
461 341 561
769 947 968
764 865 673
441 351 46
501 881 325
835 506 61
133 111 53
401 487 553
131 493 693
521 465 25
839 865 83
495 339 321
997 231 311
242 709 111
897 345 705
801 913 15
782 95 696
968 841 209
657 937 547
521 599 49
243 732 545
221 567 345
883 439 57
721 613 244
471 657 633
849 705 971
667 275 531
353 58 662
193 205 856
361 626 214
383 645 224
451 484 192
191 841 339
701 646 541
521 1 415
604 537 525
814 341 697
745 395 146
565 291 171
509 582 209
246 153 199
161 793 739
425 585 129
873 793 875
913 701 505
194 270 977
1 796 983
279 761 902
504 939 991
531 795 67
891 725 481
444 825 758
479 913 615
981 233 453
696 505 941
393 40 905
611 545 909
721 809 21
171 495 481
751 431 5
103 715 185
109 625 645
330 75 187
953 449 46
731 125 489
347 191 705
501 833 321
335 521 681
337 523 63
891 601 269
276 37 455
921 349 326
45 405 277
701 68 817
788 784 931
241 517 923
637 143 459
811 209 649
61 945 589
545 126 836
17 35 709
585 386 821
212 999 386
219 989 401
75 581 57
11 693 703
745 595 273
809 326 571
303 657 655
37 467 41
810 332 287
311 419 773
301 25 17
429 111 601
641 351 933
849 243 771
141 611 345
653 369 93
776 625 321
217 476 893
344 321 407
796 315 435
271 177 801
900 697 510
143 650 526
886 689 587
623 421 155
984 57 261
466 505 25
123 504 521
181 321 356
425 129 493
797 751 643
377 693 451
769 577 899
135 977 481
680 909 36
432 189 33
854 121 429
443 567 92
865 795 250
973 191 377
741 75 611
897 373 831
216 961 293
984 491 97
333 592 721
11 975 699
217 793 143
921 552 313
919 97 992
777 116 945
381 338 200
397 473 321
873 945 739
53 551 376
994 501 951
465 727 413
131 291 863
619 636 609
825 296 501
817 442 682
21 481 95
204 691 361
640 587 521
414 533 100
663 415 233
582 951 217
657 81 971
879 749 174
493 701 721
579 502 406
595 355 833
657 46 27
427 812 718
471 651 295
764 561 749
689 448 348
547 161 905
825 276 832
92 996 321
637 19 957
301 540 145
670 383 921
917 25 401
871 656 259
281 288 419
368 2 826
879 275 531
381 220 713
59 489 165
11 141 901
311 595 865
771 457 21
41 181 341
15 513 237
595 25 13
613 145 46
649 791 705
53 186 881
741 41 511
639 894 846
934 241 301
129 913 627
863 319 179
140 873 275
183 25 801
975 722 476
545 380 404
551 161 639
877 831 10
991 21 103
213 337 322
331 605 374
589 901 562
633 166 901
371 766 576
854 1 553
507 694 339
352 529 357
19 811 996
522 841 449
284 441 201
511 1 281
33 562 183
597 251 857
963 625 777
125 991 295
1 105 886
757 766 916
551 727 305
124 976 635
881 358 301
545 513 276
143 151 259
491 895 749
921 593 166
201 434 809
561 84 743
281 523 81
274 509 257
999 543 941
585 601 735
81 223 199
521 67 669
409 882 71
57 971 649
484 856 896
671 69 821
393 770 68
215 385 353
529 606 370
961 568 276
221 997 773
117 916 83
833 886 164
791 796 205
849 993 733
713 742 411
513 489 439
397 890 937
59 501 193
377 833 566
970 241 561
113 9 199
711 840 865
656 77 781
224 160 665
761 61 846
779 522 934
734 577 257
795 921 521
25 504 649
996 241 372
572 607 176
367 13 178
471 593 757
706 137 403
269 229 713
641 217 455
876 832 466
317 41 236
175 656 807
126 214 289
81 256 674
141 529 485
531 582 926
473 614 745
237 425 201
901 558 945
897 559 657
106 225 993
785 272 340
857 625 739
975 45 611
81 844 557
210 192 331
641 215 609
386 609 828
269 841 665
717 796 816
911 613 801
225 641 617
333 969 525
569 876 781
498 337 537
107 279 497
595 385 81
297 311 473
345 997 161
1 789 656
757 980 142
507 89 195
976 182 41
957 325 793
140 919 598
841 355 737
465 97 717
11 485 121
521 915 577
346 876 61
565 926 757
485 377 601
277 76 841
851 129 101
531 421 841
675 61 179
11 831 696
197 929 523
626 173 780
609 289 593
99 426 997
551 545 531
579 860 86
25 4 337
268 933 393
751 641 408
309 101 1
901 621 81
859 799 256
511 171 511
24 91 327
489 112 221
251 853 24
945 683 921
466 486 514
781 897 53
49 104 965
785 369 371
260 897 561
927 307 692
703 91 717
551 161 626
33 813 736
601 73 121
401 333 199
711 979 993
724 981 413
481 331 621
878 333 927
779 289 759
637 695 554
101 146 924
242 656 910
433 133 105
27 605 685
501 35 416
936 296 625
641 273 948
984 350 5
273 371 345
281 967 246
38 318 795
81 276 204
277 136 573
705 12 873
10 873 21
325 683 496
177 56 633
547 577 286
660 273 501
717 25 181
441 866 915
314 591 1
437 899 746
73 76 887
233 730 889
544 724 761
613 937 319
246 611 931
956 124 992
497 641 801
609 221 969
201 377 441
531 481 963
19 647 695
301 413 743
101 81 328
849 426 55
849 741 431
137 453 57
141 201 251
357 821 921
249 825 296
601 696 472
173 185 369
855 489 964
377 376 624
601 485 553
781 185 361
394 519 353
543 497 941
161 929 287
462 981 113
751 301 433
671 35 233
472 821 147
868 154 698
145 251 657
281 164 753
954 420 897
11 277 534
645 807 844
849 721 105
951 33 209
669 244 751
93 276 870
669 871 539
301 372 121
51 136 211
683 961 229
122 265 345
880 121 983
709 541 689
897 45 933
801 199 75
976 551 945
701 329 577
65 49 136
686 389 717
659 956 606
983 549 976
890 73 841
501 969 857
803 921 694
257 493 311
161 409 719
965 856 978
423 49 633
851 776 466
95 491 521
171 883 481
401 652 263
100 336 371
413 602 111
25 105 498
808 473 851
121 463 333
364 401 275
793 364 296
995 286 335
979 187 863
51 487 753
368 425 825
1 554 447
551 565 409
891 406 171
861 967 546
576 117 385
121 513 621
768 858 415
401 790 516
967 21 265
321 19 101
58 373 792
533 3 381
730 582 19
933 861 961
817 481 85
980 1 1
678 56 869
129 963 746
93 721 126
671 697 73
801 664 825
925 653 853
571 889 886
943 121 364
175 486 551
132 729 101
933 17 353
671 157 821
477 23 831
490 59 916
944 462 301
25 333 821
471 13 921
961 305 796
710 401 32
737 571 881
411 881 649
913 91 393
913 313 551
457 1000 855
573 121 97
631 461 892
588 911 209
366 1 250
931 251 341
653 365 811
467 569 620
901 561 64
684 426 719
937 22 997
759 585 195
626 975 501
765 338 776
747 685 655
81 441 501
269 568 833
633 801 783
433 291 985
626 307 194
597 257 42
899 201 341
411 384 885
721 971 861
429 911 456
205 411 546
597 778 41
545 443 599
57 747 25
55 191 251
850 758 521
489 731 395
737 49 168
126 633 845
928 516 463
966 401 598
772 881 977
179 119 677
15 560 273
975 135 545
239 216 201
999 19 891
865 607 620
778 96 401
717 115 964
732 776 85
692 849 826
976 744 657
626 147 909
995 44 285
83 792 946
377 521 961
196 521 133
201 892 831
941 136 401
160 689 405
413 189 635
941 843 867
546 755 631
441 45 9
131 121 961
986 177 973
689 233 275
449 62 432
501 851 515
981 215 275
271 72 831
305 242 345
731 152 453
189 981 137
37 157 343
509 651 161
849 893 709
939 155 833
690 409 494
671 917 772
757 417 87
483 275 699
349 41 957
739 25 474
709 638 83
24 345 463
3 516 645
106 217 281
312 529 654
957 797 681
909 151 705
376 521 745
1 609 933
727 379 654
805 897 661
969 969 953
997 437 251
524 953 305
284 97 41
507 553 881
945 849 463
945 37 29
921 831 243
806 855 17
897 471 691
712 231 347
870 273 697
271 431 849
882 337 467
753 526 876
810 925 493
601 650 299
563 278 686
501 693 765
721 201 207
829 553 881
881 613 301
377 101 437
403 225 284
47 298 657
344 441 785
186 831 136
393 771 171
169 266 797
41 537 736
487 505 822
564 997 977
365 501 776
545 595 323
1 917 637
281 665 674
321 626 943
655 937 306
289 691 853
457 971 245
319 218 961
521 425 534
1 321 961
709 141 167
811 352 208
649 417 129
282 861 689
220 685 395
329 249 121
345 1 462
490 324 496
987 686 221
43 8 771
267 579 285
257 829 817
129 626 200
224 9 483
851 955 175
301 76 439
385 789 865
599 923 705
511 278 1
233 231 801
401 611 544
161 401 227
959 531 286
551 951 157
169 956 510
31 522 271
309 165 29
207 122 740
336 307 918
105 311 21
251 321 707
331 81 111
451 405 797
363 709 880
275 778 617
7 921 369
281 275 385
985 69 765
104 73 241
21 45 751
293 733 289
476 288 559
4 682 226
279 1 751
361 620 384
641 40 719
121 499 693
400 509 506
935 769 53
513 841 333
913 799 517
163 7 636
553 598 578
241 456 297
257 607 903
269 751 583
779 817 405
746 745 136
69 301 311
955 873 291
137 162 637
159 724 841
121 613 501
501 95 385
220 521 653
55 817 97
145 383 586
321 633 644
67 516 866
674 393 43
705 151 141
243 821 41
865 140 485
141 450 553
24 369 576
371 257 591
613 465 501
173 521 251
965 54 409
205 886 41
945 668 501
225 201 369
481 628 141
41 241 51
341 801 851
526 967 501
691 988 276
997 531 581
217 351 697
98 631 569
273 451 114
468 86 596
356 761 176
75 749 796
481 673 111
25 225 85
72 905 465
129 925 299
721 501 761
797 233 446
520 201 602
941 235 189
763 781 551
557 351 871
442 921 265
273 25 981
741 425 241
48 606 170
318 375 511
585 637 801
1 393 33
41 411 193
867 205 401
1 633 145
366 641 111
461 250 829
33 431 31
135 757 901
65 487 181
891 325 79
457 651 719
561 489 731
547 589 529
581 135 116
212 755 57
473 919 513
261 985 953
715 805 634
201 294 993
913 621 109
833 421 500
217 881 313
422 926 805
856 261 751
77 658 226
559 881 107
237 821 644
201 219 57
521 543 713
178 73 61
239 181 419
921 523 841
89 481 88
43 33 1
641 465 926
301 835 985
417 561 601
201 641 899
377 443 790
913 742 201
251 921 992
801 288 489
274 493 711
251 27 793
103 849 153
145 100 7
369 235 329
493 676 854
985 921 299
334 997 491
346 619 885
379 495 649
396 551 409
115 247 736
973 811 536
441 469 211
706 671 421
430 637 661
722 737 383
37 99 248
491 731 271
881 80 168
981 929 251
347 761 591
590 575 633
121 631 113
256 503 867
641 641 245
92 193 705
215 833 485
218 912 433
252 791 974
259 161 677
589 519 926
689 831 442
923 881 561
561 378 511
529 359 93
906 643 741
356 957 249
433 593 425
311 345 468
607 756 281
138 713 926
353 857 345
771 73 837
589 505 119
57 394 170
199 696 621
636 526 321
761 259 354
523 107 397
205 801 707
178 9 75
931 125 794
32 801 844
133 727 541
93 436 665
120 385 238
849 899 921
629 649 779
359 365 785
801 936 495
293 105 590
895 57 590
281 563 175
704 782 756
65 301 7
721 63 606
844 801 173
189 563 49
321 317 673
496 657 993
205 105 9
457 938 65
549 228 883
569 117 251
780 497 971
581 401 505
845 481 378
431 937 995
881 185 746
139 693 591
490 449 153
385 376 961
169 201 469
700 906 945
611 842 576
589 385 734
825 725 820
276 300 451
81 625 177
547 937 401
473 211 387
376 307 449
746 17 6
737 794 819
391 733 385
841 696 705
481 953 163
265 421 287
955 783 21
455 365 601
993 329 97
71 241 39
943 961 536
387 479 329
684 233 501
181 303 473
793 891 229
857 849 75
737 829 761
988 232 335
939 499 681
447 923 71
881 601 898
6 496 441
606 341 481
452 791 731
254 745 221
683 421 689
25 237 781
781 641 428
711 881 947
693 219 2
1 798 572
489 206 717
892 719 555
653 130 899
694 246 501
709 285 204
876 773 374
71 147 467
465 89 279
331 321 591
152 149 401
807 466 977
329 284 591
425 626 713
542 809 415
961 316 881
93 389 467
521 457 41
981 487 272
201 16 639
72 886 76
777 197 93
485 569 693
326 920 535
395 137 961
515 349 918
246 436 269
658 801 32
309 277 186
501 393 521
986 561 721
681 351 154
801 135 361
655 421 727
551 41 181
193 653 516
441 496 284
835 818 507
256 723 495
312 526 594
947 736 711
623 272 433
51 307 585
146 507 49
146 423 499
757 561 731
937 201 674
603 275 258
605 682 911
886 249 659
10 462 301
705 605 460
81 241 334
416 469 601
606 905 164
219 549 889
462 817 338
5 301 31
926 501 929
272 657 772
7 705 233
891 906 285
782 876 653
474 525 626
921 421 219
445 475 482
345 691 445
513 16 723
714 65 418
641 871 59
329 981 476
457 865 953
561 649 921
133 363 749
465 991 448
989 1 145
155 721 837
962 721 521
121 860 673
209 89 521
910 129 781
769 17 529
167 879 411
241 675 771
253 373 793
401 429 742
886 801 391
105 619 389
653 294 514
221 70 77
577 869 765
785 482 97
556 461 545
201 41 896
405 89 856
337 541 571
211 753 871
681 906 467
936 689 346
697 894 957
866 514 709
925 181 883
1 976 162
962 681 193
833 421 185
409 1 881
251 580 697
809 632 753
177 455 725
866 701 943
897 569 870
433 366 271
776 365 25
399 337 448
385 921 680
426 569 575
697 967 182
289 911 361
784 846 800
391 533 965
825 145 157
537 961 233
976 675 721
614 65 529
587 990 799
451 325 369
927 94 753
201 824 61
225 111 865
705 659 684
958 720 775
413 605 506
778 89 531
379 6 977
217 411 405
691 571 1
857 711 683
466 227 631
675 903 686
721 627 289
273 581 929
476 81 41
514 201 333
467 70 625
49 377 654
3 201 241
136 387 733
905 725 301
197 473 801
549 621 325
338 211 137
259 1 41
811 908 140
977 77 556
893 707 271
217 202 319
226 327 349
841 475 167
548 134 420
111 44 809
529 235 323
649 75 467
727 444 877
771 777 251
804 518 993
433 543 963
606 801 921
505 338 673
86 977 841
385 238 11
267 658 993
131 761 868
829 740 666
343 478 635
314 261 414
655 721 351
964 387 433
77 887 691
548 53 897
899 134 740
1 979 426
123 125 577
497 240 727
193 745 191
305 385 438
962 282 843
365 153 153
337 495 359
735 944 435
285 559 251
308 329 801
933 279 977
894 889 279
713 901 829
919 231 769
345 425 24
393 662 817
973 13 163
229 141 121
191 433 569
47 647 618
523 246 581
441 858 281
19 575 960
998 522 351
371 296 97
301 33 345
956 651 795
895 449 271
562 425 767
597 269 804
829 745 401
260 445 931
505 985 355
149 283 489
665 935 1
921 877 697
26 331 257
700 681 473
177 445 147
121 907 485
237 710 73
939 175 119
101 61 191
507 243 239
379 393 480
413 291 177
225 138 526
65 257 751
437 777 89
36 487 838
837 773 91
799 901 663
561 671 501
516 554 375
280 451 305
991 929 309
401 51 483
296 249 993
993 993 341
842 427 973
25 39 96
918 52 520
1 721 712
135 977 849
584 353 41
265 885 201
941 609 401
236 589 417
147 416 851
571 105 921
541 1 806
124 521 181
473 569 81
833 219 365
779 19 967
809 431 77
241 649 239
361 901 357
851 34 41
61 992 380
321 229 661
753 186 262
62 518 57
332 378 81
759 803 693
397 333 725
643 61 974
456 707 206
998 249 901
374 226 98
291 71 381
277 364 180
606 249 317
884 180 405
977 81 68
226 345 269
184 663 96
449 977 457
633 41 411
139 321 333
997 501 499
919 595 493
425 427 857
689 225 289
582 885 543
781 746 245
995 100 581
743 333 337
961 729 161
348 251 320
1 101 837
905 961 866
75 677 631
1 887 67
901 326 881
277 321 149
911 997 21
841 495 601
132 897 736
249 781 57
49 351 825
35 345 67
499 468 31
819 736 455
569 611 85
961 427 259
676 813 351
937 201 299
185 771 390
965 537 126
31 993 725
611 233 218
251 549 993
892 760 902
907 989 626
115 591 647
249 137 479
507 971 169
121 453 361
754 656 181
253 972 713
529 534 857
255 343 10
893 776 315
479 801 286
33 676 776
505 848 159
921 494 824
651 777 166
951 629 292
732 959 641
960 681 447
201 36 401
921 171 932
403 249 513
625 914 585
349 807 916
664 30 903
697 451 266
891 899 236
929 761 168
56 531 69
921 299 912
823 726 141
756 653 737
255 635 642
329 16 858
56 623 201
865 647 681
430 193 846
664 665 457
513 849 546
835 209 1
535 625 21
73 886 3
906 436 1
692 393 617
981 593 322
417 517 221
693 334 760
731 341 153
681 25 661
376 971 649
596 761 849
393 9 541
807 345 849
337 3 657
57 256 806
545 315 816
661 960 137
65 362 729
599 865 217
682 217 505
203 86 61
353 269 41
520 889 525
1 169 291
562 601 499
940 581 607
180 865 61
67 705 334
699 849 941
181 795 303
961 180 313
773 463 561
211 689 716
783 133 121
995 98 677
501 217 861
557 995 417
170 161 246
523 127 129
201 664 377
253 301 838
950 391 485
271 17 928
951 211 829
66 367 957
310 272 296
588 351 751
201 277 382
424 721 936
578 241 121
756 825 194
626 724 429
577 747 649
711 950 375
26 203 69
503 953 743
501 785 321
801 675 91
501 265 393
605 291 325
43 101 645
598 727 953
291 656 856
47 602 6
857 986 109
651 73 257
287 861 980
489 56 461
600 84 121
442 329 676
196 573 306
993 8 59
566 452 505
616 846 996
502 915 991
74 969 57
739 619 357
420 311 317
953 472 931
745 801 1
656 992 749
65 149 833
317 196 499
23 247 789
664 300 353
313 87 917
325 593 222
893 979 313
650 956 384
377 81 283
32 155 775
97 643 243
513 559 890
913 577 92
14 523 740
349 487 190
954 781 133
720 641 599
313 825 837
263 366 41
748 391 606
527 33 435
83 351 345
409 757 717
257 337 1
641 12 391
501 999 291
491 197 25
93 81 750
571 185 401
877 131 187
132 677 433
459 433 29
469 411 531
751 157 951
65 813 961
616 975 890
609 341 779
528 665 575
683 939 641
857 307 100
99 71 747
401 887 283
647 617 598
847 851 817
881 631 915
901 31 481
897 828 310
555 271 467
297 306 613
116 893 413
616 651 696
374 247 1
192 569 913
153 261 993
36 201 921
963 231 911
357 178 433
309 914 833
125 554 377
123 37 1
201 173 467
279 909 239
845 897 437
566 7 507
256 677 361
562 478 673
503 367 981
485 9 379
361 619 369
53 717 17
599 825 729
600 881 135
861 158 373
204 527 769
821 563 264
1 687 889
81 1 417
201 657 655
501 401 863
255 889 321
1 881 481
660 753 287
207 631 801
849 637 153
550 694 266
906 853 270
611 73 544
847 673 153
953 301 89
378 231 529
444 41 513
110 713 161
649 986 276
567 263 605
919 409 393
172 565 683
