3651
953 486 517
796 356 182
84 581 601
178 667 982
338 371 436
917 430 261
105 953 921
989 577 111
721 741 769
416 501 553
886 813 897
547 391 153
359 157 411
401 210 287
900 181 365
159 877 15
391 935 557
193 646 477
916 635 772
607 686 281
833 433 453
817 37 827
120 556 629
325 311 915
17 913 874
781 240 146
605 581 801
672 595 69
81 41 824
801 561 201
126 123 688
240 856 63
121 751 756
401 61 241
21 568 605
260 47 583
406 337 419
144 809 97
602 717 453
641 146 651
611 193 179
241 239 740
545 121 729
711 142 551
509 873 461
592 360 169
471 876 801
459 225 599
121 221 594
161 175 73
817 566 519
365 697 501
967 598 587
886 89 29
9 231 681
621 537 102
252 3 526
901 841 753
601 821 253
901 365 689
167 546 241
589 711 457
391 849 701
61 981 139
84 57 889
969 197 16
407 947 913
404 382 745
995 29 113
19 56 111
991 91 594
855 704 811
621 797 431
501 318 353
313 409 691
441 500 37
149 37 777
577 306 53
356 61 610
869 569 572
953 981 676
721 959 72
233 609 825
801 673 205
721 289 796
498 791 193
1 814 127
909 277 992
271 971 326
693 999 951
741 367 553
457 935 735
701 561 201
801 800 509
257 997 645
515 483 521
671 49 609
465 201 555
551 965 65
611 797 239
125 473 457
968 1 61
931 843 516
105 768 523
355 291 153
413 228 969
873 61 125
849 465 729
621 327 987
897 270 549
818 305 953
824 925 407
293 345 949
418 311 73
976 860 805
201 403 123
745 927 438
95 809 505
585 706 681
312 126 513
607 349 417
951 982 941
219 48 527
875 141 89
461 665 210
621 933 645
231 817 993
955 851 716
43 337 701
802 657 796
438 931 126
135 675 249
391 801 937
661 53 853
545 977 55
685 187 667
769 501 737
401 757 387
731 1 111
153 397 876
705 71 376
971 550 125
151 225 345
478 505 35
506 634 50
296 321 218
377 415 718
176 609 246
761 177 626
991 731 481
183 1 281
785 69 25
259 451 833
41 557 177
336 369 391
767 41 309
207 431 128
125 78 289
401 385 431
319 776 861
411 691 551
173 305 231
141 107 311
705 683 246
10 937 380
788 665 585
199 75 353
948 821 137
761 941 769
424 221 53
251 433 101
93 272 489
551 750 845
381 729 665
601 951 717
843 74 472
511 101 105
301 20 781
891 901 819
490 757 441
815 879 933
621 858 477
962 97 71
179 501 141
8 413 361
611 827 363
623 601 863
916 865 53
617 317 652
853 511 498
141 721 105
876 630 864
647 529 757
165 935 227
476 66 68
573 503 284
471 721 121
162 494 3
221 961 261
889 616 826
236 317 153
285 788 785
107 188 529
671 993 727
617 881 465
351 62 867
433 175 894
992 612 384
699 751 705
698 16 121
466 681 47
801 392 73
420 945 651
113 797 61
345 537 962
401 905 966
187 353 937
416 785 281
364 649 914
757 569 21
481 537 751
403 194 488
9 401 202
169 491 603
470 261 726
749 591 403
353 983 985
559 228 308
241 924 859
819 233 503
541 539 591
986 33 511
457 239 535
350 69 411
225 150 790
1 166 561
374 620 66
331 353 325
547 46 231
293 69 181
951 568 536
809 1 495
680 649 369
143 201 769
21 783 343
163 301 465
375 921 281
851 611 301
197 425 382
141 946 575
247 969 544
992 563 477
351 848 705
1 481 407
511 892 165
418 601 921
796 601 223
673 111 961
511 906 941
45 375 249
755 519 993
844 305 109
921 609 915
41 415 321
409 325 329
501 251 891
849 793 442
718 562 951
716 685 17
306 626 160
9 953 931
521 154 809
566 966 836
153 471 665
304 924 137
700 598 351
448 290 861
97 561 150
761 450 201
609 321 211
251 701 141
897 61 681
41 586 616
929 991 721
361 441 743
7 665 211
219 701 51
638 937 881
841 540 926
999 74 20
921 801 325
681 381 617
793 555 697
201 117 226
76 535 318
801 674 755
921 496 461
957 193 259
339 185 57
721 523 611
876 176 259
569 356 54
55 946 131
934 571 841
57 490 501
21 373 965
267 270 953
457 13 453
273 601 581
271 677 281
590 767 369
905 132 729
196 732 157
761 241 845
501 51 625
676 783 751
96 378 961
643 249 990
793 763 435
401 541 873
686 378 511
110 341 793
57 856 1
609 909 477
281 200 701
597 561 109
367 9 885
927 721 937
203 249 481
569 301 921
745 167 771
27 386 382
579 753 771
976 26 289
625 967 725
674 599 933
501 651 401
725 801 196
581 281 231
481 105 845
606 565 75
819 832 601
445 473 77
814 3 65
669 845 197
13 33 797
501 939 493
215 646 631
481 117 419
467 215 849
349 441 409
295 919 485
729 651 691
120 906 769
298 425 461
13 26 697
779 1 901
346 953 89
94 193 166
813 956 906
83 303 963
620 587 785
501 751 421
579 35 221
165 985 776
516 654 16
505 773 211
389 276 805
105 937 576
129 243 1
541 480 866
587 501 837
841 612 273
117 276 213
701 817 313
561 635 879
247 137 660
66 633 409
577 437 544
676 541 663
1 713 549
391 26 470
949 258 296
32 100 342
273 521 573
207 109 705
843 563 878
678 927 833
909 745 686
534 651 901
965 865 121
657 647 712
204 934 273
529 330 94
93 741 201
95 819 233
620 601 249
383 903 629
363 583 921
297 691 830
509 777 745
436 545 114
673 672 487
160 797 361
475 579 881
710 535 681
356 993 925
720 939 361
745 681 655
190 555 79
502 980 930
929 881 393
299 287 369
687 57 479
1 117 863
211 829 901
876 117 281
1 326 705
882 538 599
313 725 283
241 177 315
345 547 750
809 913 641
864 993 305
798 152 935
165 433 621
577 404 729
81 658 952
241 149 905
105 857 257
564 881 231
881 676 969
878 1 359
347 543 609
791 1 745
515 121 677
156 885 619
786 640 345
191 661 41
503 375 57
816 945 551
751 35 451
917 522 497
965 905 719
731 985 787
855 507 13
772 864 851
549 846 551
477 411 257
176 720 131
1 561 680
647 845 361
817 892 653
921 681 656
97 553 606
489 917 986
471 620 49
623 57 217
249 119 156
874 377 815
351 536 527
997 742 326
473 341 401
795 969 265
233 107 545
90 173 513
651 201 451
567 364 258
217 157 641
103 158 236
197 873 841
124 681 869
405 135 56
210 676 5
607 262 241
41 746 634
957 629 459
401 701 535
253 565 693
921 506 491
380 731 639
3 715 787
851 411 869
854 969 113
801 438 589
894 569 749
576 358 729
146 851 598
355 737 541
329 197 204
538 476 753
576 32 243
867 801 851
961 613 251
533 248 526
41 173 552
120 623 101
221 205 391
497 265 452
629 201 397
804 973 911
409 980 471
641 125 656
427 305 89
197 961 541
915 201 501
711 985 463
121 684 431
474 980 499
241 469 514
833 25 462
775 701 753
701 395 618
767 550 198
146 236 161
841 589 232
1 561 701
61 629 718
975 717 203
957 771 449
326 417 441
929 689 369
525 961 855
105 284 131
321 31 881
821 627 842
192 233 371
769 503 2
831 521 871
385 796 181
473 876 776
681 398 572
670 432 57
890 613 896
273 517 98
823 676 981
533 282 55
431 61 383
809 985 581
651 127 81
873 825 189
381 401 993
691 808 43
449 601 19
747 665 281
138 407 729
657 332 561
827 154 658
921 668 376
957 857 345
301 899 516
801 241 443
91 544 231
826 771 481
737 631 241
631 521 186
421 121 384
756 336 343
129 411 600
136 489 350
197 51 877
676 104 841
821 379 85
131 49 785
626 453 400
81 51 754
112 724 793
543 267 942
556 71 435
501 241 696
380 873 146
471 170 985
898 586 269
111 60 349
185 425 17
165 841 761
213 143 807
951 505 396
989 921 377
853 462 81
235 171 888
604 951 553
681 281 991
999 9 631
243 897 489
920 977 217
793 636 77
176 403 485
61 103 954
767 987 401
808 479 993
888 520 397
481 865 823
197 361 304
893 633 183
41 377 231
477 82 81
891 1 871
589 550 492
769 341 767
707 447 526
57 753 901
769 449 931
327 791 854
381 921 573
394 117 698
497 257 689
577 846 351
133 301 733
937 169 753
413 61 321
377 121 436
747 631 173
867 57 401
121 451 993
633 415 226
461 441 749
265 977 354
93 889 787
41 1 707
17 109 461
137 366 795
834 741 873
209 210 239
494 347 983
301 621 73
53 649 881
661 37 825
447 38 276
893 755 801
541 383 871
948 868 127
25 40 769
309 737 629
135 809 665
321 26 713
903 385 871
623 985 951
646 591 361
329 913 545
79 106 908
241 199 8
185 133 889
385 997 255
833 966 676
421 962 857
955 419 451
941 141 733
513 571 185
281 945 955
577 526 37
306 929 865
301 749 261
967 75 905
462 899 401
313 166 593
991 873 145
901 75 666
71 576 885
897 585 631
156 521 817
751 31 333
417 417 933
729 601 774
556 444 535
596 645 444
911 579 71
391 172 921
885 343 81
476 862 396
713 499 456
83 95 881
198 76 19
881 521 621
141 585 229
888 449 801
577 66 353
113 508 169
43 1 701
804 87 490
589 21 453
453 190 971
684 962 857
126 553 871
671 22 346
826 243 802
601 53 271
871 161 583
465 451 781
380 21 565
613 191 104
599 901 977
715 9 917
991 589 701
81 651 19
245 801 13
360 549 455
761 961 91
18 523 598
878 508 456
729 685 237
995 514 377
536 851 326
921 717 298
810 701 794
137 409 685
921 861 559
273 477 490
575 587 109
821 144 449
481 937 839
753 861 831
853 431 999
601 477 472
62 921 882
293 701 279
837 361 389
101 493 704
323 371 441
217 355 961
895 201 396
547 873 729
141 577 225
781 272 817
521 676 411
668 76 402
827 201 479
449 845 46
373 613 681
61 827 833
430 991 869
2 305 26
977 273 525
45 721 449
409 657 981
750 841 581
375 451 785
939 536 549
849 433 145
577 539 991
921 633 111
609 323 72
771 971 861
466 566 262
117 425 571
741 473 257
122 91 593
331 155 94
436 576 908
705 421 791
576 261 287
593 137 541
713 669 781
993 901 721
89 93 777
131 561 587
881 33 604
631 929 707
381 317 307
261 651 512
417 271 246
414 137 129
713 625 291
369 201 46
660 432 536
404 11 921
269 811 1
617 171 689
953 917 519
661 465 445
1 209 715
1 161 574
261 779 957
509 45 603
6 373 345
353 757 895
197 547 529
477 671 839
89 768 879
607 977 32
213 435 240
74 511 89
921 501 161
405 597 249
389 711 726
761 598 201
791 629 441
121 6 733
205 649 566
56 218 389
917 343 939
951 846 792
801 35 35
589 85 760
281 523 809
161 881 609
513 433 251
1 716 905
459 377 321
557 265 912
17 973 465
785 401 736
733 1 289
785 321 689
433 1 15
617 676 605
789 229 307
945 777 462
873 43 41
811 203 391
931 721 720
881 561 761
591 508 875
713 245 745
781 928 629
969 793 476
495 815 55
836 59 541
181 569 858
187 29 653
675 879 829
990 611 640
289 201 950
407 639 63
476 665 516
293 641 6
285 851 611
706 663 921
901 98 871
363 417 44
985 245 432
696 129 545
679 345 781
91 798 441
441 516 301
341 321 543
841 609 46
822 2 329
871 318 882
137 713 877
477 491 305
611 516 843
321 593 841
885 551 993
431 423 85
171 371 291
767 725 25
401 249 569
605 855 182
567 801 684
937 599 417
745 945 441
815 329 817
921 931 321
209 804 743
910 751 331
906 980 489
521 947 711
772 201 894
337 125 795
729 581 501
258 869 922
149 225 701
754 345 999
483 783 361
817 760 131
801 139 581
721 394 175
729 359 729
841 371 416
617 1 312
957 677 978
393 642 399
506 14 476
193 897 359
841 364 916
281 795 957
421 375 841
765 305 211
353 83 929
313 29 681
648 127 881
611 871 761
127 653 858
330 809 551
801 673 589
277 599 706
401 983 529
301 589 568
395 945 232
231 693 609
901 921 589
841 401 151
68 939 825
286 72 919
289 75 509
957 403 726
708 444 401
371 89 107
441 557 665
71 916 695
616 65 171
149 195 891
873 931 279
701 641 449
602 131 497
489 453 81
221 573 651
231 21 101
971 119 433
721 521 257
53 201 51
301 81 56
125 889 18
1 941 741
941 997 241
249 951 341
601 576 505
593 552 121
308 976 957
744 839 241
437 675 681
153 86 816
652 227 105
295 385 49
584 421 960
481 502 545
675 529 894
617 417 176
341 921 451
393 733 701
451 271 601
889 300 821
525 837 876
780 343 809
496 483 938
806 677 275
1 436 146
923 643 490
31 597 633
101 137 467
901 941 555
629 853 161
251 322 681
801 691 369
44 212 609
156 537 273
541 457 302
473 895 337
505 273 182
845 671 251
381 236 451
120 476 385
643 257 236
301 105 653
918 107 876
389 961 707
967 861 472
164 698 69
82 113 523
911 685 680
121 135 297
501 27 65
992 751 448
393 873 721
211 461 607
681 866 445
553 891 441
546 350 767
650 775 230
595 924 311
528 56 199
264 324 389
980 901 577
647 251 897
335 268 809
587 210 661
105 932 537
693 641 802
701 244 116
29 887 716
926 473 383
942 506 401
616 517 920
193 894 460
813 41 630
369 831 15
58 601 277
493 661 496
913 932 335
77 677 853
341 611 415
121 469 1
860 853 826
806 990 861
811 711 364
977 749 451
581 226 357
609 373 337
802 11 6
441 654 257
183 476 377
701 414 105
170 745 153
801 641 961
11 751 225
825 934 21
176 241 255
257 955 917
100 41 353
921 646 401
745 841 678
251 469 993
491 473 97
840 421 926
353 135 25
911 249 369
993 941 434
131 633 937
889 25 326
621 12 277
564 963 99
353 491 825
248 225 900
983 37 145
558 217 311
657 32 300
153 304 739
679 601 985
258 999 836
133 693 63
501 932 701
974 527 505
981 446 933
429 450 186
601 201 497
73 457 225
281 41 831
836 893 369
133 554 489
323 581 971
946 13 437
529 321 981
573 598 307
983 521 806
891 489 313
353 481 912
721 845 737
161 52 897
901 639 281
650 92 406
803 525 381
41 801 115
217 425 621
11 314 417
996 753 629
815 767 803
26 609 377
166 971 673
501 666 921
509 753 89
526 471 784
626 735 670
1 787 294
673 518 683
575 746 17
825 965 915
301 801 745
89 335 646
511 587 911
635 386 459
961 101 425
538 801 554
131 201 193
472 953 485
630 593 857
601 174 706
785 798 25
763 261 101
849 613 229
473 791 697
185 807 651
662 133 725
129 481 257
372 306 501
961 272 556
881 992 169
671 186 19
103 783 655
481 335 440
884 638 346
191 390 633
656 467 11
161 767 863
656 814 933
801 913 755
836 977 161
206 691 31
801 319 521
859 449 385
593 281 423
513 947 466
215 883 249
977 99 517
192 606 531
400 739 856
207 175 851
276 801 726
104 381 901
793 248 11
384 481 341
935 252 449
346 379 51
144 169 181
497 306 441
791 329 881
225 729 876
226 751 341
241 769 581
481 491 381
306 815 263
511 901 652
529 29 313
762 413 825
717 161 765
753 941 899
580 457 54
761 191 505
60 474 521
297 515 421
681 101 181
281 37 1
474 467 375
346 341 609
858 963 17
131 920 400
568 588 763
467 755 993
561 657 715
472 821 107
109 933 639
125 397 621
107 551 621
952 561 281
445 886 641
314 177 503
161 981 441
601 316 449
393 937 145
876 543 761
686 665 221
33 297 671
201 376 361
943 509 581
501 366 801
493 674 445
846 821 446
77 201 319
831 133 41
645 712 281
441 937 241
389 601 501
780 995 451
433 598 367
201 970 543
705 881 54
926 7 158
918 401 501
557 401 623
721 709 186
319 921 463
961 113 636
707 996 341
601 894 812
46 326 181
929 871 779
764 977 46
185 564 385
753 505 601
501 321 437
795 801 177
604 915 867
161 721 205
601 675 176
377 349 633
829 25 843
881 875 381
271 776 745
781 949 521
49 449 789
33 1 475
36 758 969
461 146 569
366 505 497
721 16 44
844 491 525
460 1 321
562 319 353
147 249 173
741 776 26
71 462 630
13 723 653
612 376 860
949 917 381
422 866 790
801 87 239
746 965 700
881 753 578
689 898 861
375 954 245
839 217 977
1 489 899
669 671 9
409 795 191
56 945 89
256 237 977
505 836 1
826 561 311
179 603 157
746 147 691
57 107 905
148 609 793
263 338 486
665 393 315
329 623 191
891 107 537
664 5 971
523 486 873
617 841 542
49 245 641
949 309 397
379 29 825
861 763 401
701 699 817
725 929 621
564 776 565
938 351 617
425 641 361
551 861 880
349 478 881
173 301 513
511 878 120
81 125 131
829 985 585
97 609 296
501 689 25
468 128 692
5 351 711
623 463 406
601 901 597
436 685 201
941 437 441
678 467 277
79 849 509
787 368 497
451 644 301
958 287 471
256 305 1
373 120 601
780 775 245
847 52 107
224 521 331
653 292 672
951 919 661
450 17 81
555 501 601
521 134 550
961 433 217
721 229 757
121 944 652
730 414 297
311 608 287
599 60 865
623 633 136
427 229 983
185 998 239
474 597 574
404 569 803
213 798 697
34 404 594
95 545 1
496 213 157
129 881 936
601 161 676
913 865 79
873 630 257
941 161 143
521 500 619
704 769 203
404 161 789
951 437 371
721 637 253
986 928 379
859 41 1
289 617 162
352 141 361
301 75 593
141 877 221
961 937 127
129 30 281
889 482 521
186 651 831
347 965 905
941 785 604
97 209 601
218 361 845
991 781 729
237 497 505
569 785 921
193 16 255
275 449 544
877 142 563
752 441 831
495 761 388
989 189 561
276 69 557
713 825 349
300 257 589
569 322 280
455 73 431
91 886 909
149 721 581
811 564 673
645 841 640
503 591 121
623 481 861
707 861 366
726 29 811
961 791 955
915 48 253
40 537 858
486 730 640
619 159 863
905 776 530
541 303 644
266 9 557
917 91 248
310 286 145
823 471 25
651 48 811
410 201 32
529 219 141
225 241 73
425 642 183
97 81 773
780 651 865
218 217 882
824 191 1
564 908 148
883 496 164
569 583 183
729 681 41
721 656 705
851 831 231
296 657 96
912 641 440
262 525 909
321 371 980
478 923 45
714 88 776
275 403 860
49 233 189
142 31 549
820 721 505
295 116 605
193 681 974
690 875 329
995 867 961
994 474 295
11 493 515
978 251 453
705 547 201
257 453 653
266 597 481
608 708 750
193 893 836
36 773 353
947 827 681
775 675 713
867 201 28
794 807 573
948 563 166
6 361 559
540 801 821
121 723 203
391 579 85
462 771 756
165 761 927
79 853 81
753 243 609
1 401 609
831 675 903
125 143 420
309 957 481
393 127 183
93 589 401
561 592 903
509 525 51
241 879 711
777 751 531
701 383 756
41 621 689
643 900 613
705 663 699
521 106 29
20 705 449
910 467 450
887 171 673
331 170 189
85 279 219
446 413 473
513 581 997
782 825 136
401 624 890
21 951 791
985 477 406
751 973 551
80 739 870
447 30 321
937 657 97
598 225 824
617 441 63
941 51 726
293 1 501
874 436 761
183 397 49
412 161 849
897 69 627
266 821 737
53 751 381
896 501 406
696 553 441
824 1 229
147 360 373
1 953 201
91 591 201
445 265 393
321 173 801
361 747 695
789 979 751
279 101 73
269 776 541
881 809 789
617 417 953
161 49 901
832 73 411
361 205 649
161 406 145
123 305 631
595 431 649
761 577 367
646 290 246
551 563 951
356 161 551
451 329 41
751 57 176
395 149 805
845 721 657
9 695 137
553 102 700
387 419 609
669 641 553
584 105 549
36 938 41
869 845 595
309 474 145
906 323 901
721 871 601
609 496 521
81 451 725
60 933 601
889 573 113
601 999 449
471 354 167
296 561 465
185 81 634
593 377 543
210 462 377
611 791 863
257 65 680
762 617 455
673 116 575
981 553 717
837 121 562
986 976 565
736 677 981
365 471 361
637 159 116
237 396 962
251 651 682
361 345 618
953 244 953
773 507 555
8 569 537
481 98 611
993 831 292
257 251 256
449 766 857
709 249 986
521 234 865
73 381 985
721 968 321
772 531 69
859 661 827
241 36 12
545 785 146
1 989 381
501 365 631
214 134 591
85 211 106
601 516 769
785 376 9
335 899 357
717 45 600
621 361 889
1 487 471
641 553 266
673 627 654
251 191 644
865 383 957
239 955 468
717 293 697
111 967 237
301 457 795
385 231 281
23 86 318
193 545 191
271 7 381
26 997 951
750 281 369
765 15 20
726 387 945
312 37 822
463 678 501
633 893 961
953 171 475
681 441 233
241 840 845
125 611 660
120 84 254
421 466 913
836 417 325
11 221 265
917 893 881
297 986 815
83 399 810
851 867 481
425 431 83
21 377 401
499 697 351
744 581 26
747 519 195
195 876 377
775 526 92
521 857 259
897 278 891
140 743 829
756 722 1
353 849 379
571 353 562
17 63 883
368 1 757
184 202 408
663 661 321
25 41 226
941 994 1
467 329 537
473 941 392
730 467 971
961 487 25
917 585 141
927 394 241
601 129 97
671 411 971
977 906 489
626 285 825
290 801 47
521 797 993
788 693 880
353 971 261
881 49 377
569 119 843
781 988 398
36 703 361
453 721 981
499 167 361
557 141 321
403 690 407
913 785 369
665 809 867
395 723 357
613 908 201
761 140 161
176 126 881
533 981 991
363 698 886
315 161 951
69 883 539
129 846 154
323 785 942
933 161 113
777 385 108
963 942 826
249 409 421
688 773 158
133 681 696
689 955 242
569 838 177
296 916 209
909 361 63
789 441 667
181 73 621
883 563 765
263 36 1
961 53 865
156 429 467
551 616 297
459 163 841
673 181 937
907 945 856
557 274 521
591 241 5
881 171 241
937 101 746
530 193 61
531 81 911
456 519 724
921 685 783
333 593 129
47 382 719
120 173 293
945 95 762
577 486 501
777 745 216
407 451 749
376 689 551
522 316 225
258 597 137
417 529 476
368 823 713
136 12 861
777 921 354
542 791 586
51 618 82
183 105 932
213 44 588
946 433 921
535 25 5
841 190 637
485 351 377
706 501 289
739 773 89
536 235 81
707 301 284
395 553 21
756 359 55
782 761 521
303 961 995
466 707 139
474 393 172
501 946 269
897 711 537
310 233 541
643 601 405
252 861 311
841 761 379
984 174 395
470 450 193
451 166 421
246 551 377
517 648 255
637 121 646
615 353 155
245 114 881
818 897 845
777 997 697
31 170 869
925 921 581
286 537 861
141 337 622
751 19 567
981 751 273
765 905 340
334 729 110
401 65 626
701 273 610
843 551 603
129 341 737
313 105 398
225 643 96
115 84 802
241 595 251
191 481 926
279 881 863
177 621 551
801 619 521
473 105 241
766 155 553
562 964 235
561 76 381
841 650 201
781 457 607
478 449 73
845 55 201
571 961 821
716 491 96
789 201 501
433 51 685
317 583 797
457 789 61
189 123 539
401 175 241
918 813 193
678 836 341
245 273 675
81 286 147
501 949 841
697 605 526
517 820 601
497 303 82
921 657 157
626 391 529
853 522 287
489 577 651
145 684 769
445 909 283
488 267 800
667 721 849
921 326 717
455 761 769
321 752 399
325 697 956
195 933 921
217 377 829
791 123 413
97 546 356
27 935 887
161 217 996
317 15 233
409 725 927
593 809 483
65 260 179
511 647 441
467 436 951
169 316 104
793 152 386
759 217 861
881 960 173
761 401 545
351 501 1
365 516 26
511 817 285
915 213 621
605 377 103
725 750 241
589 481 325
249 785 66
619 633 62
860 979 573
489 408 101
281 667 887
595 253 585
923 981 81
25 663 836
685 207 571
222 515 377
13 453 787
361 227 853
501 784 907
919 791 827
641 705 252
701 301 288
966 280 937
580 841 501
251 950 849
535 844 680
616 241 351
501 201 257
662 665 694
291 489 917
779 363 469
636 681 441
501 827 213
849 481 21
66 850 167
421 889 809
196 671 121
937 381 381
3 761 701
583 725 599
661 797 926
877 825 448
226 513 285
189 341 831
386 799 861
453 241 853
693 441 601
461 897 5
445 872 571
721 646 541
876 567 355
191 503 196
134 803 33
21 407 422
736 396 81
909 809 178
521 645 15
433 251 346
473 249 286
136 243 680
27 33 137
394 486 508
481 125 549
409 697 775
179 756 881
973 209 501
299 731 752
271 653 527
386 593 3
152 376 75
521 177 826
335 657 660
611 73 363
401 276 749
925 679 347
383 306 11
41 951 629
935 433 641
1 699 133
347 63 825
471 751 14
698 1 977
953 547 513
450 512 109
121 49 751
837 670 855
40 157 676
65 694 976
777 946 631
861 8 862
616 621 857
522 701 957
50 51 361
979 101 231
146 969 129
541 91 357
843 525 139
906 99 689
845 462 292
151 197 190
606 575 58
341 961 211
992 65 185
641 749 199
713 713 431
180 729 112
535 405 377
169 547 401
759 909 557
181 517 605
567 441 969
524 969 731
273 663 461
801 110 777
351 105 209
199 361 293
83 449 239
421 476 399
81 203 242
839 761 989
6 527 937
493 511 51
291 977 473
510 89 957
251 269 615
250 561 997
977 409 36
555 521 240
501 926 359
753 801 165
731 329 365
44 543 962
303 557 879
526 275 727
401 821 526
345 713 81
496 587 923
490 601 75
938 749 467
945 474 553
964 345 721
163 921 89
55 810 658
417 671 769
651 177 342
796 261 685
389 420 343
976 388 393
13 706 483
376 888 529
113 966 887
795 136 169
501 161 999
583 27 487
654 63 289
965 851 961
482 83 40
229 517 217
823 625 774
501 381 685
420 586 835
951 435 176
806 159 447
330 93 391
241 527 211
629 818 737
153 546 507
745 597 328
622 602 721
758 451 901
393 788 958
226 703 685
359 912 381
859 165 601
949 69 702
841 746 63
930 232 1
513 674 886
442 151 359
923 609 803
517 925 542
345 153 576
648 461 885
46 385 761
657 31 301
751 137 647
81 186 940
673 73 401
559 101 649
694 477 361
17 277 226
235 893 336
481 829 631
76 87 921
261 297 921
697 781 646
569 547 703
83 285 606
211 705 589
649 687 537
329 151 321
265 836 728
831 429 172
161 102 351
509 241 835
856 585 529
508 480 697
377 16 289
88 779 869
841 601 641
353 285 851
193 406 290
221 393 167
307 161 321
825 861 546
376 993 194
81 321 377
821 969 387
737 661 357
321 959 417
614 75 271
71 541 129
873 881 57
221 938 85
17 575 561
416 993 915
21 801 386
600 71 16
463 601 881
808 901 169
39 776 810
266 553 377
780 716 41
570 350 917
873 681 233
385 276 705
213 41 833
833 827 181
601 961 181
21 960 613
423 836 990
601 751 136
335 217 839
404 973 321
137 699 897
753 20 481
885 141 569
397 855 144
739 589 696
861 121 41
549 1 865
853 601 218
207 225 47
662 428 258
108 705 251
913 865 711
301 49 169
159 367 51
984 825 661
709 603 662
793 379 369
605 885 181
181 661 26
320 611 182
516 177 834
747 169 230
46 202 969
551 41 362
305 47 608
665 483 841
661 849 311
49 441 661
626 67 241
505 157 172
229 825 121
689 21 993
473 657 446
301 671 201
341 985 336
814 353 364
37 728 189
996 374 365
361 96 465
411 501 33
261 379 101
957 321 316
131 1 413
661 597 956
443 149 524
701 511 447
546 424 793
75 948 658
595 1 301
741 345 435
58 501 681
511 549 16
481 311 837
828 465 410
480 790 167
121 478 171
341 981 51
50 760 424
696 957 304
913 300 261
195 944 283
677 926 857
441 501 951
185 820 529
1 481 117
569 829 773
261 73 536
955 823 329
135 265 111
901 661 47
497 70 385
412 519 860
481 801 685
629 51 909
29 553 553
977 885 641
493 314 594
198 126 122
566 941 441
626 2 779
709 827 649
349 403 266
609 601 399
754 778 448
547 91 645
576 787 289
417 433 957
433 781 445
537 803 653
745 242 713
776 549 705
513 265 959
601 473 916
306 961 617
386 307 905
231 481 893
299 888 785
866 769 413
483 91 209
94 206 579
476 599 617
61 973 100
859 786 447
675 800 713
741 913 96
361 673 209
373 127 529
801 765 695
686 849 769
513 886 251
718 633 17
777 517 161
215 369 805
616 781 861
666 145 979
950 209 1
557 979 563
953 501 297
574 631 118
950 551 448
577 891 355
11 643 433
337 449 303
622 146 361
60 464 591
521 157 377
341 274 761
101 356 121
25 833 884
87 859 486
833 445 705
228 929 365
829 54 156
465 215 369
651 409 561
126 737 433
327 347 806
298 321 173
534 665 291
299 901 102
436 985 576
931 701 681
985 389 271
838 791 603
626 465 118
303 661 463
149 969 661
193 247 471
472 561 441
928 166 789
33 603 698
252 751 356
641 106 876
409 216 940
607 873 947
279 521 307
864 586 493
336 299 472
733 881 689
591 494 265
993 892 337
377 353 721
735 61 801
651 860 703
922 221 341
269 409 785
953 625 913
719 141 81
455 1 209
145 701 931
359 355 575
436 212 283
102 181 841
671 606 721
406 849 821
845 304 41
776 151 9
368 688 563
331 626 59
417 925 847
539 337 161
47 156 185
651 429 827
696 201 929
581 881 303
689 283 899
97 761 887
896 801 731
157 256 869
205 377 286
801 575 531
841 335 911
527 723 828
293 694 767
241 770 413
601 527 505
534 203 797
406 849 553
581 818 361
249 847 1
505 9 576
589 761 145
505 456 757
822 901 463
655 533 617
881 996 384
761 942 358
761 39 713
565 926 920
141 109 854
333 65 21
909 832 279
521 677 961
636 41 701
316 30 610
235 993 951
493 761 603
111 368 569
996 701 801
639 951 310
557 232 445
197 661 841
127 625 352
323 73 177
825 351 29
89 117 456
273 349 476
677 981 129
367 165 673
306 833 505
141 321 766
577 445 821
473 325 781
706 425 855
993 290 161
521 976 17
706 583 817
465 4 509
266 801 721
189 804 986
410 951 695
551 214 407
233 300 253
186 956 993
51 361 477
139 358 379
776 561 971
864 77 438
775 540 867
133 951 746
151 33 954
971 339 233
404 516 631
881 975 21
757 883 959
227 515 169
633 593 260
601 449 441
569 371 925
691 711 169
985 276 392
981 117 403
641 849 7
561 597 362
117 833 739
585 381 459
43 742 281
477 918 481
173 425 73
761 701 931
876 845 983
537 607 903
919 251 576
673 331 697
265 281 25
309 347 981
468 631 505
421 226 343
927 697 791
809 356 917
101 243 816
736 41 455
268 597 702
201 170 633
625 817 981
289 703 396
536 745 170
751 816 54
106 221 897
929 125 109
976 676 161
937 385 265
641 609 237
790 557 671
25 843 287
623 821 737
469 436 305
728 145 677
456 11 576
107 601 439
643 239 981
491 611 811
914 281 253
278 116 396
777 419 501
660 662 561
356 529 899
231 9 849
691 913 142
106 261 345
941 379 954
703 545 313
785 361 441
125 1 355
659 715 791
330 179 422
41 555 201
465 585 831
695 857 291
795 51 513
535 733 951
165 331 389
991 608 603
773 155 132
399 605 444
332 327 757
49 937 93
467 158 496
823 413 307
169 589 82
86 679 841
733 391 993
881 437 797
17 883 97
966 504 343
332 209 195
532 140 774
103 41 346
433 817 655
651 429 425
360 746 962
375 571 241
263 128 921
626 167 49
846 297 933
865 639 101
976 247 689
878 649 538
743 561 871
378 615 155
709 429 25
160 607 327
745 70 611
659 661 426
109 331 918
341 166 166
161 608 517
70 870 777
122 515 770
233 739 501
729 357 913
517 901 954
581 949 956
548 901 901
251 96 926
434 557 494
953 143 376
328 380 333
805 281 821
657 212 112
401 601 389
326 83 230
335 49 945
561 485 919
843 731 40
923 654 241
859 385 761
841 51 22
571 976 441
745 991 65
707 665 138
201 516 1
774 629 578
670 529 441
623 553 593
265 9 305
401 505 276
553 993 347
46 171 556
71 481 706
404 641 536
363 221 141
297 848 129
929 191 1
751 216 553
696 223 479
570 837 733
511 416 116
921 245 699
301 821 801
204 306 329
39 325 637
41 789 921
63 948 313
264 454 303
493 102 194
621 574 796
235 292 345
825 813 332
547 857 191
572 537 881
381 991 413
705 605 344
388 256 619
119 897 965
890 161 295
717 321 461
406 729 879
439 414 977
1 560 951
885 1 187
849 605 472
816 647 161
19 647 257
836 329 969
457 79 146
705 676 696
3 458 436
857 873 298
913 81 380
886 390 241
587 832 422
999 815 151
181 393 242
601 386 466
126 423 871
153 356 21
1 145 441
436 469 769
321 536 311
521 756 529
291 211 527
739 83 857
541 9 833
545 905 451
777 217 737
570 569 751
743 395 357
341 67 333
717 56 67
545 241 319
551 899 406
627 377 108
435 321 609
739 969 826
451 821 121
521 533 51
4 791 627
860 861 797
232 1 195
415 225 575
240 305 193
45 987 53
541 617 237
197 641 905
923 21 422
967 993 444
121 345 73
144 78 876
975 281 785
886 239 97
831 23 873
193 267 907
722 177 185
619 393 797
707 193 723
313 109 409
281 29 409
873 865 692
507 873 501
676 801 361
701 301 983
172 175 359
871 625 887
45 177 655
861 817 834
900 739 689
841 36 121
617 170 385
801 357 903
446 571 355
897 419 411
417 385 321
996 9 449
533 746 866
51 836 921
401 821 301
751 493 545
981 304 236
562 129 674
913 919 131
471 857 898
714 797 465
65 61 285
513 82 541
490 385 453
117 939 849
876 81 276
829 777 861
177 284 811
725 408 270
306 715 101
654 306 359
561 601 961
20 371 198
171 405 597
656 578 887
935 623 515
871 105 290
495 901 906
162 816 361
661 863 455
21 121 739
901 216 855
55 921 301
901 502 310
792 732 803
649 561 163
681 985 15
75 697 617
285 909 25
919 901 581
724 435 155
725 795 777
527 695 765
909 871 514
332 219 856
182 761 756
876 438 197
321 387 101
221 871 901
961 601 147
449 685 650
776 801 140
282 393 765
243 601 726
797 761 361
950 97 881
935 286 615
1 184 445
202 841 424
121 329 41
716 360 319
911 757 526
185 928 720
292 329 489
255 846 166
163 599 661
525 211 283
937 903 931
812 487 357
61 273 109
1 989 393
554 911 666
829 646 224
361 557 73
449 636 1
869 683 273
443 226 119
99 28 705
449 226 594
749 318 86
301 211 749
657 817 969
819 989 623
955 409 842
221 391 463
204 89 796
289 425 931
601 567 329
745 701 124
354 715 51
582 325 384
921 793 284
360 289 315
776 831 609
575 21 966
949 667 236
642 731 916
526 824 981
494 787 677
889 31 347
354 869 321
657 67 37
145 841 284
637 175 163
336 785 43
449 681 129
25 306 529
493 429 423
271 721 793
860 235 705
707 269 769
751 897 23
176 527 134
90 906 979
665 620 593
401 229 438
251 419 715
784 112 401
729 645 37
689 686 449
736 946 751
809 100 759
897 192 731
697 721 233
589 1 676
69 121 319
445 663 571
622 203 531
201 1 283
397 297 793
381 41 777
919 167 971
975 73 903
298 117 188
980 769 169
926 431 838
641 924 728
6 561 109
465 636 995
663 985 12
602 649 92
300 485 85
93 502 605
251 95 389
139 25 877
905 20 947
401 913 146
23 895 701
447 171 513
131 909 627
299 823 281
936 233 316
65 512 931
48 723 692
221 1 981
761 768 297
901 40 766
391 346 926
801 151 809
50 434 781
807 852 843
381 833 249
999 346 649
216 298 961
613 991 969
1 54 111
449 945 517
533 321 901
480 727 390
675 89 719
961 49 217
451 265 696
191 114 484
747 876 89
157 496 634
96 213 980
281 855 526
496 44 751
813 693 81
209 301 225
829 171 801
436 253 500
170 161 9
816 807 81
711 751 176
157 45 839
67 441 351
361 691 9
204 753 826
947 703 65
341 837 561
165 601 449
201 493 291
61 811 351
79 116 810
426 375 17
901 200 448
261 657 626
217 810 18
438 570 686
975 877 450
501 323 920
25 9 641
331 451 941
157 1 421
69 917 231
529 1 871
29 488 283
13 921 673
249 105 1
279 494 83
36 664 791
101 357 389
498 793 953
281 514 304
523 607 231
45 527 111
445 1 536
562 751 149
694 123 305
337 705 667
811 452 376
61 769 885
501 421 917
749 896 955
673 13 612
805 680 262
41 417 492
561 433 9
100 281 473
723 1 431
863 556 431
744 241 807
825 841 963
53 184 539
423 765 589
597 151 961
101 908 421
439 209 945
476 655 56
774 495 551
237 33 729
77 268 752
166 436 780
667 371 227
113 713 473
339 651 41
915 31 245
926 201 98
101 541 456
439 291 301
889 595 451
529 906 622
319 105 856
693 313 102
263 889 637
477 673 704
847 898 636
305 871 573
136 985 941
673 45 651
982 621 945
305 572 208
42 848 359
807 601 773
141 861 156
613 469 43
553 785 374
556 213 833
851 362 285
580 391 364
330 934 187
233 305 182
945 681 217
81 836 606
425 321 888
81 952 771
721 361 541
459 861 985
221 117 589
561 811 83
814 561 456
863 754 783
524 941 866
546 64 395
285 81 301
801 709 852
225 631 266
262 210 876
698 177 545
761 93 401
715 781 201
825 337 778
2 15 572
281 115 525
713 697 451
972 508 473
715 501 301
550 186 825
960 127 681
361 63 408
541 875 361
749 837 479
871 441 948
812 269 457
161 625 861
20 841 426
933 333 401
241 334 771
153 521 489
301 960 405
959 597 245
663 284 241
425 574 685
327 751 497
337 221 577
341 676 871
381 797 41
1 797 821
917 541 705
976 105 209
101 730 313
461 793 851
647 35 137
391 700 880
191 456 593
242 641 939
935 375 882
55 225 161
261 217 31
65 726 21
126 601 27
643 189 506
371 485 51
722 607 756
796 769 833
383 806 447
295 13 416
105 121 939
256 342 701
691 951 194
973 601 929
586 441 273
253 315 541
421 513 449
649 549 533
549 301 941
605 201 840
989 577 312
125 353 571
711 701 446
937 319 99
256 533 341
221 865 451
591 761 757
538 936 521
493 866 973
625 700 177
49 801 601
151 437 665
464 415 209
151 857 697
557 865 752
657 947 983
369 156 995
859 33 133
583 781 866
517 665 564
777 409 472
338 521 555
401 636 241
635 578 291
801 527 145
226 406 777
537 393 425
312 799 193
929 89 249
449 779 345
33 701 229
519 336 887
185 645 207
849 5 876
509 331 834
461 318 619
569 7 832
474 601 518
241 659 933
113 141 179
957 63 661
803 441 101
210 841 161
227 109 319
603 799 314
856 154 541
166 465 49
345 789 713
457 585 216
471 696 237
841 521 289
1 561 693
831 305 759
689 101 486
766 441 954
585 141 76
788 741 721
231 496 847
806 111 845
297 585 809
206 566 287
313 51 121
409 726 369
561 655 389
749 416 701
789 978 571
431 953 357
157 604 385
977 889 401
941 962 376
769 215 401
222 466 890
81 691 252
311 703 164
625 571 145
667 104 794
632 616 769
138 629 801
171 9 201
21 133 85
943 961 116
827 1 199
921 178 915
229 25 181
817 472 843
84 699 701
801 97 781
553 787 567
465 401 745
633 876 817
17 222 880
57 1 251
275 313 612
524 281 101
361 300 251
837 701 793
857 913 621
133 551 407
896 149 881
427 631 821
376 897 861
475 963 671
191 993 461
481 515 97
128 89 45
311 210 907
453 946 103
613 545 545
861 281 501
318 65 62
273 449 521
535 397 442
116 151 897
766 801 24
941 491 481
862 179 511
498 746 101
883 157 921
849 391 927
201 531 401
40 583 571
647 959 857
965 653 933
417 707 332
848 403 869
1 97 758
153 741 893
299 864 697
987 873 981
941 848 1
349 46 481
278 838 1
951 6 902
388 143 566
183 617 145
151 521 41
552 364 450
313 524 149
909 673 301
941 497 844
671 473 907
525 777 959
221 937 381
611 540 731
506 297 461
25 357 521
106 564 648
681 503 88
1 782 753
793 215 793
515 407 396
861 121 421
609 928 136
41 371 241
358 145 417
530 316 169
941 265 586
863 201 465
982 198 391
761 473 335
225 282 501
827 741 809
601 401 126
18 535 575
315 772 503
603 495 665
201 561 530
421 393 716
521 714 550
625 392 401
873 184 985
939 37 131
565 759 716
11 93 957
215 601 589
306 90 585
959 754 81
732 381 841
744 495 442
841 921 389
37 513 439
745 225 517
476 271 102
231 121 699
20 41 928
81 87 829
154 233 64
101 605 489
812 397 366
451 459 241
201 221 376
421 377 658
309 576 921
289 749 969
698 507 937
881 277 937
905 941 377
93 681 598
423 926 201
825 241 683
292 854 881
805 201 300
745 911 225
331 978 113
796 765 251
961 33 401
71 561 78
297 553 570
195 877 539
801 685 121
5 619 6
974 305 111
506 425 433
841 749 901
713 513 962
918 578 769
337 544 583
961 278 889
417 441 287
35 106 831
481 427 753
752 435 776
221 97 361
41 173 489
541 640 569
427 5 305
291 233 95
561 424 57
685 934 893
169 905 576
109 393 517
238 298 11
157 309 291
473 651 559
840 981 385
447 611 961
561 800 869
880 748 697
205 165 676
688 276 439
602 409 658
951 801 49
114 265 461
901 569 945
790 286 641
611 937 951
921 967 31
273 259 13
301 861 156
166 794 631
75 339 801
306 117 413
923 485 409
673 938 234
219 481 241
273 959 116
727 697 609
935 625 49
753 771 165
346 28 630
969 848 817
278 607 355
621 473 919
528 196 57
1 1 123
505 101 792
561 1 969
136 69 329
301 381 428
371 606 777
928 168 199
221 505 777
41 673 251
782 633 449
430 342 191
41 820 361
569 885 309
258 691 211
483 301 641
601 429 953
379 501 846
241 391 680
243 794 547
337 793 969
316 820 925
223 614 494
376 189 457
671 887 91
785 305 521
407 521 593
621 1 449
43 736 421
174 157 321
241 155 901
385 286 493
776 989 831
11 190 106
745 553 691
671 881 463
799 661 280
237 686 41
21 674 105
57 202 959
796 677 96
865 368 340
185 529 774
377 431 289
364 129 621
611 301 770
921 93 907
911 131 722
553 198 714
780 496 723
381 226 239
65 729 426
715 649 561
781 31 490
409 793 753
753 669 14
159 42 1
75 424 961
645 986 28
739 175 741
141 99 473
625 531 147
887 237 817
931 561 416
711 514 625
621 633 251
217 785 668
917 983 521
721 201 562
904 473 743
55 321 801
53 361 786
413 433 869
76 271 251
714 848 509
945 641 945
775 288 358
53 220 284
432 913 381
549 666 801
847 192 528
846 925 549
267 931 357
873 301 606
529 909 234
369 121 587
567 25 111
726 16 601
874 295 481
101 713 954
351 487 981
561 761 481
663 433 923
251 765 729
147 871 361
823 283 986
559 502 601
851 981 709
801 239 673
997 466 633
57 466 697
531 549 199
669 795 491
485 121 337
581 465 641
405 191 133
120 591 642
689 39 633
77 890 522
885 561 943
671 897 165
172 301 3
841 609 353
901 6 761
145 865 791
852 402 261
327 933 859
425 49 781
141 185 173
93 792 691
637 66 769
373 151 281
283 28 171
347 20 281
801 973 161
13 109 525
177 721 609
113 731 726
937 107 441
214 43 279
346 111 292
743 281 515
745 937 381
655 1 489
968 329 89
611 567 549
881 909 131
595 965 293
505 377 821
26 943 493
893 876 785
921 814 673
213 99 65
854 711 688
261 163 345
641 42 477
717 535 606
265 953 170
729 112 141
199 423 851
546 851 487
577 485 953
273 916 371
793 919 517
889 833 629
525 162 705
77 241 295
301 193 83
969 801 559
49 41 769
971 309 402
401 791 755
31 526 34
761 308 511
863 373 660
219 140 409
601 193 626
931 419 393
499 587 110
569 329 697
397 386 587
9 776 807
461 121 601
600 569 741
337 309 409
809 905 718
541 272 811
887 487 418
146 617 34
137 143 413
791 621 192
913 314 14
805 11 161
46 833 641
647 815 250
485 551 737
525 641 970
272 614 979
656 619 284
869 433 442
586 145 581
141 269 771
813 811 461
691 623 521
137 781 588
753 387 185
38 885 547
860 365 978
643 801 393
569 625 93
331 51 645
441 726 311
225 886 961
883 983 405
137 423 146
961 521 695
993 71 621
189 6 226
921 587 822
229 657 85
576 40 971
486 388 236
529 986 776
237 582 261
127 804 309
145 775 761
526 721 953
203 659 260
1 765 89
115 161 65
301 38 729
473 911 721
855 955 865
341 816 217
661 850 240
412 601 801
675 521 144
727 585 941
617 451 849
259 821 189
491 43 845
505 144 578
361 51 469
729 644 442
418 975 249
801 201 210
845 908 461
791 503 21
191 109 777
166 371 171
89 309 543
326 276 793
927 161 737
404 951 496
761 327 505
147 109 29
312 401 801
877 576 821
95 329 80
173 983 764
771 633 360
220 417 521
137 722 616
417 969 857
201 326 625
35 761 579
187 231 593
473 171 537
211 777 976
649 697 453
764 151 109
381 955 589
289 59 84
9 607 633
155 322 893
941 211 531
968 67 1
678 988 716
841 251 337
330 921 726
610 203 789
720 350 337
266 729 681
196 241 436
771 625 85
364 933 295
97 873 657
425 986 949
173 941 12
335 257 42
429 61 903
852 835 549
918 269 401
101 446 315
694 953 10
964 309 901
66 214 97
297 525 239
743 691 201
103 887 929
321 341 169
328 633 289
811 656 976
599 441 397
601 221 331
697 31 76
51 121 905
601 201 416
233 93 748
551 380 265
662 362 384
101 361 997
185 635 181
767 561 146
425 935 553
753 931 191
28 121 459
591 253 997
761 601 919
859 841 159
773 991 465
697 180 676
877 228 965
239 773 797
72 826 969
382 876 449
839 145 195
897 283 817
35 691 531
901 91 897
716 911 861
65 401 126
801 369 217
81 411 904
421 293 505
971 577 695
297 797 501
721 857 963
183 986 911
25 655 447
289 921 785
901 901 722
781 622 478
627 507 550
532 371 917
595 666 685
220 929 393
839 393 709
969 401 722
29 686 451
898 705 313
689 501 341
785 490 649
633 841 831
346 723 641
781 531 433
152 839 51
455 237 801
169 721 105
991 421 540
277 566 481
951 537 881
66 183 990
825 817 761
754 133 997
1 978 17
705 749 351
425 498 676
981 761 20
961 498 331
65 177 810
687 126 841
959 351 297
95 597 9
456 473 882
471 489 1
683 924 603
529 173 885
649 178 119
698 803 621
570 191 881
475 921 15
501 91 601
292 79 907
649 478 271
451 565 346
200 257 769
571 891 243
921 736 961
233 881 834
661 279 397
801 347 841
224 496 62
451 151 735
201 481 1
551 222 213
909 449 55
723 113 203
753 974 579
447 648 917
666 656 622
417 880 741
518 86 421
329 675 506
107 406 801
323 993 455
25 621 749
331 311 849
217 977 73
953 82 852
861 181 129
517 773 703
798 265 389
21 491 672
962 892 736
283 961 621
692 437 937
449 27 519
801 471 199
776 573 8
989 593 457
192 305 307
259 713 759
661 939 737
17 391 751
401 49 3
968 717 435
361 341 89
925 17 501
891 72 385
331 463 865
593 41 65
164 673 69
177 733 226
411 992 661
401 685 609
61 633 241
659 581 288
325 403 929
355 821 662
857 901 703
757 431 918
197 675 91
687 776 65
991 439 829
875 727 813
745 931 717
880 719 553
561 585 717
896 112 265
234 289 930
911 319 757
496 157 143
441 801 457
270 917 378
664 908 489
153 1 745
75 751 429
97 601 693
86 567 968
373 659 831
85 967 780
278 850 869
163 601 945
109 988 537
601 1 413
249 551 978
701 229 683
333 121 841
483 663 967
887 170 217
133 851 809
705 661 805
907 961 258
943 71 16
301 54 968
219 43 496
351 761 457
721 866 825
877 216 179
529 105 151
329 997 628
678 637 577
609 377 897
905 797 959
597 660 779
269 947 641
989 741 592
983 329 780
208 83 193
291 161 661
185 93 811
710 150 385
434 589 811
201 245 601
5 997 126
401 361 216
485 289 427
581 166 797
729 817 626
341 559 761
851 674 560
265 103 21
893 521 803
51 200 307
573 173 573
697 897 226
526 562 467
257 541 481
881 341 571
71 867 580
301 73 501
42 11 1
125 211 196
449 309 156
231 986 633
841 1 75
511 579 901
313 175 341
669 492 170
238 905 376
993 444 833
386 641 332
425 948 262
440 945 915
281 985 641
304 460 677
589 133 249
113 856 575
65 849 381
77 371 643
926 461 886
265 847 337
801 961 705
950 35 221
228 947 796
458 65 131
291 174 905
961 841 910
705 953 285
921 549 223
281 586 630
541 199 326
944 51 492
903 161 57
106 901 243
365 896 539
860 8 419
825 793 345
490 101 565
913 670 436
933 651 337
221 869 41
961 376 11
601 563 157
189 629 81
849 487 727
738 353 952
464 713 897
297 269 7
366 333 669
873 841 333
569 757 479
841 501 689
