56
963 12 8
953 67 18
266 295 2
914 177 24
73 670 46
189 825 89
1000 931 47
989 733 97
530 782 10
574 226 37
863 478 3
65 929 68
443 345 30
683 592 95
806 349 81
983 648 3
599 378 9
559 859 20
70 662 50
996 980 2
367 168 87
583 48 53
359 700 80
123 135 72
429 920 27
38 381 65
345 377 5
958 254 32
372 267 86
901 357 11
437 449 24
680 235 48
890 946 35
793 503 69
147 323 52
453 171 45
889 89 79
583 60 40
821 682 86
478 552 54
530 977 78
242 272 61
540 236 64
398 927 94
827 34 17
952 881 71
570 898 80
690 140 77
51 248 65
441 399 99
992 377 22
760 437 42
716 524 45
497 83 73
705 888 58
790 405 23
