3243
537 585 199
25 201 969
561 321 551
713 143 245
501 425 601
985 917 901
300 803 851
433 698 118
355 609 161
497 228 705
801 654 557
565 308 499
769 721 705
859 14 701
405 434 323
867 527 146
933 894 941
551 18 776
901 701 217
565 38 541
838 214 744
815 266 809
617 405 599
941 623 592
961 453 11
825 237 237
181 497 697
453 528 723
173 65 616
776 577 937
82 19 569
267 257 501
995 348 689
2 350 626
401 51 744
61 417 966
449 379 290
235 389 209
307 841 173
924 857 633
721 367 153
751 401 857
249 678 891
666 751 241
746 336 1
719 382 396
47 397 979
800 716 95
876 980 883
387 100 373
801 57 547
367 19 471
139 326 871
568 41 112
720 203 411
259 871 773
685 233 506
917 565 93
540 41 601
219 323 491
705 527 151
431 69 480
436 610 884
311 785 353
767 201 459
362 612 722
514 789 575
122 215 581
481 65 168
521 511 125
865 789 121
875 773 769
589 289 413
357 421 251
737 6 897
541 593 552
666 270 547
601 254 749
41 1 241
816 569 176
841 249 657
983 321 543
897 641 346
956 953 769
653 326 615
213 849 575
885 911 541
93 997 603
506 201 321
51 9 709
939 309 117
626 601 129
701 737 493
894 667 791
81 637 671
579 301 301
161 715 780
898 561 201
107 227 441
883 406 623
621 817 657
305 71 199
133 217 177
591 561 941
166 2 843
966 157 496
49 387 449
545 763 763
281 736 622
633 229 537
721 188 51
533 829 701
101 311 421
610 910 701
577 348 811
585 227 677
241 20 948
451 326 461
925 815 150
925 251 636
561 941 297
793 90 916
89 92 121
661 37 816
757 73 932
961 963 661
751 485 867
611 673 781
987 432 129
40 874 677
253 397 718
832 124 586
221 663 342
305 37 281
253 688 561
1 523 221
321 211 415
921 779 61
70 91 360
41 8 521
787 811 85
43 756 5
865 445 786
617 269 733
873 985 539
881 495 439
324 455 465
897 634 554
306 714 881
672 321 723
121 201 56
201 130 26
311 26 301
393 740 401
131 177 248
781 773 91
164 45 431
265 151 560
141 795 307
530 599 452
261 394 763
726 162 769
41 686 486
141 561 579
709 393 373
441 197 297
876 961 883
887 254 1
684 43 585
841 900 499
511 984 201
727 458 577
361 818 49
386 181 633
466 376 226
479 201 301
113 920 776
926 833 105
897 214 601
31 741 851
929 753 141
917 225 879
767 404 729
697 629 189
921 187 993
425 483 25
36 893 705
211 525 707
194 793 231
881 247 481
88 89 39
471 529 485
899 288 393
297 713 820
286 852 781
861 568 361
137 561 841
753 141 922
513 785 609
670 684 696
597 339 155
228 827 857
173 681 141
385 101 204
997 641 941
151 227 357
297 487 372
421 801 385
269 417 521
195 95 847
961 905 137
957 317 597
566 18 532
181 301 441
85 995 274
97 126 981
121 780 705
861 401 309
837 35 474
851 1 329
840 709 693
497 21 985
396 291 195
321 395 963
787 137 517
918 643 601
331 963 949
501 295 606
809 434 931
384 94 409
585 703 967
60 673 337
517 668 739
97 1 65
961 759 699
465 1000 461
236 161 154
145 276 218
105 636 983
327 826 105
674 340 387
864 921 200
941 409 856
41 209 327
950 501 409
245 241 57
827 235 937
521 301 861
25 301 265
517 796 626
833 777 785
612 991 746
671 36 187
833 569 5
673 625 763
169 484 301
550 163 834
1 629 27
18 425 897
649 913 577
732 168 717
107 883 953
677 865 783
569 552 286
247 217 571
65 399 970
821 192 130
121 461 235
1 489 12
956 297 731
137 751 161
726 526 741
947 321 881
215 701 671
710 351 1
946 598 637
303 921 267
930 855 607
945 11 681
987 446 699
740 97 519
67 911 386
151 401 857
951 546 1
526 847 71
84 394 155
746 231 721
89 41 643
701 585 41
626 393 907
346 257 29
605 250 169
241 950 281
186 569 699
949 566 611
325 383 505
381 351 969
36 120 97
391 899 626
471 969 711
362 651 809
840 671 768
371 499 926
537 608 652
344 201 96
251 801 96
806 35 81
777 229 677
700 991 945
963 521 598
541 756 971
337 505 825
362 517 101
913 513 661
773 446 211
258 866 319
561 355 488
717 922 665
780 189 505
729 978 409
437 419 60
218 816 627
786 361 452
666 713 889
673 41 492
693 817 710
160 801 776
691 941 311
671 908 751
717 816 84
672 751 269
201 469 696
373 171 673
767 176 141
329 701 339
465 601 313
309 911 567
667 476 161
721 953 741
26 841 572
1 62 22
155 877 691
146 5 681
305 905 626
235 881 500
501 389 668
397 701 217
249 363 544
855 766 829
53 963 909
385 927 976
592 434 781
261 59 189
426 417 33
864 1 941
571 721 1
229 843 521
97 538 147
665 76 114
811 761 967
401 845 295
724 601 461
126 505 437
761 881 589
41 561 221
307 11 773
322 757 807
887 105 513
217 793 951
765 183 944
981 801 301
245 597 969
703 567 759
488 819 501
481 27 773
935 922 845
257 765 605
164 633 233
997 896 785
817 456 201
297 249 250
999 204 563
151 548 501
920 455 781
759 18 643
876 282 881
165 433 571
36 567 649
505 801 630
361 751 305
137 321 916
305 521 996
352 941 781
689 237 601
147 849 561
61 91 761
211 967 569
569 930 61
859 931 676
520 325 123
561 360 619
336 645 121
383 301 851
267 26 176
521 929 345
15 324 456
613 571 916
321 227 912
713 458 988
425 667 751
41 213 372
817 475 423
249 785 985
338 566 385
185 446 161
218 101 441
746 980 101
414 721 597
245 773 716
461 292 823
913 9 233
901 405 1
90 481 913
321 153 151
93 633 457
484 331 443
905 186 981
345 991 291
701 4 365
517 85 721
317 550 393
371 471 892
459 909 13
557 209 791
891 185 181
259 43 400
401 563 81
89 412 972
211 820 441
705 652 416
32 427 15
658 327 952
415 433 937
109 347 81
785 928 150
31 361 330
801 284 363
217 212 933
952 823 303
341 425 638
165 517 219
545 721 1
597 825 633
406 755 145
355 612 51
329 565 613
43 809 569
37 179 465
781 721 849
463 257 220
921 157 394
810 762 379
168 45 121
901 609 933
580 451 1
11 65 620
409 499 385
513 173 825
921 2 425
886 924 247
185 61 490
57 513 876
541 632 502
152 801 119
265 263 891
891 676 322
281 42 437
264 590 978
336 473 761
801 575 96
985 789 271
198 315 999
233 795 489
885 693 509
186 307 753
477 502 381
509 513 963
563 51 293
17 523 881
584 146 101
219 103 492
582 927 11
8 771 859
105 501 674
67 821 840
271 601 123
825 701 421
185 924 857
836 970 121
624 751 926
491 271 941
11 795 258
692 791 949
61 409 341
1 879 599
721 603 41
206 279 615
439 497 601
560 949 832
971 811 306
17 851 104
472 701 655
508 681 865
953 585 293
193 365 557
681 77 273
146 21 165
371 244 676
981 129 261
281 283 265
40 187 797
36 85 890
901 309 215
393 247 811
385 813 299
553 180 611
854 877 366
601 675 12
648 21 606
441 834 51
828 562 998
585 877 479
416 957 693
772 561 293
317 337 801
337 261 129
531 755 501
296 841 345
870 945 159
881 177 913
657 975 631
865 377 815
586 549 381
869 668 983
619 246 540
498 781 699
615 21 226
31 357 161
577 409 515
1 821 316
995 941 491
1 242 31
707 273 241
529 582 745
701 40 321
797 501 549
346 782 689
751 671 109
17 981 91
100 453 492
849 966 653
357 168 317
551 684 471
697 551 399
625 357 454
154 54 155
65 12 451
823 511 503
509 197 738
567 561 949
309 77 211
173 988 101
411 11 457
126 579 101
573 397 333
641 181 740
893 393 249
226 756 132
515 756 85
21 710 466
825 358 497
898 61 952
814 95 297
321 393 522
881 859 721
237 966 832
947 980 951
217 420 376
681 403 571
836 167 675
795 624 216
825 729 366
784 501 227
993 505 551
161 335 932
805 561 491
709 51 325
529 693 582
89 643 341
9 297 177
979 917 657
101 528 233
524 417 615
731 508 105
51 351 154
129 771 749
161 319 821
941 381 349
673 553 625
626 457 364
601 915 407
131 141 425
215 733 857
554 218 150
649 281 399
921 657 250
251 698 393
349 801 745
487 735 586
425 427 959
801 457 901
941 41 941
607 489 109
93 772 839
980 21 848
754 345 414
759 85 785
407 743 523
431 349 973
321 339 911
484 839 665
231 729 282
597 427 915
939 615 101
962 851 151
446 865 44
463 623 719
259 745 905
471 126 660
101 528 577
65 681 843
376 834 603
889 513 475
451 861 961
171 1000 789
161 329 328
823 372 641
351 915 189
411 890 1
557 8 437
891 811 661
647 185 193
731 860 726
229 191 573
377 430 757
759 93 361
463 914 933
897 853 231
353 726 65
273 553 381
981 741 577
278 46 545
347 677 984
601 628 489
633 491 161
175 841 801
789 945 653
998 145 301
8 332 7
39 957 731
31 975 723
741 261 961
5 903 229
502 985 669
64 733 145
191 753 33
665 804 791
200 761 601
481 355 572
500 316 957
921 986 529
874 751 893
584 161 995
200 51 997
329 123 633
7 25 911
946 1 393
193 458 571
134 25 353
910 965 749
729 727 313
129 182 585
343 589 317
280 241 594
201 332 809
236 733 471
46 267 447
876 253 561
181 651 945
449 47 401
629 947 256
282 644 821
533 423 489
673 345 303
233 231 657
921 449 893
756 926 145
447 220 829
960 605 951
390 46 776
341 617 275
137 65 209
169 81 789
537 353 857
317 631 566
845 31 140
513 885 697
641 948 183
547 819 771
168 65 641
596 961 89
405 469 865
969 989 441
72 29 582
1 613 513
65 541 765
697 735 250
601 945 726
229 985 171
354 591 835
921 585 113
861 565 541
92 708 312
511 593 733
243 117 959
217 697 563
648 139 545
942 35 33
262 104 201
685 501 41
368 17 79
929 883 773
121 565 1
174 877 46
26 503 497
307 195 457
154 521 625
452 185 577
260 743 233
221 701 169
493 641 489
33 737 599
601 915 733
532 729 569
183 625 1
805 452 339
461 961 416
275 501 536
45 211 809
121 36 575
801 835 967
173 137 599
542 229 626
453 80 890
185 921 486
931 525 201
609 226 521
287 438 441
497 45 913
865 485 373
181 591 677
577 995 608
691 771 731
311 48 131
901 291 318
702 994 157
993 865 164
575 779 221
666 590 617
448 166 59
217 355 937
213 918 867
989 785 393
51 880 544
789 709 571
229 829 479
433 690 431
249 153 203
409 865 846
841 401 449
820 791 113
309 63 889
79 449 517
173 138 217
590 179 897
403 489 587
47 60 341
279 784 61
389 505 101
696 563 376
197 60 951
522 241 738
263 989 616
792 431 188
663 443 15
1 729 833
751 262 881
729 189 531
364 265 65
249 545 505
369 843 177
21 478 683
386 256 65
637 286 231
97 815 807
1 305 121
741 521 53
937 401 491
379 641 615
362 841 301
737 184 571
609 183 776
810 756 201
81 897 401
720 721 305
651 661 538
529 264 501
709 381 109
351 521 522
630 751 223
921 167 282
89 971 381
85 155 193
90 80 786
81 751 573
231 173 572
723 423 299
639 689 433
481 271 533
39 529 19
238 425 622
237 909 767
653 181 481
381 317 816
617 254 623
851 950 444
551 666 974
578 725 745
320 228 381
649 344 185
313 23 487
650 65 793
801 547 961
482 361 781
501 681 721
841 889 120
378 139 464
366 426 288
416 561 233
403 617 164
337 816 421
571 593 21
663 1 243
501 241 641
159 405 750
394 161 35
23 830 617
961 987 765
70 854 345
953 821 951
899 8 79
171 289 885
281 500 65
401 44 509
328 229 289
651 656 961
281 361 95
929 619 571
215 382 753
218 208 813
664 329 626
897 925 161
569 301 885
387 361 703
946 454 985
441 937 678
954 859 641
762 301 131
257 472 364
57 607 902
634 498 455
936 527 257
90 76 260
207 87 172
79 873 305
749 369 486
66 153 118
540 738 391
277 326 438
493 758 811
45 945 992
393 653 806
856 449 656
306 417 731
926 545 321
56 149 309
999 621 597
45 66 713
761 149 867
404 804 41
636 303 105
475 160 278
591 223 154
804 247 623
441 991 376
921 117 993
947 416 301
381 553 337
313 647 412
105 705 643
797 661 576
515 595 937
212 391 163
409 416 429
738 431 298
605 91 631
233 725 743
641 649 991
69 987 422
142 641 163
105 481 670
868 656 439
252 791 51
681 273 871
713 671 17
773 238 851
593 23 561
401 231 733
923 833 438
446 833 479
165 746 741
993 199 829
321 493 771
780 561 203
261 709 799
281 958 219
651 241 740
363 283 457
331 241 933
221 553 955
755 844 857
91 861 831
327 153 993
853 85 401
455 137 961
126 719 147
59 762 591
301 167 625
697 481 830
127 585 688
361 116 653
165 601 916
701 876 947
685 129 643
485 687 961
911 841 101
119 728 333
409 64 337
866 505 97
818 53 983
668 3 467
545 810 940
801 891 371
891 911 224
217 113 876
825 471 904
279 331 92
737 47 467
9 571 334
617 101 93
816 537 249
252 501 547
785 897 170
689 649 865
811 115 201
841 701 501
214 603 196
28 761 306
481 361 753
146 281 738
761 836 332
766 206 162
883 345 811
646 585 225
725 961 661
73 671 751
181 780 431
207 281 277
1 867 513
711 145 767
695 173 201
801 369 105
881 779 157
863 527 231
904 569 385
209 912 955
993 277 477
815 809 69
619 438 443
529 13 201
559 276 53
863 61 441
273 909 463
788 826 701
806 415 681
671 811 9
173 84 761
941 853 753
655 405 999
89 407 701
172 79 423
752 660 679
841 543 890
487 931 731
115 69 631
201 553 442
553 484 11
263 163 255
309 527 81
496 565 722
709 855 581
845 133 597
329 83 304
433 977 923
5 837 532
215 863 691
401 857 115
199 809 41
846 826 521
812 536 593
101 801 117
723 585 113
863 221 367
416 509 267
217 212 485
97 996 506
671 909 417
419 389 81
56 535 855
625 380 123
745 159 861
364 731 999
119 17 225
561 61 632
435 306 501
196 757 541
1 953 537
82 321 609
649 460 761
16 57 6
757 751 677
23 513 347
849 713 633
711 168 140
785 920 1
437 3 929
236 965 720
791 507 601
266 383 841
251 89 65
704 751 430
595 15 85
573 753 361
807 812 745
206 178 436
581 391 521
701 764 209
803 1 902
183 156 385
705 368 807
442 201 773
819 265 241
65 100 381
429 865 311
717 947 96
879 241 355
881 426 461
635 33 302
176 241 461
138 988 843
753 146 512
809 118 369
775 655 826
467 232 521
637 217 746
552 91 480
963 321 254
151 897 925
65 849 578
289 201 136
657 949 486
742 56 148
389 209 641
947 79 153
871 571 891
435 537 188
557 320 513
313 201 439
535 305 532
323 568 761
821 711 253
917 361 381
949 865 411
593 901 785
41 717 241
568 441 497
886 209 113
529 791 901
81 891 521
489 301 559
195 535 531
82 161 713
969 1 941
201 275 901
656 93 585
35 451 521
638 73 257
639 81 85
796 361 977
358 277 649
999 673 991
145 741 531
873 897 389
872 573 841
676 328 337
881 89 939
745 66 657
58 491 531
551 977 185
601 509 939
671 726 969
451 611 864
481 831 521
537 845 151
441 480 921
991 49 61
443 106 451
295 485 192
301 689 587
876 57 169
975 297 745
189 19 615
651 258 575
752 74 41
833 815 525
991 101 626
424 940 548
96 578 929
401 775 401
701 61 946
665 101 401
635 41 215
41 163 283
276 36 945
41 917 660
247 746 241
131 553 839
825 131 697
454 535 201
729 43 486
801 231 639
805 713 234
1 736 730
257 683 53
751 569 672
437 681 253
411 351 1
170 753 214
520 266 626
532 126 751
89 946 201
180 205 901
651 573 215
225 840 225
329 719 561
654 1 449
6 637 76
725 945 852
870 421 277
166 425 16
233 933 32
109 981 976
802 461 105
957 461 831
877 81 209
431 173 577
121 316 501
301 257 467
794 740 354
233 403 51
355 505 276
758 921 246
841 837 207
401 33 785
561 451 106
766 201 929
456 188 1
895 121 60
896 257 381
57 734 175
809 730 169
823 877 191
11 161 342
256 486 796
793 719 176
27 958 473
723 821 879
233 977 230
83 501 661
851 369 323
977 125 517
301 369 371
719 409 169
208 83 409
299 980 141
797 418 697
103 688 371
127 953 220
481 969 305
185 418 625
449 497 149
767 379 251
693 701 502
159 883 1
121 772 237
52 431 473
383 747 347
865 13 776
641 91 2
73 901 669
185 413 57
753 709 856
622 987 296
1 619 801
517 261 742
226 785 573
23 642 501
270 67 281
361 653 572
846 273 818
56 209 473
617 37 550
161 601 447
953 781 666
343 654 150
337 891 401
137 502 881
551 641 29
397 139 102
15 277 765
665 869 481
642 551 373
367 104 221
601 879 531
205 891 801
472 154 233
16 664 175
870 827 561
109 209 653
889 237 866
601 475 593
497 878 526
809 321 278
399 903 504
363 152 291
506 969 946
193 681 863
952 551 691
450 581 833
662 361 682
93 871 411
89 639 520
489 586 369
305 381 609
537 677 249
64 257 137
281 973 918
716 181 601
73 407 76
751 804 441
257 41 923
381 560 659
713 51 1
33 932 289
201 373 745
641 565 343
986 989 217
11 887 751
341 35 697
177 817 331
398 860 237
697 487 976
25 795 689
513 627 921
629 657 346
257 501 301
897 302 5
401 210 365
369 565 449
247 503 65
593 317 828
40 333 401
197 345 299
458 241 321
493 501 459
821 181 609
896 884 581
369 753 669
251 446 395
484 10 596
919 734 725
277 636 537
489 671 367
465 333 639
881 326 544
337 517 790
241 877 921
453 961 785
415 893 109
31 941 410
53 135 881
583 513 919
176 1 87
501 640 297
341 836 953
973 948 714
733 761 951
487 587 129
281 609 455
955 511 875
553 691 833
305 471 537
353 963 536
346 663 276
305 457 984
498 511 468
697 369 847
460 433 913
671 881 249
709 556 489
597 125 189
541 785 401
512 939 214
607 943 651
85 419 293
489 825 992
385 473 750
741 619 725
653 493 809
861 971 117
447 361 676
543 100 125
841 481 841
171 189 432
866 173 953
587 381 283
170 877 881
425 236 121
889 541 149
181 717 663
751 329 491
466 401 656
853 181 51
396 435 727
531 973 731
797 413 501
641 425 281
826 17 635
87 784 311
985 784 507
661 222 661
32 755 407
456 988 461
330 721 523
315 360 681
415 399 709
181 148 865
923 401 669
691 945 419
855 281 569
289 281 952
481 206 735
927 725 881
821 955 341
269 454 554
64 919 71
225 651 772
377 694 327
843 651 953
901 273 819
89 377 736
176 151 513
501 241 136
721 549 65
13 291 909
1 94 793
606 40 229
826 7 840
609 271 585
900 431 366
296 456 561
966 46 415
934 749 345
167 490 259
9 351 79
551 109 161
89 907 161
201 479 361
46 178 411
838 633 97
169 312 649
623 47 129
425 573 821
266 315 787
726 201 321
544 206 449
545 361 578
62 125 84
423 920 581
221 887 671
116 723 325
784 33 377
473 376 876
383 593 751
523 762 729
93 161 3
202 153 428
845 223 641
389 110 803
811 331 884
1 373 297
414 279 229
711 749 337
105 44 393
897 658 591
758 501 517
3 365 361
601 124 501
351 533 431
248 472 431
865 113 817
923 962 99
51 895 260
651 543 801
181 342 431
176 960 801
412 204 501
133 6 27
901 640 194
305 375 84
761 490 733
979 963 845
761 188 361
960 162 681
486 833 715
2 316 886
681 322 953
227 21 437
301 681 16
843 609 185
369 576 401
342 643 635
43 25 921
589 493 781
841 711 929
817 51 831
251 66 288
817 531 386
530 868 959
103 539 126
973 801 433
985 443 621
701 441 843
151 581 908
491 619 64
965 644 205
651 407 113
678 146 285
991 496 801
271 1 343
893 453 160
646 759 163
487 715 984
817 570 18
437 741 37
293 288 921
355 518 419
84 356 721
331 51 65
654 864 626
771 521 551
201 920 945
973 553 447
181 161 801
113 231 1
806 761 576
973 731 729
505 706 955
489 833 311
87 21 41
506 521 93
183 405 481
409 141 873
644 289 849
587 126 971
312 705 971
75 327 761
608 323 876
23 87 255
177 833 305
701 488 901
905 417 885
101 825 526
169 521 198
926 352 45
49 581 152
321 111 995
119 201 759
601 429 771
201 441 769
441 761 412
591 493 249
693 836 31
313 161 137
658 581 553
886 240 169
982 905 559
1 861 977
652 491 251
973 873 101
555 901 354
737 727 115
738 621 681
93 922 508
409 926 672
512 743 668
501 399 405
144 681 491
217 285 410
823 406 151
662 929 590
559 701 641
586 73 365
413 887 611
401 301 943
459 989 192
925 131 277
737 981 651
939 241 775
599 753 761
261 249 17
788 393 927
293 309 876
433 351 589
569 941 147
126 641 956
15 741 442
353 549 791
251 761 789
74 471 551
156 706 501
361 851 861
978 921 951
928 357 791
624 101 23
581 601 777
497 413 901
235 501 185
637 885 818
647 865 5
163 467 512
971 526 270
340 491 569
809 985 321
641 623 833
225 681 979
837 201 117
153 187 757
139 901 241
419 783 785
581 756 313
283 777 761
760 981 547
457 226 384
985 819 741
754 87 9
742 406 586
297 451 294
809 329 437
395 986 721
221 814 843
98 321 906
267 193 651
171 93 618
32 279 849
361 825 694
494 531 946
290 323 517
977 771 62
243 155 802
568 97 663
626 801 952
799 798 521
721 398 233
713 852 341
689 86 357
67 19 501
621 587 965
641 93 773
119 180 317
145 493 751
703 137 345
897 507 751
385 559 253
946 921 586
663 191 581
901 961 782
129 661 545
70 367 161
151 464 685
325 185 888
693 994 646
900 293 61
106 657 781
170 763 193
359 281 563
857 296 852
881 797 819
989 921 691
617 876 741
334 271 641
441 102 105
542 231 496
433 89 15
1 241 217
590 113 243
760 593 499
155 334 321
166 75 35
826 4 900
41 563 449
415 17 173
527 721 651
536 985 526
88 255 875
842 537 97
121 341 905
877 284 449
577 111 776
361 297 780
735 641 119
141 581 30
198 206 625
34 453 126
35 429 951
136 825 300
799 6 350
599 617 325
659 823 901
811 945 805
117 481 929
263 31 797
851 931 785
915 665 569
483 829 145
81 121 337
521 87 571
185 716 949
113 710 609
261 839 36
917 911 569
777 305 353
265 225 729
473 697 129
452 763 695
417 868 577
413 773 471
378 691 260
923 729 73
89 494 327
605 105 865
921 509 89
621 179 771
301 449 831
759 629 17
725 101 389
906 825 936
710 635 886
251 903 603
37 551 17
99 53 211
561 81 523
581 551 379
777 278 458
520 196 103
810 2 996
881 154 172
958 793 597
889 831 459
505 441 563
501 1 859
981 252 319
752 27 77
126 871 816
82 729 369
462 733 675
546 794 505
65 888 73
457 676 297
37 615 849
527 31 635
776 941 177
627 143 475
113 222 853
801 451 503
613 97 805
305 601 629
863 487 99
240 589 943
761 131 300
673 661 713
477 359 227
916 897 796
641 837 159
993 601 681
763 668 117
961 91 413
851 821 753
113 513 971
389 480 204
183 981 99
426 763 929
991 57 697
217 826 442
195 325 791
153 793 876
473 357 853
665 516 798
879 331 617
593 884 601
75 887 143
521 235 633
357 717 975
306 854 580
445 292 733
841 485 461
547 250 251
587 471 791
291 481 241
395 255 557
375 401 169
470 289 95
409 881 413
325 401 949
801 397 236
406 753 165
903 350 526
695 501 209
437 406 809
773 746 689
617 416 433
565 151 273
29 89 714
641 412 695
609 441 601
470 392 909
717 801 278
364 570 979
65 211 109
181 151 976
821 60 961
935 601 501
736 571 39
801 17 155
689 249 167
843 531 281
549 539 332
539 852 546
981 451 429
573 705 201
482 706 820
502 791 40
771 856 187
961 315 698
391 76 453
925 68 68
553 1 311
897 201 80
516 487 605
175 171 715
377 617 260
977 457 576
837 457 133
538 521 51
865 545 713
366 681 303
341 203 608
633 437 761
839 261 681
401 868 426
311 421 231
301 329 517
693 959 97
376 921 123
213 471 541
848 678 735
924 359 330
695 765 429
701 228 856
993 807 855
328 529 417
79 41 305
701 3 421
343 292 49
336 521 809
186 707 865
573 243 177
669 451 192
601 800 885
636 662 876
846 6 197
819 328 201
479 446 653
921 558 939
501 191 265
957 801 51
621 789 711
494 19 755
971 381 423
125 726 277
245 94 454
973 15 301
361 881 945
851 669 531
725 329 302
626 373 277
377 876 185
801 951 532
202 653 41
429 971 635
553 561 365
517 609 761
461 281 336
825 850 988
49 649 809
879 185 751
334 532 353
58 451 91
42 641 860
221 756 8
609 409 647
613 375 501
753 195 569
345 401 817
313 141 398
379 950 431
71 892 245
857 943 808
131 711 71
441 544 717
176 634 97
324 513 216
161 841 977
621 217 625
201 193 407
424 996 785
991 129 95
621 901 197
717 657 501
849 51 145
39 711 5
289 61 681
681 916 542
37 481 364
616 70 3
805 677 214
311 19 257
791 405 251
463 348 33
482 793 961
611 555 61
418 125 259
683 185 500
547 101 894
675 536 17
997 425 311
717 615 841
601 711 945
433 586 778
129 308 561
327 569 518
224 751 89
617 70 947
309 825 494
545 847 938
129 705 269
776 361 856
585 747 81
703 977 469
674 469 168
929 811 559
739 431 547
89 906 76
57 242 984
57 993 1
357 741 617
851 6 345
469 960 501
606 801 955
471 844 317
305 901 342
548 627 333
326 133 207
945 342 389
965 477 801
579 492 988
429 181 693
569 201 751
523 71 897
436 841 811
441 337 183
196 202 665
41 209 41
945 994 478
779 557 626
641 295 497
397 391 626
116 526 595
561 497 421
129 581 857
601 141 321
811 709 311
521 7 921
741 266 699
381 979 707
293 564 513
402 411 991
622 381 177
594 111 435
447 558 759
905 993 241
79 121 109
765 191 447
926 591 603
793 345 285
550 945 221
339 379 181
213 581 81
568 763 751
44 761 421
73 537 351
321 665 301
476 351 79
909 29 727
831 983 674
80 789 257
961 497 610
11 621 791
509 471 125
177 561 545
332 174 659
477 779 217
116 754 701
471 1 353
670 44 145
213 264 891
832 490 302
657 381 6
331 272 251
700 588 151
393 935 502
703 13 523
65 241 683
179 11 377
521 879 816
437 217 486
422 209 591
187 301 421
201 241 539
865 501 732
193 232 740
257 905 528
989 755 641
746 661 951
385 179 222
510 961 76
51 391 562
837 922 946
1 935 480
751 5 921
417 601 971
789 171 557
129 929 853
950 644 635
21 669 79
409 33 449
574 929 161
121 779 897
741 193 349
401 685 393
528 693 501
281 205 66
813 321 918
969 918 53
273 376 659
353 97 861
508 459 218
262 679 419
977 120 745
926 82 225
905 538 572
255 1 421
701 901 401
126 764 441
468 216 291
681 440 33
434 465 121
993 185 479
439 317 257
39 865 625
358 651 38
951 580 898
632 997 265
841 189 402
7 777 611
609 501 437
261 888 728
361 121 977
222 919 611
101 301 86
1 422 869
551 152 946
345 886 105
721 225 109
327 389 67
1 881 844
986 453 583
365 41 421
161 366 337
377 417 528
763 87 541
992 273 70
124 976 905
57 297 953
945 99 580
361 23 774
620 526 912
153 223 161
826 278 471
601 366 739
641 766 644
997 596 458
959 962 171
646 33 154
889 989 935
303 203 681
237 607 726
121 276 1
107 749 302
421 685 540
572 821 851
646 211 564
919 686 85
305 951 226
881 287 221
626 533 11
729 544 475
396 770 895
515 274 133
998 663 927
19 1 818
410 263 45
26 881 191
26 725 221
445 646 1
85 361 581
49 961 501
761 146 601
845 649 997
755 177 539
639 846 339
171 289 289
815 761 287
457 891 729
897 49 190
241 118 493
578 449 512
971 991 753
413 965 157
701 15 556
441 135 155
733 61 985
957 876 831
755 601 979
885 46 937
345 597 927
249 505 262
181 954 435
622 461 497
793 733 233
201 466 786
635 529 701
413 27 251
170 549 453
721 297 169
301 177 157
801 457 925
953 266 455
357 581 642
277 81 393
185 876 950
457 1 817
981 198 184
3 142 896
695 869 881
861 607 326
585 817 573
977 229 628
857 516 553
423 201 874
111 369 232
609 396 669
24 705 809
930 326 469
671 111 99
945 351 817
679 476 210
391 381 185
65 607 267
545 498 921
321 668 497
942 541 1
945 449 657
393 313 867
706 81 233
586 113 433
80 137 327
338 41 275
27 573 747
609 271 221
11 281 847
781 231 527
805 561 391
518 176 121
601 801 945
346 883 771
357 161 435
281 153 374
196 268 503
671 921 606
1 777 535
810 616 105
734 960 597
181 149 945
855 501 333
421 251 37
898 623 347
531 770 569
533 746 817
149 235 929
881 109 125
583 316 376
313 356 157
921 191 401
614 717 582
687 313 403
474 991 91
528 69 126
401 539 325
841 157 794
189 733 719
761 312 161
129 979 139
290 455 961
236 63 49
613 483 918
775 765 603
478 705 41
367 491 361
541 895 678
551 67 936
452 553 61
935 458 173
121 261 427
825 505 861
540 976 962
741 471 235
44 177 821
49 449 995
96 681 114
721 257 637
706 171 191
17 685 481
503 422 323
501 8 480
921 339 649
521 463 174
65 205 299
327 781 185
526 699 827
235 870 361
646 221 344
521 457 97
77 33 811
139 297 885
451 844 137
239 224 591
65 265 285
101 868 911
473 293 921
445 701 841
242 533 168
935 447 641
181 41 835
921 841 403
798 816 969
901 254 861
439 977 703
607 881 445
321 555 529
245 276 481
708 333 33
342 330 81
297 941 252
159 681 506
390 801 371
141 450 88
921 592 450
141 238 321
104 461 591
473 89 653
441 679 489
651 783 243
654 541 437
541 499 630
115 201 321
251 529 969
61 461 620
155 877 343
995 717 520
476 329 489
476 801 116
495 751 285
101 652 914
221 43 754
339 631 367
609 167 217
107 204 939
962 569 97
291 796 469
436 461 251
601 481 74
717 475 771
513 641 871
17 233 577
685 861 803
45 869 15
944 353 281
433 627 181
821 153 763
626 863 972
336 878 938
297 752 245
550 239 20
701 90 793
601 421 446
546 1 753
196 69 485
329 198 358
793 571 351
1 129 951
197 453 933
701 89 496
401 587 373
321 351 465
907 473 941
205 660 792
831 317 207
756 561 893
688 209 865
329 795 941
104 109 417
489 967 715
751 242 265
545 275 151
925 376 213
393 726 325
153 433 271
837 345 993
625 55 330
251 769 369
329 706 273
402 65 465
593 173 505
351 839 149
617 31 437
641 821 642
316 456 393
490 441 228
945 251 682
425 409 961
566 250 789
379 775 965
181 765 557
525 115 856
263 812 171
961 476 893
128 414 399
497 771 926
549 1 267
301 121 670
519 917 625
649 809 601
669 500 297
417 783 751
778 84 985
763 323 609
175 680 569
83 470 375
255 423 841
980 957 27
873 801 545
252 131 73
205 227 431
640 547 475
526 237 66
677 801 401
178 947 621
721 403 237
402 832 681
551 821 698
922 508 375
785 702 297
550 517 929
472 599 21
183 17 923
408 101 784
360 561 687
809 703 209
684 494 193
286 167 111
444 729 408
930 307 65
3 625 93
941 53 809
457 572 881
13 233 241
721 675 1
232 364 143
541 310 109
376 137 904
281 409 353
121 646 534
981 381 303
713 741 954
855 145 560
325 897 787
844 151 845
599 571 713
626 911 261
136 329 721
137 56 401
169 302 781
7 921 411
799 441 39
553 589 970
982 409 757
609 9 321
141 593 777
746 929 800
99 497 492
253 366 182
932 481 668
141 995 75
99 741 16
971 691 652
9 785 741
681 116 252
525 233 136
37 56 743
987 221 721
33 209 634
74 224 1
375 880 713
538 183 820
52 356 392
108 741 989
513 105 129
621 611 361
825 965 735
753 387 548
362 745 503
825 761 561
207 287 13
937 547 651
497 615 809
103 716 551
171 676 73
949 306 902
157 985 5
257 393 447
8 453 949
715 961 493
13 455 766
121 405 397
341 723 607
39 402 751
469 177 769
991 845 151
135 690 677
887 311 781
268 101 423
49 531 711
186 201 651
641 426 203
508 521 340
229 732 641
691 270 889
176 325 747
853 29 237
734 716 801
417 457 177
229 849 107
468 727 676
153 129 187
241 381 333
431 817 545
487 321 385
806 555 426
551 533 448
597 601 501
971 513 334
561 445 214
401 456 761
879 493 126
159 591 689
101 503 657
197 585 861
31 887 787
528 767 670
561 591 865
273 336 96
466 715 474
77 155 833
232 443 525
90 783 300
489 997 921
749 513 793
1 573 509
440 745 23
367 441 673
986 824 676
1 966 591
605 504 737
445 601 911
454 975 574
464 423 151
262 755 323
69 856 254
177 960 480
185 129 557
525 302 781
721 778 783
396 713 318
11 595 321
883 970 75
801 601 579
477 851 636
31 182 993
621 951 16
807 749 865
293 601 121
106 713 943
597 185 584
781 391 26
646 387 529
31 4 762
23 891 780
607 231 790
938 601 17
976 789 530
503 989 233
123 841 271
473 397 305
1 724 444
200 590 731
378 887 561
77 681 181
5 107 776
414 911 893
240 893 206
471 156 981
626 260 624
396 56 153
2 417 537
733 626 876
587 243 181
925 185 276
883 722 509
450 399 66
579 569 981
1 347 693
787 977 631
979 377 273
371 201 806
541 348 269
662 383 961
118 581 663
249 621 288
301 695 736
711 161 568
264 267 901
137 137 801
39 911 314
941 845 173
924 471 507
789 617 9
303 651 116
715 86 989
486 438 57
303 637 701
881 770 596
348 113 549
416 952 226
986 793 727
801 946 262
826 796 754
96 51 601
915 201 918
221 788 627
814 385 783
993 360 833
174 929 953
809 839 729
421 326 388
689 281 503
407 706 351
753 489 622
814 741 437
86 171 905
943 583 803
859 361 841
493 990 111
231 401 561
273 537 861
549 641 825
289 674 477
601 169 909
666 927 267
951 609 373
553 27 642
681 297 722
335 299 61
744 871 201
263 839 480
777 550 401
833 217 232
595 841 985
698 67 259
956 693 409
353 627 929
319 277 371
202 343 441
503 809 943
565 917 463
262 349 208
81 597 520
529 97 445
79 162 113
634 212 756
846 995 731
984 897 253
521 977 781
192 753 830
952 510 921
448 26 977
88 851 566
389 785 97
649 286 537
669 653 461
53 809 171
549 737 969
414 33 433
586 311 35
331 145 801
386 33 521
725 213 666
185 932 1
417 173 588
865 344 581
711 511 917
829 816 874
57 693 3
626 477 869
156 389 107
17 645 769
661 657 227
181 443 328
73 421 1
53 946 442
887 544 16
58 888 41
360 859 671
677 116 401
957 412 462
73 153 981
410 945 681
91 931 370
480 571 863
204 593 805
705 751 291
334 909 801
401 203 809
596 469 360
753 848 616
322 462 41
301 728 183
797 873 226
276 677 700
674 761 73
401 855 693
612 863 147
785 312 475
657 167 241
745 296 177
236 565 896
205 631 795
391 416 99
497 680 294
786 967 414
383 953 479
545 654 771
454 69 871
186 548 751
226 901 563
376 649 161
439 595 241
242 139 755
785 868 546
537 826 944
501 191 976
307 349 913
601 531 877
415 965 123
493 299 175
839 693 865
961 724 341
66 10 201
799 429 789
687 783 181
350 611 547
762 785 351
601 681 921
498 977 642
185 589 926
901 121 134
673 745 729
815 615 183
537 17 985
841 1 926
329 825 257
578 329 869
153 411 629
690 187 617
572 141 417
331 738 119
361 473 236
481 771 635
585 895 165
501 913 506
881 47 31
951 853 502
596 789 685
733 945 660
769 379 161
281 577 747
798 261 423
469 9 45
617 647 33
960 536 545
815 765 697
673 901 929
849 505 30
95 581 221
696 301 465
860 219 479
665 401 991
313 622 203
694 953 913
871 891 433
854 905 171
689 761 833
689 183 465
853 811 785
925 145 771
713 581 261
441 174 501
167 640 197
237 631 801
347 47 478
575 477 462
693 925 419
631 545 911
749 243 969
141 755 281
33 589 245
11 17 181
477 417 281
773 723 149
516 649 499
451 26 517
206 397 773
261 59 213
943 326 193
608 353 171
116 944 601
629 851 701
161 221 465
626 497 871
706 475 214
827 61 262
289 545 101
257 19 221
21 633 357
641 951 607
997 441 461
105 112 674
422 332 94
531 693 992
765 633 381
595 976 909
916 589 649
891 468 666
545 13 845
952 103 61
700 311 819
280 317 297
227 137 409
859 861 341
106 686 306
701 781 957
616 349 42
379 341 61
337 13 663
401 6 321
423 26 793
101 711 313
86 56 839
647 593 478
537 201 931
425 859 787
573 921 579
981 453 433
494 153 100
373 305 677
645 674 987
539 655 584
969 205 957
526 56 56
726 56 46
436 133 399
697 276 62
297 31 196
451 146 373
215 991 140
251 981 438
241 261 481
690 785 241
947 361 261
702 505 117
90 951 614
601 117 786
347 991 761
145 921 449
527 887 359
846 102 617
420 780 41
817 693 481
687 1000 605
421 483 531
691 334 35
197 716 454
529 551 370
439 394 37
101 521 261
201 529 241
238 517 869
119 851 939
313 985 901
951 778 221
651 156 614
645 611 237
941 287 865
639 829 860
465 226 681
589 927 113
916 91 653
209 94 833
241 331 691
889 777 77
251 251 297
923 689 826
373 11 919
161 732 626
579 970 765
703 836 691
486 246 571
1 945 736
71 441 841
315 345 344
757 367 281
573 622 109
431 731 521
241 641 107
393 241 961
627 587 655
453 55 391
521 703 355
18 147 809
653 17 151
955 373 21
912 349 668
961 846 901
397 103 52
205 355 751
865 444 63
184 689 631
65 45 345
501 231 217
990 841 783
657 181 729
209 524 771
949 231 1
963 236 371
313 329 373
897 281 605
643 941 706
321 657 236
681 475 964
666 653 585
41 891 387
71 316 452
175 645 615
681 947 374
591 791 945
885 666 113
13 924 641
958 563 826
75 765 535
761 515 747
656 569 951
265 57 7
758 851 86
159 60 171
900 860 429
153 541 253
169 275 131
381 716 705
551 961 897
469 93 323
585 724 302
346 40 105
901 681 375
790 223 485
328 701 679
74 329 997
571 406 441
605 653 441
877 891 761
833 698 819
343 857 67
226 334 449
459 101 41
677 604 892
151 351 336
581 779 558
917 326 309
463 767 121
917 41 1
561 747 587
320 41 106
243 804 376
301 809 526
849 627 399
496 362 961
705 933 214
291 335 9
761 461 181
219 589 361
901 255 841
21 728 661
802 477 216
107 233 673
676 163 668
421 777 277
687 345 477
295 777 701
209 745 916
384 953 983
305 457 601
335 213 896
306 178 295
944 58 481
586 874 63
361 751 831
935 145 145
876 521 841
495 985 851
974 544 477
269 406 243
441 731 14
211 166 41
590 761 32
367 1 265
581 87 141
473 833 851
467 726 10
233 397 521
341 660 257
905 678 329
261 711 890
233 10 531
785 773 25
711 101 149
28 907 853
1 461 989
697 819 117
417 65 201
951 794 137
761 395 745
940 665 653
389 449 833
277 1 964
205 43 238
388 989 137
652 185 734
211 327 395
89 927 983
49 948 766
111 13 401
933 273 538
433 998 309
513 2 225
535 4 25
707 36 865
63 593 801
166 329 884
976 685 873
234 235 789
727 795 206
421 151 299
716 221 133
249 613 642
461 376 425
288 145 981
251 276 772
21 591 429
352 83 301
193 839 975
1 281 750
771 561 568
537 103 177
41 89 860
876 281 445
199 581 333
288 957 349
538 387 433
614 221 745
342 198 353
513 553 411
694 993 183
171 755 647
508 111 39
705 268 1
657 426 701
825 330 158
601 519 300
861 181 839
685 629 615
1 611 471
725 805 626
353 457 933
417 465 724
601 761 321
703 629 489
821 401 985
921 932 41
115 229 936
401 252 570
695 969 785
526 756 462
901 446 981
801 81 497
233 845 675
557 301 493
771 681 968
297 225 361
365 349 140
381 105 911
805 837 537
597 920 289
449 209 599
401 893 969
709 425 861
751 896 557
238 77 977
440 151 45
834 237 553
181 397 581
452 51 796
701 501 113
601 668 769
501 285 339
72 181 28
79 667 685
1 849 201
874 920 116
136 477 657
1 688 201
768 709 821
134 161 935
902 844 603
431 667 476
633 277 909
985 105 514
625 366 538
865 477 427
194 364 497
161 836 629
349 423 826
265 136 89
678 214 432
461 887 145
524 173 625
251 71 825
521 46 667
685 405 809
32 603 69
963 371 74
961 511 505
743 396 193
163 249 191
875 228 771
781 279 473
941 849 565
153 611 217
882 949 481
843 943 480
297 296 430
67 561 281
389 402 53
384 329 177
65 519 157
485 335 565
201 201 353
945 445 828
511 945 633
272 1 789
91 248 321
140 637 121
89 851 896
311 641 569
941 965 357
95 215 185
816 607 346
101 578 774
557 937 603
732 811 949
635 95 953
909 473 257
479 211 239
601 1 289
429 401 503
701 246 363
826 248 101
541 913 492
569 666 793
321 473 861
949 401 833
19 893 322
801 739 81
681 956 801
745 961 573
123 769 117
928 500 351
359 61 865
201 751 296
361 173 188
782 633 665
913 218 559
726 931 135
585 461 447
737 290 489
721 676 299
581 270 691
906 13 683
491 400 565
321 809 719
956 799 345
477 391 996
313 841 776
91 601 336
963 721 121
1 441 401
439 721 561
769 526 617
565 787 572
241 774 733
665 776 321
651 1 495
72 257 3
431 842 896
551 610 862
34 360 696
873 285 126
529 191 641
66 396 726
384 861 809
376 628 235
191 101 913
183 800 697
293 218 87
487 977 135
101 513 859
233 531 857
757 629 614
350 21 657
501 321 901
371 578 567
811 953 821
975 961 495
297 893 11
284 625 855
103 704 804
827 747 359
171 43 781
401 621 827
351 161 984
181 551 73
174 926 753
629 697 821
271 915 721
511 357 635
851 105 905
264 940 991
833 887 827
817 691 473
401 643 126
81 814 9
163 880 586
938 611 57
317 273 827
440 515 17
447 173 521
421 486 121
157 716 203
537 511 201
314 5 132
885 247 566
82 114 321
226 195 241
36 717 769
689 526 401
889 530 6
377 33 226
833 244 868
862 956 158
670 749 765
339 339 365
876 644 318
209 361 537
996 693 669
455 704 264
673 344 457
905 673 297
2 929 551
817 585 903
16 282 191
722 893 861
201 726 881
946 407 541
919 420 157
977 993 101
971 265 779
866 802 9
113 631 807
297 931 679
184 871 236
417 1 713
273 24 641
501 331 574
425 451 156
204 593 541
751 259 698
206 121 831
212 351 296
761 663 621
729 368 482
753 893 219
543 565 935
481 81 108
145 402 881
206 407 553
877 663 836
845 781 337
114 851 814
587 767 45
897 919 581
113 612 651
301 616 74
599 953 923
641 897 903
55 961 263
202 257 161
591 549 577
506 981 933
433 498 156
287 369 916
137 441 7
344 161 557
137 233 873
780 293 81
601 753 894
822 725 926
961 905 43
73 461 452
171 314 501
413 261 169
530 853 585
459 621 156
796 575 341
725 297 511
160 201 531
