3376
366 907 93
525 111 721
556 762 156
575 223 369
243 801 325
668 257 81
207 375 251
987 111 656
198 415 89
512 479 331
41 376 450
921 771 687
371 30 966
681 481 339
827 299 341
109 97 111
297 827 367
718 809 959
233 463 873
881 840 361
529 305 257
44 741 105
90 9 289
757 848 32
25 979 677
537 697 261
791 45 308
53 669 354
871 467 517
394 73 80
219 121 770
881 777 627
341 639 967
201 651 319
256 321 725
9 332 893
551 966 431
463 171 523
793 153 824
860 841 557
889 337 383
889 883 209
209 194 681
389 89 749
937 1 240
376 142 143
653 999 837
296 535 225
774 901 277
645 901 921
247 3 569
264 886 569
312 666 225
531 400 825
127 151 321
139 565 469
943 930 301
977 209 479
921 671 441
385 730 261
425 676 235
381 205 474
321 601 877
279 431 313
673 788 447
505 521 830
811 942 681
425 223 545
763 790 601
426 985 737
41 913 955
270 801 135
196 587 697
506 99 993
840 516 293
109 229 21
219 33 801
721 22 579
953 31 518
506 172 233
729 655 849
381 504 55
945 417 331
248 609 917
841 490 41
133 681 676
781 621 813
205 132 701
327 732 497
991 45 321
661 360 477
617 221 951
877 704 801
677 319 753
671 938 199
848 597 817
361 401 569
536 851 897
590 230 751
525 981 356
897 126 73
779 185 941
843 945 903
589 643 376
860 735 25
889 657 577
140 1 153
175 815 41
837 799 125
5 926 711
351 302 281
569 331 609
752 489 476
609 477 565
542 160 355
26 959 527
556 871 213
261 876 7
521 791 691
731 452 221
327 631 126
111 543 126
122 7 287
41 758 297
448 361 626
339 17 331
688 159 973
351 953 521
991 931 705
401 596 345
688 481 208
981 921 213
305 76 526
369 833 301
491 996 251
473 481 537
551 289 821
777 906 501
91 207 197
736 697 626
496 345 705
839 356 76
628 281 976
146 377 363
17 717 139
21 583 697
521 331 296
161 785 293
985 353 493
321 564 865
107 214 396
964 859 388
99 925 241
602 290 534
1 906 686
185 182 197
997 313 839
399 377 985
873 640 593
801 881 57
114 65 371
513 311 985
561 936 711
254 581 933
628 546 501
841 961 404
844 987 304
474 457 237
945 851 403
391 541 945
857 691 219
425 483 930
886 113 1
973 530 97
615 661 929
255 843 988
252 961 661
68 881 1
25 113 761
97 391 77
752 691 840
676 165 323
159 375 326
573 565 611
738 601 601
337 71 326
425 903 845
398 585 983
283 1 161
401 439 78
566 81 764
106 531 896
675 171 811
701 611 858
141 959 299
93 426 521
147 759 552
173 121 753
417 371 490
401 745 393
261 45 897
617 765 951
414 217 269
116 531 458
701 680 107
631 741 137
591 737 316
871 716 159
599 41 203
397 24 670
851 333 623
392 525 698
693 877 314
218 930 126
89 521 665
645 913 809
807 265 137
803 1 431
673 81 209
301 536 588
756 397 192
648 611 761
757 369 801
707 601 357
997 401 851
437 281 475
171 681 97
271 253 581
551 2 905
887 561 49
667 121 755
9 497 735
451 423 970
433 99 937
126 963 131
941 391 380
654 901 670
401 346 89
670 747 632
291 671 682
166 961 549
707 757 464
338 875 775
203 521 115
639 564 955
768 631 606
721 208 93
351 521 919
481 345 868
121 861 751
326 857 896
456 529 290
304 981 347
896 634 981
990 925 346
311 561 915
681 608 891
419 217 513
97 251 753
281 791 508
75 173 345
168 648 701
871 977 313
639 890 829
69 354 711
236 341 861
101 49 681
167 321 774
1 838 751
709 25 806
765 490 354
238 921 571
368 814 625
12 199 417
464 1 858
611 869 337
383 307 522
657 665 921
623 299 571
708 690 577
601 628 963
892 763 189
761 985 611
613 824 135
282 34 181
553 660 673
923 151 697
194 107 278
379 907 246
133 281 89
613 795 58
457 451 596
821 491 215
447 376 265
747 481 840
281 361 541
486 421 913
197 855 757
709 631 1
313 201 741
832 897 777
801 481 161
276 128 48
529 13 921
121 551 257
699 280 4
183 843 554
981 759 63
981 257 483
861 151 379
820 457 972
669 1 141
233 765 349
785 489 561
221 105 759
301 205 506
71 257 799
691 286 711
40 317 329
872 199 39
311 418 449
841 305 54
526 1 705
687 152 420
609 325 769
882 825 229
965 981 849
61 361 571
209 220 627
202 751 569
897 313 161
117 357 841
517 121 839
201 715 801
210 449 519
803 188 41
520 116 291
73 688 379
526 170 479
504 763 206
800 304 484
13 631 411
947 505 782
449 361 426
273 303 596
781 913 539
547 980 859
893 442 449
201 665 344
764 125 312
781 327 993
534 6 904
117 865 793
913 739 51
292 933 700
416 560 663
585 969 57
649 451 126
486 673 819
433 133 70
159 237 101
411 737 209
457 692 556
321 481 51
821 839 378
241 982 857
429 451 191
217 521 981
637 9 547
717 978 811
577 730 896
895 200 573
315 201 511
557 749 901
94 536 885
801 699 851
128 714 417
515 785 967
530 543 537
577 533 564
496 701 987
54 781 43
33 911 601
301 936 501
611 941 737
110 877 601
265 860 269
110 159 821
183 431 694
305 787 751
724 83 28
425 237 897
957 341 47
881 919 808
645 383 945
766 976 849
505 621 17
986 755 601
963 356 751
881 1 489
811 281 881
570 963 706
681 771 1
951 523 369
611 823 865
826 469 369
321 243 806
556 353 798
488 690 417
385 395 641
535 442 280
664 261 557
685 249 965
241 671 486
149 401 437
867 650 676
731 899 465
671 751 983
521 141 985
389 921 327
638 188 549
745 999 800
603 393 616
237 681 1
756 539 972
959 277 647
879 193 558
159 699 961
429 649 397
555 785 681
118 425 869
837 997 768
618 789 529
141 137 95
857 311 41
787 571 381
161 961 17
957 210 88
353 177 583
251 293 710
538 751 461
251 501 369
221 961 150
335 421 15
871 721 897
204 281 791
473 808 751
561 623 761
581 856 945
580 601 26
769 735 267
141 689 349
151 971 188
489 473 724
401 379 754
96 997 431
901 137 869
931 536 697
121 230 143
561 766 969
926 756 301
251 967 201
820 421 933
584 756 401
505 329 137
447 383 357
637 201 772
120 47 210
201 302 229
133 457 764
409 323 807
417 573 342
937 705 631
50 837 225
819 1 273
559 121 651
504 578 913
957 705 57
101 428 499
445 96 115
916 109 132
401 216 281
191 581 401
578 641 287
573 851 241
657 906 979
521 357 623
973 596 429
959 973 226
291 676 301
441 857 289
482 673 817
661 53 1
672 586 41
861 425 170
531 721 730
748 88 999
475 917 133
383 545 941
105 704 353
878 245 493
321 405 417
181 731 475
161 31 372
385 3 337
705 751 372
486 705 915
239 549 687
261 959 279
945 781 721
670 488 401
903 971 239
457 381 665
241 886 921
81 785 405
88 905 793
848 835 981
844 114 693
722 985 161
576 684 793
169 138 66
809 428 941
179 129 771
513 809 309
933 830 605
633 931 609
593 825 696
945 753 881
998 601 206
969 299 308
87 53 851
447 207 709
525 236 443
960 794 481
241 801 391
532 217 754
72 37 993
559 273 761
51 61 522
236 722 511
683 329 166
885 167 301
811 446 621
424 39 681
808 434 118
161 977 715
825 825 170
391 678 377
160 808 223
241 721 554
993 77 455
451 570 953
69 361 191
93 526 217
251 519 571
321 531 197
451 73 81
929 501 143
99 441 919
57 707 209
172 49 555
209 811 281
291 492 735
455 629 246
135 737 34
601 75 889
128 378 401
559 626 725
453 916 460
486 329 123
969 81 41
492 453 588
35 96 909
345 373 515
367 148 629
709 569 359
340 967 737
701 638 142
497 971 825
19 599 433
187 665 353
322 337 808
3 221 31
646 420 601
440 776 515
261 396 598
52 784 298
121 841 401
929 289 764
453 385 782
581 888 985
217 876 601
579 553 546
921 301 89
676 901 209
575 377 871
122 345 713
711 471 906
729 994 657
264 921 245
25 677 949
289 361 196
729 496 121
385 975 329
707 901 851
51 646 676
323 937 206
915 561 306
60 477 981
921 381 413
217 1 64
241 535 189
501 529 521
553 501 57
485 249 239
311 731 25
221 117 520
639 545 673
645 745 723
831 161 165
396 735 93
615 651 297
706 401 921
330 95 409
938 172 941
165 849 683
45 833 9
153 888 776
641 293 883
438 351 733
119 337 838
71 945 101
849 201 271
369 549 929
306 521 641
626 528 726
207 310 301
271 443 177
507 57 373
33 25 955
354 104 235
967 201 841
961 589 225
23 677 801
701 17 230
569 328 181
341 447 153
811 844 946
521 661 78
357 972 810
393 961 241
271 211 928
705 993 546
383 441 91
957 905 190
995 121 1
661 768 531
816 487 109
917 1 471
355 377 765
9 337 207
951 587 281
87 932 617
756 691 25
621 791 857
641 935 725
221 826 677
272 20 313
897 867 665
633 164 7
341 917 521
837 197 953
69 801 856
751 281 157
200 825 213
81 167 379
201 761 557
505 657 197
283 901 557
346 755 523
813 131 201
869 473 266
343 641 801
741 361 87
654 91 209
893 269 295
893 337 593
952 823 60
983 847 57
61 541 598
197 29 175
241 261 345
501 304 500
541 745 473
594 878 735
433 671 575
881 758 481
333 417 113
313 777 11
641 469 350
603 59 288
694 336 457
761 152 197
779 434 756
73 126 263
269 521 146
661 525 229
296 501 126
326 338 304
885 917 559
202 338 183
777 759 562
279 386 729
525 993 451
966 69 286
706 601 39
221 64 791
401 801 1
299 626 121
497 652 673
217 991 993
921 943 329
13 454 209
321 488 857
101 61 426
657 21 409
691 817 881
388 174 280
241 793 760
541 769 273
741 41 245
101 401 775
407 101 425
1 863 161
399 656 441
743 471 555
581 776 561
821 443 367
451 50 953
161 601 609
301 877 721
681 639 467
203 409 939
235 235 913
716 587 233
198 577 832
486 681 310
781 691 335
166 669 819
975 61 1
164 10 885
481 91 98
713 751 953
966 651 823
157 661 165
513 375 849
257 1 697
52 529 521
508 462 825
491 23 645
693 289 946
161 561 561
646 1 479
809 79 396
973 1 559
461 297 753
631 563 497
365 871 349
253 498 521
248 988 721
266 585 73
77 715 665
113 859 529
664 921 343
596 205 791
769 817 729
951 41 106
119 301 363
251 530 23
223 122 115
371 558 605
5 917 192
888 161 149
425 657 633
679 601 431
54 983 233
913 736 125
782 334 497
932 258 839
881 596 905
331 121 664
276 217 601
575 203 311
862 408 561
381 441 75
587 97 874
21 986 961
893 553 841
825 382 45
645 869 318
65 301 801
964 782 393
581 220 818
418 121 397
682 629 351
601 257 809
532 921 701
171 820 649
937 721 970
393 227 751
939 785 111
461 554 470
939 479 798
62 201 974
681 201 695
9 921 201
46 502 735
251 413 296
191 9 155
750 425 679
9 51 609
271 881 33
717 802 863
730 901 947
256 745 751
271 665 925
677 737 621
613 378 943
421 665 243
464 161 701
833 675 64
281 45 357
197 436 711
291 205 206
317 964 769
826 805 401
601 887 105
538 881 219
901 203 165
9 226 185
619 805 787
99 46 44
321 971 985
531 576 33
345 863 481
496 800 629
361 993 933
305 884 713
391 751 253
725 937 801
505 127 442
215 809 591
395 81 872
685 118 12
990 343 721
616 937 936
841 186 398
928 236 237
775 900 597
794 721 261
793 915 415
523 349 641
745 329 407
221 390 1
170 703 426
577 1 961
225 871 787
259 565 306
369 81 873
393 253 311
1 805 325
783 701 57
322 927 92
963 751 461
765 512 365
902 687 828
401 927 33
634 827 575
831 263 93
851 581 631
216 303 911
211 315 541
844 513 276
724 49 5
927 594 929
401 81 121
465 121 193
561 667 243
325 41 969
436 795 681
834 241 613
747 767 513
893 581 717
701 998 441
425 601 478
566 636 851
533 603 642
951 495 637
853 257 537
635 641 444
641 263 238
405 790 854
174 936 861
151 83 560
2 668 453
93 537 193
600 653 536
964 225 485
381 947 773
353 694 506
389 921 744
760 345 145
77 471 833
841 101 903
876 171 494
426 656 337
867 268 295
507 385 321
811 849 227
20 117 301
805 585 523
280 529 821
403 41 361
175 294 215
252 489 565
126 561 681
545 697 40
285 618 625
201 285 11
316 851 738
171 31 185
603 841 393
236 941 733
161 7 853
949 291 321
561 990 991
861 68 831
325 105 636
457 678 101
737 678 281
936 714 525
935 456 572
593 952 203
642 849 515
956 618 912
16 786 41
56 345 429
309 105 296
126 734 873
610 629 677
621 683 857
901 567 91
393 853 193
191 551 944
5 993 685
333 359 152
133 71 26
437 881 353
821 707 425
751 145 761
706 199 251
601 572 922
668 400 53
593 889 976
561 139 644
433 721 26
335 389 81
956 113 347
464 626 489
441 930 37
957 654 733
959 81 749
70 401 305
57 217 103
814 351 121
561 308 825
461 125 541
749 701 143
833 676 659
369 345 801
920 817 561
399 269 563
954 796 693
492 665 849
399 737 17
411 349 101
207 903 1
734 969 312
993 129 910
55 237 151
673 797 136
24 307 5
766 897 267
331 925 144
191 609 291
908 348 951
846 424 313
873 239 482
490 81 501
356 633 985
657 951 563
71 971 557
565 251 601
736 317 241
401 197 260
233 861 673
238 653 901
937 301 383
926 910 301
845 176 550
669 100 515
409 311 226
275 135 327
897 562 862
789 745 511
220 901 695
350 166 399
703 435 769
286 977 903
41 297 874
489 820 651
21 696 101
420 579 479
793 325 945
51 336 614
271 185 493
352 9 105
905 35 575
469 593 101
641 536 658
767 419 706
716 721 491
121 761 353
826 251 945
821 845 816
21 751 541
816 217 758
185 21 633
435 241 546
408 41 557
487 677 619
108 253 888
271 821 361
878 497 945
803 569 221
156 35 781
659 858 281
540 612 801
119 701 690
761 710 973
983 227 453
223 201 249
881 741 473
319 473 47
807 215 951
201 621 269
401 969 871
959 749 133
156 551 727
865 41 273
121 721 535
457 364 172
205 929 869
413 45 446
584 596 131
357 417 766
541 501 314
801 82 531
501 214 4
797 356 577
241 754 948
763 87 489
617 950 281
341 5 913
225 849 129
711 41 129
194 101 154
207 711 221
369 523 263
626 433 242
660 271 141
575 617 825
193 161 808
986 251 266
733 401 985
695 281 41
122 71 191
337 691 861
395 330 267
676 97 326
364 117 241
973 51 285
357 951 441
757 941 91
606 321 452
147 745 993
641 389 476
304 281 821
824 243 496
193 727 33
501 1 977
331 596 441
599 293 161
425 684 657
740 761 28
681 801 963
257 594 253
51 398 801
259 469 713
878 305 481
518 547 460
168 16 415
451 821 444
326 951 323
957 511 291
701 435 943
434 259 591
32 337 722
477 89 825
805 581 706
785 991 417
302 609 343
190 499 937
286 357 777
747 487 81
129 25 881
993 129 565
257 413 497
869 628 335
711 376 848
47 305 761
541 319 871
40 991 991
705 89 276
935 161 721
29 731 981
201 987 705
793 489 897
486 595 395
749 553 105
957 488 681
926 638 627
237 1 501
665 768 496
761 569 691
351 409 209
746 921 364
576 741 476
21 238 386
601 481 399
145 994 851
551 993 181
321 902 401
417 2 761
668 670 737
841 292 355
617 928 38
251 251 631
907 797 81
549 577 951
71 87 785
201 217 337
577 512 251
845 879 767
795 621 77
151 406 837
57 62 207
345 625 693
41 330 867
506 997 785
859 716 857
769 76 769
29 195 633
305 174 257
151 79 739
972 901 433
381 820 848
99 457 150
681 731 579
639 201 797
376 628 60
201 616 720
981 323 743
621 777 239
821 126 49
921 565 369
905 881 331
465 762 960
486 978 101
489 529 345
193 921 477
954 751 741
501 44 581
251 450 869
181 285 741
111 827 919
489 322 695
348 936 923
693 385 241
33 147 301
57 237 313
911 778 998
527 885 422
44 625 68
321 891 408
337 345 988
987 96 780
657 190 345
361 688 472
749 21 887
841 949 997
309 41 811
373 781 945
263 785 665
657 5 874
561 194 701
11 640 995
401 425 522
151 386 773
101 953 369
81 625 496
231 905 39
660 281 849
57 751 23
201 781 516
569 601 801
942 537 733
891 427 744
201 887 341
229 41 626
685 881 921
150 724 945
331 564 647
679 427 191
801 41 325
761 141 671
606 649 746
319 468 351
177 139 381
988 53 637
355 526 851
57 569 84
441 341 817
887 689 785
45 520 692
756 593 153
526 851 797
298 73 409
217 821 277
842 50 937
917 845 293
809 939 161
676 802 513
953 866 506
277 945 421
793 517 393
352 205 281
451 901 595
806 391 421
122 931 902
887 205 605
255 611 130
961 473 866
526 351 793
588 713 523
401 540 593
226 926 475
966 819 226
444 520 351
549 607 615
978 635 815
456 655 17
502 493 305
983 672 802
894 929 49
533 168 231
589 63 957
905 559 53
353 86 383
530 181 182
798 773 651
162 272 689
149 386 117
946 449 131
604 673 721
963 602 765
137 961 58
601 130 857
247 201 939
379 729 16
201 242 41
585 712 607
57 831 141
949 429 591
199 741 9
246 105 993
454 285 902
709 637 241
676 791 316
441 681 241
833 757 901
443 365 137
912 15 825
36 362 420
182 521 797
951 219 765
721 97 617
281 961 231
641 378 407
21 859 57
887 661 226
903 111 231
457 437 657
226 607 361
631 529 509
225 169 687
960 902 183
577 611 947
129 526 59
529 167 304
121 84 624
221 139 651
161 648 161
865 241 185
626 886 421
717 52 701
281 167 893
595 773 911
357 191 488
841 561 979
225 561 63
729 169 537
691 911 501
356 68 967
377 741 245
954 611 973
656 442 601
465 161 298
101 733 346
563 377 276
445 657 449
825 512 337
201 251 633
612 299 71
1 19 156
1 173 534
646 270 249
585 41 506
968 515 961
671 833 337
879 947 176
287 365 155
513 243 236
973 965 265
257 725 629
11 986 216
971 27 293
421 357 171
561 461 553
265 924 441
261 654 551
897 13 949
62 967 881
259 403 185
265 741 236
689 417 917
427 313 929
136 883 641
170 376 377
357 831 49
995 721 897
256 253 539
522 509 433
177 951 922
938 885 361
755 38 469
511 376 148
713 864 569
879 654 135
1 497 529
386 606 241
325 511 940
261 137 941
62 951 723
835 973 22
284 837 730
475 155 26
500 376 217
410 629 706
439 157 321
723 286 51
869 369 691
586 369 227
723 441 183
361 841 901
145 1 467
448 357 499
963 827 169
741 313 391
625 398 25
693 967 366
825 67 821
474 129 875
777 205 318
611 633 809
559 670 891
282 698 855
801 456 393
349 496 329
751 281 637
419 431 237
691 255 325
696 557 158
161 304 16
17 565 917
850 3 575
811 705 943
252 562 91
756 305 606
377 457 49
651 823 91
242 647 516
332 591 463
666 369 401
191 537 73
176 101 333
701 362 551
325 41 721
216 529 581
321 185 965
364 745 525
861 166 251
330 855 14
951 89 557
551 373 637
305 941 382
996 529 431
109 103 564
229 409 982
740 330 615
899 576 746
941 137 287
511 81 21
246 239 43
301 229 501
921 73 518
257 256 901
611 541 906
986 885 537
196 481 427
435 46 512
821 59 603
156 658 31
609 536 229
617 571 97
951 605 111
737 211 490
699 698 533
817 460 349
288 969 293
876 997 249
602 692 367
768 841 745
373 731 601
775 233 182
186 121 569
93 377 643
408 790 990
77 365 981
431 562 881
668 551 468
735 541 149
19 207 296
18 621 19
617 585 183
601 266 5
95 123 164
373 786 273
226 754 201
951 367 593
484 823 479
846 421 225
281 257 83
946 113 984
721 893 935
124 10 481
561 916 289
641 748 193
289 317 283
601 611 361
895 345 926
953 605 111
597 294 541
451 842 601
96 998 602
244 479 686
150 173 483
368 251 471
403 51 701
665 801 89
17 577 349
781 882 421
686 766 563
897 209 576
337 621 689
481 27 303
265 861 765
891 871 761
381 737 521
389 705 425
301 921 333
456 576 840
406 721 445
832 295 217
201 613 795
177 876 533
551 721 97
981 531 371
581 431 451
752 161 11
445 715 333
966 240 550
13 425 281
446 297 21
349 833 641
371 476 227
930 845 338
876 69 859
801 233 55
193 638 816
998 761 961
974 77 212
197 397 225
531 867 21
125 382 978
824 287 293
701 898 152
665 477 357
769 880 625
395 240 684
461 81 213
989 113 291
657 259 738
344 640 982
53 933 63
905 486 422
839 281 73
537 140 881
172 621 413
509 168 70
345 282 721
441 169 677
561 65 721
774 263 620
569 944 129
381 743 933
571 413 527
377 393 353
24 936 914
63 865 39
446 752 840
716 151 547
851 151 351
795 737 361
257 1 678
925 983 50
51 776 25
796 27 360
630 181 501
985 357 659
617 31 668
697 173 123
319 316 351
553 503 865
656 447 219
607 586 47
473 79 420
431 951 797
503 81 525
869 983 409
981 374 833
11 643 257
240 113 945
821 155 517
571 393 423
961 269 681
918 675 189
951 699 409
9 752 546
977 385 361
805 193 389
866 986 293
21 241 25
231 457 305
449 593 677
67 811 539
631 115 513
917 953 609
513 103 425
731 109 355
379 863 508
791 411 69
185 81 761
1000 587 805
538 451 329
801 783 39
520 781 868
61 648 462
831 729 149
5 513 971
436 345 311
353 937 127
277 213 680
113 781 329
666 971 105
576 708 561
85 481 493
773 357 714
776 893 116
97 756 145
779 851 921
422 69 201
877 323 251
264 977 626
115 65 111
381 800 591
1 699 301
531 525 404
289 17 237
993 209 417
583 673 321
201 137 546
357 421 11
988 601 811
389 791 426
848 161 317
236 431 745
17 825 611
221 505 683
435 273 153
305 110 721
28 563 337
521 791 179
646 489 729
617 621 291
752 941 623
781 101 425
769 703 185
632 839 458
501 841 481
321 461 17
467 705 781
929 473 135
201 449 699
89 661 211
73 953 161
161 746 901
825 900 372
194 251 751
231 465 545
571 726 1
927 564 283
919 251 377
693 593 441
876 203 711
327 474 657
41 993 801
982 602 573
11 399 942
191 310 281
303 956 361
373 680 875
25 126 109
528 493 861
41 100 681
416 110 626
393 297 194
151 89 641
450 511 731
177 1 741
505 617 931
501 675 755
987 265 59
847 146 902
943 541 395
51 976 545
977 455 361
197 217 486
674 458 285
801 995 925
973 519 337
163 529 723
647 376 905
601 157 1
205 825 881
965 821 425
741 393 457
681 506 301
972 451 921
261 545 729
319 576 701
633 477 539
155 930 485
583 301 944
865 101 62
625 637 267
955 281 390
841 101 426
699 530 831
121 643 426
611 366 837
948 999 681
289 629 256
60 407 183
27 783 401
699 103 251
741 741 284
613 951 399
105 881 453
729 9 254
153 811 83
665 703 471
825 421 961
237 767 776
287 865 876
321 527 461
711 731 987
972 634 599
621 981 301
503 90 409
899 57 516
579 875 829
401 538 664
147 932 195
93 751 467
866 721 969
311 832 378
326 404 352
286 436 649
525 652 717
803 539 197
479 946 857
281 203 553
901 724 891
59 893 412
245 123 785
991 817 397
969 625 269
249 229 154
771 269 451
863 817 393
236 990 369
823 511 121
178 145 849
557 601 633
881 105 111
395 844 497
921 381 376
631 491 681
585 107 217
241 441 766
200 175 621
409 181 361
930 309 401
654 585 665
801 541 463
178 249 455
121 990 986
917 98 356
576 876 97
286 64 601
912 93 720
604 513 713
220 891 337
361 685 39
941 827 485
494 511 876
567 613 117
777 545 776
759 543 251
406 305 421
931 609 406
865 492 721
584 833 476
79 291 649
528 855 541
622 305 757
765 729 466
501 189 893
482 1 989
521 97 801
561 627 486
909 912 497
421 101 681
442 733 665
276 975 97
881 216 953
991 136 797
689 629 685
329 221 128
494 81 637
201 907 553
631 511 193
675 13 430
747 403 807
616 492 781
561 501 545
351 289 897
421 711 411
492 947 183
233 301 29
267 449 265
873 551 299
609 241 121
201 545 21
215 509 273
590 289 601
283 806 82
525 645 957
741 325 133
157 191 751
634 761 106
752 635 7
125 1 801
121 785 416
547 431 333
523 680 176
703 174 145
825 517 767
675 51 529
163 304 371
951 599 351
591 783 325
79 166 609
911 351 773
665 397 733
697 102 918
881 519 565
493 777 416
761 281 347
905 153 646
903 645 1
493 267 649
749 423 253
729 706 193
544 526 351
486 789 639
258 451 27
267 724 285
310 43 705
621 933 41
529 409 322
371 15 993
251 996 685
521 961 509
85 457 521
513 391 593
269 281 393
217 345 364
45 318 177
269 145 753
3 366 285
463 549 371
53 978 851
439 785 601
321 520 360
57 471 981
901 961 166
26 175 11
525 321 806
863 980 713
725 708 761
312 416 721
761 77 649
501 321 929
23 528 505
731 818 152
5 832 817
241 39 897
416 2 307
791 409 549
129 509 460
903 109 875
741 724 617
243 783 909
29 847 281
883 736 710
160 653 721
280 281 401
499 923 557
893 17 18
81 718 821
579 165 49
301 160 318
584 521 372
343 179 732
680 78 297
453 353 237
793 485 608
889 69 653
938 525 837
861 953 485
735 473 928
865 189 751
37 599 953
501 711 568
464 152 647
345 209 305
893 523 981
80 277 921
236 548 471
601 121 457
115 881 921
931 10 91
506 443 848
953 153 76
401 381 359
853 441 432
921 921 301
601 500 765
17 582 101
142 800 357
923 561 801
441 153 761
651 741 590
397 251 393
741 511 543
138 525 241
23 462 563
177 376 991
840 201 363
523 25 47
601 155 779
911 441 751
963 375 685
681 257 121
751 565 426
786 448 843
135 5 580
315 626 301
625 160 995
964 363 425
709 629 376
981 793 729
671 649 799
554 225 775
315 57 351
727 321 811
953 337 101
579 633 989
24 306 37
41 178 173
880 94 695
101 773 267
149 497 591
953 543 313
647 535 581
185 456 444
563 469 185
37 806 321
185 321 903
81 833 611
629 886 457
812 761 101
263 226 547
594 31 1
92 137 348
409 729 611
233 743 449
841 881 629
364 121 551
338 746 530
839 843 1
901 431 792
263 129 901
853 217 487
955 438 892
720 603 293
621 249 19
94 731 471
988 992 634
835 977 249
142 401 97
209 849 987
865 723 562
224 857 777
927 233 709
836 268 14
501 91 700
833 391 123
631 519 985
561 543 785
873 241 167
279 455 309
165 265 454
701 831 901
857 329 263
141 778 89
789 677 421
39 116 531
277 705 305
23 393 684
599 633 614
609 978 877
677 587 249
685 945 941
893 501 25
652 471 164
803 313 751
641 313 179
7 543 341
113 534 681
329 585 934
816 979 801
557 225 418
283 735 732
376 81 347
261 241 691
901 521 851
405 761 487
516 689 73
261 683 129
693 925 232
516 169 945
245 819 329
233 725 465
781 177 443
226 910 981
353 921 576
6 781 716
269 914 665
141 453 615
356 251 390
959 527 694
191 799 67
652 743 632
449 829 611
301 761 921
141 181 226
980 695 833
989 609 242
623 464 507
622 217 211
272 948 511
889 151 793
764 866 416
345 203 185
249 457 441
69 653 1
445 447 301
991 731 89
247 665 977
367 499 437
33 210 943
161 681 359
997 449 837
593 232 771
221 321 549
345 627 649
753 741 779
105 201 103
214 168 408
661 171 929
940 201 613
134 246 217
441 124 537
277 361 802
733 276 901
660 985 401
667 115 425
301 215 641
31 408 851
261 601 401
91 777 869
671 491 153
640 601 509
243 455 101
681 444 835
648 1 141
821 801 44
783 811 801
885 357 855
376 389 797
226 952 532
101 299 279
267 621 161
901 606 441
862 961 419
470 799 209
114 121 662
697 431 652
51 101 288
524 374 488
155 701 254
66 165 165
1 103 601
701 25 725
617 35 131
261 779 586
253 6 17
153 913 186
545 345 670
941 11 644
786 229 667
889 289 986
961 334 692
785 481 242
635 11 396
272 593 452
481 710 699
781 297 711
851 716 920
448 53 57
449 804 833
480 880 819
850 817 861
589 217 905
176 648 188
117 281 485
751 317 895
641 526 473
371 247 773
912 226 226
141 827 801
425 201 401
352 211 301
39 361 433
169 628 486
351 251 593
177 361 154
569 138 617
111 261 81
283 747 921
151 165 69
181 970 105
216 116 921
355 26 981
360 241 821
421 726 826
583 955 881
837 710 789
876 677 967
917 292 661
638 807 131
485 708 851
349 711 263
126 135 817
559 119 330
570 612 633
993 910 389
793 1 636
13 199 470
929 531 255
961 963 803
59 573 33
628 985 279
431 341 161
762 665 13
833 720 86
453 699 665
738 96 456
113 269 209
134 298 795
481 253 105
641 748 301
441 265 435
827 251 851
865 956 583
161 865 889
608 495 345
682 906 205
487 571 238
169 251 506
406 287 512
156 241 126
577 9 131
833 304 99
881 657 537
208 113 129
889 489 276
172 487 286
677 920 33
1 611 741
889 641 441
541 601 31
471 941 135
753 840 939
323 591 884
801 421 193
841 601 202
864 751 761
780 649 805
17 876 269
576 8 389
573 385 329
781 193 977
823 662 853
9 313 41
277 896 985
341 783 61
391 313 665
424 557 15
65 988 325
756 918 6
83 995 824
293 619 429
355 706 108
23 777 21
837 527 801
965 331 529
841 918 278
947 241 439
25 553 541
606 95 401
528 376 297
853 181 489
488 409 817
798 681 613
393 991 969
255 805 529
161 547 676
661 551 600
5 259 339
79 691 806
825 1 87
249 467 201
721 295 617
82 586 31
861 209 296
301 705 553
921 766 607
617 926 61
913 681 945
677 673 353
89 133 621
737 171 606
876 521 993
968 797 291
846 577 633
761 266 497
329 321 845
453 471 833
225 459 973
1 506 677
721 671 64
593 594 376
321 378 927
562 445 635
881 221 305
677 546 969
158 608 975
746 534 81
803 751 911
451 317 687
757 461 451
201 247 434
921 834 501
753 929 101
79 379 296
293 202 243
501 951 506
801 85 241
907 869 160
971 681 301
488 751 835
475 501 853
81 529 876
417 588 751
167 496 848
301 33 323
985 481 140
522 893 987
502 883 972
999 416 569
695 521 304
551 529 256
277 451 801
881 189 872
1 81 913
265 961 127
77 727 891
285 767 209
486 796 681
677 505 661
784 793 431
897 453 35
406 245 361
846 559 920
1 132 609
6 201 817
857 301 801
24 879 877
677 733 771
922 215 665
237 766 383
360 461 857
352 734 152
661 446 611
485 926 401
261 761 420
489 595 119
3 269 291
401 539 661
281 681 945
176 386 637
532 294 361
177 378 181
861 273 494
725 785 457
478 937 585
29 601 977
507 826 441
153 148 761
165 309 29
773 193 732
163 841 25
625 751 283
793 891 161
606 905 1
649 385 241
851 289 53
790 529 189
376 305 521
381 935 760
45 656 785
78 256 113
49 601 865
687 114 29
785 873 793
385 809 113
553 297 331
248 153 595
849 705 649
957 187 525
301 27 896
421 555 1
301 401 742
424 949 729
281 323 349
121 25 279
771 902 621
594 761 250
657 783 793
505 953 277
601 545 921
154 789 812
469 281 733
596 427 949
281 11 1
168 983 973
416 850 265
148 253 317
283 359 137
95 321 687
891 852 885
497 493 36
346 601 957
189 461 381
488 122 817
815 989 842
894 571 511
401 584 523
845 817 143
492 952 951
965 666 139
475 9 343
580 247 851
823 433 897
797 723 9
958 462 921
606 235 43
583 841 991
442 246 777
844 611 541
51 511 726
531 785 581
24 14 97
161 599 909
249 201 332
751 457 39
29 533 99
151 669 353
551 31 748
602 725 30
995 553 581
237 793 253
958 987 59
991 821 824
11 421 884
909 806 145
269 210 781
791 969 273
932 167 576
975 524 841
675 254 403
729 226 640
724 545 211
379 630 125
201 257 396
689 451 511
541 251 49
255 517 766
821 699 121
950 28 837
867 318 985
33 527 889
62 749 765
901 49 745
201 199 865
137 152 677
719 791 417
590 505 960
589 477 626
149 481 192
571 69 387
637 809 657
353 329 130
887 421 476
937 461 473
26 117 654
289 689 759
940 206 786
270 498 169
457 366 427
961 713 453
665 556 390
651 330 397
741 31 673
273 933 559
269 265 733
517 281 963
11 560 891
133 91 67
977 684 889
869 246 21
257 705 897
305 16 190
489 14 591
80 488 49
857 873 74
889 373 625
86 431 994
204 286 932
516 36 337
324 961 513
865 995 881
761 766 251
522 177 913
781 461 981
545 145 504
219 433 576
213 585 756
801 519 185
456 867 947
201 631 861
429 726 828
569 704 701
511 504 726
215 280 929
929 751 781
782 830 146
509 771 593
871 389 269
952 306 634
787 595 501
344 501 449
501 36 294
401 959 700
693 402 161
646 91 331
537 298 633
712 81 953
403 329 640
230 66 410
95 891 933
50 185 341
166 175 561
627 307 869
483 665 115
157 981 190
849 41 941
736 928 52
241 981 631
1 441 89
142 469 41
767 251 657
169 721 471
223 401 261
453 447 17
841 122 534
325 593 333
191 73 344
25 676 389
894 924 686
569 235 229
593 781 773
555 397 145
639 43 241
19 658 381
91 949 857
251 541 956
505 996 693
453 233 801
709 113 986
99 101 899
176 185 903
601 113 437
331 726 349
407 926 897
17 315 666
16 351 41
415 607 378
921 831 240
221 465 907
521 470 281
853 845 629
401 599 621
391 661 435
369 953 1
501 425 377
976 214 729
451 352 641
419 261 206
6 105 641
769 921 369
697 607 446
441 941 833
367 661 665
665 121 696
233 33 461
299 829 252
777 183 991
901 746 633
801 565 791
203 257 637
259 900 447
247 521 10
649 9 148
241 513 496
384 793 937
766 257 697
889 495 170
567 601 649
637 497 124
337 389 957
841 126 271
251 261 65
357 644 637
209 753 541
413 826 745
273 665 647
775 411 437
851 517 335
829 19 151
381 646 379
969 775 602
937 697 219
711 481 747
710 701 804
649 11 219
361 592 563
805 17 153
229 71 145
386 177 811
641 267 941
137 376 258
251 911 644
91 116 665
159 701 797
553 161 886
523 129 795
441 1 193
955 700 939
957 713 635
259 935 577
126 873 281
675 221 557
557 933 811
227 940 679
491 41 920
113 559 851
301 241 102
9 186 531
991 249 592
543 559 721
86 303 83
971 461 141
689 514 305
53 981 430
105 141 364
941 501 41
549 983 336
259 27 831
49 926 148
643 89 25
433 302 26
833 539 277
338 921 921
801 32 609
910 349 281
46 601 961
909 115 481
963 13 146
229 581 198
265 647 201
33 651 203
433 735 103
51 899 777
577 166 789
881 585 781
326 201 635
820 265 56
609 939 690
854 449 216
183 361 496
501 818 875
297 146 472
271 27 849
801 529 655
785 947 434
521 651 825
292 779 18
328 198 253
961 256 948
417 633 449
559 353 625
281 697 626
681 161 994
131 95 961
255 158 337
9 977 366
124 319 641
799 117 969
49 639 921
84 626 105
609 203 373
115 529 76
209 487 883
1 451 214
811 29 990
355 967 426
881 157 426
972 145 746
95 819 975
569 633 57
829 581 649
51 249 166
861 97 721
380 732 571
101 989 985
425 231 364
506 812 971
616 326 879
875 1 501
181 47 69
325 873 37
529 851 706
601 201 246
969 235 401
453 633 51
485 617 401
449 247 251
471 273 729
407 471 397
482 349 463
541 281 99
493 671 537
461 865 613
677 109 841
121 501 561
66 713 415
851 119 151
681 330 25
161 97 77
365 193 252
450 92 326
844 265 307
251 933 309
225 401 457
179 697 185
899 671 901
403 545 920
67 706 804
556 860 436
295 561 813
121 629 573
21 105 903
30 985 314
429 918 317
269 161 593
817 460 70
41 457 877
453 201 614
411 179 782
435 785 175
887 140 496
50 739 926
679 889 25
497 725 61
177 433 233
121 723 226
546 285 435
729 37 541
353 769 361
224 666 693
715 213 609
729 573 214
11 653 44
160 877 895
785 281 501
861 965 62
773 631 585
773 689 246
835 642 923
253 661 35
249 440 401
27 153 873
798 81 521
767 771 198
521 893 953
889 566 828
283 993 737
832 109 790
342 336 649
571 924 617
158 4 257
869 109 821
401 103 581
79 1 21
891 551 345
911 473 701
900 107 261
405 987 129
879 391 577
299 996 360
131 911 949
249 186 425
75 613 817
193 937 229
505 563 1
792 550 284
115 656 255
26 316 401
513 501 713
541 17 871
506 776 225
265 425 81
825 11 459
269 441 560
847 281 606
911 479 99
560 626 339
144 319 925
345 648 113
481 545 694
701 283 9
377 625 136
321 155 177
691 533 751
226 403 959
127 675 35
731 887 372
126 469 457
751 457 289
414 751 73
772 536 273
809 920 96
496 823 74
564 184 609
343 623 451
626 168 261
988 708 477
726 101 202
661 33 293
413 681 291
973 126 302
616 161 876
864 351 907
517 661 125
933 323 225
409 420 769
575 221 534
897 887 981
903 951 638
831 107 941
850 917 849
551 596 151
551 11 5
421 519 41
209 121 906
985 417 257
983 126 433
521 933 281
337 406 510
246 616 893
810 801 822
837 241 63
160 807 37
64 620 315
821 491 147
249 853 913
173 361 499
339 732 647
801 841 841
752 182 761
922 653 637
688 745 25
173 11 31
249 729 138
681 261 156
101 334 61
369 101 911
61 641 43
387 372 239
517 333 338
791 783 7
334 701 694
634 94 633
386 516 106
701 236 596
713 153 921
891 471 251
256 401 115
221 81 51
176 407 26
288 126 721
339 595 146
705 426 225
251 445 897
707 634 254
908 525 721
813 465 721
701 421 744
521 513 998
113 691 751
663 326 167
559 753 303
601 43 611
665 185 169
391 201 66
391 300 21
396 465 207
605 971 881
157 843 403
353 139 725
611 481 637
81 137 185
569 37 545
486 433 761
738 885 120
345 611 67
225 221 401
397 16 733
11 239 876
77 974 295
93 197 246
404 475 490
505 367 1
771 530 865
870 658 153
71 891 326
621 9 577
531 265 901
337 41 791
101 549 449
561 651 346
939 41 321
27 767 685
824 258 737
161 904 735
401 643 287
627 73 353
369 573 357
649 454 199
733 217 978
354 426 676
53 787 463
909 231 226
851 779 641
955 681 833
563 181 461
996 942 345
189 275 242
884 905 129
991 181 233
689 352 577
555 231 967
329 482 897
701 456 761
586 709 301
833 341 645
271 212 548
921 395 989
751 289 769
887 638 917
401 821 325
349 945 311
201 589 337
545 338 1
44 993 23
579 706 96
623 933 533
774 827 453
429 338 721
441 411 902
821 233 896
391 153 354
371 457 95
81 405 331
56 361 580
321 202 723
85 801 421
341 632 961
126 223 438
911 983 551
459 1 945
401 109 705
513 670 641
43 481 733
203 561 839
811 801 704
121 495 644
957 161 155
684 549 45
876 621 321
708 37 13
937 845 806
498 181 373
761 841 957
359 307 179
580 679 215
361 891 367
167 761 601
991 348 989
361 431 766
893 415 401
266 586 531
235 641 585
643 947 95
224 421 126
351 311 33
945 797 189
307 905 361
528 796 793
601 521 666
901 437 945
585 477 1
86 619 130
584 49 294
505 569 309
86 473 77
865 951 63
725 137 758
417 451 249
120 846 769
301 335 661
35 645 172
231 661 801
771 937 273
695 465 57
746 571 885
53 761 60
505 376 45
353 841 691
411 309 143
877 696 242
681 329 161
62 973 745
461 626 965
57 197 129
19 535 741
241 118 382
381 806 585
729 712 78
865 728 377
489 434 170
466 893 949
711 761 561
671 223 197
301 391 539
577 201 113
837 97 891
235 712 638
371 726 511
789 521 569
685 471 401
737 641 461
151 814 721
641 871 281
625 961 146
937 798 321
660 193 631
1 43 351
399 215 648
896 949 534
701 165 817
681 105 577
160 113 457
611 557 493
251 699 798
992 511 807
47 401 705
381 561 135
887 385 726
982 896 399
945 613 661
245 187 376
83 577 995
441 121 337
999 585 249
353 501 14
801 801 839
923 250 108
55 146 217
169 586 965
465 377 899
585 25 351
33 911 725
189 607 677
283 791 700
801 397 605
151 676 425
230 337 874
489 143 107
951 445 423
977 362 405
661 389 107
508 333 354
81 541 17
882 570 761
682 590 125
101 765 71
237 261 231
697 815 161
519 419 924
461 333 557
927 625 934
132 301 241
851 889 633
397 427 789
61 689 957
303 337 53
195 826 717
298 416 230
521 61 233
481 703 473
618 929 634
229 913 861
260 785 297
753 796 841
101 479 849
233 845 663
630 213 748
831 688 393
591 89 401
783 541 677
801 801 825
966 291 321
801 654 479
431 33 179
86 552 31
649 151 117
303 721 811
883 201 403
749 587 169
492 841 357
445 453 121
246 97 788
246 250 327
709 357 143
640 735 905
362 997 541
561 611 646
41 412 961
789 361 305
208 161 41
876 837 597
941 697 820
701 191 625
665 721 745
367 634 359
156 137 829
205 193 689
516 341 97
525 411 737
775 410 249
1 705 877
137 17 265
651 528 881
691 486 585
475 905 240
681 689 45
301 109 509
959 361 136
777 756 288
986 428 177
535 401 26
881 941 347
975 153 351
449 916 285
272 547 561
281 631 553
41 745 665
426 637 345
131 421 501
113 822 700
83 136 173
471 517 241
71 125 53
603 801 501
702 687 2
478 563 564
297 895 529
83 206 245
285 877 413
28 626 939
39 463 244
926 857 971
901 801 665
431 415 853
531 636 131
701 878 573
601 601 456
381 765 491
525 463 218
998 235 839
267 101 905
297 121 843
993 23 385
791 440 493
177 553 721
481 893 51
18 357 128
921 781 161
306 807 529
216 948 387
585 415 345
201 431 71
516 869 306
271 49 1
161 301 809
83 503 561
710 153 249
896 35 431
141 548 816
874 740 89
600 771 273
156 409 593
743 261 641
97 697 814
113 857 756
49 605 429
9 726 872
437 902 601
153 541 543
817 118 726
435 503 929
905 289 401
601 889 225
597 664 952
405 381 89
269 227 823
253 251 35
177 693 460
813 839 555
681 367 392
935 299 558
966 115 244
857 305 935
619 456 406
742 65 761
17 691 223
923 333 769
193 593 212
859 881 782
361 201 625
501 713 1
945 721 813
287 829 328
398 901 997
521 171 380
506 755 537
565 557 961
797 491 403
221 777 913
353 692 946
446 565 913
51 651 661
866 869 393
253 701 786
195 453 893
471 496 538
386 881 681
709 81 961
147 571 675
345 145 65
306 489 234
77 686 25
97 177 676
941 281 162
861 457 415
101 723 265
636 803 669
61 704 529
861 789 646
143 1 47
488 676 646
860 475 335
451 181 855
881 708 347
89 873 761
519 265 371
611 647 469
157 105 867
217 1 446
992 937 393
669 297 953
465 946 953
863 226 577
365 296 471
997 281 665
641 691 119
125 369 667
782 41 101
617 275 244
218 581 211
761 57 449
57 157 751
305 421 692
213 139 622
299 141 685
461 673 107
395 37 83
625 253 425
1 145 171
605 2 655
799 933 121
309 657 469
193 202 302
311 27 466
258 705 431
941 721 321
901 644 134
866 313 554
624 771 752
586 553 643
951 361 501
209 211 745
81 81 703
577 937 905
51 116 545
451 789 827
169 413 200
721 578 567
720 91 65
213 278 489
308 494 652
211 834 8
81 681 561
499 501 848
46 141 609
909 402 201
277 460 117
221 122 85
731 365 625
161 52 785
203 136 311
896 615 390
286 245 496
725 340 81
456 507 8
171 371 381
996 945 784
971 893 793
581 771 639
801 121 295
238 451 172
561 811 281
853 455 461
129 151 491
323 419 741
797 466 241
961 283 163
891 545 762
837 150 269
513 377 987
191 743 522
725 255 1
913 921 805
697 124 363
321 593 86
975 177 755
814 273 916
949 146 523
519 948 90
921 457 486
860 801 33
12 31 129
849 737 715
489 49 109
689 176 657
641 177 377
927 89 786
981 341 964
881 513 231
861 953 447
222 921 161
416 856 164
657 576 561
838 545 328
997 801 445
671 135 541
529 589 905
501 601 137
151 357 961
945 685 41
9 701 351
857 119 191
434 337 517
185 371 357
377 537 441
301 705 417
469 765 681
351 921 306
726 877 833
397 733 881
556 476 801
879 957 351
871 815 881
535 929 201
141 393 357
201 742 901
823 403 969
529 117 705
522 1 997
999 850 246
511 945 321
501 635 71
489 984 655
346 908 214
820 449 241
262 195 223
305 818 135
456 1 793
401 661 534
829 846 69
996 884 281
166 697 971
884 116 701
567 707 334
396 581 865
970 851 581
501 199 271
847 849 775
217 878 759
301 591 869
124 368 851
897 115 415
101 366 169
276 912 523
912 333 829
281 385 480
619 953 775
794 563 216
317 769 445
755 551 185
811 176 39
41 587 873
216 423 916
451 337 913
392 994 917
317 551 921
449 491 773
585 473 422
381 596 841
801 549 312
