3257
501 233 521
145 989 151
951 851 164
631 144 570
835 841 491
435 949 721
659 162 845
201 311 15
686 173 876
75 193 912
563 794 631
16 297 769
336 663 643
387 676 1
261 191 16
1 61 839
537 663 983
971 963 281
405 481 621
161 901 410
261 506 507
301 809 145
381 473 861
144 483 758
503 869 945
433 276 61
161 601 461
135 221 981
391 581 55
121 857 827
398 1 6
211 345 465
68 531 193
510 764 7
433 897 745
451 768 915
358 319 353
649 585 605
33 116 545
277 857 479
797 134 193
793 989 79
881 441 625
897 531 671
604 46 23
167 387 829
240 701 233
697 951 353
401 41 544
501 699 971
285 969 29
81 99 273
981 121 736
481 41 899
283 844 11
921 113 881
831 556 242
951 153 97
698 58 546
961 854 679
668 221 629
273 138 864
741 112 335
364 145 963
591 505 305
10 653 41
497 257 497
1 801 576
577 231 906
905 669 477
233 552 692
321 223 349
146 63 961
921 1 483
15 211 842
179 281 41
715 859 33
251 554 521
801 146 601
185 676 705
541 671 693
989 346 470
363 153 31
511 11 589
1 969 81
881 450 625
896 257 997
921 903 126
451 877 976
757 805 201
149 588 65
136 145 576
309 891 617
961 656 91
270 526 195
87 129 184
927 463 987
871 141 321
505 691 365
251 497 299
378 900 279
369 875 936
581 905 885
843 957 185
827 946 150
267 207 709
911 601 739
561 381 126
775 437 9
9 395 27
925 558 841
981 219 599
715 613 619
501 961 457
213 951 687
851 124 601
465 277 373
95 233 480
323 307 53
37 282 504
126 770 980
110 397 126
926 369 891
905 865 305
844 466 681
31 752 529
575 129 173
876 605 29
792 369 249
826 361 924
633 959 605
893 983 480
131 609 16
151 237 87
377 309 390
682 67 239
626 621 476
473 461 766
959 603 781
746 551 25
390 926 62
576 386 178
743 63 845
129 683 241
147 227 769
166 5 601
661 225 469
861 367 977
755 801 889
975 529 369
606 794 609
575 510 581
897 619 221
273 837 191
976 911 813
345 449 326
626 848 161
207 181 841
723 456 872
974 895 390
33 801 366
703 83 978
404 305 765
329 557 231
501 983 807
746 255 214
241 781 333
599 835 681
201 43 492
151 457 923
943 625 251
309 116 958
786 770 401
985 489 739
705 73 426
681 789 733
652 751 881
521 195 656
771 747 71
81 777 496
642 467 949
755 441 289
245 617 487
75 489 201
311 521 307
407 305 891
711 845 57
53 301 15
908 28 837
569 849 851
411 356 683
842 471 986
542 631 209
403 579 817
681 747 329
713 873 1
619 677 709
54 619 921
441 221 289
778 195 901
990 513 401
151 841 201
116 101 3
541 962 169
851 809 565
113 673 740
91 561 878
799 760 651
81 276 165
707 278 61
873 328 343
577 989 841
871 841 508
543 869 447
875 111 951
825 973 25
216 745 77
981 681 537
901 271 832
363 649 606
40 385 1
581 872 483
826 789 89
501 593 121
226 991 437
239 985 16
301 793 113
47 165 561
841 501 793
953 525 451
777 85 379
71 533 305
777 957 505
467 71 713
186 681 857
98 551 791
81 147 765
133 466 475
801 63 467
769 429 825
380 381 374
533 227 587
179 561 723
747 717 910
836 937 445
121 221 525
725 817 897
351 577 537
344 109 669
796 81 845
25 441 273
329 392 433
216 581 211
776 953 626
905 675 825
831 669 849
11 341 733
93 227 53
925 302 935
488 413 557
509 65 390
601 228 133
105 731 385
801 953 186
286 381 172
317 274 409
214 441 884
587 685 309
261 881 579
230 145 221
473 513 186
669 459 974
631 825 177
269 987 701
789 857 227
928 417 341
687 281 101
656 409 774
939 815 109
937 891 535
171 743 877
240 485 993
981 373 697
45 23 236
761 985 266
537 101 159
595 337 33
956 630 123
399 467 763
488 761 985
2 377 324
413 381 651
40 89 407
617 501 341
138 791 213
809 913 376
995 413 881
849 415 128
701 905 57
381 69 233
291 657 859
936 975 898
179 126 279
129 769 673
176 65 401
688 241 865
232 341 101
382 307 1
613 406 147
958 881 128
123 818 507
321 630 947
763 136 1
123 480 699
157 751 804
724 877 513
733 583 813
601 2 601
530 552 721
931 181 110
745 386 60
131 143 933
574 223 135
169 324 57
497 201 593
371 551 249
443 133 488
313 361 4
394 461 793
331 536 398
849 577 696
757 541 657
298 515 184
491 909 617
565 625 722
211 911 921
242 921 529
736 642 865
451 200 361
786 237 733
372 2 651
556 516 921
546 753 501
121 403 301
29 427 449
901 837 777
1 553 828
349 581 121
81 486 825
690 152 802
713 294 202
889 529 543
609 33 320
969 769 753
703 109 569
798 46 787
371 727 451
769 441 727
1 873 449
849 613 433
629 281 135
351 537 701
557 821 679
5 431 72
441 892 279
753 87 39
176 485 521
793 475 125
201 367 402
201 696 305
210 681 603
171 77 621
211 705 473
551 550 246
452 956 251
400 281 474
381 533 73
437 73 579
633 134 113
418 991 521
419 196 561
328 476 392
116 625 60
801 817 71
157 351 679
761 342 305
491 917 625
200 321 105
571 609 941
478 823 439
673 777 203
224 20 177
58 401 315
916 469 97
780 704 913
476 581 946
621 617 665
601 381 399
917 431 421
289 2 479
216 849 869
357 601 441
485 119 992
566 451 293
641 503 877
60 637 337
269 260 936
555 961 891
981 271 507
354 476 849
138 741 815
390 336 281
553 606 765
472 601 664
311 641 47
501 565 355
393 729 116
901 451 573
489 881 171
408 576 701
821 521 656
831 162 364
331 913 873
771 747 688
859 177 391
679 771 561
203 94 1
1 849 125
61 865 643
591 196 366
913 281 225
481 921 897
439 35 21
106 298 113
145 490 943
887 897 23
129 563 805
853 465 489
33 467 868
690 765 94
408 721 30
851 31 873
89 495 153
179 769 410
83 801 77
971 461 715
609 428 9
115 797 525
331 201 586
601 921 654
765 744 422
401 531 809
95 801 881
179 681 649
709 445 799
519 530 25
935 452 801
106 889 384
321 26 681
141 141 373
576 406 402
933 657 811
33 535 61
333 631 308
51 301 280
416 750 210
481 80 862
461 179 97
909 316 826
172 883 20
408 115 93
501 301 809
449 665 271
883 65 225
116 568 331
511 636 45
309 411 544
341 720 859
849 85 323
335 361 933
771 719 769
515 669 597
998 657 688
449 421 660
421 247 833
218 913 225
169 265 489
687 429 899
615 303 727
983 561 574
291 345 765
565 573 17
198 476 782
985 81 231
138 489 761
857 836 241
122 731 606
840 169 596
601 388 821
333 541 679
89 981 684
177 543 519
109 850 604
543 796 476
153 185 935
489 706 991
913 657 297
831 201 263
223 686 259
576 641 631
753 571 675
199 401 433
25 388 777
981 77 386
661 405 511
520 878 570
951 705 96
696 539 140
306 72 431
221 281 322
161 53 401
625 363 271
143 93 470
929 346 456
367 1000 773
9 543 533
899 656 721
691 441 296
998 432 682
215 365 401
189 391 321
1 831 801
199 963 569
801 825 932
146 41 835
957 621 737
393 187 214
761 51 1
875 301 886
83 696 401
315 561 98
473 641 493
736 33 7
361 952 321
253 401 769
877 97 591
549 618 270
353 363 637
197 303 412
433 912 289
413 73 289
581 569 841
801 326 299
521 13 169
184 770 121
444 405 331
889 651 33
231 85 146
543 241 574
341 111 121
373 561 529
879 397 561
476 289 885
573 509 701
137 356 529
561 332 129
726 251 542
831 157 971
81 351 177
113 918 253
853 41 901
439 979 870
861 176 237
575 306 716
986 800 139
721 786 441
698 216 49
601 857 621
885 89 81
577 74 796
497 417 81
666 354 235
181 121 341
97 133 728
407 865 330
721 747 13
887 915 447
796 179 633
529 913 993
673 746 785
586 823 989
773 921 711
321 334 961
707 103 795
11 103 461
985 631 101
915 87 275
991 491 791
357 217 394
356 225 749
533 435 801
18 977 477
486 419 559
637 280 713
183 32 601
362 776 697
17 911 61
585 198 754
575 339 602
581 586 509
111 471 438
822 179 661
432 613 513
549 422 889
709 123 73
471 501 571
935 537 861
963 131 101
231 81 639
659 311 649
820 227 391
748 733 851
809 893 185
385 511 499
358 997 401
897 356 463
522 1 861
149 719 957
1 924 814
833 996 19
361 769 49
909 474 937
787 955 165
910 23 921
161 607 692
492 521 989
853 839 1
505 496 411
168 921 85
179 25 25
921 49 523
413 479 894
711 589 136
595 943 684
333 1 529
249 983 801
406 958 41
499 752 45
91 15 99
176 225 617
913 761 489
255 371 781
841 227 238
839 377 25
859 774 417
51 140 433
321 951 861
69 725 105
573 635 636
313 337 881
471 758 579
453 525 309
931 353 429
801 774 419
826 627 321
101 883 849
585 763 346
531 319 557
211 935 249
533 185 365
532 583 546
967 857 455
658 349 123
711 505 732
536 968 51
316 897 482
153 513 109
928 841 201
448 481 321
757 195 429
173 40 721
910 194 945
369 891 871
407 501 5
571 671 631
999 225 158
324 9 687
201 369 553
299 255 241
635 738 78
393 597 807
77 537 425
92 386 903
824 967 497
249 595 41
145 379 468
569 363 601
121 65 382
985 606 206
377 765 219
515 515 781
487 361 458
51 924 394
521 478 601
821 77 576
141 977 423
931 393 509
825 105 539
529 547 541
417 331 431
489 724 785
256 690 713
563 185 878
690 749 809
497 387 689
29 785 339
393 201 41
975 624 57
636 415 349
896 1 454
555 445 647
485 683 335
865 705 342
947 681 765
350 851 729
841 876 505
477 111 491
807 687 858
699 353 588
699 613 685
571 161 331
1 135 281
527 209 852
281 984 17
61 359 57
976 832 731
275 97 545
285 433 115
809 761 401
493 498 361
261 129 490
360 275 324
910 35 401
561 925 663
953 835 907
515 742 893
537 657 51
541 939 805
859 809 105
259 263 570
207 285 959
746 410 117
781 811 577
438 9 382
949 691 989
345 959 41
74 315 563
110 89 250
257 520 722
226 945 769
780 947 409
877 776 857
884 329 789
1 251 940
29 388 371
141 77 291
901 24 578
541 597 161
513 306 53
768 795 295
783 723 241
633 983 193
583 181 677
871 375 691
171 781 276
609 329 203
137 511 86
457 711 309
233 403 81
128 753 998
181 291 697
481 783 52
413 105 429
510 19 413
91 227 551
13 431 105
893 531 761
655 766 973
851 73 427
858 286 341
353 609 713
681 505 239
201 52 299
60 548 750
255 105 171
213 377 369
721 145 874
251 625 853
248 251 609
187 5 529
207 605 121
281 126 91
314 31 89
121 799 849
214 308 589
171 29 306
321 323 353
701 921 113
569 745 545
146 790 757
802 281 531
893 601 552
366 181 481
193 605 458
417 558 437
401 576 741
745 745 745
1 961 21
120 515 725
437 656 411
465 921 83
191 394 913
309 753 57
304 398 450
713 741 429
409 11 501
177 95 881
769 891 261
333 25 333
941 547 201
913 24 51
886 725 231
803 695 662
329 344 88
110 917 559
617 813 809
121 210 265
337 933 974
645 261 701
411 417 969
211 197 426
221 121 585
312 273 706
378 902 684
701 467 277
991 593 646
963 947 413
777 155 921
851 956 267
471 547 326
651 269 989
186 576 927
586 145 51
279 701 447
64 664 393
95 41 153
791 131 101
845 289 369
300 276 481
53 37 610
181 425 585
521 371 794
243 101 81
506 737 601
396 684 401
686 880 92
465 352 885
398 893 393
874 790 171
861 901 71
809 618 849
791 741 325
278 176 149
31 367 156
877 28 245
755 141 689
133 859 289
495 590 126
973 753 25
126 848 472
561 819 367
373 56 545
170 797 269
641 761 491
188 946 772
863 251 897
994 131 841
93 557 489
625 1 301
825 897 776
736 524 719
581 719 171
789 338 297
401 87 309
11 40 95
529 972 275
883 953 577
952 301 369
261 842 921
571 125 641
175 205 849
212 801 301
363 117 745
938 884 877
609 126 706
236 94 913
693 366 561
765 273 855
56 409 557
861 924 961
412 401 656
73 993 381
55 537 817
683 184 869
293 109 157
691 101 869
487 201 402
446 331 427
365 175 553
31 373 356
857 616 485
778 757 314
221 655 27
601 358 3
493 900 997
751 963 405
745 717 977
969 585 177
696 701 523
375 320 581
111 601 569
192 721 101
547 65 377
306 297 71
105 385 251
591 691 829
396 521 375
254 657 576
265 272 680
137 367 451
801 597 616
268 728 742
255 876 826
901 238 681
201 640 201
461 51 524
281 399 661
997 808 885
469 993 406
175 313 861
873 199 761
457 883 101
84 389 653
601 781 246
919 872 736
96 874 725
378 348 557
773 231 505
277 116 955
219 809 235
838 961 893
103 439 624
339 505 801
201 311 231
51 462 945
358 469 449
948 674 135
786 506 591
991 224 309
154 552 33
558 707 78
759 409 390
197 501 915
93 769 701
263 81 17
972 395 369
30 481 493
161 471 205
801 721 193
856 921 981
231 263 71
301 157 281
211 561 81
926 301 901
89 129 5
101 281 225
257 821 321
627 909 879
534 649 392
311 153 839
261 865 742
511 407 808
969 986 365
876 983 401
62 338 899
633 439 336
481 421 472
831 465 531
575 85 239
307 245 141
125 345 381
751 955 521
409 195 203
1 451 218
791 209 638
873 471 626
856 587 736
138 123 722
739 949 341
953 589 713
161 761 501
156 161 897
641 56 161
111 481 881
851 73 909
337 779 809
706 701 224
879 771 441
51 739 237
147 993 721
533 941 675
419 39 865
951 224 153
281 31 926
417 371 378
843 162 793
561 585 998
481 569 393
205 465 433
29 367 803
708 161 701
539 313 905
825 147 654
721 25 826
652 909 421
93 156 761
298 621 239
57 246 152
486 388 711
910 95 293
532 873 515
621 48 489
621 765 751
999 161 761
964 611 998
715 689 801
217 926 180
430 711 973
853 612 65
713 157 166
1 269 661
57 690 901
937 523 378
733 847 152
465 997 68
474 129 346
489 11 40
459 119 926
921 812 406
121 905 711
908 776 177
185 710 100
377 847 367
473 177 841
441 13 176
850 249 607
617 248 78
333 13 354
717 52 686
319 51 706
441 253 787
841 169 457
599 751 598
326 791 309
300 839 41
241 881 434
374 679 301
541 251 617
456 941 501
917 921 665
714 275 425
659 268 937
322 761 513
763 1 705
94 171 773
653 1 803
941 248 432
187 717 21
649 941 931
370 561 107
953 504 511
901 941 216
281 386 554
75 523 377
996 501 301
257 421 671
47 571 665
505 481 721
1 669 283
927 928 887
715 155 177
662 973 62
732 785 994
841 448 551
841 561 781
251 559 673
115 427 731
853 493 383
337 772 591
751 908 51
859 54 875
426 156 297
145 43 195
914 177 241
137 977 131
769 483 484
221 526 281
881 563 605
917 147 851
143 589 773
678 921 891
21 41 833
533 423 401
902 523 471
37 622 853
913 661 537
375 545 861
257 237 189
502 801 333
891 436 341
889 859 403
838 835 702
333 793 197
134 989 831
77 161 598
598 861 451
929 489 431
23 351 133
666 695 301
291 657 508
391 829 321
321 902 465
176 865 473
121 889 569
993 335 375
254 201 764
995 814 713
269 812 635
309 207 449
809 773 966
977 48 641
982 199 651
415 333 948
209 501 161
305 945 644
603 234 289
159 201 876
935 427 937
304 617 71
276 248 289
161 321 73
816 923 161
77 833 756
223 219 259
351 820 174
683 241 601
271 623 918
813 881 136
26 36 663
878 464 561
21 979 951
884 21 921
464 631 783
1 2 114
9 81 871
207 182 561
2 416 282
361 972 482
343 565 709
941 909 782
532 862 449
917 455 679
385 299 801
188 500 959
91 361 901
201 955 961
489 461 272
556 857 210
265 179 189
69 792 689
711 56 682
859 771 811
192 517 425
526 319 249
277 213 785
997 281 223
155 616 97
11 429 758
638 273 653
113 944 725
294 969 866
61 889 591
721 919 229
679 911 201
345 933 449
818 445 561
103 781 161
941 237 703
733 527 601
955 221 33
733 901 13
791 882 353
346 445 381
576 232 986
901 828 276
793 41 53
33 894 242
369 815 689
725 573 73
229 462 558
967 694 164
803 601 211
967 521 473
469 106 721
891 971 161
898 881 866
379 65 603
302 485 968
526 653 555
256 835 409
321 189 307
361 793 919
201 201 281
533 344 922
921 897 987
201 917 309
361 601 160
641 801 745
288 577 318
101 926 637
913 137 461
857 497 217
491 459 615
115 375 881
750 157 284
11 585 441
281 67 293
677 55 745
737 536 526
946 925 795
181 535 775
837 721 615
801 261 341
202 306 297
380 563 135
51 533 420
545 729 826
835 977 901
762 711 261
463 771 861
216 641 365
516 735 619
466 947 761
251 505 447
861 902 137
257 311 440
701 955 655
505 763 193
695 297 795
651 941 365
1 521 671
457 955 249
845 351 159
419 842 45
977 345 956
36 643 169
31 61 163
995 426 56
617 901 655
56 679 541
281 871 987
521 329 137
376 837 331
833 327 139
235 561 166
320 231 391
540 865 551
241 209 301
889 375 985
409 311 172
782 776 543
177 746 905
329 441 983
425 209 436
201 225 465
455 477 613
873 211 81
266 456 557
941 176 357
801 783 173
93 978 955
181 79 743
653 676 305
481 447 201
557 716 751
743 811 465
731 429 657
805 73 472
401 289 138
67 398 113
829 743 779
153 470 55
17 126 35
956 979 565
231 289 111
81 75 340
839 87 189
53 297 781
719 641 702
413 993 233
449 395 676
994 513 983
177 237 328
280 901 265
861 433 981
771 267 455
952 726 206
721 983 877
651 571 6
604 160 737
504 253 849
799 233 194
311 547 149
891 48 589
569 826 804
811 54 113
301 713 418
801 38 847
812 961 946
689 323 381
241 368 653
84 265 631
123 232 45
165 263 211
165 331 277
592 461 391
334 495 249
641 625 369
601 635 101
581 599 101
941 407 795
277 921 97
508 187 576
325 849 144
585 646 425
61 701 325
828 10 511
33 187 911
761 945 136
471 977 250
736 831 76
915 468 251
171 971 601
715 35 439
719 281 797
17 965 976
421 385 979
225 265 94
296 417 328
601 501 993
513 827 771
836 753 845
625 388 961
115 707 561
845 321 857
121 448 411
897 459 1
527 195 26
83 318 112
27 621 399
660 181 277
351 695 952
571 269 893
283 469 872
726 556 113
199 273 253
198 650 931
192 836 819
315 543 171
801 758 395
701 276 416
969 289 246
429 655 789
986 25 249
450 901 351
711 982 656
830 991 75
853 219 305
233 5 704
774 37 572
161 896 184
861 445 301
43 365 731
873 605 625
231 541 721
561 349 969
505 167 1
571 185 443
961 72 326
345 313 961
758 603 193
701 760 503
541 761 551
557 743 29
649 967 397
785 636 207
761 726 961
220 516 182
891 983 610
53 561 487
609 531 401
556 784 701
362 107 891
721 434 687
775 999 982
195 920 245
21 756 441
521 457 661
665 711 141
461 201 524
877 395 355
828 41 645
151 240 805
442 747 571
234 755 263
999 457 401
472 669 181
551 730 621
557 353 53
801 119 873
506 72 737
866 385 457
581 843 593
841 969 257
993 49 556
924 527 779
777 526 994
501 291 961
332 546 871
846 293 51
761 677 271
440 683 291
355 73 324
129 505 705
57 160 595
333 645 217
376 921 685
225 1 454
161 609 455
714 398 21
185 120 329
457 652 542
991 88 666
660 777 149
371 753 501
591 329 51
781 526 181
801 385 975
169 383 421
256 556 483
990 580 81
530 151 856
513 425 695
413 84 505
793 451 387
673 65 849
801 481 731
361 101 421
343 505 467
388 338 240
464 387 268
50 406 39
349 291 863
373 881 341
381 801 901
99 534 623
177 779 489
659 449 577
129 380 881
692 432 807
769 81 645
476 507 645
889 561 277
29 469 835
185 497 517
571 577 761
383 801 245
391 377 133
391 369 324
989 81 75
206 693 312
646 617 845
668 437 101
513 71 718
633 781 571
193 494 505
502 881 66
729 75 655
531 427 257
516 441 847
741 429 581
81 997 564
837 590 251
391 829 976
433 742 164
249 846 805
321 866 214
757 871 367
889 645 330
59 501 541
56 119 5
300 769 638
745 761 611
263 682 393
245 767 208
601 731 283
325 337 465
693 741 751
674 553 369
337 348 611
839 917 401
665 921 597
347 101 459
545 778 377
716 85 781
175 207 396
273 41 996
645 867 241
721 806 231
937 601 87
107 976 756
779 656 507
121 540 754
65 609 557
657 91 917
169 491 873
473 487 977
931 371 353
401 601 217
118 718 99
319 32 797
617 807 81
283 441 787
77 761 137
805 696 603
281 127 721
901 689 701
881 694 561
601 829 569
460 305 116
279 684 441
451 748 361
776 833 379
562 473 995
351 837 426
396 598 900
425 481 837
689 469 79
357 887 338
561 737 905
775 551 683
627 366 889
366 641 871
902 567 861
636 1 574
749 793 425
513 955 593
210 721 681
156 411 315
339 433 921
389 46 950
231 284 527
767 169 113
436 861 841
316 33 957
577 593 15
484 822 881
156 466 138
677 606 761
520 353 79
21 705 641
249 925 141
785 514 248
948 405 821
401 321 396
316 827 782
585 437 541
460 43 573
521 384 801
889 585 749
73 457 126
789 19 681
125 567 394
645 109 28
497 195 101
721 369 791
646 974 441
557 557 321
604 536 1000
881 448 169
61 379 945
385 566 143
993 93 871
581 411 21
935 99 119
370 217 385
106 601 551
756 661 22
531 321 641
41 669 751
83 229 253
574 65 970
49 851 411
23 648 575
921 705 545
882 833 88
150 859 488
415 41 133
147 887 257
273 779 993
28 407 146
811 558 349
264 116 157
231 743 65
499 473 601
685 375 953
746 81 854
261 17 306
802 435 265
171 423 193
597 131 307
347 713 426
176 353 287
801 351 651
819 483 627
913 97 951
120 249 411
249 485 497
211 377 640
1 275 657
522 896 963
469 543 700
633 565 966
146 377 369
455 515 142
927 979 138
768 516 401
462 517 885
679 576 393
873 59 179
387 523 537
49 617 870
401 959 17
233 259 188
686 806 153
805 897 336
597 801 709
173 105 143
699 356 17
156 317 240
145 182 29
330 984 326
1 701 991
96 345 253
291 733 387
97 581 109
265 430 214
71 501 711
681 169 660
776 107 50
304 761 145
153 899 417
519 69 234
296 11 145
341 739 85
321 671 49
121 835 208
457 438 67
593 112 876
503 221 483
343 167 721
526 663 601
437 176 321
281 458 921
761 815 468
473 49 297
412 626 913
656 706 506
355 993 745
701 492 466
33 626 903
837 522 876
33 761 266
783 907 81
467 661 225
902 955 709
515 989 640
153 367 788
433 994 273
491 559 569
833 409 170
872 721 748
197 137 192
801 131 296
833 677 84
457 86 193
154 729 332
581 182 128
583 894 445
641 95 438
227 149 574
410 905 751
547 708 233
215 85 585
937 36 211
181 459 121
654 476 277
301 342 949
309 61 425
991 161 617
879 376 37
129 851 86
651 65 473
187 555 831
826 152 276
146 802 772
877 837 573
90 377 507
1 881 230
141 263 73
101 765 321
153 257 185
601 6 521
237 845 309
75 885 667
247 761 469
337 737 872
573 501 965
921 628 305
277 301 601
205 644 774
405 622 981
991 291 249
312 197 924
117 191 721
465 126 812
189 481 708
150 250 293
884 575 149
926 105 417
79 81 68
697 832 92
81 611 529
24 805 257
745 51 634
209 181 385
141 877 989
527 187 361
181 637 401
413 913 1
903 41 194
557 641 9
913 41 97
522 481 921
823 873 144
124 490 898
458 185 832
435 379 751
901 449 911
413 3 41
592 886 845
283 183 287
324 188 280
757 585 712
177 433 533
513 149 249
176 213 575
479 263 141
145 841 491
173 221 836
451 557 896
807 155 747
63 241 333
748 987 631
876 297 805
761 65 797
923 480 1
289 961 432
681 629 546
21 17 921
985 281 917
289 866 873
29 554 765
779 181 214
304 995 16
35 309 193
945 801 917
781 625 863
870 952 541
841 841 421
247 857 601
714 881 321
313 631 233
297 77 857
701 361 331
333 677 737
894 697 151
473 461 612
558 381 446
301 73 242
657 101 882
952 990 841
377 723 401
921 801 161
869 973 660
961 52 357
353 207 209
426 885 931
528 211 423
761 976 301
784 57 769
873 489 446
59 753 15
466 976 361
723 473 725
481 589 556
481 865 1
386 881 687
682 401 47
676 101 991
209 343 676
369 731 521
704 990 236
371 235 34
381 425 161
201 601 421
101 219 571
667 990 257
180 402 121
665 440 189
195 413 797
606 542 201
369 351 847
317 241 109
891 579 673
201 731 361
945 737 37
181 327 451
933 1 557
481 906 841
241 836 683
301 586 129
681 67 593
257 825 901
617 513 29
21 835 365
828 455 521
969 591 751
605 253 225
553 169 427
531 999 226
539 41 452
617 683 214
201 529 537
803 66 281
241 641 831
701 979 745
991 819 201
561 37 347
701 25 497
269 593 5
181 501 16
912 353 909
849 354 394
124 94 681
811 878 891
165 429 881
691 489 976
351 401 497
899 517 323
1 169 693
361 584 117
671 691 497
246 974 441
581 361 241
649 683 813
99 773 267
581 913 185
129 211 729
969 514 789
708 16 301
164 435 921
46 96 477
764 996 227
830 489 749
33 1 241
738 39 575
925 579 304
173 424 751
979 801 924
1 54 765
292 427 431
377 400 661
237 843 657
141 750 756
876 681 216
801 751 281
374 519 915
111 559 879
344 8 745
844 227 412
251 885 371
366 461 751
165 827 726
702 876 599
915 661 851
965 203 921
152 316 481
751 257 901
508 283 439
546 739 152
411 926 716
174 345 45
786 327 433
557 585 318
719 165 316
945 579 465
701 739 201
83 193 482
921 466 169
761 659 935
765 751 191
25 210 561
421 427 227
205 161 85
741 988 28
601 687 298
469 901 876
829 382 429
511 242 301
521 461 261
854 623 54
801 665 685
977 839 855
859 116 106
801 177 109
173 189 497
557 545 17
757 919 201
363 419 354
473 834 291
774 445 50
203 401 121
529 825 421
178 961 704
923 379 265
101 212 161
448 46 249
921 453 771
524 433 789
537 101 772
722 9 493
595 391 502
179 441 311
946 921 513
146 148 968
726 289 727
193 108 465
606 307 814
273 469 563
825 289 287
865 381 348
905 995 993
837 420 122
25 574 923
126 501 926
151 25 503
633 49 717
279 668 221
813 401 474
201 919 936
131 258 141
81 337 325
146 395 665
886 457 184
511 765 947
935 742 879
889 486 987
576 201 65
695 921 929
88 397 57
751 865 402
769 694 484
697 32 181
351 521 957
653 49 571
487 970 373
959 877 250
609 315 684
241 713 660
923 95 849
441 91 289
889 247 768
447 346 174
855 769 609
663 985 879
67 193 126
769 785 323
950 893 674
108 66 77
429 241 229
33 615 324
609 886 796
751 679 14
520 849 29
285 525 637
843 779 951
250 655 202
383 736 883
123 301 633
17 551 345
276 881 703
411 673 931
281 165 148
105 785 91
293 796 113
391 873 977
689 202 523
15 967 721
301 783 289
301 937 41
91 975 959
274 921 877
899 160 131
761 301 43
810 431 113
121 893 101
733 996 995
801 897 779
886 856 346
601 992 441
81 324 677
524 207 881
144 813 109
801 161 810
909 241 591
745 321 233
57 501 741
96 185 677
609 619 369
741 76 201
145 713 423
953 892 473
671 401 361
951 234 369
477 82 761
571 50 781
125 573 233
5 747 622
348 941 630
801 406 535
623 811 127
353 901 803
793 795 908
113 500 49
327 961 715
646 953 738
883 518 981
766 501 593
436 887 967
491 62 885
537 703 613
501 533 884
546 876 725
113 605 375
584 221 657
691 605 349
645 873 334
46 636 389
690 991 12
17 199 176
341 670 91
593 177 734
585 560 79
925 183 734
751 875 280
721 868 277
670 998 865
524 861 756
451 241 218
785 121 589
686 321 204
401 463 891
889 17 818
41 674 666
336 227 475
818 217 813
377 486 293
769 744 99
758 351 366
301 951 153
646 937 966
889 325 289
219 141 779
701 917 129
465 491 368
177 188 722
517 483 502
1 497 285
353 981 323
609 52 835
865 266 651
349 673 373
993 705 913
938 747 389
69 600 161
381 749 84
649 28 490
563 36 839
833 481 347
691 970 953
931 433 135
402 11 965
776 823 533
249 705 361
352 348 905
251 745 451
282 465 235
91 295 881
571 751 281
561 792 665
497 151 896
21 411 556
549 385 935
961 41 33
21 777 641
384 261 401
841 87 819
352 997 781
948 169 907
204 911 676
703 639 754
593 801 989
397 210 451
17 719 974
333 101 851
465 413 889
151 631 89
597 489 288
156 222 998
161 676 74
496 801 523
354 385 57
480 288 964
197 961 413
11 601 326
961 736 503
689 661 227
421 956 331
11 78 411
933 773 751
485 331 381
409 565 425
934 621 211
793 815 286
873 137 929
657 803 111
537 662 694
777 154 307
573 313 825
951 931 75
449 321 351
809 12 971
767 712 435
327 221 109
576 993 648
139 976 754
320 993 746
655 957 214
401 899 779
153 155 765
645 161 149
331 441 173
167 910 953
903 974 378
25 149 881
302 801 261
23 999 401
894 823 461
9 937 404
57 781 781
413 371 745
81 250 161
517 660 31
701 971 601
781 741 531
978 147 866
951 48 887
841 779 561
265 311 616
77 606 13
829 191 746
601 483 709
545 881 543
111 4 261
301 275 751
581 297 128
222 146 91
785 566 361
644 752 561
619 465 169
647 601 932
67 355 327
143 244 979
593 740 925
831 605 702
273 888 700
565 655 881
392 341 345
853 104 69
185 241 996
481 849 515
705 989 273
479 407 5
883 951 952
200 257 341
127 955 475
290 519 305
665 463 685
77 373 143
41 89 485
791 143 717
65 913 387
333 813 126
369 251 128
295 123 875
843 257 695
80 234 949
249 411 687
66 5 336
385 130 601
275 317 60
872 227 951
521 63 381
774 62 261
321 195 649
406 426 840
467 153 423
865 301 272
526 63 381
62 215 36
312 229 612
977 577 319
1 246 587
957 426 801
180 645 751
193 753 721
226 696 1
403 321 332
483 825 505
946 835 745
841 42 437
819 397 377
498 885 81
189 682 181
144 325 651
41 434 809
501 785 262
481 559 76
913 291 70
124 424 109
211 101 838
525 501 121
912 726 116
651 533 951
33 333 993
799 229 231
897 501 965
241 115 86
271 748 966
901 375 161
87 804 193
701 301 554
294 596 940
630 553 588
866 319 645
11 713 413
623 301 248
169 77 949
435 205 111
321 597 771
63 369 293
75 333 194
141 121 411
996 244 940
249 571 253
672 501 844
481 411 991
138 995 221
273 953 953
561 722 493
241 617 775
425 925 176
9 121 738
990 821 701
886 241 339
247 265 116
667 792 109
249 739 225
401 102 729
980 521 242
626 850 657
183 866 489
357 753 201
689 936 176
975 735 756
577 461 321
921 419 317
942 185 596
427 564 965
601 77 283
85 804 561
401 1 146
741 401 307
966 335 524
597 297 121
174 537 61
741 329 745
691 680 945
301 393 65
390 81 795
486 302 180
321 132 532
877 401 853
46 17 673
2 453 991
383 791 701
837 479 591
381 929 509
931 483 652
89 791 293
307 266 553
241 281 255
59 446 345
640 601 828
301 929 466
126 420 607
585 159 667
9 419 702
708 326 179
281 211 717
353 1 714
847 108 537
751 451 463
825 513 303
326 909 917
337 851 841
621 81 449
154 535 751
469 121 668
895 496 717
301 741 45
65 793 859
401 937 913
249 708 759
151 97 201
857 521 847
173 201 581
673 999 827
625 23 67
829 585 915
166 449 248
200 916 801
996 914 151
937 689 73
401 81 390
771 663 753
756 947 295
543 633 944
681 321 51
681 633 626
9 849 901
555 646 721
873 881 591
937 671 501
727 740 153
691 973 297
553 751 347
446 481 869
593 76 978
813 877 385
760 610 800
345 837 911
405 766 425
946 621 503
483 529 17
871 705 636
887 747 13
553 799 350
843 221 537
646 725 411
653 491 481
584 749 975
982 21 745
213 428 219
845 681 657
533 698 634
482 401 33
666 555 241
865 101 696
32 493 197
249 901 377
445 421 821
739 1 137
182 459 601
411 501 393
697 557 1
245 493 505
326 283 633
413 169 917
839 895 277
937 529 905
743 165 209
807 341 321
758 877 637
791 225 574
265 487 833
685 549 609
534 473 768
250 132 479
471 651 656
348 166 63
929 601 473
165 848 25
681 461 817
601 466 801
601 375 384
26 91 626
810 324 433
94 903 813
907 945 899
441 211 201
621 246 755
571 845 837
820 1 963
325 97 961
557 577 257
521 581 401
330 341 937
419 945 137
355 28 101
91 41 91
85 81 449
831 401 731
501 823 944
161 977 457
849 97 746
537 695 481
79 216 760
401 496 686
976 161 712
399 787 791
849 97 276
214 415 201
711 521 141
306 399 233
717 985 780
766 729 916
574 695 210
683 561 852
606 661 599
433 273 756
345 251 652
261 303 733
1 730 837
816 806 659
92 461 691
291 176 129
166 41 983
399 839 905
521 161 693
210 889 993
111 540 63
265 806 1000
791 683 96
813 451 281
60 149 951
289 42 76
245 939 281
321 950 529
35 741 222
851 101 261
349 95 97
82 594 729
425 431 825
626 972 106
385 119 967
789 184 601
913 631 289
108 475 985
123 301 161
529 171 929
521 129 419
599 601 733
801 149 603
389 221 741
601 221 711
405 461 662
651 949 185
310 505 473
376 610 530
793 185 811
425 291 801
584 32 254
689 505 552
717 193 238
618 245 278
47 221 651
656 81 407
261 881 481
358 996 777
195 731 27
177 42 583
625 354 137
14 681 516
603 647 409
77 249 745
311 324 609
599 791 146
61 981 177
729 667 141
739 42 41
682 298 136
281 639 282
809 926 353
377 776 429
737 917 589
695 473 489
769 41 500
862 113 106
144 135 810
443 201 531
4 241 474
301 653 116
593 146 572
900 503 97
258 593 859
951 828 666
801 709 945
416 577 377
383 83 401
857 517 471
409 901 809
505 99 11
863 726 936
745 121 85
98 305 969
487 465 837
737 226 248
571 283 429
313 3 793
164 971 43
125 371 177
381 985 702
836 783 523
925 213 105
537 151 967
61 849 537
131 41 279
676 673 737
600 851 809
370 319 831
706 673 713
958 109 897
271 85 598
471 57 997
860 606 221
29 451 709
83 159 882
95 965 947
357 809 11
221 843 746
200 121 931
851 582 718
171 385 448
891 261 295
732 945 905
535 169 493
41 59 748
257 649 877
261 17 993
978 839 43
456 791 641
89 896 43
974 768 198
671 983 205
313 321 427
930 51 819
901 189 1
389 878 565
796 619 559
129 585 525
587 225 450
311 41 961
251 167 121
91 461 601
961 653 823
604 501 714
651 277 610
193 451 1
529 731 643
825 181 510
490 71 316
521 371 81
901 551 973
849 76 21
611 127 427
777 11 907
753 985 381
949 257 681
81 526 194
545 421 87
41 535 689
869 677 300
186 921 346
466 873 112
121 642 691
815 65 476
675 705 522
128 217 64
992 343 231
72 357 681
731 436 291
937 653 111
781 593 807
545 746 953
401 416 499
322 624 126
621 126 776
418 65 502
599 409 141
16 121 215
901 606 393
543 17 927
169 520 441
850 571 73
421 1 18
846 472 535
20 262 431
351 681 240
1 409 398
742 971 352
521 541 959
681 583 681
375 165 515
151 8 131
921 296 373
155 378 461
539 105 279
41 987 49
921 257 557
669 397 681
703 1 961
529 359 661
58 209 201
292 57 727
917 394 115
835 881 907
501 577 76
121 417 807
745 705 964
629 341 201
661 145 331
634 307 501
246 23 841
4 393 913
108 327 391
717 601 185
116 905 497
128 391 807
31 76 369
367 856 93
814 898 906
625 505 851
293 713 989
356 48 889
125 932 29
323 261 813
701 847 553
271 86 657
992 608 366
304 657 941
682 381 366
146 801 264
619 726 879
511 905 697
591 297 505
547 527 761
844 131 463
662 307 873
521 101 235
797 795 397
355 954 501
424 435 33
685 895 465
77 177 75
561 214 769
224 765 832
761 374 531
465 249 169
589 451 337
876 144 119
511 861 33
899 201 706
481 828 418
825 487 451
124 437 67
195 683 796
655 939 679
446 509 4
956 932 573
553 945 216
107 471 625
689 348 795
360 69 93
590 929 61
876 329 241
266 551 979
561 786 161
421 37 681
743 381 664
303 865 61
761 966 169
265 729 601
732 796 109
1 552 469
797 761 169
881 615 386
981 245 867
137 446 21
721 175 251
685 806 821
214 121 399
921 781 621
91 985 190
800 897 838
903 405 201
637 191 377
991 233 51
753 874 729
457 53 81
385 807 521
19 463 205
936 279 841
845 905 420
309 201 993
120 662 391
581 971 963
897 676 649
361 885 458
241 628 737
451 51 645
751 190 217
687 463 377
703 232 211
547 467 241
505 138 455
264 945 786
751 451 168
591 201 240
365 129 820
677 689 427
521 841 359
3 93 504
34 61 73
863 646 181
905 371 524
689 249 438
625 689 69
611 5 603
935 921 985
355 691 1
943 436 555
483 819 551
429 401 649
121 513 153
761 609 813
461 585 271
201 337 369
1 807 245
940 715 235
325 837 776
565 548 497
761 121 171
641 784 381
11 923 531
721 351 661
867 589 997
345 806 739
586 1 943
564 803 1
449 281 219
242 245 827
740 296 241
161 317 293
1 377 998
401 71 357
511 466 493
380 662 351
89 17 97
961 846 127
549 276 201
81 369 463
809 721 738
529 953 875
753 801 121
77 957 856
845 881 879
722 521 800
518 489 310
545 93 169
269 53 779
927 801 891
727 377 941
655 177 337
441 931 657
631 481 313
685 221 625
907 771 904
31 945 236
165 246 681
957 521 263
886 951 349
266 242 634
412 913 402
961 353 686
228 5 686
187 375 218
733 605 417
449 571 583
817 601 521
961 437 703
107 631 745
20 799 621
333 521 947
237 329 508
479 782 331
691 717 1
405 252 815
161 209 45
145 579 585
635 573 421
429 501 566
906 109 56
840 241 81
169 577 793
392 1 71
117 233 651
316 11 711
989 851 571
527 276 177
201 366 783
803 641 631
593 265 335
317 834 268
501 993 943
401 832 791
321 729 345
418 107 717
109 569 33
675 634 123
442 911 657
657 7 75
436 561 355
801 441 621
5 91 101
112 1 155
357 41 920
633 541 586
563 973 721
912 822 676
781 881 561
271 613 989
664 130 216
441 261 640
357 309 655
866 670 993
367 801 507
187 724 402
608 535 137
881 200 1
593 176 551
161 751 541
241 961 651
381 886 229
503 709 414
812 176 716
1 137 281
826 780 641
410 353 277
401 524 961
232 385 917
681 951 295
857 881 714
193 373 102
809 721 801
476 79 903
72 457 202
311 67 295
819 747 621
189 850 476
211 301 426
917 793 601
14 129 646
295 781 889
825 425 23
689 336 224
911 688 241
61 731 821
131 609 397
754 33 941
41 101 469
206 667 301
721 246 518
483 86 233
38 328 426
429 533 47
353 406 361
823 665 161
601 644 140
271 893 641
836 521 537
429 421 157
187 161 281
809 793 841
461 705 525
201 61 415
39 491 942
211 986 725
221 747 332
356 121 263
693 92 493
861 991 453
949 304 809
290 625 391
264 795 877
519 177 509
397 594 297
707 69 703
605 241 577
616 505 631
181 9 485
187 309 249
671 537 1
907 125 409
425 723 770
734 850 861
376 535 133
706 738 356
657 685 257
259 90 883
166 54 992
473 385 773
444 400 953
40 830 825
84 954 787
905 61 54
367 290 233
751 25 525
141 163 859
841 787 761
291 418 988
659 381 349
381 523 325
309 903 537
861 257 325
894 767 121
477 120 126
309 826 776
471 721 315
121 601 155
951 41 751
651 263 226
848 609 606
1 698 961
511 956 227
835 361 753
161 109 681
77 21 601
568 980 121
857 536 54
701 386 265
518 881 841
187 978 819
731 575 431
513 822 563
671 683 995
701 971 345
961 171 477
318 153 563
475 232 661
256 672 335
457 575 897
775 629 271
384 353 193
132 394 737
401 489 446
99 513 21
617 905 53
6 298 705
606 135 169
461 388 201
945 321 41
371 708 955
635 293 119
281 673 583
929 349 501
781 1 401
901 671 515
385 81 65
541 226 118
401 931 865
396 226 561
737 361 747
946 245 167
515 781 669
281 197 168
345 265 637
755 393 567
286 979 217
909 996 285
435 677 531
86 669 873
487 729 273
71 427 171
377 657 337
381 534 145
777 687 993
249 405 879
351 951 951
397 653 249
951 973 813
652 626 551
282 251 667
551 746 431
401 695 671
826 237 509
742 101 830
593 840 978
501 581 261
520 621 921
407 81 145
629 833 795
673 259 772
296 686 388
541 291 249
127 888 911
143 481 756
375 101 139
457 276 490
981 665 625
551 96 395
703 936 827
555 253 19
201 573 265
649 201 800
634 553 337
177 783 836
176 615 341
865 641 715
889 506 902
311 906 956
876 32 926
903 909 911
977 291 801
325 981 630
206 325 77
675 947 846
438 409 345
991 825 921
531 893 972
320 406 601
695 970 198
223 539 991
37 453 95
192 351 921
341 641 535
221 957 255
297 117 302
599 601 729
616 725 186
175 620 185
180 129 801
681 89 227
142 973 491
832 127 515
588 161 509
759 319 561
46 389 989
926 736 818
541 719 389
501 1 749
9 437 889
571 195 941
921 401 603
408 983 921
191 54 911
122 802 101
295 883 561
321 425 501
805 845 406
129 889 11
804 947 223
558 508 545
521 589 41
107 608 643
951 810 492
977 625 359
541 977 595
32 17 993
951 16 861
334 507 197
57 501 675
429 989 593
565 343 699
440 79 281
18 260 251
657 823 393
817 653 507
876 19 325
217 561 113
729 338 871
183 181 341
977 293 549
501 581 319
240 116 193
985 334 693
711 861 145
140 500 161
841 269 12
593 367 291
671 256 57
521 43 52
585 161 638
603 265 314
209 920 561
781 779 373
1 333 736
794 161 89
37 260 501
391 566 110
475 281 57
189 131 443
961 261 631
514 779 593
929 537 365
553 136 346
81 543 539
393 70 96
57 547 873
696 961 113
195 29 820
562 656 329
401 990 561
131 114 586
995 911 81
851 425 81
743 131 465
431 370 669
448 713 537
913 177 141
885 825 451
302 481 411
919 966 89
590 429 161
52 390 561
114 241 454
613 41 147
497 895 304
122 232 777
172 4 141
81 577 149
343 329 465
471 636 974
545 751 396
300 705 647
379 147 801
861 961 776
979 221 939
336 835 289
161 176 921
121 827 596
685 333 761
863 487 777
421 969 601
937 971 165
227 168 185
266 896 941
891 871 538
853 293 142
1 975 881
721 393 586
841 94 182
130 376 101
521 111 972
889 947 987
929 71 126
801 411 569
231 905 81
926 29 113
537 295 59
935 963 101
611 136 949
453 261 379
777 997 834
916 241 697
915 245 682
561 217 161
713 736 897
251 136 356
77 438 336
318 212 361
786 295 596
97 881 626
561 696 259
39 874 673
501 569 661
681 41 977
957 741 365
159 547 489
531 721 567
757 612 201
753 943 93
61 415 561
578 861 721
97 144 253
681 546 906
633 912 204
735 371 183
937 917 992
233 687 577
493 244 741
906 313 321
241 405 311
965 663 778
151 297 884
344 996 45
