479
514 1044 89
5053 2408 29
1295 3656 30
225 1066 16
1773 6359 37
4340 8605 15
3826 3395 3
8918 5353 58
9666 8873 21
9138 3694 82
4692 6389 90
7878 142 7
1906 5428 58
7067 5905 39
9984 4333 9
7348 4290 62
1135 5258 90
3910 1884 70
1664 4913 52
2668 8944 10
1906 1927 38
1532 2248 93
1092 4397 1
9554 8239 96
8448 8963 70
5777 9142 100
7571 5100 3
5611 5120 26
2413 1819 57
7123 7601 47
4502 1797 59
7177 3943 63
544 9777 39
1186 6534 30
530 6728 87
3130 7118 53
2089 433 96
6767 9873 8
4630 3416 97
8131 200 79
4368 4405 27
9336 4345 66
4917 9579 83
9082 1186 56
3215 4860 39
226 7166 5
2629 5953 25
7906 3168 10
1954 8151 9
1144 4577 85
5976 8546 50
4874 86 46
7325 452 54
4884 2211 24
2538 1147 11
664 6629 23
4606 5150 39
3996 1154 99
444 4522 29
3074 8280 93
1316 5877 63
1695 6657 14
848 9576 82
1502 5039 21
319 6555 72
592 8919 46
4886 6631 37
9563 5451 91
9577 2271 32
2466 7530 11
6373 4076 42
6815 283 7
7844 6190 57
4661 4796 4
1740 8543 44
8723 4966 15
1062 7558 44
161 4806 35
8011 2801 53
9836 9528 15
1234 4157 82
4160 6675 28
5853 2733 43
2092 1121 30
2376 5490 45
8209 1600 8
6200 4227 60
5800 5260 73
3166 8994 93
1787 5538 49
1480 2849 27
2811 4109 70
1968 2622 37
5166 999 49
9320 8403 56
8444 9630 84
9382 2859 96
832 6993 89
7009 2765 83
331 9914 92
6948 2154 23
3287 608 71
2888 1222 64
2290 987 10
2967 185 69
5587 9903 98
6322 7143 90
8586 704 60
8238 6955 89
8606 336 40
2458 5557 64
4571 5347 90
2518 6596 27
6455 5035 36
5542 1004 80
4425 8458 83
4506 8200 70
1099 3445 34
4854 3725 98
2315 8346 43
9082 4676 81
1941 189 76
2590 7225 15
1214 2468 66
1050 8285 95
7864 8684 23
1573 6814 55
314 442 76
8670 3848 68
1339 4269 98
2750 9393 52
995 3938 33
7460 2122 81
2101 2298 53
357 8110 72
1939 5358 47
4001 4337 74
5529 5065 52
1326 4733 5
6902 2746 67
848 2082 23
7251 3894 85
1259 6773 71
4679 1335 33
7976 5237 44
6163 4289 88
795 1749 35
7353 3623 63
12 5343 62
2474 3867 74
8090 8832 54
5929 3305 83
1464 1134 6
196 3548 32
8886 4746 39
3890 6647 63
4090 1930 58
1141 1928 25
2687 2449 1
3329 1709 8
4351 6667 35
3415 4803 81
4994 5198 99
795 4380 27
2143 886 20
35 2722 36
87 9868 18
9819 719 100
442 5804 65
1470 4531 71
5384 7223 29
6656 5020 56
5540 6500 1
4343 5310 50
6516 1945 34
4487 2478 73
6702 9064 23
6062 7917 54
3333 3314 76
1110 498 39
198 6510 51
1207 6986 79
3390 3382 4
2425 7361 74
1890 3752 24
1391 7367 37
2520 4604 37
128 9517 18
8856 9919 13
4606 8179 90
4558 356 23
3768 6398 90
3984 7675 25
6846 3195 80
7063 6489 41
5418 4910 60
5342 8918 26
4779 1694 81
8499 7335 66
6209 3123 44
410 962 93
1644 325 55
5865 8783 98
1744 9341 91
5041 4905 79
1921 1345 62
5455 5673 25
9460 9728 59
4721 9044 38
6335 4407 42
6379 601 37
5141 5315 52
2448 1358 43
2728 8313 22
8889 4150 99
3187 936 85
8862 9897 43
7774 3942 41
1613 8711 43
1199 9070 95
7499 6977 85
9961 9044 39
2507 7455 33
3512 3446 81
4827 4145 27
4983 7356 64
6548 6763 26
5304 7090 30
249 5059 86
9508 8727 32
4371 4921 91
8062 7364 75
7256 2636 58
2314 5015 7
1640 4604 79
8045 2645 37
7089 4824 49
4747 8455 30
3188 2733 24
5125 8307 65
3289 9826 17
4573 1094 89
1893 2308 44
2577 2192 85
7458 7910 10
6262 5826 86
9540 9784 73
2433 424 38
9509 5082 92
6233 1649 63
5788 5539 54
7592 1187 35
1645 6203 68
3327 7525 40
8669 3611 18
4505 8828 33
1062 869 75
4121 5744 8
5313 6076 58
4574 367 3
9527 6517 93
1190 4725 16
4366 5514 47
9626 2505 13
5726 98 85
3760 16 92
3085 901 65
7888 6988 36
8266 3849 76
6908 4488 81
4410 9774 27
2611 6641 57
9518 5273 74
3010 324 67
3340 7082 51
4063 3139 93
3699 1487 95
6522 6123 72
8181 804 32
4440 9257 87
8958 7875 54
6600 9408 85
638 9049 25
9011 4099 12
68 2450 28
8457 1852 8
5836 558 44
1522 1720 59
1034 6318 64
2430 5661 78
8423 1044 41
9332 1006 25
226 5027 74
585 287 6
7501 8336 96
748 811 38
258 7371 80
9830 1754 9
9313 7684 76
5584 6779 38
5701 7941 91
5212 9756 56
1705 6386 69
5877 194 22
5751 4002 43
8517 3287 11
2919 2899 40
5626 9747 6
8493 1312 78
2010 3805 64
2775 3442 97
4627 9601 71
963 2219 62
5043 3914 88
1561 2527 46
1607 8390 84
8249 4481 65
6285 4418 43
3617 7441 21
7708 5570 89
8319 948 35
5485 9420 78
9677 5468 70
6593 5926 79
7168 694 93
8405 2943 61
678 2788 83
1340 1584 19
2221 2160 6
4548 9963 91
8171 448 64
1894 4313 97
9834 356 31
8563 1498 46
5545 4035 35
1716 7628 71
5726 5540 79
2606 1720 58
1566 1527 55
3576 8729 63
1398 8371 7
9488 2096 25
3631 267 68
2936 9594 53
4506 2346 39
674 712 19
8855 9214 59
7980 2533 5
3284 8350 49
9845 4543 63
7811 8045 6
6270 2563 16
2349 6129 18
9038 2645 9
9916 778 38
894 4399 89
5722 6453 18
226 7147 54
387 2910 96
9683 4562 14
2678 8616 8
6578 460 66
3475 1249 37
4025 1470 47
6113 2717 35
3049 8347 56
3219 6055 53
9752 9113 78
8409 8632 55
2501 5134 39
8953 7453 70
7905 4684 40
6359 2013 34
2274 6683 3
1719 4021 53
447 6108 55
9964 7866 93
7245 354 26
2624 1679 41
2716 2887 81
2813 8481 22
2120 5706 93
8266 792 99
6017 8082 56
556 7978 32
7945 4272 39
3178 2824 97
450 6354 19
4568 841 18
4344 7052 40
1004 150 98
4121 6521 76
1319 5644 92
1993 9605 65
6081 7631 3
1170 787 90
1602 3945 11
6855 6935 10
5438 8728 63
2440 6320 66
1393 4006 98
6226 1891 55
9025 1727 84
5055 1796 89
2328 7192 48
6410 4648 95
2054 7625 75
5537 3053 92
4641 5904 16
380 7776 87
1706 7976 28
9612 2628 18
5019 3827 59
5421 6621 84
5487 4284 12
3052 7319 46
8995 1834 14
4470 6548 31
7777 2316 95
5462 5766 9
2929 6922 36
79 8202 56
2024 7829 3
8597 2971 10
5830 5828 41
4271 4301 80
2814 930 93
8969 4383 72
1140 6863 71
6419 9750 43
9730 204 49
3373 2426 23
1966 8837 88
7517 893 6
1693 3653 24
679 2138 38
6032 8924 77
7263 8301 13
3076 336 99
4950 311 96
8305 38 25
5880 4617 12
911 5491 20
3383 2821 30
1399 12 77
318 4622 30
2329 8992 100
4616 8667 84
8955 9479 19
1053 2266 54
5225 2688 40
9809 7267 39
6111 4431 13
3312 1372 90
8063 2209 65
7120 5395 14
5292 3735 31
1533 7534 40
2001 6274 72
2277 2266 12
2880 8824 64
3670 1744 75
4279 6045 6
7902 3806 21
9879 9518 57
7518 6054 55
5606 3557 47
2419 5668 19
5817 5056 79
5689 8579 84
8346 1584 38
2725 961 63
2115 5828 51
1415 4135 45
6551 1559 40
9027 2417 76
9530 4419 23
8402 9510 39
4000 2795 1
