3216
541 861 31
981 9 833
261 721 594
281 346 993
501 223 745
839 701 521
11 375 104
997 929 713
891 448 31
1 721 751
849 589 24
809 1 526
962 361 511
239 801 408
131 689 465
651 701 634
369 5 782
73 49 188
805 833 774
299 891 541
985 840 630
599 203 457
97 285 697
641 856 623
793 873 851
564 784 76
282 850 903
930 566 591
601 792 591
648 597 243
483 273 182
261 913 45
187 41 258
257 89 882
929 373 867
41 646 636
490 369 713
176 757 33
112 168 701
722 502 649
146 113 746
855 382 595
803 271 638
171 209 461
137 685 507
338 180 887
625 601 861
197 737 325
439 305 601
105 673 535
17 74 595
766 146 430
143 165 114
774 401 422
661 769 885
995 180 978
163 895 926
174 93 21
686 617 206
646 969 337
481 285 539
41 362 621
356 718 745
4 972 876
537 905 477
460 764 573
639 73 745
241 121 999
718 471 158
903 131 470
665 145 785
423 801 81
367 597 583
97 899 21
1 790 321
721 771 281
280 206 481
501 427 521
979 881 910
915 880 223
193 12 857
947 25 956
151 745 998
421 601 787
55 845 777
969 296 676
433 126 889
974 801 372
69 197 885
209 656 201
213 687 697
961 139 173
817 526 450
397 481 841
286 536 377
449 836 679
185 520 651
73 731 601
297 15 274
481 857 893
33 697 729
751 765 417
637 662 941
277 340 349
854 498 817
980 897 920
841 891 925
210 21 949
576 708 346
305 977 711
604 275 793
441 418 457
177 826 395
801 981 362
781 124 159
362 755 629
309 739 457
577 766 129
643 425 367
25 525 579
69 522 596
541 801 786
201 737 577
889 5 95
513 9 651
1 775 845
251 565 531
995 171 101
121 753 857
235 723 421
251 589 157
997 726 701
337 251 229
348 331 653
468 859 746
385 940 138
396 928 27
431 571 651
41 404 577
233 101 27
577 943 853
721 219 6
935 809 801
721 150 925
761 966 380
411 698 132
116 453 26
27 949 605
761 473 809
206 219 969
625 151 639
531 128 122
405 765 107
675 101 747
926 904 449
478 762 634
309 945 146
73 825 971
171 1 449
439 873 993
353 176 200
873 171 21
81 427 168
851 377 461
451 63 796
901 342 184
737 953 520
94 961 501
749 80 196
377 226 261
15 793 843
841 97 285
305 839 86
161 507 551
687 106 437
222 729 437
133 269 101
409 745 396
149 681 425
858 501 921
181 11 575
913 377 851
762 815 241
264 961 761
957 570 973
33 185 998
837 797 327
341 321 271
897 515 999
601 886 948
342 181 501
521 326 313
145 751 107
534 727 267
573 741 696
946 917 42
499 505 722
205 297 903
651 527 48
301 845 728
665 737 856
377 961 1
811 853 371
74 147 89
242 848 85
235 590 867
747 147 993
563 665 417
931 953 326
69 991 752
497 59 751
833 151 921
985 283 769
201 593 306
481 412 203
457 773 826
533 769 867
401 295 941
441 830 931
769 73 29
240 717 311
914 769 891
764 435 256
785 386 949
437 117 889
751 444 609
57 826 261
481 932 623
393 36 918
414 263 595
267 601 911
819 809 201
658 513 25
437 977 261
651 361 445
597 603 481
717 901 893
949 806 485
408 934 176
280 734 649
557 565 5
255 93 901
924 777 99
135 956 125
563 374 674
481 297 43
333 762 49
356 806 803
17 416 593
477 205 661
672 945 780
393 696 152
361 361 601
501 661 62
439 613 369
257 159 733
497 56 835
481 201 963
780 736 437
756 801 167
646 621 533
921 972 425
308 427 667
947 461 77
855 352 863
529 563 52
743 997 493
465 111 421
677 543 806
161 625 129
641 873 881
739 233 553
498 897 717
721 262 781
527 485 485
41 97 74
649 821 235
565 646 801
682 646 525
761 191 451
801 791 127
825 385 243
346 923 204
911 283 846
817 900 721
604 379 397
141 273 142
677 705 644
311 781 261
766 723 277
490 781 41
116 974 321
39 209 289
421 617 399
109 853 619
154 845 435
631 569 61
369 827 445
596 255 997
511 241 345
357 482 26
433 151 145
193 737 297
971 113 1
268 961 275
729 121 729
881 370 731
941 553 721
489 129 701
385 416 953
491 853 451
426 29 613
121 15 54
927 721 961
510 469 560
61 229 874
57 881 585
901 321 913
305 951 757
305 421 685
141 982 6
543 77 520
897 171 869
921 21 841
967 273 534
305 263 761
655 476 301
212 261 17
921 281 501
481 749 894
725 335 875
121 891 923
391 91 609
437 476 121
1 305 473
889 276 423
521 731 251
49 61 351
491 845 109
515 798 212
761 537 697
500 629 657
629 209 169
225 581 801
41 725 537
276 1 457
209 317 575
689 385 459
534 373 628
481 125 737
701 605 521
840 457 690
351 346 360
125 463 6
748 576 745
305 165 578
281 323 269
98 913 831
408 267 405
801 483 681
721 2 216
667 621 529
23 133 676
297 570 985
651 241 51
67 772 807
188 665 506
658 538 706
906 297 525
565 221 271
525 936 93
511 802 632
551 297 564
631 541 503
61 757 457
151 21 329
339 409 661
601 381 820
57 716 106
421 929 113
225 525 127
307 767 569
637 259 701
469 961 941
49 151 689
623 179 581
649 930 341
223 971 836
856 699 201
297 321 241
687 676 263
146 659 626
541 936 809
141 201 351
53 446 541
840 497 707
921 761 151
994 671 21
761 409 721
13 646 717
325 903 669
463 251 467
857 937 249
733 229 785
217 361 553
576 450 145
433 441 551
511 529 89
329 373 463
639 509 436
886 966 286
127 861 466
508 245 817
897 359 357
421 774 621
641 738 94
226 369 22
507 161 577
213 841 761
273 739 76
117 358 80
901 307 926
50 293 421
206 634 125
765 52 497
655 657 409
41 651 76
405 395 941
637 667 505
492 599 937
1 60 355
425 601 621
359 665 165
854 872 227
754 845 251
711 571 785
555 955 389
101 707 795
76 308 249
631 351 409
81 268 201
450 256 781
921 541 57
881 287 193
491 825 839
501 881 256
941 543 345
21 333 1
821 961 813
376 559 961
641 901 151
137 801 479
221 657 826
47 281 309
326 324 958
689 216 372
951 585 417
753 503 120
17 49 113
476 561 268
284 881 117
943 959 21
577 301 859
903 321 821
256 901 288
121 508 51
697 443 719
91 900 17
937 525 384
416 277 476
925 365 236
573 201 701
342 616 549
311 307 801
601 232 265
129 409 123
17 853 377
754 999 795
177 203 524
202 221 456
281 881 41
368 926 89
497 241 126
836 219 983
340 922 143
847 406 732
613 579 189
213 536 533
89 957 63
958 965 701
343 526 232
903 301 101
611 481 492
577 681 806
600 261 849
499 342 636
199 415 507
805 689 501
914 161 813
947 641 868
881 353 897
767 551 446
909 772 921
118 481 423
688 801 663
395 803 133
55 251 291
454 129 315
931 717 785
853 909 13
313 731 961
301 678 801
370 301 916
285 316 119
541 209 671
521 561 185
761 91 993
927 233 813
777 968 465
457 337 281
409 576 401
481 65 41
131 13 955
263 719 513
541 949 185
276 88 251
306 521 411
268 871 817
416 873 581
574 29 85
464 401 921
997 881 539
609 625 733
3 934 885
209 765 937
492 155 57
653 663 651
101 572 861
226 561 803
549 209 521
41 895 77
440 257 413
521 146 406
452 224 963
297 729 479
419 280 539
167 111 901
601 481 559
101 721 543
977 905 785
61 206 351
755 151 443
100 451 381
876 651 343
441 835 828
449 676 289
860 213 729
978 257 261
911 679 298
458 745 606
553 729 64
938 362 361
913 794 257
285 915 1
643 898 865
137 19 901
393 597 926
121 738 122
777 945 589
273 751 337
101 798 145
989 12 207
850 401 63
665 649 603
585 791 1
881 597 281
385 611 916
778 441 185
435 147 763
344 609 501
513 643 625
893 653 687
193 103 501
736 829 537
353 169 101
149 465 697
135 213 259
501 121 385
341 431 126
351 21 326
948 718 590
513 461 851
743 317 601
497 476 613
565 269 124
273 741 841
401 837 707
291 251 319
68 844 859
15 425 272
313 603 681
909 316 405
321 811 719
657 423 807
953 707 677
287 221 337
430 970 177
301 451 783
336 313 977
766 77 740
831 601 129
938 623 133
78 961 105
851 271 531
797 491 915
165 257 533
121 557 521
945 81 121
535 975 77
621 352 697
897 415 412
455 245 239
772 459 909
48 819 685
427 313 661
81 591 969
401 29 556
579 301 816
673 752 945
520 55 285
596 501 661
604 541 721
301 261 295
333 106 85
977 666 79
808 830 431
425 721 437
251 492 455
498 469 589
567 236 801
606 613 539
601 933 521
546 17 526
779 659 639
161 741 121
9 241 86
831 205 749
138 510 997
26 375 74
652 134 666
712 121 1
566 931 826
97 756 4
445 614 830
973 921 299
181 163 43
445 245 89
209 541 171
251 773 905
278 812 91
961 865 106
921 633 804
775 811 929
381 749 735
748 517 939
292 559 861
761 729 755
285 657 793
442 206 996
529 185 173
65 646 9
713 871 241
85 111 323
321 454 920
941 97 565
793 589 529
977 672 987
593 524 57
608 123 65
855 291 805
108 921 613
433 521 288
513 208 476
597 821 423
731 851 623
105 272 476
305 129 171
319 993 555
296 242 603
561 99 981
376 681 881
977 763 619
105 145 761
914 721 136
295 726 376
945 989 648
911 761 216
797 321 736
99 426 626
458 321 623
901 401 857
481 41 291
446 251 957
425 11 843
121 498 589
991 586 469
938 687 951
90 109 976
401 121 51
466 505 609
441 29 41
761 526 915
312 635 349
633 640 943
316 666 86
521 213 627
541 897 629
269 807 464
641 336 167
986 795 936
322 636 901
396 593 237
1 243 580
384 801 473
601 640 503
731 553 815
291 675 981
145 932 954
693 193 501
569 33 813
201 771 847
853 189 177
121 568 881
675 482 37
81 350 656
85 745 566
641 617 1
151 597 50
141 90 861
201 841 198
993 959 41
241 352 769
621 743 109
135 767 257
725 789 317
374 9 81
921 900 189
391 821 513
862 520 251
565 721 241
299 833 649
766 241 582
709 901 497
789 17 427
867 315 425
431 392 581
351 761 681
937 513 320
229 481 61
281 265 13
26 924 626
593 836 881
9 379 369
497 627 481
927 377 249
469 300 71
300 301 25
851 825 629
141 9 806
798 698 417
886 196 37
465 633 501
526 867 401
517 305 833
241 801 382
637 107 931
381 581 35
964 501 343
614 587 153
913 577 193
459 886 769
985 341 391
986 1 489
326 885 827
343 514 680
198 889 245
793 901 125
761 587 897
841 857 201
511 961 285
205 305 394
681 321 73
803 401 965
693 185 516
27 789 50
577 941 743
741 761 625
633 836 157
148 551 30
625 641 433
231 706 2
945 165 461
104 19 761
229 911 431
37 605 869
377 279 568
873 421 555
831 766 683
628 797 191
520 883 961
981 268 85
451 778 897
374 650 19
997 927 155
951 526 277
353 256 524
531 489 69
261 612 671
613 9 890
921 887 545
117 591 932
908 965 685
72 625 967
385 289 1
662 641 961
95 631 331
575 465 501
101 681 96
377 293 215
701 761 105
221 949 805
65 826 166
481 693 453
853 419 83
247 285 136
229 361 806
976 351 257
320 627 715
931 234 731
604 497 949
585 823 183
873 273 303
581 957 825
705 269 625
331 105 963
427 557 21
608 243 509
457 831 1
105 151 306
141 603 965
423 213 836
321 431 946
121 187 115
985 321 980
505 927 771
763 651 201
785 915 1
874 941 81
596 409 937
205 655 25
881 905 762
549 313 585
373 786 825
773 381 385
741 697 801
157 305 961
214 492 877
13 201 907
691 901 855
367 497 191
9 1 797
568 964 441
601 603 636
539 661 185
100 245 110
227 435 17
95 137 409
813 714 545
435 426 298
233 507 621
257 261 854
608 862 59
545 711 976
311 587 725
43 371 581
321 147 685
106 41 887
273 866 931
356 851 329
581 761 458
399 233 840
963 56 817
536 559 435
755 333 53
713 457 5
65 677 413
695 45 771
648 89 773
707 250 349
568 691 303
700 815 736
117 801 565
771 401 841
557 696 151
842 663 301
73 566 81
17 501 712
475 596 341
25 455 61
106 133 896
601 348 31
793 121 254
553 85 241
991 969 626
460 481 381
550 97 907
113 537 557
737 363 510
415 341 991
109 545 863
753 238 829
422 285 763
345 617 809
307 101 401
169 317 194
847 825 557
374 727 189
861 699 401
447 749 697
465 908 366
889 251 330
627 359 721
479 401 1
517 766 61
977 852 981
667 441 965
189 679 38
367 881 739
692 713 713
55 345 601
937 951 629
232 890 561
281 109 701
374 116 866
441 896 295
132 881 798
891 151 645
17 913 957
959 825 734
353 676 194
725 929 666
565 500 617
591 456 788
23 143 486
116 389 832
617 557 151
403 751 715
77 269 541
601 298 801
309 553 801
320 403 799
54 363 791
733 811 473
749 593 47
431 729 691
639 345 76
79 606 621
51 427 621
148 239 967
921 956 658
118 500 41
794 589 694
1 90 1
653 401 305
529 699 541
228 346 954
505 925 605
371 713 21
793 307 985
492 984 971
295 258 439
537 25 977
177 148 137
109 979 281
805 289 53
631 217 601
184 801 143
308 956 98
954 963 929
997 601 237
899 657 476
852 881 249
973 448 501
321 885 181
87 669 817
771 31 501
128 304 365
585 845 611
228 330 906
816 421 301
721 380 154
849 949 845
698 557 498
421 497 601
320 601 659
963 908 859
511 913 721
208 417 65
705 988 367
488 296 25
1000 905 729
219 611 141
253 621 915
259 394 837
900 33 976
417 587 285
181 694 322
652 641 499
491 947 539
835 561 287
353 491 881
141 925 681
393 752 17
446 553 196
88 439 233
951 729 606
993 977 429
27 865 664
493 95 60
593 173 824
249 801 876
101 929 377
333 237 341
451 353 721
601 938 651
531 434 625
530 616 581
16 251 245
418 370 236
21 741 609
359 891 97
805 269 70
195 1 785
957 525 805
137 462 681
57 467 867
289 911 596
907 751 171
747 271 455
329 520 131
875 746 1
983 871 87
75 551 241
323 27 599
113 267 654
242 581 402
539 36 137
11 911 9
161 889 592
930 637 489
311 937 547
372 937 578
206 657 123
563 573 123
665 34 731
1 683 146
891 889 139
768 351 137
873 177 861
570 959 351
471 1000 866
703 376 521
892 204 13
528 501 481
57 971 391
545 473 817
743 320 635
15 121 521
727 181 861
704 943 882
156 14 201
141 169 961
259 181 349
625 921 841
965 341 273
41 381 943
931 981 897
26 641 83
116 329 101
931 945 17
56 473 185
927 1 101
857 297 68
286 823 929
37 781 786
953 321 819
651 630 281
149 921 993
456 659 291
86 811 185
563 932 260
481 99 11
580 512 614
165 201 721
771 953 896
527 649 951
531 301 861
193 937 861
921 78 920
551 474 537
401 305 639
185 214 732
18 349 225
971 281 501
772 89 444
520 129 934
51 401 136
787 695 245
59 529 121
69 46 809
243 391 81
24 745 531
257 1 305
562 115 425
569 801 855
297 569 16
229 747 819
184 375 461
849 441 693
445 921 801
3 973 590
699 506 924
465 321 25
877 275 466
295 565 769
487 316 251
7 751 415
923 353 760
511 25 809
412 547 743
701 761 766
513 889 233
311 376 866
691 891 191
387 43 261
259 658 400
229 461 66
714 557 20
791 66 439
819 833 235
978 753 829
730 113 592
112 505 967
10 305 217
381 901 16
537 131 729
457 122 648
576 425 407
167 297 961
51 345 689
845 671 26
641 726 341
871 704 771
919 553 300
108 949 927
409 545 721
829 881 957
1 745 179
856 913 213
241 831 827
85 501 129
862 640 949
161 29 141
686 493 801
574 751 225
187 766 185
55 257 435
865 294 212
940 540 214
777 611 369
745 79 831
269 45 119
671 456 801
143 681 963
23 781 873
440 217 229
558 831 131
880 689 645
799 526 831
727 265 149
371 865 324
592 722 101
877 393 565
529 521 462
705 41 17
705 153 707
247 65 371
161 505 312
801 21 553
557 468 867
507 19 377
956 983 246
194 917 433
745 654 541
413 54 647
749 256 53
503 355 969
166 111 972
666 301 984
7 289 201
185 901 151
21 32 966
269 959 323
281 777 127
761 570 13
741 71 991
639 833 266
709 993 497
112 169 77
865 881 761
559 961 20
785 625 399
271 369 932
669 668 943
591 906 363
978 616 793
377 893 811
337 921 496
851 435 417
441 699 76
673 121 85
361 239 241
363 211 121
669 117 547
777 611 185
928 381 736
391 99 81
687 118 236
997 241 913
386 394 359
977 711 391
441 443 441
576 239 373
131 843 547
540 941 317
975 51 715
975 801 424
101 13 537
676 254 73
191 711 194
964 530 943
123 37 73
817 58 887
126 598 803
285 433 405
696 720 361
889 344 953
456 521 865
931 343 865
547 934 626
337 876 353
75 751 503
323 945 251
91 660 405
973 262 793
221 191 601
90 71 975
960 339 891
251 536 484
311 385 126
390 463 423
251 417 207
221 713 106
671 448 189
141 591 721
936 531 313
513 774 777
429 573 315
632 175 569
921 164 223
987 731 201
600 173 995
317 304 266
623 136 711
499 120 748
770 961 717
809 809 201
756 409 551
595 757 65
866 181 222
1 419 489
696 296 71
763 713 344
561 581 473
18 923 521
976 371 543
337 413 153
221 102 161
696 501 873
185 758 437
577 865 333
307 621 970
339 301 377
717 199 391
676 793 51
541 337 61
4 249 979
386 22 125
694 437 809
509 437 955
176 188 942
489 395 296
910 621 421
681 161 641
775 656 46
441 859 531
867 583 601
882 149 985
440 129 524
356 503 451
593 938 313
507 891 243
218 809 281
493 475 897
601 591 752
169 755 45
366 449 241
370 531 105
301 325 533
821 825 133
659 981 873
649 791 336
457 321 549
1 193 745
201 370 501
205 313 765
609 645 713
358 253 503
501 407 585
62 253 637
795 629 579
541 745 521
251 289 594
896 643 529
863 69 483
970 621 537
761 351 321
427 169 856
116 347 220
433 277 718
479 57 17
893 863 105
46 726 220
86 497 180
705 365 915
816 910 317
425 769 921
969 81 361
271 745 929
401 139 429
366 556 945
453 211 467
21 189 955
511 661 169
921 745 281
567 583 113
568 993 931
143 561 961
47 969 941
329 358 817
91 735 183
495 213 331
598 951 763
801 832 789
683 189 33
390 920 258
769 449 69
870 697 683
473 432 842
876 921 601
401 729 421
739 433 537
501 653 833
472 965 137
113 821 655
593 136 4
993 23 401
661 727 1
821 91 33
487 209 621
731 787 183
592 348 451
957 810 293
459 9 492
633 11 143
492 661 59
487 849 775
682 667 731
157 541 604
242 867 801
497 29 933
164 597 797
307 24 269
561 181 456
681 858 213
411 741 737
783 611 229
521 107 487
481 557 600
601 176 821
753 181 241
316 664 801
568 71 863
71 901 627
696 369 117
713 326 107
61 815 485
886 254 189
255 165 205
317 715 506
590 201 809
634 93 476
57 838 937
851 251 521
445 758 780
781 626 929
831 417 521
103 273 350
687 408 221
301 911 775
416 71 257
473 761 445
765 971 615
651 913 629
372 14 411
206 501 257
840 721 536
611 311 547
341 696 293
831 472 589
169 897 129
107 329 147
647 901 804
809 353 207
321 28 841
81 856 56
385 202 191
277 395 637
515 619 134
871 705 361
471 897 913
656 936 263
576 318 485
588 855 551
978 499 185
395 95 37
176 227 811
781 756 278
276 155 389
587 517 856
947 271 81
439 901 5
21 741 701
773 957 665
125 983 347
115 341 243
287 887 898
445 21 57
13 709 65
741 281 626
276 131 334
556 846 307
310 373 796
401 593 392
749 921 464
341 57 551
409 41 900
633 376 77
833 401 687
871 526 361
61 602 426
305 916 401
581 361 455
645 376 1
696 171 602
212 966 786
301 617 927
802 821 973
921 249 501
865 85 631
705 211 565
821 433 956
951 145 661
828 145 421
997 13 936
441 265 427
377 71 671
542 167 545
651 956 80
487 171 751
261 890 793
673 891 172
17 131 556
613 978 204
872 371 790
57 446 116
61 889 451
461 366 781
84 865 713
101 236 743
81 829 57
401 299 781
501 9 777
799 316 552
137 990 449
46 237 283
753 845 599
21 222 639
199 302 551
965 179 936
181 691 193
722 202 69
409 853 89
109 637 121
449 361 153
105 467 777
893 913 285
536 486 843
729 670 383
585 601 397
657 101 589
841 896 111
513 774 513
333 459 596
1 101 801
395 391 35
909 153 751
721 64 969
585 409 433
241 183 99
101 446 123
792 45 911
943 873 547
623 269 941
159 154 991
74 769 753
724 241 916
306 133 379
921 564 581
804 31 970
221 501 344
126 626 467
225 533 665
549 145 353
373 465 632
427 921 609
375 876 333
361 196 937
141 363 455
126 876 989
321 821 839
930 132 236
521 543 258
405 701 844
295 241 859
767 179 351
997 369 438
223 749 569
365 586 291
449 181 252
1 569 415
813 652 978
545 561 196
785 601 15
29 771 777
889 454 283
805 107 56
761 987 593
537 833 735
539 581 449
591 137 117
251 30 333
198 21 538
805 591 41
751 769 321
851 426 593
697 271 385
301 173 520
691 771 705
907 541 840
531 395 133
775 256 50
91 886 423
984 59 296
325 102 511
721 277 541
745 81 115
33 132 501
386 603 882
287 921 661
762 321 833
73 671 839
321 311 947
73 169 521
529 583 365
257 398 881
181 683 673
685 593 967
707 222 249
873 305 547
973 576 226
825 663 423
966 81 823
811 952 145
1 771 351
671 785 496
661 51 83
192 72 791
151 613 891
273 75 481
521 803 241
533 52 401
791 81 365
469 151 488
661 120 957
995 429 417
279 626 653
977 601 856
935 289 186
471 449 228
417 365 353
171 369 533
531 701 319
135 680 526
743 961 136
145 477 729
451 193 778
881 567 963
128 949 373
315 780 397
832 611 275
546 240 751
54 381 881
20 233 86
10 121 426
451 988 266
23 249 315
705 121 387
731 193 905
254 764 543
781 805 473
697 801 793
241 21 831
300 831 681
545 622 285
241 729 336
197 376 63
669 122 377
368 101 588
701 201 801
815 706 283
635 773 841
611 957 661
577 415 921
193 501 834
688 999 106
981 149 389
347 365 516
177 652 467
121 825 121
385 986 556
405 556 653
15 102 735
219 206 241
930 777 321
729 4 549
153 434 751
397 65 561
348 725 114
753 625 981
662 91 433
370 427 649
516 501 716
861 967 403
51 387 260
101 632 870
577 813 934
980 164 339
601 639 355
177 382 771
317 225 33
933 519 492
179 120 250
753 653 31
661 545 849
150 271 591
951 603 97
658 373 129
51 645 513
604 401 928
446 779 833
471 301 230
59 541 855
561 857 845
331 737 633
340 81 813
821 937 650
351 382 117
386 139 414
361 219 779
386 868 904
718 683 577
457 881 556
255 241 935
409 161 659
371 318 721
609 796 415
42 139 431
961 541 287
145 561 584
57 515 177
538 891 201
618 285 12
73 897 191
86 101 655
697 616 458
241 423 150
371 673 541
325 65 741
357 506 441
167 539 551
163 837 95
941 433 321
741 677 251
990 969 515
777 73 51
535 546 389
101 40 693
995 426 921
353 874 377
821 745 423
697 293 997
446 33 795
432 740 916
733 805 776
1 611 569
497 475 113
219 130 751
431 913 48
566 228 161
533 851 814
7 251 1
910 289 311
332 269 725
991 85 67
393 895 108
697 954 227
483 645 540
282 261 648
761 37 611
451 980 96
829 811 865
311 946 886
705 886 97
345 60 477
717 489 596
969 101 741
929 321 265
348 403 752
529 108 109
427 951 361
855 681 245
694 37 11
505 185 483
750 451 149
712 901 574
961 125 65
665 455 239
876 123 151
817 705 225
599 926 53
641 467 77
645 319 787
577 529 81
701 885 325
713 861 806
329 961 541
270 761 457
981 237 881
997 585 608
741 539 481
837 195 779
31 446 881
991 429 831
208 156 988
45 879 309
97 971 823
945 153 871
387 502 94
393 541 731
286 882 918
33 37 376
465 149 432
605 551 251
157 601 686
969 196 773
473 231 993
191 650 941
697 817 597
489 469 561
311 413 344
180 846 643
739 381 166
465 81 591
241 563 601
791 201 781
789 539 536
797 961 357
873 183 105
291 501 833
41 929 41
201 369 867
301 321 46
281 828 289
727 984 463
889 591 674
170 788 847
251 296 313
612 41 280
447 313 121
61 240 361
849 589 11
33 581 281
897 907 401
913 432 670
240 641 706
291 527 954
231 201 796
566 829 669
451 22 816
651 995 12
207 21 648
329 89 661
605 469 879
581 583 266
416 940 542
899 856 201
589 683 993
741 120 681
211 377 933
305 856 497
385 124 521
735 97 713
941 876 9
345 995 170
55 499 630
401 381 841
905 881 41
617 449 1
910 61 773
432 121 901
380 73 637
299 309 552
411 85 221
916 341 720
76 1 973
786 175 453
718 805 940
180 854 73
543 575 145
741 223 255
457 601 83
328 853 401
183 749 641
331 477 705
246 856 443
737 541 851
625 441 129
897 289 177
254 717 321
801 801 141
1 910 497
426 580 372
931 429 797
436 357 540
853 926 356
63 401 457
131 861 685
321 616 610
396 306 1
160 276 393
784 545 376
303 871 514
209 266 399
606 726 503
691 187 289
56 897 305
946 312 811
627 195 81
914 393 995
181 472 417
161 605 13
842 245 73
511 33 325
951 509 459
761 867 841
345 847 521
985 36 906
851 19 633
701 414 681
249 876 841
941 515 705
59 41 369
837 393 275
116 633 538
296 213 315
380 453 271
587 953 881
305 151 941
113 76 861
721 851 809
511 169 921
107 135 590
227 781 211
761 650 302
795 725 310
9 349 363
251 199 271
801 283 611
1 998 306
601 141 505
801 465 609
469 984 633
562 782 31
912 171 295
53 677 390
92 501 641
403 317 561
297 273 551
345 271 265
855 931 397
83 521 25
471 610 772
193 861 107
988 37 876
751 397 333
941 725 478
641 69 251
1 876 765
319 48 17
111 289 605
849 281 980
311 813 585
233 56 793
137 807 725
750 681 433
389 318 745
916 37 417
496 321 131
305 834 101
625 279 293
712 721 919
350 651 881
993 727 212
889 209 799
600 255 985
362 153 177
225 994 306
591 282 213
201 385 817
546 887 686
595 793 817
31 321 659
775 305 361
51 489 538
256 585 809
137 921 831
441 939 113
650 299 493
410 941 151
487 772 783
126 291 154
416 521 341
471 591 826
257 905 747
273 248 877
145 911 319
613 497 720
674 417 113
301 370 693
387 721 867
147 304 101
721 309 251
776 932 764
408 496 575
735 745 197
457 744 839
56 548 82
558 108 649
267 456 323
581 108 389
811 911 561
657 771 913
737 309 510
191 801 9
1 669 879
661 817 993
201 669 833
135 817 351
993 789 729
846 265 129
575 563 497
978 66 921
981 429 92
541 781 44
402 911 481
301 789 831
74 817 825
545 133 865
70 150 318
151 794 513
377 511 985
69 273 298
810 136 906
627 901 665
351 332 471
193 361 761
985 926 266
491 347 520
255 521 153
59 956 45
827 29 891
29 353 186
933 721 838
834 865 612
153 955 446
949 793 90
649 697 633
575 465 107
987 560 753
90 147 691
801 411 780
847 761 601
473 91 711
468 961 561
333 769 428
854 241 977
351 625 35
625 276 151
864 125 53
951 801 505
776 463 1
647 589 186
49 761 683
121 29 87
134 89 225
198 413 689
751 401 869
115 466 13
876 985 798
981 951 585
448 155 531
537 205 756
76 663 791
861 170 120
153 471 81
40 838 215
800 76 671
391 841 341
387 246 199
410 963 707
51 237 21
853 202 896
149 741 241
641 383 713
365 899 350
860 331 981
851 601 353
7 377 806
656 233 506
931 213 395
135 762 941
921 529 913
667 84 400
201 205 381
544 196 320
57 721 937
177 559 171
65 71 693
973 51 97
536 566 571
869 201 119
111 730 817
21 643 473
846 991 522
610 678 787
601 939 911
1 876 591
549 227 721
117 519 118
743 138 363
657 8 91
233 594 940
978 154 677
511 833 403
501 24 353
263 201 721
269 274 346
985 996 703
618 167 677
226 286 745
281 18 681
87 897 574
533 685 524
246 501 16
797 961 221
161 299 575
894 459 349
301 312 170
193 937 483
200 809 219
748 177 561
475 777 943
316 182 701
217 791 94
309 561 656
369 501 897
913 609 649
646 831 171
141 81 245
917 917 577
958 713 257
913 84 251
109 721 89
661 321 141
685 99 604
389 31 637
186 305 365
258 565 219
671 56 81
957 33 1
627 62 916
929 636 89
945 821 180
92 937 916
955 529 101
61 441 431
233 997 869
685 601 189
635 908 987
929 619 678
534 889 406
11 671 481
53 760 761
565 813 240
599 513 861
549 333 856
46 994 115
303 818 308
176 601 733
741 223 790
483 753 351
345 553 873
129 809 466
89 747 580
721 33 826
593 503 531
667 139 12
840 132 811
35 914 609
595 865 963
931 320 241
209 409 973
835 538 241
633 224 573
476 409 596
641 597 897
81 981 791
418 931 777
205 229 710
371 987 646
676 481 879
625 760 553
433 606 313
93 467 801
125 967 181
57 371 133
507 337 889
851 281 536
325 359 295
380 587 345
313 761 316
171 161 125
543 793 791
267 474 747
587 601 65
107 625 573
718 906 461
633 700 141
929 303 953
633 901 596
190 486 217
935 515 733
333 635 866
731 81 356
229 207 681
313 917 549
61 293 653
394 541 862
369 999 945
155 347 91
825 265 351
126 448 739
809 473 557
377 409 455
161 411 669
190 209 419
355 329 293
151 447 384
451 260 251
353 633 485
921 314 297
899 401 772
975 170 496
759 452 617
395 806 125
408 69 533
435 55 778
56 111 710
1 11 845
264 361 71
103 311 691
173 449 381
921 653 481
723 951 954
261 501 657
921 172 457
86 831 301
575 101 545
441 567 173
751 593 629
109 701 531
706 753 293
315 981 458
701 377 609
384 767 551
361 672 241
56 254 575
111 161 459
21 111 757
601 721 907
529 651 785
593 433 681
137 473 289
446 386 569
954 769 267
601 13 541
677 577 34
913 491 162
515 635 951
231 883 887
701 191 939
396 327 847
431 152 451
969 51 321
243 223 853
971 181 608
248 160 761
501 167 473
255 241 452
1 692 913
831 996 567
833 521 501
801 65 657
351 511 521
437 486 851
501 427 59
726 377 951
340 467 829
114 527 426
983 454 916
673 516 417
354 113 884
758 933 359
595 395 733
432 317 886
559 55 255
61 23 937
853 960 305
701 672 183
183 271 61
569 527 11
170 603 401
776 795 199
483 313 433
646 77 347
67 297 433
33 35 447
981 112 361
139 851 396
795 588 801
589 686 485
337 553 137
157 29 513
162 573 876
193 801 718
806 696 397
553 989 673
247 526 271
938 353 60
871 292 525
742 247 191
403 297 478
695 295 365
893 473 771
335 341 541
457 117 171
731 834 716
713 251 81
134 609 157
257 823 342
851 681 209
401 246 387
915 281 449
811 987 235
746 667 903
336 286 227
768 505 310
507 57 16
201 857 883
921 407 93
1 469 534
150 901 261
541 545 581
149 793 385
559 184 556
241 233 524
611 380 751
452 976 692
425 949 713
152 293 495
921 882 234
29 727 880
701 406 707
106 136 690
903 259 59
595 65 960
761 868 92
540 401 441
949 491 392
765 688 657
89 247 465
55 408 257
146 331 785
293 621 939
1 610 126
953 865 473
165 395 876
406 21 406
377 625 707
216 812 385
225 481 956
989 593 92
129 921 26
301 244 31
162 546 861
67 261 581
931 937 13
301 901 380
529 839 577
141 105 409
341 621 637
236 151 415
213 446 427
553 993 417
713 481 465
779 141 411
661 27 89
431 691 471
525 1 690
609 491 989
757 461 201
155 340 149
261 7 819
539 529 616
225 669 526
751 637 606
667 796 984
561 981 461
237 5 345
201 73 756
801 677 617
746 869 993
56 334 49
841 513 9
308 51 533
969 52 778
97 641 867
549 596 3
225 470 266
48 349 907
697 661 12
51 957 701
555 69 626
773 461 543
153 701 560
65 324 559
143 196 630
446 65 790
681 336 223
241 57 851
721 195 315
303 857 789
517 747 995
811 221 921
401 513 17
723 777 809
557 119 445
473 651 243
961 344 751
389 986 495
426 187 352
73 174 768
156 954 633
981 802 313
961 191 121
445 651 625
962 541 931
453 952 251
515 610 721
713 621 221
658 377 485
118 124 927
765 956 719
153 849 880
129 489 45
501 781 377
201 155 925
261 552 314
981 520 763
13 81 443
265 85 820
712 255 412
475 861 481
326 155 955
937 801 817
255 35 285
881 231 965
142 321 533
953 426 431
796 602 522
649 949 613
351 671 874
387 753 535
525 687 817
301 1 876
135 969 676
721 821 657
463 646 455
579 826 601
633 261 274
651 433 17
940 561 411
629 335 977
737 406 305
213 593 160
431 697 497
382 751 619
233 421 558
105 961 133
427 111 457
133 729 117
830 617 75
153 16 806
945 71 71
7 33 293
116 661 313
676 881 511
579 421 713
766 113 465
665 681 233
118 360 107
207 323 391
253 951 705
68 305 345
8 945 533
165 405 573
625 800 801
522 914 210
989 449 471
561 121 715
305 376 847
649 636 291
110 446 115
541 345 141
886 36 585
933 370 125
33 213 319
163 606 801
931 737 65
362 409 401
283 317 161
573 991 321
348 551 881
221 189 496
925 669 498
877 443 470
757 951 215
693 953 831
572 385 805
201 239 981
316 957 467
241 923 750
772 499 826
977 659 306
441 361 489
30 426 641
232 401 49
186 395 337
7 405 927
483 625 865
641 108 65
137 253 351
921 881 681
737 793 709
841 95 357
57 61 851
360 859 529
481 665 867
12 129 458
353 961 673
145 433 245
917 896 400
72 249 511
34 143 551
321 709 722
986 926 579
841 980 346
301 750 411
419 397 745
501 100 813
585 551 477
507 793 267
752 847 857
17 206 387
561 474 601
264 525 149
81 797 599
178 777 937
51 11 809
517 144 566
209 841 231
895 513 876
406 77 406
735 759 758
488 251 237
769 548 761
629 915 115
230 221 493
686 740 813
587 779 62
765 983 549
289 945 957
636 117 995
761 399 969
236 566 381
164 173 485
598 777 525
641 121 765
197 793 525
758 365 201
801 985 48
472 822 129
711 785 569
243 116 344
153 633 141
883 277 625
166 327 345
427 222 406
141 688 746
711 43 777
767 201 45
309 561 626
537 341 985
972 450 240
105 711 143
889 204 881
890 782 169
153 562 721
71 874 529
505 313 723
189 22 197
811 923 450
376 685 689
309 945 750
496 503 797
107 745 885
637 135 505
520 849 151
529 397 443
5 196 725
281 904 26
835 351 777
513 343 977
97 415 601
175 87 969
701 797 773
557 561 871
351 297 867
711 385 883
113 831 395
361 777 9
721 821 631
65 981 118
948 595 641
953 617 651
671 205 341
189 548 618
945 214 51
934 369 53
883 151 41
610 818 52
913 267 393
431 727 191
259 444 147
389 422 797
132 512 905
133 449 833
105 1 161
213 425 406
580 441 503
453 809 287
37 521 533
543 261 995
433 676 865
321 473 240
781 169 856
207 473 220
861 907 851
5 721 76
348 324 505
545 76 790
907 261 811
845 901 684
226 606 849
471 89 416
941 416 63
361 286 856
971 621 159
641 253 853
721 26 716
941 55 641
118 139 296
343 381 699
27 271 97
302 125 353
717 12 953
651 995 417
593 63 843
231 672 21
31 141 223
511 2 505
629 937 77
225 967 222
486 341 565
223 424 303
201 258 190
650 891 677
938 55 219
654 385 501
975 100 64
151 457 497
975 786 813
911 400 1
851 677 305
689 853 876
417 1 849
705 423 851
921 201 973
665 421 768
805 949 233
952 461 841
571 263 185
209 837 181
365 159 407
139 141 2
660 755 679
553 951 601
861 651 153
257 390 551
579 865 53
231 265 833
626 50 641
679 956 169
692 701 392
885 109 661
117 609 993
921 707 749
269 911 976
523 545 575
943 703 429
431 111 753
909 486 379
121 835 809
384 910 620
287 339 861
501 826 299
519 562 769
491 115 113
757 805 15
151 674 286
727 214 201
201 969 261
811 611 101
33 711 651
342 447 327
101 597 275
865 995 558
1 502 748
664 76 133
292 804 203
445 651 814
454 889 936
711 770 681
646 678 211
509 937 264
754 548 241
465 354 509
707 345 381
615 432 31
592 399 93
409 945 372
743 325 245
641 363 367
347 729 776
1 201 977
635 849 242
63 229 681
986 385 251
399 283 553
304 614 89
386 876 361
111 38 601
129 621 361
359 677 578
761 342 641
445 51 961
781 686 71
406 673 827
846 505 153
669 321 497
787 619 711
396 69 985
529 211 896
940 829 88
73 601 663
1 433 881
257 746 651
999 694 510
751 676 603
371 608 865
199 331 873
566 914 533
690 1 641
471 506 751
361 45 947
919 767 18
645 849 721
871 81 5
999 996 226
113 355 101
671 273 999
414 281 682
891 795 682
881 325 405
641 546 997
385 616 709
661 761 993
769 135 613
21 601 745
867 57 413
147 863 349
891 630 409
785 61 421
653 531 941
898 633 757
1000 317 881
368 625 171
735 41 861
9 561 883
1 850 551
113 376 2
201 766 533
326 716 476
293 317 554
353 817 51
931 569 921
868 590 390
329 591 209
811 233 310
686 897 37
684 1 792
922 371 201
505 501 344
274 756 553
689 826 721
336 375 116
237 465 661
921 737 512
699 185 976
501 857 55
673 512 3
431 343 449
589 707 545
587 651 5
919 121 1
148 820 549
323 41 206
739 44 421
881 69 258
733 289 761
573 811 53
961 495 249
267 313 451
689 321 905
448 683 30
205 76 531
621 461 310
458 688 460
69 401 712
101 759 233
792 651 250
761 393 117
221 213 377
888 86 257
783 241 231
867 656 191
149 133 595
21 383 23
861 189 534
473 195 917
906 175 561
49 1 709
907 329 181
115 593 833
161 133 626
965 506 241
993 957 281
311 105 899
465 345 296
69 76 581
849 673 917
503 474 471
901 384 711
941 985 361
777 751 691
93 912 722
948 528 809
529 260 893
713 867 231
665 455 276
291 54 917
621 550 127
927 169 379
193 721 343
76 379 410
351 513 729
133 466 231
401 453 735
143 745 449
757 77 381
416 965 621
510 491 169
337 449 259
455 303 382
485 45 785
522 567 291
826 321 416
988 99 589
292 651 101
624 910 126
24 31 551
557 553 859
951 137 526
624 123 129
391 819 337
850 250 860
735 539 805
271 708 217
251 527 91
232 137 487
195 981 423
112 308 613
771 164 742
271 473 275
921 39 501
814 571 219
275 303 251
981 509 579
927 841 729
402 561 604
563 666 899
965 726 97
301 135 857
449 877 663
95 166 305
87 336 367
929 409 422
720 221 903
821 775 459
358 626 626
807 225 185
571 130 699
297 714 603
155 987 916
290 516 881
537 909 17
259 904 423
504 21 849
905 381 670
1 601 713
489 736 984
398 836 105
81 834 255
228 731 41
585 251 459
825 981 929
744 401 736
631 265 7
156 669 569
729 503 375
477 181 820
685 253 25
97 561 5
501 121 457
213 301 873
511 986 545
435 325 525
221 591 721
189 326 231
397 797 309
475 445 690
1 533 551
983 247 137
820 405 11
277 1 631
133 123 821
355 905 345
905 799 231
721 813 1
387 807 945
775 622 703
211 977 609
160 601 941
307 891 67
764 703 135
453 381 801
775 901 886
395 401 51
295 801 334
977 663 386
409 449 459
311 738 657
21 981 983
799 956 531
29 721 205
262 997 613
297 399 744
985 331 33
361 300 669
865 177 805
291 841 685
594 419 88
895 349 806
648 437 640
93 129 120
979 631 990
625 651 269
81 778 231
611 306 303
341 721 233
624 411 86
651 432 601
849 291 229
144 281 252
41 39 721
489 197 723
939 569 843
795 749 703
669 801 844
923 924 443
789 723 690
419 161 360
424 453 229
692 167 21
263 875 833
564 633 356
569 608 901
176 811 201
678 451 595
929 297 498
506 655 885
503 105 91
1 561 6
733 881 113
390 641 465
302 287 485
576 105 514
941 123 554
342 701 361
585 926 799
778 809 617
666 225 889
733 391 601
86 121 273
561 366 253
808 352 36
329 569 491
793 323 96
336 501 113
421 935 450
792 923 435
381 841 801
114 443 661
307 517 720
974 401 795
705 419 368
953 323 569
870 759 783
361 550 576
45 456 101
146 905 301
366 473 605
276 504 673
731 361 421
65 949 626
130 167 305
501 666 565
487 606 613
307 841 862
380 921 753
619 836 175
203 531 414
73 601 213
491 1 539
291 757 540
941 689 101
9 715 26
833 735 865
822 876 781
541 775 681
81 383 285
265 633 357
921 993 857
249 107 361
429 981 185
959 939 201
959 693 172
349 593 393
301 272 33
658 511 76
215 45 142
558 258 169
879 270 457
811 336 540
720 831 233
459 751 340
246 161 825
744 125 201
901 304 71
947 661 693
977 443 905
381 673 301
569 155 97
101 393 420
273 613 708
923 726 807
953 128 329
685 755 501
465 681 705
293 921 741
40 37 99
481 778 769
197 940 45
401 841 19
61 13 365
823 330 291
814 1 501
113 1 101
381 129 441
197 758 713
826 337 733
807 957 846
481 81 867
779 110 641
339 680 61
965 781 521
827 217 531
211 281 341
657 929 169
800 883 7
243 236 482
291 961 417
401 627 746
110 585 185
246 651 601
153 105 673
305 13 691
685 529 569
871 258 385
333 829 111
793 974 51
304 361 577
131 957 191
929 185 545
921 496 615
45 729 175
545 1 723
253 407 75
905 159 821
923 477 896
969 984 378
57 891 826
896 117 687
897 705 626
715 601 561
23 877 31
21 308 857
937 643 461
797 136 880
278 741 736
653 839 469
951 890 699
330 585 745
777 969 681
161 336 783
541 385 451
793 721 283
731 676 393
929 185 53
239 519 966
846 326 643
621 425 425
838 985 963
761 459 467
913 537 598
939 209 607
857 341 595
951 431 69
314 706 577
241 501 689
147 612 953
241 821 986
561 511 743
247 893 192
476 278 703
162 121 843
465 573 37
840 19 829
317 461 607
707 195 647
761 977 225
771 225 305
541 483 429
333 71 954
99 225 50
465 469 810
436 872 936
161 727 811
853 227 579
777 81 951
377 432 11
460 489 877
50 555 259
326 781 126
419 556 246
915 107 688
999 560 857
541 825 177
721 876 751
977 377 354
822 709 501
905 261 652
313 82 914
482 985 993
197 614 401
117 465 936
97 471 977
1 21 367
407 175 783
31 405 33
186 173 908
41 569 809
941 119 617
81 607 51
744 741 352
627 853 185
99 976 591
539 569 535
581 69 960
933 891 544
517 649 281
831 471 337
721 937 471
426 249 651
321 31 905
969 441 59
259 644 849
866 655 531
939 159 681
701 665 301
534 598 551
285 945 321
49 766 341
257 609 781
185 622 289
