3378
56 385 353
121 201 875
1 851 207
977 732 879
841 655 605
103 65 661
271 841 361
121 821 322
993 49 865
576 889 933
601 161 480
51 209 693
1 429 541
270 88 293
761 957 369
787 1 625
961 123 893
268 151 73
537 792 153
24 341 806
555 756 815
307 851 845
831 989 233
813 991 21
275 533 764
30 85 601
586 979 52
857 521 751
331 520 876
928 234 213
809 306 721
319 384 461
577 191 424
989 729 303
802 628 527
696 537 181
576 551 739
910 723 901
351 857 711
465 317 423
701 557 165
486 459 977
625 361 999
999 297 105
580 995 414
185 927 797
198 587 765
361 913 577
678 324 825
351 689 815
769 689 649
770 171 825
798 395 25
301 678 148
171 177 523
226 33 557
767 482 953
781 521 629
589 699 482
729 819 724
217 433 51
909 23 765
876 357 194
333 525 88
917 657 501
797 401 455
170 894 789
101 531 369
651 639 662
769 425 919
919 549 186
731 412 609
721 977 561
721 337 506
351 521 731
57 165 256
674 996 121
387 806 377
182 160 153
977 253 337
937 70 679
925 645 21
200 731 933
807 41 617
843 918 519
83 305 660
701 792 926
583 199 197
171 257 627
830 417 541
511 78 629
451 657 711
717 336 495
175 961 912
545 217 825
401 686 751
601 57 688
521 241 629
610 653 241
187 581 940
584 334 391
977 86 765
613 251 337
461 301 839
301 491 895
803 129 450
949 105 529
337 765 185
647 589 897
861 505 777
259 643 583
725 205 955
680 829 963
865 766 601
756 271 889
725 615 683
145 801 438
723 106 521
361 607 268
9 451 777
697 429 107
841 621 571
406 371 395
656 459 701
585 504 721
515 224 784
565 977 445
479 336 199
223 269 252
997 409 276
904 238 726
876 88 713
32 902 961
119 702 341
967 429 637
397 271 867
478 891 187
541 111 687
751 481 625
21 601 725
903 770 156
487 817 723
136 573 813
876 208 471
186 177 11
577 567 57
362 973 745
573 26 640
65 321 701
349 546 837
870 190 273
583 741 917
495 1 897
491 57 877
633 935 121
415 309 522
826 386 477
735 92 876
556 403 850
271 209 561
248 772 449
466 933 248
198 863 751
87 967 346
251 206 917
581 422 297
539 846 907
166 740 751
388 266 647
201 179 856
274 947 905
99 923 467
861 656 241
744 137 860
529 941 455
691 921 995
585 345 691
681 481 851
59 125 901
38 578 701
489 973 951
808 391 62
161 941 943
713 179 46
841 577 543
101 331 951
537 458 198
145 597 379
843 715 241
95 51 11
614 672 385
355 563 885
983 973 701
17 207 181
579 935 141
436 809 441
745 761 689
937 572 221
997 853 70
940 447 957
103 126 617
271 865 101
271 553 877
753 676 872
617 49 897
251 781 183
169 521 641
497 510 717
266 82 111
674 595 21
970 855 59
921 573 21
343 300 127
804 796 782
769 121 544
236 257 421
645 436 749
562 389 155
969 858 405
341 381 400
846 645 629
501 975 271
1 123 771
569 449 126
889 661 385
501 198 426
107 947 223
881 695 89
13 321 271
235 898 441
227 849 221
101 769 389
698 941 849
285 311 841
305 717 657
77 409 101
8 927 63
814 25 536
941 75 546
348 785 864
283 154 350
602 146 401
285 889 883
707 451 123
121 441 287
905 523 755
751 365 861
372 485 949
703 182 469
885 756 16
281 904 766
580 879 526
41 745 793
123 373 161
240 257 813
561 97 505
26 90 579
131 641 576
101 793 290
764 955 212
422 68 237
489 739 355
409 393 762
81 61 51
821 821 839
705 892 477
195 553 141
881 596 36
793 533 876
745 196 596
363 730 475
169 431 248
611 51 698
51 1000 475
788 511 46
41 607 953
41 933 655
486 749 601
247 281 393
8 566 275
759 844 221
431 7 871
61 891 851
179 301 360
726 769 607
171 873 851
53 769 4
593 661 155
795 533 513
569 901 721
95 625 477
801 73 689
625 825 411
501 994 993
51 162 594
619 626 411
811 267 579
945 642 349
145 230 81
615 656 864
807 508 701
102 791 81
1 451 469
177 442 471
631 320 940
861 129 599
29 111 476
801 193 508
393 979 658
716 820 801
682 226 753
242 941 449
281 921 809
475 520 69
529 288 427
249 662 133
785 35 401
149 811 889
269 919 867
312 725 511
991 996 839
629 521 296
57 376 557
912 514 793
107 777 613
285 273 761
702 641 786
274 801 99
881 733 25
470 885 281
162 902 29
526 855 505
775 640 745
325 838 718
225 524 241
835 853 249
491 254 515
11 205 414
223 591 681
987 161 97
273 361 185
5 891 217
189 161 297
96 176 348
840 11 701
926 145 761
166 369 377
701 961 426
361 826 359
585 402 51
141 313 530
107 371 611
434 216 225
629 851 521
257 870 171
112 715 432
811 900 521
501 335 717
554 899 156
161 815 677
361 106 965
517 329 569
981 985 158
152 947 506
646 75 853
761 841 411
928 183 584
634 593 385
381 825 881
396 721 543
839 609 872
905 140 893
263 489 161
436 761 263
397 861 621
161 709 305
995 277 954
351 911 426
67 870 777
816 741 651
242 395 957
679 9 566
63 128 935
602 661 193
328 889 865
785 921 868
421 313 70
849 766 676
485 637 601
27 441 39
1000 657 741
561 983 681
489 251 961
41 401 404
416 521 137
306 853 47
126 19 189
139 633 201
941 921 285
781 147 93
71 81 142
665 577 522
879 809 705
561 496 335
609 86 321
125 392 51
383 417 483
201 829 585
651 549 385
151 621 265
193 761 661
541 974 577
615 979 761
877 281 441
311 829 969
981 961 265
614 441 897
713 796 269
299 359 305
291 158 946
537 157 687
303 321 141
749 767 265
383 929 821
975 849 481
884 702 741
73 153 473
111 281 281
211 969 391
169 849 691
877 145 959
437 199 414
601 801 857
339 85 133
459 71 433
965 881 677
655 645 145
325 649 573
680 835 251
119 941 61
335 277 963
711 969 411
316 617 416
993 898 945
696 396 341
93 635 259
225 281 697
257 451 701
837 207 641
407 853 43
491 905 341
941 670 161
921 321 700
656 251 299
965 599 737
217 425 671
611 504 322
113 694 481
105 746 488
436 351 187
431 886 907
691 801 861
401 369 16
620 865 961
561 626 205
341 538 773
796 189 951
697 411 95
977 496 585
877 775 369
28 409 818
321 207 310
696 294 924
311 761 593
257 33 309
371 76 155
377 476 433
876 243 882
793 351 9
233 735 561
915 451 474
553 351 241
585 921 213
143 252 603
489 957 177
937 124 185
918 473 457
785 409 1
89 821 269
529 831 407
213 501 615
271 65 225
761 801 338
180 321 109
725 551 321
509 96 165
601 986 366
319 559 73
561 138 61
591 73 717
163 601 276
421 193 45
477 41 297
653 979 209
453 221 701
231 741 593
386 1 921
60 861 861
973 579 145
661 847 848
582 487 579
165 629 980
969 469 331
552 673 301
775 448 834
506 674 69
55 138 368
479 719 681
521 497 737
242 761 801
36 772 834
87 656 644
241 41 801
385 745 493
845 112 883
966 832 303
601 66 152
195 107 570
736 315 410
551 77 409
446 293 173
241 838 126
967 641 645
761 446 783
393 701 657
251 977 139
947 275 785
355 245 67
100 754 141
477 913 141
937 269 467
817 426 267
761 21 960
382 323 961
301 45 501
1 359 318
476 551 995
235 981 199
361 591 283
497 71 605
613 601 281
185 992 21
491 679 91
419 90 451
661 975 341
809 129 291
189 69 640
927 551 726
257 333 844
950 976 773
583 28 168
841 313 49
429 960 175
65 29 405
163 135 106
229 237 968
809 195 395
945 421 865
291 65 397
401 821 164
827 929 596
825 598 613
397 897 733
401 897 750
259 266 860
301 286 871
711 969 421
358 89 689
441 777 309
607 527 401
113 21 591
207 159 891
366 337 751
196 689 130
27 688 13
581 257 891
962 427 21
21 851 266
48 721 86
292 606 681
389 576 271
285 833 801
965 174 309
833 601 945
326 885 672
885 196 426
389 419 297
507 76 736
351 499 980
161 865 561
376 258 521
549 793 837
217 261 426
527 265 988
777 921 682
481 381 201
181 16 274
499 561 259
16 737 660
391 393 548
205 241 797
469 661 161
883 431 441
591 920 725
634 615 925
152 201 173
396 139 597
25 985 20
543 998 841
817 651 897
496 677 973
335 441 423
545 653 935
360 487 553
441 757 501
486 708 901
991 837 73
425 601 50
685 473 641
529 257 751
846 196 377
638 79 405
269 619 59
941 297 509
115 696 887
512 141 849
809 882 961
781 604 137
476 590 131
921 817 447
221 679 208
281 497 265
365 963 934
403 881 891
991 413 101
554 961 193
476 433 601
917 158 276
30 185 867
777 889 332
201 888 529
881 210 45
17 9 246
379 313 599
81 69 221
538 705 732
265 905 550
245 326 211
500 553 323
381 253 371
925 841 879
341 185 579
483 263 91
801 860 672
191 819 451
59 706 176
198 335 740
291 406 869
300 697 361
66 711 497
471 577 841
258 355 231
131 784 523
775 367 101
425 457 435
451 507 585
196 808 901
171 445 313
493 985 372
649 478 237
545 609 477
921 350 718
149 177 721
861 933 458
811 157 57
756 241 265
297 97 966
847 129 325
858 401 641
845 121 591
691 121 245
489 817 837
713 889 885
226 749 918
841 88 314
320 400 195
781 191 873
65 51 673
531 593 681
1 42 515
449 121 281
573 342 885
241 849 276
250 322 905
153 11 719
981 233 989
486 962 821
489 228 625
353 881 650
19 481 681
301 737 531
950 55 593
81 257 32
251 593 951
91 368 210
201 169 71
701 847 66
701 917 537
186 661 301
97 429 790
725 122 477
601 697 629
519 781 513
812 185 161
101 303 27
151 193 838
497 40 301
269 245 209
576 105 617
615 815 797
811 153 333
345 519 654
177 726 991
304 25 915
374 193 811
73 913 983
696 227 501
754 51 801
7 911 355
796 773 326
712 581 96
581 481 201
526 381 606
151 421 673
106 151 601
36 331 521
45 781 170
275 859 681
458 449 897
201 849 289
167 327 301
86 81 1
112 690 395
372 373 512
816 578 526
87 989 467
402 881 101
903 376 17
661 308 921
745 577 232
523 961 929
217 449 325
901 826 49
492 141 697
376 769 101
709 301 567
233 687 29
32 941 189
915 370 909
561 433 146
808 129 898
713 841 877
289 421 489
286 226 879
335 881 621
783 847 801
673 550 139
47 121 243
542 84 539
923 56 751
365 53 51
923 980 345
116 1 107
348 985 181
201 635 770
24 621 571
889 835 111
258 584 940
719 695 941
593 253 951
957 370 708
757 121 761
31 305 526
272 876 225
721 140 159
863 607 121
347 657 952
333 181 551
123 431 81
654 486 450
751 671 518
161 755 513
761 959 889
906 660 744
363 641 806
361 221 73
589 557 321
410 1 685
397 301 241
847 541 209
116 555 960
61 116 121
171 966 183
609 895 205
696 117 51
947 401 421
357 368 37
126 441 141
861 956 61
484 756 367
156 657 689
441 129 505
618 197 217
631 24 909
661 336 400
112 901 117
780 825 73
641 46 936
103 801 771
181 601 465
791 153 572
185 750 671
983 600 885
905 57 329
5 892 711
801 476 701
271 641 785
307 447 525
281 749 149
579 144 690
729 863 135
995 856 263
985 736 35
158 361 793
341 31 81
217 478 517
291 663 105
689 417 759
225 126 285
851 797 561
584 781 225
387 118 651
121 89 607
8 586 185
647 281 246
485 455 247
416 487 306
81 261 953
913 661 221
993 881 51
921 681 913
593 554 629
903 261 679
351 968 973
325 615 911
390 82 271
517 189 463
185 859 941
185 166 875
961 441 581
554 16 145
574 637 891
921 133 862
173 65 256
152 671 15
204 186 811
623 541 960
826 649 265
381 911 861
897 111 701
373 649 305
409 227 517
929 865 604
524 633 281
309 459 33
569 179 753
981 553 416
211 269 871
639 226 161
638 400 532
995 523 725
776 349 651
959 541 913
549 329 321
473 749 241
241 501 881
801 599 649
630 673 1
609 299 966
157 203 99
781 581 453
289 499 811
899 121 325
686 401 200
381 679 241
444 54 145
69 635 972
922 641 473
761 901 369
517 481 543
919 1 201
365 617 166
901 553 350
539 89 472
154 245 575
451 705 777
445 376 495
866 737 101
241 613 861
993 973 345
484 66 297
724 775 667
751 733 425
393 911 171
849 231 119
786 481 474
183 678 543
327 417 357
301 657 631
371 757 949
329 836 837
953 543 201
641 527 256
69 552 741
773 303 151
851 412 245
165 848 275
221 757 681
64 285 501
861 451 336
461 417 554
226 681 431
612 617 853
490 830 21
503 401 251
925 245 225
625 105 867
907 307 361
241 561 505
833 781 41
281 17 237
889 537 313
323 85 513
1 288 211
389 269 941
825 538 253
951 61 272
627 441 277
265 887 151
317 433 813
262 281 37
961 775 351
630 469 747
54 373 469
67 321 453
641 395 703
147 941 53
180 297 53
849 633 491
421 849 421
664 461 353
184 990 641
665 925 489
537 521 761
703 631 145
197 91 307
24 658 861
770 501 761
234 973 890
11 920 508
521 74 711
417 151 949
888 123 896
45 632 31
128 521 793
193 928 534
746 274 1
607 513 376
601 897 329
36 137 109
961 653 761
889 465 11
989 725 506
481 243 947
285 599 841
801 599 966
357 508 271
448 521 497
95 331 875
481 977 333
125 630 51
33 641 430
443 507 76
713 823 670
168 753 573
624 273 306
481 51 809
251 61 124
531 122 389
482 345 117
355 898 269
713 161 837
266 175 299
81 414 87
311 626 355
411 94 777
593 687 949
261 467 385
87 408 416
436 709 646
201 991 161
757 317 905
725 808 121
381 705 673
847 401 265
251 925 869
341 801 442
893 541 541
851 623 581
911 87 901
653 361 905
348 521 25
480 821 751
689 61 683
278 666 188
391 869 305
249 51 385
815 207 643
711 895 107
191 63 656
777 683 501
109 965 489
932 219 713
140 917 705
3 105 905
831 401 361
538 531 369
855 517 290
1000 6 623
872 533 324
331 729 817
561 781 625
565 721 761
689 819 483
612 588 171
599 382 895
648 939 817
712 516 152
545 61 916
691 626 676
185 113 625
821 376 253
333 898 371
407 2 21
216 11 603
397 521 152
76 925 757
299 593 737
777 553 613
589 703 841
455 199 705
504 711 305
949 916 15
564 241 987
361 720 446
394 110 723
376 971 543
161 599 260
189 665 389
457 851 130
176 946 603
276 653 722
81 297 369
609 455 943
508 916 965
133 216 137
949 241 781
491 151 521
449 753 191
491 185 769
101 71 891
291 741 497
858 68 20
654 621 239
283 49 409
669 59 378
136 585 905
605 356 613
1 361 25
617 177 617
313 705 316
352 387 707
23 437 732
816 842 530
507 558 901
902 286 654
819 165 708
101 109 173
521 61 266
713 401 812
993 578 701
849 169 306
968 357 809
119 606 1
868 55 481
731 975 82
257 381 661
945 905 756
301 91 312
400 623 384
49 979 731
556 136 942
313 175 785
825 656 953
867 889 128
87 177 989
421 749 73
887 951 251
999 781 644
14 41 825
721 867 907
601 921 201
382 415 721
233 246 151
414 507 787
771 96 791
439 957 367
740 661 352
961 261 513
71 413 533
168 743 771
746 309 149
62 21 555
732 498 579
842 867 867
461 673 159
581 366 341
896 141 757
73 665 761
151 147 124
81 801 253
795 65 400
41 457 229
920 829 33
566 661 670
717 583 354
489 737 868
121 739 621
461 409 833
751 429 956
705 153 176
657 31 805
833 582 333
157 722 386
638 669 721
1 715 269
713 43 392
221 751 169
761 457 327
191 720 873
311 925 821
527 721 114
101 396 829
339 645 649
585 229 148
313 802 465
860 783 112
628 631 694
277 361 865
823 121 81
497 53 441
386 373 296
841 53 289
195 651 564
997 292 576
272 513 345
905 737 937
633 865 625
41 853 417
1 155 649
797 881 302
817 493 539
419 986 917
954 803 881
635 371 616
623 171 217
487 65 833
829 785 128
346 901 801
13 455 398
549 857 801
706 781 869
331 265 299
565 601 872
418 989 947
1 264 254
11 993 5
590 194 905
545 799 949
911 91 541
541 905 590
361 53 793
849 791 414
707 222 233
126 127 951
279 281 566
991 778 130
90 45 231
849 866 975
691 147 422
632 539 637
903 856 517
161 536 423
921 41 613
427 374 1
154 109 219
724 495 801
81 253 443
449 288 171
787 891 517
493 657 175
869 336 417
653 434 221
57 981 3
940 611 763
705 970 318
981 498 991
91 883 846
943 929 786
281 151 425
144 696 861
741 425 281
865 839 62
149 771 863
965 877 335
147 216 73
21 273 353
216 146 316
949 521 97
200 897 121
76 82 946
641 977 118
605 317 86
49 706 697
479 81 100
15 185 389
346 147 346
641 1 326
971 66 485
305 125 551
929 865 885
677 130 612
818 111 81
761 145 755
977 218 247
679 693 146
191 131 886
405 636 521
937 626 490
742 265 295
481 833 185
545 399 911
677 486 537
361 913 377
197 913 547
196 461 479
462 62 617
935 671 695
969 921 22
6 457 15
65 538 751
313 259 241
447 426 970
256 296 918
403 121 621
659 121 315
371 501 617
722 239 807
825 985 913
41 385 459
635 321 361
21 853 14
427 206 799
501 645 928
393 893 281
654 679 426
78 555 613
673 377 881
510 995 357
581 649 215
939 546 705
411 441 765
581 991 38
353 197 405
872 336 369
432 681 663
274 13 404
291 931 117
935 45 449
927 701 341
273 131 206
461 465 500
522 401 414
551 326 740
441 821 579
5 425 131
176 276 229
441 826 761
637 91 609
403 192 751
433 721 580
585 651 279
455 881 347
19 475 966
669 665 673
384 271 331
366 23 929
763 653 203
446 96 1
305 880 357
214 601 485
489 1 261
21 51 144
721 936 313
223 453 549
789 871 229
476 801 901
457 233 781
519 701 410
601 279 283
688 103 976
829 529 307
673 472 301
73 1 623
826 908 281
73 617 143
681 651 471
100 545 370
629 569 457
464 297 657
821 521 45
745 503 209
681 179 926
396 501 915
229 877 528
734 540 41
28 785 181
105 929 862
806 178 157
163 429 844
846 566 765
107 451 143
454 363 945
837 335 521
201 488 63
647 949 281
645 981 28
545 223 761
416 269 629
655 363 306
563 201 451
437 957 436
500 281 418
729 386 526
245 59 636
936 329 53
591 281 201
645 947 81
396 163 715
476 241 551
960 521 57
68 646 941
941 213 389
228 649 11
775 66 901
1 385 363
521 961 19
752 946 21
256 545 918
437 910 920
297 417 505
765 489 223
791 713 157
94 871 195
189 137 216
217 975 799
604 382 577
25 391 755
449 345 603
401 695 249
546 505 467
969 841 269
758 991 634
760 109 333
551 861 937
75 535 891
961 937 946
297 113 781
884 773 321
739 34 585
463 801 518
35 269 650
612 589 221
191 719 879
87 505 8
400 718 967
657 309 54
931 961 833
271 961 897
770 512 855
287 625 417
762 125 943
705 841 685
939 852 756
741 953 407
691 275 353
100 533 981
487 921 645
360 129 243
787 901 687
457 886 547
703 273 643
716 353 93
841 713 201
881 401 197
269 419 325
557 521 599
111 523 317
225 699 813
949 252 165
51 681 569
661 665 425
435 821 311
585 181 547
15 189 497
651 606 861
621 997 201
59 774 60
670 609 911
997 631 385
159 703 186
435 253 91
297 185 436
458 561 653
257 21 197
865 313 201
305 249 686
992 804 170
349 939 253
291 15 641
546 265 497
857 93 573
167 241 626
81 321 321
913 551 76
26 371 375
247 201 201
441 869 297
666 281 607
523 901 137
721 97 415
736 439 221
161 541 385
167 553 441
531 988 219
601 1 721
667 360 529
997 993 259
656 974 777
243 301 171
186 636 743
585 99 15
695 761 739
132 710 620
675 341 909
727 485 695
825 901 465
257 195 774
263 626 941
461 204 161
739 640 475
391 41 337
633 401 91
860 369 81
401 281 673
501 921 556
296 286 721
669 11 436
9 555 657
331 537 230
656 881 761
613 1 18
761 356 569
431 418 590
457 991 209
317 323 776
649 297 373
181 691 281
181 266 549
411 513 281
95 107 801
317 13 961
189 697 443
387 327 391
326 709 177
43 831 807
618 871 449
421 634 801
60 865 626
967 361 425
795 18 297
508 329 952
636 597 897
418 725 46
801 626 146
735 781 41
864 931 883
866 251 851
441 723 21
992 244 488
315 221 881
220 405 655
921 401 241
228 771 148
321 5 398
54 297 421
231 685 71
722 405 61
41 717 74
346 505 46
438 493 142
366 183 457
566 401 972
379 209 685
213 299 251
225 191 457
697 443 369
541 111 811
801 649 971
695 435 481
455 540 531
129 178 561
597 595 597
489 626 600
337 817 987
505 195 297
80 562 981
542 830 763
898 841 876
409 461 945
952 681 881
389 317 677
13 448 910
789 532 113
981 101 20
621 833 597
301 423 961
81 489 193
177 713 877
150 333 681
122 511 321
557 353 41
741 211 915
449 385 253
885 163 96
210 197 584
876 225 698
560 711 441
341 1 897
621 451 555
991 329 657
473 671 534
663 472 715
501 362 649
357 740 829
366 352 380
407 219 710
909 297 465
373 219 801
256 841 936
188 594 647
732 81 306
776 611 961
517 448 137
971 345 192
9 311 964
949 383 314
1 135 326
586 881 993
361 457 975
237 761 183
460 321 958
770 505 171
409 50 793
609 910 145
913 613 123
425 856 551
89 908 779
476 980 536
445 346 393
39 54 78
701 801 932
643 306 931
611 751 932
475 58 969
461 831 727
217 422 275
171 953 801
448 292 64
895 575 780
403 549 531
633 141 80
931 761 606
201 841 59
437 626 36
503 25 515
246 743 455
223 134 829
703 685 851
271 781 481
410 669 61
585 69 154
740 369 969
843 466 153
751 943 421
615 609 241
323 13 259
922 876 861
277 260 635
69 269 945
33 313 77
201 513 145
618 340 237
25 629 514
41 146 257
480 446 985
972 129 124
121 561 402
257 509 896
617 277 374
587 247 583
231 287 36
259 101 607
208 264 283
366 789 820
941 44 552
626 29 763
833 211 1
505 429 121
536 375 313
311 997 561
688 565 713
896 571 175
200 833 141
366 859 471
873 391 701
276 104 31
761 326 698
423 351 381
269 663 489
161 501 655
255 35 545
547 483 307
807 976 161
529 615 571
729 1 276
35 792 496
541 367 405
675 161 261
469 385 171
200 449 447
868 573 387
826 457 226
789 1 293
720 831 403
341 491 31
993 707 706
302 927 751
596 909 961
901 587 721
440 475 691
747 361 275
271 500 217
241 83 97
921 501 204
873 464 491
753 696 956
933 565 274
942 613 169
561 606 613
305 441 266
157 11 25
7 549 253
417 204 836
417 637 224
99 885 45
511 501 977
425 796 753
669 605 973
437 841 913
199 611 849
889 523 69
61 761 358
449 659 225
461 321 945
131 528 95
381 217 766
395 641 590
133 342 371
299 121 321
41 401 351
482 921 142
456 473 332
633 589 839
829 239 808
721 670 759
451 670 351
121 551 141
373 466 938
387 199 282
321 601 551
501 739 117
61 461 268
961 211 705
988 451 101
501 803 785
841 533 381
101 441 689
766 122 426
225 901 341
201 129 791
153 535 771
545 45 896
636 941 132
389 930 699
733 345 106
986 16 469
56 525 134
839 779 560
409 335 230
837 566 96
537 187 457
243 401 936
81 101 670
376 938 33
57 557 851
875 393 397
47 204 393
606 273 134
507 673 281
957 447 112
951 249 891
134 290 931
203 252 159
201 211 801
16 120 905
311 101 483
977 169 145
941 793 333
890 383 380
158 405 227
391 277 833
651 894 445
671 98 633
881 681 651
207 840 83
652 362 641
178 482 541
181 503 977
901 577 133
981 1 129
697 813 581
865 981 450
841 969 361
413 693 760
260 433 487
745 525 595
436 171 990
987 361 385
476 545 681
641 562 167
625 557 164
36 154 833
437 478 209
7 369 629
633 969 991
185 18 272
941 866 711
846 265 31
751 973 115
721 6 585
232 969 351
176 517 937
863 211 121
435 777 776
141 145 41
856 735 256
89 97 759
533 651 701
311 271 331
372 713 393
130 635 701
336 803 836
541 368 771
9 976 161
314 534 268
968 961 1
393 615 881
851 751 905
687 840 249
318 894 331
851 368 469
705 642 841
273 861 785
289 139 285
833 504 967
341 444 391
114 223 327
41 951 141
597 981 985
919 418 403
601 386 600
857 207 159
551 341 706
511 531 713
1 701 812
385 965 95
164 653 947
525 601 736
191 451 481
973 696 665
228 631 958
767 501 241
640 735 401
619 516 21
59 665 825
969 341 513
549 379 537
676 660 557
25 773 531
837 705 309
129 887 521
25 336 749
801 627 376
992 647 377
286 441 538
833 488 323
246 201 638
495 406 807
193 205 781
521 836 711
805 416 949
913 58 106
357 997 29
297 81 841
593 882 637
601 601 209
350 344 731
219 419 905
903 701 713
257 791 371
1 201 970
669 630 919
606 793 51
551 513 605
329 121 545
591 287 44
650 543 777
720 651 873
785 300 511
749 293 703
221 847 323
841 917 986
617 726 41
226 689 923
301 61 481
913 53 897
329 633 401
13 331 739
209 669 391
15 419 951
721 225 699
763 597 99
795 581 845
501 959 81
961 31 849
701 817 261
476 421 185
483 822 601
140 266 755
165 490 55
57 406 665
743 937 289
852 562 780
897 89 116
796 790 657
521 381 467
496 815 827
661 929 272
501 226 301
39 101 641
653 241 833
962 106 587
801 825 545
61 81 537
776 835 402
242 801 925
773 821 491
859 809 779
516 749 979
629 347 223
553 252 257
241 321 513
251 441 817
613 317 133
437 361 467
517 241 606
741 867 11
639 477 959
33 476 605
553 764 832
570 44 633
166 991 552
931 737 616
929 687 69
666 339 785
317 401 127
937 593 817
863 425 461
373 626 276
939 925 105
517 234 537
963 291 188
461 225 385
748 66 2
657 626 1
766 215 771
761 9 601
690 31 657
724 221 826
684 836 144
885 431 401
77 937 769
789 831 413
169 885 451
723 251 949
268 744 731
381 301 917
91 851 621
255 753 197
661 316 109
771 709 281
195 185 69
65 689 331
547 69 645
991 169 133
775 923 942
441 861 197
149 521 886
698 335 536
305 701 172
341 242 831
175 932 462
114 627 265
621 777 801
261 721 963
841 579 117
543 643 849
41 233 751
241 885 335
772 389 214
521 689 663
86 271 897
111 613 281
345 825 365
1 621 691
420 352 291
950 56 537
831 538 731
681 705 511
504 976 318
417 321 233
298 649 881
591 956 214
622 75 991
120 851 238
347 387 501
56 273 175
546 156 873
18 998 673
585 458 943
899 730 119
540 161 241
445 147 419
11 521 504
691 552 133
43 131 586
189 929 833
675 421 190
961 693 337
319 953 635
951 321 45
179 566 301
966 881 537
581 487 757
691 591 577
241 297 129
389 181 105
385 471 97
523 601 76
792 721 476
838 299 289
591 201 681
108 777 505
831 157 905
785 511 761
993 221 619
421 93 276
425 405 599
510 610 986
713 791 747
917 601 521
685 890 185
649 901 3
269 160 323
389 27 147
661 35 353
225 566 779
324 376 869
564 313 957
945 801 366
921 841 875
513 33 181
172 535 41
977 902 161
129 76 921
700 869 629
673 666 287
945 473 780
356 423 449
681 465 593
225 33 71
601 849 513
853 239 101
446 401 27
153 101 929
181 411 76
81 962 895
231 720 669
267 641 709
849 821 189
653 647 681
181 137 771
309 681 271
235 371 741
905 480 123
934 929 480
688 265 917
989 584 439
273 499 205
501 331 894
707 99 601
728 78 566
541 368 625
137 289 679
937 748 909
231 28 471
641 649 81
875 369 451
857 431 2
859 31 409
727 991 761
568 137 189
241 431 78
31 101 342
45 324 877
892 485 522
199 877 989
424 41 117
501 931 729
667 108 777
711 361 313
157 208 820
638 445 701
516 793 365
761 889 826
321 596 725
445 615 737
166 222 30
82 821 564
881 997 305
179 573 852
896 848 222
610 171 525
376 821 560
355 733 169
921 113 263
729 847 121
281 245 976
497 161 501
305 621 609
891 817 681
393 321 313
727 897 149
115 501 683
665 221 560
925 257 691
12 743 471
953 433 101
281 77 756
80 193 313
582 89 866
391 508 61
353 849 211
16 136 366
277 395 313
251 801 441
465 795 700
676 638 176
205 701 457
150 85 603
435 53 895
238 966 861
448 817 660
465 929 493
780 427 909
173 953 538
901 687 551
523 31 896
67 542 583
615 145 50
253 841 512
421 153 715
561 739 537
485 271 830
726 533 953
369 158 889
695 431 921
705 286 77
212 671 5
197 595 988
307 817 633
75 471 113
979 61 634
835 423 982
305 341 71
389 523 409
551 430 637
41 391 81
907 647 509
693 981 136
627 103 649
459 321 241
441 868 159
206 839 732
491 193 417
25 64 41
145 737 876
370 865 713
981 176 941
129 591 548
192 516 89
506 916 129
113 373 864
857 444 621
441 229 893
483 613 177
461 890 632
147 957 321
399 465 361
361 534 82
729 621 861
121 633 57
611 878 646
861 879 637
805 473 117
778 553 829
645 1 825
781 914 111
733 291 647
222 486 486
987 151 365
65 401 343
817 865 123
356 681 754
958 476 929
731 769 41
930 827 413
391 297 699
797 544 486
276 757 407
633 753 881
623 902 665
271 849 557
469 554 461
760 105 412
303 693 927
225 570 894
342 196 663
769 953 28
135 967 61
355 389 897
501 142 279
98 604 89
576 841 953
686 455 513
455 146 153
568 151 716
193 41 276
707 832 965
321 996 977
275 537 596
261 291 447
442 126 511
1 457 654
392 241 26
215 977 497
651 461 977
744 831 331
761 372 246
501 311 547
141 412 109
937 421 3
413 696 569
903 389 345
513 216 443
191 213 567
847 297 391
207 937 777
589 525 37
929 226 759
144 817 108
51 995 679
505 449 964
45 191 877
931 451 269
12 582 551
408 99 201
741 838 50
483 544 862
313 473 311
401 387 681
201 745 946
993 51 531
861 896 41
187 961 310
159 258 508
681 751 995
359 61 215
777 105 937
450 573 257
297 678 606
122 60 825
56 14 790
555 908 345
1 356 985
955 401 651
77 557 401
977 71 571
287 353 331
229 203 351
841 496 217
390 501 476
946 829 490
781 951 23
393 849 1000
821 11 133
855 49 969
32 961 483
907 773 309
747 473 931
895 36 861
369 681 661
829 623 751
55 476 562
649 698 56
354 739 721
208 283 377
979 26 945
121 341 445
664 153 1
601 409 229
433 37 817
241 1 275
1 201 108
232 201 579
709 998 741
703 991 93
138 121 277
428 536 1
396 669 429
749 425 589
374 481 713
127 757 429
329 1 409
661 208 92
724 3 241
236 785 473
721 120 441
846 323 787
534 89 849
853 139 547
322 557 858
99 98 43
601 581 425
201 78 249
141 649 626
238 701 436
635 821 707
245 408 961
409 595 184
527 681 332
281 407 707
361 926 822
757 809 15
429 615 241
179 639 756
761 531 145
504 236 892
265 167 33
464 403 248
59 728 305
56 469 168
381 788 607
649 141 865
411 305 541
226 865 367
135 951 881
77 239 291
921 178 454
393 401 613
495 631 737
196 33 241
5 321 337
425 967 617
254 223 915
625 841 561
831 187 137
411 120 341
401 797 116
701 105 391
791 827 271
126 768 481
646 393 757
265 349 309
9 479 785
281 389 407
385 397 641
721 141 39
146 516 811
692 593 391
893 733 274
361 659 866
601 464 921
910 289 610
661 985 41
197 890 393
988 841 673
906 564 857
87 25 951
481 406 561
200 279 176
906 435 108
639 841 489
721 640 512
239 656 391
753 889 821
933 953 287
204 493 421
126 641 369
161 945 831
705 705 126
311 561 692
765 58 631
925 358 200
545 976 683
136 1 251
327 576 834
142 601 609
341 960 95
132 51 497
20 133 857
741 343 771
491 454 301
716 396 369
701 270 757
897 522 717
349 215 846
201 720 801
137 641 636
741 821 641
271 626 871
891 577 203
464 635 1
602 497 389
370 630 981
616 608 533
505 701 471
509 450 431
819 124 855
257 91 108
400 441 289
697 401 847
857 677 524
758 27 889
986 521 833
588 305 852
201 921 129
301 447 57
9 977 546
37 653 563
529 537 88
61 206 847
705 137 429
426 181 981
751 501 626
693 525 151
952 892 861
241 393 201
373 554 69
136 445 249
618 369 976
535 737 773
363 323 111
321 38 545
621 232 551
567 991 668
427 406 519
501 966 801
73 165 227
757 368 903
769 639 21
858 494 765
466 312 991
565 137 411
929 61 241
644 646 984
275 393 295
946 177 104
936 894 681
994 653 1
821 751 501
271 494 526
971 21 539
877 444 386
119 219 501
669 927 37
21 133 391
293 976 625
245 41 51
595 36 851
389 821 101
655 521 970
31 466 251
601 601 490
764 807 381
77 81 55
799 361 927
393 95 999
856 710 629
424 411 676
801 741 661
467 425 905
801 692 943
217 303 725
45 601 940
373 723 218
936 193 735
42 758 193
751 477 649
501 225 886
133 411 401
513 527 840
857 689 577
481 159 321
491 81 757
22 925 561
200 739 878
185 169 833
763 971 181
685 576 422
9 872 648
901 176 296
799 911 751
381 800 251
881 147 806
379 37 905
439 631 377
390 331 969
501 905 940
220 545 269
451 376 331
568 11 49
159 77 1
355 80 888
11 957 727
1 41 165
275 813 921
33 534 423
301 517 977
173 708 27
920 141 809
466 362 692
195 503 631
82 145 855
605 811 241
889 476 521
326 321 881
921 209 749
971 161 701
211 21 751
597 707 89
81 95 855
347 81 591
71 968 169
137 521 130
14 933 396
135 532 192
760 195 9
116 471 737
161 763 405
555 957 403
501 921 751
744 306 841
1000 7 165
651 513 661
124 111 319
936 436 761
331 721 74
383 267 982
341 479 777
681 225 893
241 210 287
971 206 349
857 218 841
257 43 545
167 587 648
914 301 977
360 781 835
254 701 941
597 641 31
721 619 819
497 345 153
133 953 41
339 973 566
740 16 71
631 433 265
201 32 32
969 181 569
825 401 537
513 819 464
441 566 935
776 281 921
938 188 233
757 925 901
841 401 937
542 495 751
219 41 969
633 421 927
35 323 352
293 313 722
953 541 398
525 676 561
661 486 411
713 569 841
758 701 613
819 59 776
849 739 481
436 26 597
601 964 461
245 421 690
171 823 71
267 59 121
641 633 127
525 349 493
493 861 689
778 81 517
981 668 1
97 695 501
595 649 303
779 711 877
31 99 888
839 482 351
620 428 486
29 311 785
815 431 321
168 921 951
798 746 717
196 986 901
429 523 530
188 811 545
501 413 889
87 201 332
433 743 941
521 527 595
174 197 62
681 82 261
118 25 547
9 140 821
540 763 441
349 807 165
377 356 139
486 721 473
301 409 1000
431 763 675
977 549 841
909 297 521
289 662 208
284 305 403
809 480 479
991 119 965
526 51 830
789 333 57
776 465 239
265 977 366
73 401 701
411 696 441
387 65 224
805 349 953
713 71 347
1 498 581
688 103 161
477 95 47
723 243 441
616 23 254
693 362 149
501 493 376
191 656 216
751 337 145
998 873 747
367 758 976
710 153 556
11 894 101
441 198 489
545 809 161
115 359 141
401 773 761
547 537 596
141 850 69
899 293 987
447 246 911
231 521 177
899 851 121
219 471 777
266 329 97
729 78 371
149 829 286
61 387 176
471 142 352
841 281 842
528 325 305
551 399 981
136 697 113
643 135 442
142 607 806
721 556 633
497 641 1
425 831 159
301 57 671
813 961 27
232 126 771
477 905 224
719 181 741
981 241 225
561 14 523
573 177 9
369 59 574
242 11 433
251 361 993
62 322 835
863 775 738
369 945 751
294 257 905
560 556 826
171 834 809
74 765 257
255 841 497
121 868 167
529 871 207
988 516 739
891 845 121
438 939 351
616 899 17
481 11 793
753 456 127
157 761 609
48 93 281
172 733 56
921 689 841
41 203 370
374 257 169
49 885 99
981 167 101
187 712 41
895 505 664
531 145 341
871 246 66
577 811 759
449 511 270
387 217 931
1 91 276
5 146 705
49 175 693
441 921 756
193 757 417
51 341 689
429 721 633
949 854 825
391 942 338
706 905 553
269 608 569
591 701 557
611 612 606
399 285 836
843 260 275
29 137 409
704 686 699
465 561 526
641 329 985
244 981 22
531 816 899
562 492 677
367 503 619
969 977 577
201 526 168
836 33 191
551 913 439
338 997 133
543 948 569
349 207 529
757 87 312
797 289 926
809 491 787
85 626 985
669 59 868
392 555 205
817 362 568
449 912 113
815 695 166
346 71 505
353 101 727
994 272 881
166 626 77
890 939 801
809 837 577
767 734 763
741 531 825
90 301 529
611 696 409
78 497 278
469 633 131
127 63 773
369 89 905
897 705 833
152 949 569
209 281 53
596 267 921
761 417 1
737 354 796
245 305 41
284 970 841
364 972 800
477 953 561
301 285 990
401 847 473
758 56 381
411 297 244
461 81 913
882 253 999
361 219 493
645 86 819
825 981 759
105 289 640
863 717 211
657 203 49
777 41 407
16 899 177
1 863 905
965 275 459
869 564 841
376 907 488
448 201 254
953 411 933
753 385 769
619 261 289
467 246 755
401 901 909
876 69 297
264 931 906
501 41 391
399 850 79
289 661 67
187 145 377
436 49 949
476 619 361
765 727 521
770 777 335
531 982 857
151 753 559
906 12 249
484 329 409
300 461 513
702 155 801
934 441 83
943 860 65
132 536 289
8 431 177
947 539 611
225 80 761
121 402 393
126 657 478
669 285 735
581 626 359
305 226 464
290 886 467
106 837 781
73 613 860
771 286 589
148 671 605
326 518 81
131 883 26
216 467 923
368 3 584
961 689 677
534 746 569
146 257 209
121 817 541
518 205 47
301 1 230
41 243 751
169 249 555
1 126 466
81 265 431
551 601 876
209 603 653
494 128 683
812 883 709
478 128 581
15 69 505
9 325 111
631 281 829
146 201 945
449 66 137
392 731 521
333 801 637
937 765 266
189 169 197
567 761 397
683 13 790
381 605 11
861 511 105
71 325 481
217 10 833
341 946 42
873 296 141
273 79 193
902 41 277
684 398 327
635 969 281
188 502 161
361 817 318
221 89 895
339 608 231
513 648 851
961 476 52
265 992 649
876 697 632
430 791 916
801 514 481
165 511 759
951 384 373
511 120 21
775 401 361
273 539 451
967 993 121
527 293 733
465 425 471
777 131 437
131 83 17
93 441 45
491 5 641
982 469 824
435 649 425
456 991 493
291 515 665
211 185 751
841 862 401
887 46 671
430 366 838
655 511 359
265 631 701
337 377 189
176 556 297
591 937 297
589 99 912
916 569 93
151 165 826
505 379 755
763 20 138
596 409 621
745 103 818
189 734 746
193 831 205
617 687 921
216 923 668
689 41 882
515 301 781
261 104 69
952 441 713
54 345 682
489 173 64
630 155 948
633 427 465
500 103 123
513 401 254
741 221 977
97 191 112
753 741 931
769 761 735
211 641 551
177 566 271
196 621 549
673 191 822
620 98 788
849 651 735
553 141 699
365 570 467
77 151 936
797 463 459
560 25 363
769 55 945
306 761 65
737 566 473
593 4 145
931 735 995
601 682 835
89 283 409
913 643 79
401 609 513
388 877 931
791 971 163
542 449 401
241 17 896
905 641 51
15 529 143
562 139 165
701 315 487
421 909 516
15 325 501
857 81 917
705 201 264
911 928 908
276 337 861
703 783 74
969 1 419
449 906 917
286 46 131
331 837 856
401 591 305
289 201 217
656 337 976
353 475 355
527 873 363
969 345 661
349 853 25
74 745 421
501 905 226
170 977 343
921 865 302
601 94 768
161 505 882
914 57 181
541 371 766
381 523 886
689 360 371
170 126 598
666 601 205
561 95 1
409 691 720
988 201 771
633 694 939
970 848 853
170 161 201
656 831 401
201 704 521
831 341 448
741 169 100
80 481 529
846 526 65
171 97 997
431 961 191
636 321 441
892 329 913
1 296 889
489 951 487
551 1 273
478 673 943
994 165 421
736 417 611
1 125 81
621 778 649
686 249 231
601 607 756
676 809 71
301 310 841
296 164 30
721 465 65
386 438 993
91 994 761
121 912 384
598 915 697
877 259 325
210 161 952
749 701 313
333 546 349
925 797 511
347 386 152
214 410 953
727 186 597
469 701 757
51 357 385
143 701 201
451 201 9
495 705 990
520 101 601
487 145 41
548 747 805
105 174 997
565 311 181
319 857 761
921 821 311
869 887 409
883 821 241
373 899 117
750 552 773
1 649 817
616 55 671
729 861 617
453 979 242
203 777 614
293 661 305
121 745 969
455 579 381
153 393 802
773 255 521
569 235 561
676 882 685
881 431 627
596 629 28
337 452 577
97 41 67
972 465 719
1 473 296
409 801 300
241 819 51
41 381 743
711 131 169
348 289 957
41 305 681
558 212 185
895 969 813
391 135 324
571 373 599
589 376 665
539 306 777
317 385 833
851 597 57
901 746 749
119 516 256
376 11 916
861 113 205
21 668 933
491 801 821
207 741 228
893 918 169
825 539 191
136 501 64
925 295 969
17 187 160
381 659 975
393 63 551
581 441 860
425 945 461
741 533 361
57 779 756
657 400 721
81 334 446
961 257 984
955 557 333
401 827 702
601 537 588
198 295 631
241 667 812
45 516 487
421 538 513
721 281 764
901 885 529
215 479 769
561 851 700
599 581 357
345 565 761
876 969 106
55 479 576
233 386 516
19 919 809
699 109 924
767 985 251
1 365 793
241 923 732
85 13 1
51 564 883
390 820 385
979 57 471
466 901 366
189 377 183
1 376 724
981 130 613
685 521 151
593 567 777
41 309 546
163 318 841
937 496 239
121 151 538
497 946 601
995 276 825
309 311 754
983 801 518
511 181 883
466 492 713
103 476 869
801 952 398
205 289 39
399 192 705
986 621 921
307 751 846
105 357 961
282 910 925
721 626 205
209 521 205
625 293 921
801 357 831
132 459 893
401 654 277
239 793 582
176 942 701
17 649 367
771 177 881
427 77 823
161 165 921
881 99 85
962 517 781
65 964 967
281 621 47
491 821 389
128 991 359
416 653 60
977 159 682
620 115 409
682 235 207
341 866 726
265 135 664
601 706 226
59 101 137
57 849 125
224 869 986
689 141 615
534 633 759
429 835 317
601 39 301
289 428 754
705 553 153
930 609 987
585 291 323
541 106 185
307 389 825
209 681 756
335 166 753
171 311 919
143 761 193
57 479 977
356 261 341
200 824 953
99 71 13
37 721 137
583 447 61
848 893 563
584 451 633
722 311 801
861 295 621
521 611 249
528 625 761
511 871 89
736 11 305
377 371 613
155 421 491
722 545 677
197 286 740
777 181 641
76 29 126
495 745 431
776 713 817
197 773 15
801 881 223
515 679 905
449 243 141
979 197 843
405 601 376
580 461 991
273 681 455
222 437 361
355 160 401
456 639 641
133 785 826
747 737 785
913 435 802
489 410 86
295 996 867
647 297 276
553 321 53
965 926 824
769 515 289
265 869 977
46 116 589
721 161 593
430 976 870
709 981 459
484 401 177
952 80 777
753 99 57
549 909 542
803 346 537
21 478 681
611 761 69
418 253 43
663 481 161
114 841 16
636 369 766
277 329 927
577 721 291
993 760 617
557 276 701
241 955 521
843 515 681
557 111 366
732 651 53
710 881 447
777 683 617
893 946 216
865 528 341
473 760 460
378 381 608
815 653 501
823 101 720
541 213 393
573 930 449
897 656 273
781 181 777
143 5 237
366 957 345
969 673 493
111 595 599
215 351 630
336 390 351
233 214 361
153 945 132
891 641 967
563 60 841
215 861 433
373 262 861
219 830 401
896 570 785
321 812 709
722 538 641
361 737 109
739 506 369
319 395 526
879 99 921
57 913 639
238 696 630
335 19 339
315 665 385
101 791 539
957 731 197
153 689 293
781 860 265
12 223 307
613 209 143
161 717 565
198 681 193
659 893 749
216 691 680
441 729 241
600 836 681
769 65 121
941 751 657
321 557 502
581 293 817
1 702 619
693 545 972
379 853 468
489 339 761
873 481 710
981 826 147
673 889 962
705 25 585
601 141 974
394 469 140
229 501 671
10 581 869
177 183 217
507 795 718
521 321 431
501 450 80
924 365 301
69 126 305
711 353 779
649 976 505
369 251 227
405 141 851
636 646 737
393 505 643
416 859 513
913 849 97
703 257 163
321 131 241
362 251 744
730 593 31
295 861 693
457 404 929
45 1 965
906 126 228
281 881 728
777 81 675
126 525 979
17 827 432
811 241 921
273 871 455
141 25 551
189 561 651
777 126 429
9 39 145
371 629 770
441 120 683
561 876 737
563 903 719
115 661 93
39 199 711
654 251 313
701 287 863
483 47 41
505 681 856
117 864 493
346 719 581
805 167 971
483 40 665
814 384 825
517 893 313
505 615 123
131 24 234
276 611 776
375 836 727
275 127 601
533 321 577
621 515 176
391 355 393
141 253 537
547 120 673
537 49 401
