3313
582 689 313
591 399 513
404 315 921
382 26 479
865 239 301
93 544 173
576 812 355
716 328 557
696 345 645
542 521 560
286 945 521
477 853 434
201 553 290
801 1 463
225 649 832
81 669 571
411 421 703
681 465 729
568 671 667
736 138 61
611 126 216
9 1 571
968 737 835
836 141 177
756 881 409
301 301 206
169 105 201
933 416 991
540 141 886
396 60 576
691 871 433
99 565 321
145 479 751
891 681 270
225 311 233
705 941 626
316 25 805
610 630 697
385 449 461
342 665 113
341 401 514
801 131 197
121 815 341
881 41 49
941 81 51
411 49 287
723 113 521
127 991 693
310 801 276
801 755 129
821 265 921
593 801 282
412 355 266
131 495 282
647 920 761
18 337 797
128 34 921
977 41 537
916 186 449
461 932 801
912 345 181
192 361 844
851 242 946
851 921 912
721 601 751
781 873 721
573 471 204
616 375 897
638 754 577
270 236 411
88 315 748
186 277 823
961 271 421
977 855 445
53 327 253
829 300 569
501 475 971
295 786 851
877 400 453
105 562 983
423 966 46
45 86 81
265 861 81
795 289 401
967 946 206
801 217 110
16 931 322
548 897 439
793 656 351
587 737 707
697 127 725
40 645 157
745 453 606
893 601 735
265 637 30
693 430 430
469 30 658
869 456 337
259 31 137
536 147 801
914 476 82
609 751 527
571 209 841
889 830 273
994 305 464
887 270 269
636 721 798
192 441 196
491 742 705
193 852 123
101 193 295
731 633 787
543 615 843
601 204 537
883 449 751
919 973 247
684 225 885
869 127 405
781 796 844
216 933 837
421 845 651
693 521 214
617 257 320
712 995 673
385 593 681
592 71 157
801 261 731
236 501 419
747 381 239
691 507 73
331 837 1
953 185 66
849 659 333
841 340 610
925 126 833
431 544 357
865 841 781
497 85 427
626 425 357
626 441 310
151 251 753
287 956 707
443 353 233
457 657 993
587 169 21
254 676 649
519 249 81
393 401 545
327 781 433
457 691 89
598 815 417
984 417 663
300 226 482
993 651 29
304 64 966
441 881 452
388 368 490
391 917 381
621 668 179
474 213 668
93 451 361
266 125 713
566 961 522
361 666 782
321 309 521
640 893 637
157 785 945
95 824 770
534 685 289
421 491 193
326 28 643
406 306 154
929 909 809
581 829 765
712 595 289
151 215 198
261 137 41
433 641 831
713 559 876
851 349 569
47 857 910
831 127 846
781 561 18
1 21 205
401 742 127
761 457 336
889 123 66
280 501 394
507 901 601
341 105 761
651 376 993
513 961 161
36 588 11
491 529 729
597 833 724
313 509 556
322 859 654
697 396 641
395 25 819
981 293 376
919 401 903
276 931 239
301 136 976
915 108 77
715 113 588
307 25 493
814 281 642
982 975 165
173 265 397
729 419 181
796 561 451
149 76 386
737 457 729
623 298 441
793 428 605
281 665 301
133 401 977
751 157 712
909 435 777
783 945 351
21 341 651
806 170 365
881 531 945
588 722 871
976 106 719
109 17 703
54 41 360
132 459 13
985 569 280
181 577 58
955 291 421
330 141 276
848 101 441
209 596 489
789 553 921
585 41 419
405 570 83
471 956 321
1 527 905
261 409 693
1 681 90
369 725 257
584 729 23
716 153 903
257 313 701
841 560 967
751 288 481
33 375 323
330 199 415
837 19 793
91 1 649
361 776 169
865 637 725
361 659 604
111 277 185
61 251 326
472 246 193
945 789 641
581 693 457
998 105 985
17 436 501
563 761 571
25 811 726
617 593 915
193 806 129
55 348 183
259 945 185
111 267 569
545 928 781
3 41 387
675 41 476
700 187 892
817 201 965
545 86 741
821 971 826
777 266 117
827 96 551
240 713 275
205 87 776
87 10 457
515 541 496
619 773 921
651 3 450
160 110 681
147 358 841
49 697 119
539 665 606
541 181 586
453 631 761
326 143 331
277 825 405
777 201 465
504 918 687
641 617 241
881 305 932
317 375 100
825 63 802
51 151 896
283 869 905
603 60 799
345 849 59
333 921 233
830 787 713
296 975 866
577 881 21
581 658 789
313 77 973
821 189 21
441 889 741
907 426 529
789 671 452
281 488 915
548 898 32
1 318 155
969 416 347
461 538 19
469 821 45
889 129 337
585 53 777
538 111 905
275 261 625
548 571 221
86 463 1
252 565 169
334 633 676
657 391 991
169 626 150
79 473 101
451 263 349
477 291 59
621 993 719
659 975 761
372 866 209
821 754 131
260 303 973
107 720 751
418 79 908
260 391 344
697 995 413
629 673 695
679 807 201
641 569 451
179 431 63
151 213 893
941 937 695
963 141 708
866 697 849
542 489 937
334 31 773
524 376 893
777 397 481
30 35 793
54 951 451
57 259 911
577 529 553
696 996 541
977 639 539
733 833 877
17 8 691
436 441 219
843 998 764
779 813 921
61 955 259
125 34 365
59 118 301
705 421 900
841 51 63
101 857 307
401 945 89
651 226 267
661 700 17
41 59 749
153 181 301
441 373 89
925 123 121
141 833 999
813 237 139
457 377 555
441 626 641
26 361 800
793 803 255
791 561 226
627 632 875
942 869 569
417 889 566
342 614 161
648 645 29
707 691 490
61 16 507
843 237 301
393 717 386
227 493 502
773 5 281
573 762 272
501 41 687
33 806 825
726 617 629
501 507 895
813 114 467
561 916 34
55 274 341
160 255 256
218 376 236
562 197 341
605 93 921
843 168 195
901 929 328
141 307 191
761 75 787
479 235 323
423 279 843
111 441 741
201 631 593
627 601 37
388 423 671
211 251 453
249 865 737
703 209 159
524 215 951
561 653 921
477 57 161
445 744 920
873 287 865
989 831 351
296 286 445
7 183 611
263 405 214
613 201 189
81 645 83
405 801 925
225 929 185
76 417 465
649 657 613
937 399 689
771 329 631
81 881 363
883 785 683
918 109 329
711 233 777
491 121 607
211 966 381
81 309 841
653 665 947
581 671 440
697 597 670
693 229 281
445 301 391
373 555 121
35 831 331
305 401 617
847 209 261
521 462 608
306 701 473
725 497 837
321 416 411
333 185 569
570 832 746
317 421 445
147 601 501
121 205 601
22 557 761
597 319 956
165 465 999
509 158 660
915 95 631
583 778 894
319 577 917
481 176 757
260 581 775
89 240 311
305 305 307
161 5 533
873 811 924
141 441 789
761 325 833
417 865 917
83 321 540
313 601 26
513 432 223
899 173 599
425 783 461
781 801 325
45 935 441
1 538 472
731 607 481
441 382 708
673 789 809
791 561 481
201 176 571
308 177 626
539 27 753
425 15 373
561 915 941
991 273 241
137 157 361
859 261 356
425 300 361
537 753 626
165 531 649
433 293 641
66 533 703
912 363 993
840 437 141
71 398 385
421 206 553
797 236 943
516 311 819
873 997 91
741 626 676
69 249 489
350 294 936
801 117 424
857 616 296
421 539 585
631 357 801
733 359 831
493 945 538
518 386 583
761 770 451
96 813 376
665 471 605
677 721 553
835 733 961
649 154 591
720 532 668
821 589 447
925 494 261
987 841 841
577 934 776
949 208 319
581 65 657
548 621 833
885 165 401
375 751 422
1 76 929
701 95 569
501 721 481
521 933 813
339 783 145
507 459 916
65 273 751
424 757 891
516 1 845
998 272 52
329 329 63
871 540 201
61 827 625
699 95 977
257 336 509
601 41 227
421 846 706
937 757 349
866 851 699
565 205 206
553 781 259
561 131 617
131 777 801
765 617 506
289 239 745
409 988 501
639 629 691
561 367 947
722 478 839
91 729 17
112 663 477
196 885 223
315 206 51
363 870 593
471 266 665
769 542 65
121 361 401
225 679 665
281 521 885
548 705 101
896 176 399
980 837 741
311 901 766
791 43 369
991 679 545
859 184 165
534 389 741
989 597 57
489 769 881
105 901 5
481 545 926
579 922 795
740 371 427
771 359 881
261 66 201
35 723 20
733 278 911
673 593 691
25 995 549
426 321 861
501 53 652
401 301 777
289 536 363
974 821 116
442 714 765
775 721 29
721 947 913
230 145 661
293 801 948
971 366 591
496 762 236
65 477 939
81 257 51
116 123 301
981 265 497
292 690 806
53 683 951
121 297 348
531 294 911
408 991 461
553 563 932
1 933 231
943 517 987
49 846 831
701 972 812
670 243 691
431 151 797
665 621 816
183 121 201
489 364 73
699 991 491
951 153 877
582 481 586
61 411 826
760 601 920
546 940 379
448 493 545
447 431 641
715 570 821
812 921 268
598 953 22
9 987 269
793 923 665
251 977 469
649 529 406
245 944 151
697 293 41
837 299 809
717 621 657
501 31 101
921 585 9
90 286 285
234 187 881
681 451 501
376 331 677
634 385 477
557 701 995
719 501 261
571 401 29
971 701 931
321 266 901
221 934 171
505 921 185
637 981 266
977 369 126
259 857 951
418 641 402
287 658 153
241 145 915
701 462 151
593 757 271
856 933 141
871 33 584
896 777 499
881 161 651
345 713 76
476 678 161
101 420 331
421 847 110
972 730 996
391 317 449
229 239 741
611 505 677
889 919 110
159 777 659
321 41 695
475 888 161
175 845 945
905 977 144
261 809 521
751 355 323
541 1 337
459 241 313
241 930 573
179 961 646
176 645 65
103 836 611
446 869 246
609 921 971
683 230 601
605 866 377
313 873 313
710 646 813
501 857 726
183 975 251
598 350 801
161 150 339
295 287 675
649 341 639
877 93 501
769 361 581
403 260 545
850 521 271
611 297 451
793 641 137
341 53 741
909 446 207
886 584 356
889 961 826
309 129 227
656 105 533
791 281 782
751 753 786
327 560 84
590 706 749
813 57 698
448 488 304
865 41 325
366 667 506
368 131 849
137 193 295
571 619 746
252 37 339
926 593 421
449 17 145
141 781 353
657 1 608
290 618 171
793 772 741
46 337 265
201 530 447
501 421 905
778 301 145
892 948 61
112 453 125
525 549 840
817 941 309
266 479 29
445 153 346
327 466 336
693 673 225
301 637 600
225 121 351
536 785 231
597 351 551
879 81 705
26 351 41
925 707 541
30 87 917
353 889 407
90 751 515
387 877 551
355 10 524
251 361 6
965 71 284
645 256 975
853 382 650
244 568 435
727 531 445
745 185 235
384 204 389
947 419 799
318 95 985
137 297 721
1 661 423
41 277 761
940 861 337
753 304 601
977 105 929
747 331 249
769 105 9
795 977 161
539 741 1
651 264 912
688 710 761
793 273 711
295 33 882
231 55 67
937 235 987
21 632 785
202 96 422
121 751 96
801 905 768
129 675 869
217 126 339
553 761 305
226 280 601
765 301 713
759 943 71
241 169 201
480 271 120
145 147 393
87 59 637
657 389 393
921 24 854
31 416 965
617 571 751
696 713 881
921 301 525
539 399 607
603 117 86
800 109 785
876 663 891
148 244 333
667 137 481
618 181 607
833 527 1
306 86 625
358 208 471
981 449 66
214 601 913
21 811 617
757 225 781
934 89 67
677 321 716
131 637 745
297 891 760
941 959 821
918 93 441
376 351 463
221 298 805
385 126 344
486 287 781
731 813 413
601 244 601
217 518 778
596 561 83
421 195 501
128 596 461
845 661 71
701 855 769
721 169 231
291 303 393
312 415 699
572 656 721
303 379 567
959 649 46
352 65 541
828 447 729
427 817 82
521 171 341
121 363 716
965 726 1
586 35 269
353 665 479
95 789 751
79 25 77
750 935 977
397 898 711
228 633 921
969 305 83
50 221 365
961 501 273
126 485 269
605 735 171
77 309 173
585 925 701
264 182 241
711 593 939
77 392 651
799 921 825
39 107 711
381 261 1
601 832 669
817 129 369
431 977 1
313 306 433
929 61 525
289 435 713
436 873 385
457 181 70
665 373 897
723 715 665
985 919 652
823 51 313
901 361 557
338 860 316
569 235 527
7 856 83
931 283 816
57 244 1000
776 531 623
741 763 574
22 633 35
831 613 751
980 953 137
819 365 1
161 139 781
501 894 39
153 193 842
197 106 553
552 547 819
232 26 977
301 465 835
367 749 336
280 101 876
781 441 199
55 201 763
752 998 541
889 801 54
241 26 426
681 658 283
80 480 429
155 691 489
49 77 121
889 835 761
4 415 399
108 145 509
167 565 8
526 687 841
297 276 357
651 675 817
661 331 429
463 417 69
271 301 385
941 945 591
841 447 821
21 533 951
441 807 429
641 60 51
521 666 941
153 150 529
7 673 176
602 36 197
777 151 28
636 629 517
822 891 353
973 867 641
366 650 1
421 66 255
686 557 715
42 33 249
761 9 756
71 701 951
501 686 585
935 32 541
401 576 369
461 292 429
907 949 201
17 11 463
485 950 396
461 601 568
336 721 313
101 240 437
841 361 984
105 381 217
930 705 736
169 601 635
411 897 935
617 909 241
980 588 929
185 801 871
601 277 636
763 852 672
449 71 561
529 767 8
547 91 521
137 175 539
869 569 391
774 249 873
33 141 348
567 865 577
61 31 840
825 999 361
267 180 138
813 983 763
216 946 327
683 233 805
156 191 192
921 481 580
369 601 203
533 133 785
849 666 913
5 901 905
121 487 20
9 665 705
592 41 517
777 858 559
551 13 517
342 289 301
160 535 72
649 801 881
565 50 15
451 635 67
761 71 777
461 96 987
979 137 177
892 320 343
251 651 776
157 463 925
326 435 441
609 555 549
316 72 846
741 211 778
299 41 856
777 235 9
623 316 446
491 191 261
535 61 377
631 862 432
392 244 251
791 97 801
781 265 201
608 978 401
621 689 659
385 808 201
601 757 145
101 77 561
487 529 956
757 928 168
501 201 979
173 733 781
967 411 205
285 244 962
361 267 16
536 767 299
790 641 362
563 21 23
206 329 404
163 531 251
181 309 522
813 777 961
609 501 52
841 121 889
981 121 363
61 505 61
445 577 701
671 430 876
819 813 974
961 801 231
952 485 137
321 101 269
121 791 195
777 45 409
910 751 161
191 529 569
951 441 695
175 513 585
694 227 1
641 881 806
191 876 781
751 741 401
539 619 241
727 626 217
879 341 854
141 753 376
497 495 61
439 125 281
416 581 507
316 861 354
537 423 273
833 937 457
241 76 796
57 233 655
319 303 219
19 737 701
185 61 824
10 651 485
651 124 81
281 727 63
401 569 601
796 392 811
823 701 641
905 481 654
931 360 871
789 696 514
839 210 401
425 609 521
339 776 125
555 521 469
712 926 261
275 540 545
676 625 176
121 417 760
11 313 935
76 316 837
959 441 951
249 726 947
979 90 686
721 249 556
316 466 953
952 51 89
16 89 841
474 929 759
786 545 105
247 977 778
766 831 689
69 620 761
67 641 859
755 761 351
651 751 88
857 466 611
846 691 502
553 178 855
237 761 751
784 135 369
826 673 501
751 285 204
135 73 331
937 371 305
779 361 805
49 533 731
588 839 630
725 449 65
963 433 993
53 816 91
113 639 186
639 273 397
444 383 498
251 745 161
405 517 786
662 197 835
743 297 451
217 287 729
339 520 41
267 544 166
814 39 183
170 281 881
921 375 975
329 489 879
897 197 824
857 853 107
321 972 267
574 193 201
979 257 949
247 574 89
595 873 857
701 293 401
64 680 69
833 641 848
465 444 33
147 944 249
451 521 462
651 581 894
757 699 40
41 83 473
191 86 381
897 401 804
97 41 231
582 705 733
805 133 817
791 721 443
601 836 345
227 689 145
23 801 285
137 200 364
281 461 251
126 913 538
11 532 60
45 949 859
336 941 696
468 113 823
553 961 398
533 661 819
813 81 787
492 562 513
343 553 626
420 901 768
144 946 695
901 461 168
740 778 641
111 201 137
601 780 97
869 785 981
841 137 706
143 79 569
973 681 777
125 501 368
418 737 915
263 171 722
121 661 871
315 267 887
665 976 421
491 925 105
381 636 97
889 610 169
751 181 240
67 5 808
503 321 433
247 137 149
435 920 651
601 969 47
592 745 573
13 961 513
286 123 626
717 689 436
600 269 425
655 653 941
913 660 456
86 311 600
343 361 438
473 243 781
371 296 199
997 868 637
813 201 761
301 321 581
208 985 755
410 886 455
561 40 13
758 920 591
862 105 637
121 691 567
501 689 346
329 739 501
804 797 225
382 785 275
697 741 11
317 837 361
78 237 537
754 289 161
1 321 613
171 497 219
793 625 258
56 625 6
751 937 161
307 351 23
41 299 895
131 549 918
793 656 301
299 46 685
857 365 26
801 287 677
481 460 33
257 985 617
37 688 551
91 142 316
519 201 273
225 916 169
366 641 289
406 148 904
705 341 275
651 127 417
283 457 474
201 337 416
598 917 78
885 673 605
616 713 603
131 421 801
973 500 126
821 523 861
994 287 441
46 59 635
23 651 901
11 379 476
129 917 950
22 89 443
19 649 441
921 595 375
968 815 561
33 257 56
506 325 845
48 872 260
345 129 854
275 443 493
48 33 941
890 357 125
51 404 461
783 737 601
386 551 791
121 977 673
836 340 265
439 679 301
681 61 334
281 397 409
461 88 901
943 79 801
801 203 49
913 14 11
465 873 898
517 296 101
321 671 239
342 327 978
875 137 473
797 694 121
206 911 537
505 729 694
777 181 7
882 639 33
299 869 476
505 596 886
129 377 41
413 993 107
751 565 726
905 353 361
24 665 549
326 501 593
801 21 185
719 331 560
647 881 776
603 240 33
751 336 335
457 577 928
615 414 229
261 11 311
95 349 609
246 631 287
52 7 257
452 142 971
53 801 301
227 855 145
657 489 761
747 681 227
753 160 515
819 153 457
618 927 557
665 797 215
481 610 382
878 629 306
782 733 141
157 6 181
593 657 918
13 726 611
277 769 73
1 840 81
49 582 5
887 349 643
431 330 161
59 201 537
554 693 581
301 761 719
677 951 209
325 199 563
921 751 97
717 198 426
596 538 809
941 786 269
461 461 945
243 28 154
689 79 101
641 401 162
537 887 697
776 46 355
961 13 787
946 582 594
915 431 251
145 785 951
719 269 858
873 376 685
716 177 65
856 156 699
789 217 695
761 217 626
996 839 1
201 483 188
203 554 799
297 526 157
769 49 110
986 609 985
321 799 254
21 461 759
81 199 519
13 480 336
901 677 289
637 589 981
979 567 269
676 546 822
685 113 41
207 861 226
373 655 997
446 611 796
459 12 685
881 409 6
272 387 575
617 737 317
535 878 933
971 413 546
132 39 529
679 937 851
449 440 145
84 233 821
207 518 328
52 321 31
549 278 866
586 565 256
1 465 524
409 43 811
121 869 651
3 698 533
836 517 153
211 349 66
634 521 529
337 717 6
945 841 872
392 969 901
501 557 133
9 873 315
236 897 729
966 509 961
756 703 769
830 413 393
665 847 611
340 361 51
497 429 281
721 348 417
843 582 957
303 377 927
342 441 597
698 689 249
216 490 309
97 906 521
75 934 68
363 381 729
373 191 351
151 218 7
50 141 803
89 351 21
401 309 715
733 62 977
709 454 201
721 1 101
661 649 981
201 103 126
665 98 393
1 266 421
541 641 907
786 261 27
422 993 231
901 41 761
96 452 539
834 335 546
689 151 105
801 713 751
189 152 841
136 351 191
761 185 128
61 241 801
6 961 252
855 630 399
681 492 81
301 93 762
456 849 301
869 87 743
961 209 797
111 265 185
357 501 716
473 429 191
732 321 291
221 411 482
453 991 129
833 691 464
550 871 829
911 617 417
563 689 277
681 519 491
321 417 868
141 763 461
913 81 116
446 826 855
411 765 631
493 867 63
209 991 241
401 163 735
181 991 501
855 901 35
313 209 580
845 808 505
469 601 521
358 991 462
657 329 649
47 201 239
872 1 292
822 445 533
277 649 441
673 839 937
336 217 31
801 125 444
481 556 451
489 441 881
149 276 291
251 851 222
370 161 549
493 127 513
625 710 59
73 370 784
721 393 993
343 369 751
27 341 341
540 81 823
573 61 619
1 584 876
265 521 746
45 46 451
711 721 111
129 13 712
161 260 101
269 186 591
773 461 941
351 594 506
515 327 58
866 209 465
411 566 361
57 429 733
631 221 897
303 201 1
46 241 537
237 458 534
1 657 561
785 906 837
179 705 315
901 517 306
930 426 961
881 171 441
452 687 353
145 117 145
188 877 365
251 595 829
51 473 169
857 433 393
124 741 223
1 537 47
500 841 417
201 481 127
975 409 183
231 106 867
501 345 583
658 417 976
835 151 911
316 561 401
529 599 915
367 217 556
421 762 849
411 461 541
185 266 66
211 676 881
829 769 153
438 396 425
410 521 626
431 685 845
441 641 415
977 117 401
943 869 328
381 621 899
371 390 721
755 874 441
20 517 215
615 305 206
53 29 907
475 209 291
622 177 396
501 484 480
409 561 873
567 525 51
681 15 214
101 89 397
521 771 290
901 4 117
757 921 309
844 450 277
401 868 366
474 276 646
676 586 381
53 872 792
993 470 737
326 325 755
85 617 731
537 541 673
526 169 678
213 89 681
315 785 777
921 57 169
521 819 982
281 66 431
969 629 629
731 898 896
91 517 281
481 584 13
401 811 269
581 669 688
505 446 793
853 785 629
308 417 885
197 905 593
783 349 881
562 676 913
426 559 349
983 148 911
287 447 3
133 971 481
192 165 201
21 51 744
561 113 170
14 776 684
815 766 891
85 780 719
312 539 733
160 505 71
993 117 205
821 877 721
991 569 498
1 46 537
881 109 871
466 289 6
917 203 71
676 65 267
905 511 371
919 376 267
36 997 649
975 177 521
301 391 426
703 757 656
683 11 84
851 543 851
341 728 951
117 691 945
423 288 999
869 530 117
326 921 401
169 505 231
305 555 431
891 457 221
9 15 239
165 241 201
976 655 801
209 423 33
463 329 473
920 393 897
661 418 777
54 510 71
855 513 145
49 121 501
787 926 581
105 377 65
597 587 313
929 511 663
31 81 246
593 671 766
867 901 713
101 721 153
423 189 195
281 682 108
71 803 333
401 957 209
81 344 961
92 971 525
350 621 949
167 966 413
353 283 863
833 361 164
609 808 974
237 386 579
769 345 873
353 54 625
601 626 769
201 661 332
761 57 601
861 733 451
269 949 121
329 953 937
257 363 866
377 983 681
507 423 797
765 445 25
51 785 131
98 257 662
47 801 651
869 584 129
641 476 159
351 266 368
581 71 437
148 490 25
12 885 646
155 769 451
571 621 655
247 837 535
305 193 511
418 461 999
187 441 453
163 201 301
509 299 221
461 673 841
581 221 379
527 742 635
881 491 609
539 921 357
85 353 165
593 304 905
382 761 285
631 66 364
197 297 712
721 537 761
42 185 756
273 821 43
301 812 1
185 369 215
554 512 252
521 453 107
241 201 897
789 448 843
999 253 530
765 685 829
205 395 161
666 206 598
717 225 1
161 1 514
6 837 563
521 25 819
526 65 691
598 163 41
641 701 312
172 203 451
708 971 863
825 242 913
413 935 63
601 299 651
1 101 465
301 42 976
850 567 827
344 649 481
82 158 571
713 901 145
41 708 311
687 632 517
526 945 105
321 901 649
869 873 851
670 701 377
51 444 577
121 153 196
642 694 665
559 979 581
469 776 377
2 631 134
307 958 670
641 905 501
533 631 221
945 560 589
916 1 718
679 697 815
985 57 9
99 61 807
744 501 501
951 555 195
42 639 21
81 780 711
666 505 475
41 251 437
133 323 260
383 361 755
209 249 765
214 407 50
705 690 681
56 783 249
456 319 281
325 986 811
733 441 469
705 901 483
705 966 537
273 521 989
366 201 833
458 446 236
861 553 379
209 132 528
901 761 929
182 841 211
119 91 931
364 501 993
251 517 391
537 376 665
278 77 699
381 985 889
624 351 665
789 465 393
441 208 585
761 355 928
119 634 541
935 449 121
655 75 921
897 911 273
971 345 771
847 394 122
781 363 455
721 880 751
429 577 256
457 13 101
28 395 364
531 251 739
487 493 862
501 600 889
668 75 376
332 491 695
189 841 939
929 688 827
615 661 561
204 318 412
465 386 201
271 169 518
881 51 65
881 137 191
593 712 336
536 645 261
565 845 378
901 665 541
236 64 650
529 36 421
280 829 149
240 269 449
41 923 645
668 223 861
945 358 987
991 938 106
289 433 921
639 721 142
285 273 219
243 399 129
623 461 41
776 873 457
537 697 327
851 636 433
731 128 791
809 352 30
801 933 75
913 746 665
254 513 901
336 697 451
182 201 471
423 96 201
161 1 751
435 421 321
897 409 359
669 346 497
432 113 541
497 309 161
833 429 807
367 166 101
413 675 921
180 526 737
949 603 905
198 777 281
506 330 891
905 745 489
195 922 827
905 703 905
206 239 835
365 758 977
625 41 907
468 269 485
286 359 153
127 995 1
601 849 793
114 484 713
801 49 175
226 873 181
855 180 854
861 520 663
365 808 421
421 246 741
92 345 401
976 777 832
319 61 335
481 695 291
397 916 191
914 413 891
794 221 646
121 536 829
438 471 914
541 554 841
219 873 33
436 456 504
725 921 831
777 229 723
913 313 495
777 881 155
566 393 211
45 241 757
851 121 665
697 943 549
242 805 9
561 241 901
871 231 65
751 615 49
929 317 511
417 789 86
721 75 819
613 300 788
802 179 53
851 405 901
826 702 556
141 978 144
325 801 231
77 501 386
655 831 707
896 485 793
877 33 636
243 925 445
6 863 861
251 105 912
545 741 831
861 649 591
241 189 217
233 251 670
249 211 113
441 451 826
697 688 273
9 901 123
721 14 669
350 596 220
889 201 85
865 950 381
761 301 713
227 823 967
201 505 239
500 425 919
991 69 66
25 725 889
710 462 338
124 769 613
164 744 497
885 41 931
209 857 318
721 153 621
469 201 456
289 985 743
725 641 21
261 469 461
720 251 685
270 937 693
969 801 151
115 991 452
296 901 62
433 958 985
896 915 783
631 368 746
177 449 895
93 501 926
936 325 409
797 107 545
791 476 82
733 375 334
701 352 573
145 786 898
773 301 551
163 529 801
423 77 167
809 696 841
866 572 190
556 873 301
45 861 163
693 741 673
841 507 721
481 867 286
233 540 577
801 837 817
719 405 310
977 317 705
868 641 321
317 725 619
501 606 808
251 126 3
663 793 99
802 555 119
844 371 372
781 161 931
854 303 204
227 821 585
991 986 6
639 850 781
321 243 829
205 897 540
501 141 883
665 825 666
106 578 323
701 26 372
917 873 119
295 626 593
119 749 641
299 51 721
753 9 635
971 543 622
777 33 797
239 243 981
51 116 100
391 573 963
725 476 936
724 701 919
477 912 482
201 851 909
1 126 886
509 761 121
922 821 353
913 371 676
25 169 101
215 681 969
751 994 495
1 172 985
961 707 557
176 440 281
166 811 828
907 13 121
501 667 5
874 609 101
837 651 833
161 921 675
40 918 293
553 797 899
507 169 691
911 381 265
821 961 393
6 321 937
757 947 866
761 818 893
769 365 407
461 117 18
364 745 407
805 661 213
638 307 251
906 230 311
811 586 709
145 761 991
385 100 184
21 401 637
525 498 253
523 471 217
641 169 149
161 705 365
1 187 537
25 140 66
284 945 800
523 93 651
186 769 956
394 265 801
633 201 347
426 803 993
89 711 300
856 777 1
531 41 917
758 225 111
311 304 711
737 843 441
83 983 2
559 644 493
743 177 663
617 275 27
371 395 101
406 961 686
351 876 305
201 702 493
221 321 151
169 852 881
617 766 761
526 356 341
270 701 512
223 5 565
289 16 636
281 567 149
665 733 283
317 685 196
119 141 546
877 845 493
924 99 489
731 263 904
61 449 297
769 983 119
981 215 681
670 11 457
661 315 545
189 545 71
610 833 996
521 643 254
799 993 41
630 3 742
881 881 161
527 531 601
747 402 684
273 808 103
981 25 789
857 790 1
314 311 1
533 791 1
375 901 39
615 289 845
733 197 258
836 859 121
623 150 205
847 457 281
625 17 689
358 657 153
285 421 373
110 261 275
421 23 195
431 693 114
625 116 534
261 185 956
529 737 163
792 199 438
965 228 173
385 984 79
349 179 524
506 221 55
735 638 561
285 31 251
716 661 823
629 905 351
201 426 301
265 1 823
578 278 324
981 919 311
492 319 663
1 537 753
70 665 321
5 54 677
267 680 195
520 566 741
851 351 63
571 826 161
599 273 177
88 270 961
121 41 581
196 463 137
627 300 716
716 459 601
476 531 465
649 33 51
427 209 161
933 433 85
889 905 985
797 487 23
251 604 791
96 802 147
121 667 635
789 393 83
410 597 793
647 111 414
461 236 571
857 64 139
666 71 728
289 849 896
711 915 651
924 481 805
847 984 41
853 175 881
119 223 843
555 481 229
241 261 457
477 66 501
242 379 685
745 601 773
361 245 744
491 646 295
549 545 113
324 821 441
449 501 191
493 453 935
333 951 601
417 491 46
433 990 387
401 321 228
187 561 918
92 71 793
41 801 331
672 947 110
591 961 49
841 381 809
196 897 973
929 695 69
926 705 361
701 55 809
753 321 457
651 583 172
206 759 999
819 229 880
981 561 569
23 721 881
801 176 117
851 547 653
41 301 761
923 321 381
897 96 401
601 459 907
468 131 97
729 401 919
892 466 943
753 401 330
138 586 585
622 271 788
141 741 665
2 456 301
288 791 676
289 611 431
977 105 250
61 305 473
89 569 561
849 704 201
15 34 721
829 221 681
768 668 609
343 541 266
767 57 81
561 499 679
235 882 731
241 633 331
755 801 931
674 65 921
898 41 929
956 409 885
727 725 37
962 822 75
641 351 823
739 309 441
233 49 449
442 201 976
57 181 745
495 998 187
629 400 229
901 689 325
116 913 376
601 536 749
251 81 361
280 995 878
430 235 655
425 776 663
759 851 383
981 681 81
627 253 171
281 707 986
596 871 97
347 712 261
729 165 827
301 593 619
938 142 435
255 861 31
25 99 97
381 526 55
725 961 961
715 3 749
998 153 981
115 55 587
621 395 85
145 737 109
735 183 283
284 641 481
733 629 191
273 96 851
219 549 189
186 504 270
82 844 70
653 6 582
569 35 929
233 521 44
682 345 751
776 41 791
961 301 332
181 117 904
961 857 34
449 644 57
671 741 101
151 736 939
521 96 639
509 751 225
229 990 826
211 191 746
557 60 921
405 606 87
163 541 218
919 497 174
54 950 256
130 10 815
103 277 561
571 673 851
267 25 798
165 921 149
401 501 485
351 97 555
593 57 775
1 473 206
402 425 831
974 405 961
531 173 769
485 463 904
855 181 49
465 950 826
128 449 751
933 9 251
888 216 278
679 86 1
825 574 255
387 946 484
257 877 265
141 951 877
959 679 330
119 662 545
253 525 767
779 609 849
27 548 623
193 563 167
761 859 381
188 582 338
130 425 281
81 371 961
921 506 1
181 445 252
519 329 193
451 56 67
411 439 185
49 176 906
451 181 947
49 585 197
497 31 763
1 465 551
1 675 295
537 635 591
181 409 917
853 623 588
268 821 881
337 379 443
236 107 650
663 82 238
471 985 819
291 929 113
707 265 681
953 81 531
621 349 334
331 801 625
381 481 778
491 165 126
57 353 63
145 337 724
461 3 261
186 969 899
697 885 961
609 100 899
25 726 151
200 227 297
540 765 659
846 181 681
912 375 769
701 1 871
161 268 599
757 247 683
103 231 57
69 745 752
969 973 557
361 153 933
967 216 899
833 326 552
513 801 301
48 115 426
373 473 349
537 521 538
351 373 727
201 272 373
801 569 967
21 745 833
685 241 801
469 99 241
893 747 191
669 193 209
469 857 251
551 385 218
721 513 10
951 231 193
187 485 261
186 651 657
871 419 313
749 673 708
125 726 357
291 499 139
353 507 27
629 606 84
921 957 497
541 61 397
961 1 831
201 129 416
957 973 468
297 637 113
569 977 817
536 161 712
253 155 312
937 106 225
483 1 71
901 481 211
261 637 373
51 821 725
606 679 512
101 157 141
361 86 257
492 997 601
651 97 401
785 266 886
621 572 461
306 305 638
993 4 99
13 925 221
865 427 886
161 421 961
289 770 405
747 606 351
177 873 405
235 853 597
185 947 104
209 133 727
129 701 40
889 326 315
95 709 121
235 991 579
791 901 672
973 545 885
45 281 61
503 404 745
385 538 1
925 927 907
345 801 780
134 739 767
91 739 936
57 825 858
641 572 221
533 515 664
393 527 977
709 13 754
647 469 9
489 56 51
701 161 625
383 552 877
961 561 173
117 321 891
41 827 776
959 482 131
478 663 281
41 465 896
865 449 464
465 721 472
253 965 310
211 401 301
710 387 782
681 296 859
618 771 369
798 835 251
56 1 171
640 315 981
567 732 436
501 217 701
503 941 137
706 1 946
472 65 851
357 470 449
426 36 131
735 741 534
567 551 97
260 681 305
401 561 243
103 353 683
501 616 513
977 132 506
669 921 739
560 350 841
561 728 877
141 609 666
739 352 899
21 521 181
161 506 987
103 409 570
401 265 288
666 81 235
680 817 306
485 597 108
226 371 828
204 81 874
841 861 881
299 341 733
51 401 37
653 369 441
217 628 653
365 81 881
806 57 610
136 106 129
198 322 569
201 735 609
121 216 41
369 385 391
469 9 734
150 907 531
199 531 601
665 223 881
865 25 689
861 281 37
985 511 679
73 661 173
133 383 629
607 712 713
580 711 241
191 295 736
277 913 849
227 485 129
71 106 641
224 921 234
729 251 579
525 501 347
793 793 511
766 22 924
732 171 624
641 426 117
77 25 957
265 827 201
726 313 330
495 681 35
740 137 736
652 896 892
313 420 201
401 239 53
39 655 681
846 849 243
981 441 616
129 665 475
649 109 46
255 503 1
873 563 928
972 569 650
1 403 876
541 49 644
24 681 108
365 266 37
681 457 985
101 631 613
759 813 641
34 671 344
801 101 13
385 321 669
351 1000 350
907 173 273
887 101 332
413 761 101
508 736 931
241 147 973
583 451 778
876 89 194
325 343 886
168 745 697
262 405 48
481 696 975
121 831 29
837 347 593
9 76 797
531 797 185
521 491 416
568 517 477
369 480 351
818 108 427
449 545 139
51 16 203
465 455 551
851 569 539
430 577 521
481 829 813
361 251 199
4 790 49
385 249 785
761 705 799
323 117 674
738 761 153
378 879 351
201 311 201
491 197 557
241 601 521
35 604 618
29 38 320
65 686 987
207 361 401
935 833 531
225 242 131
273 853 539
797 291 17
836 121 331
837 381 571
289 746 473
801 990 597
648 366 793
715 289 271
1 113 331
817 209 781
869 671 967
106 265 591
148 801 810
489 296 81
162 841 613
933 677 1000
702 626 261
729 747 801
95 709 805
927 884 939
453 504 408
126 26 25
192 606 213
451 785 837
684 362 900
819 308 144
675 197 61
741 441 993
41 999 627
137 721 580
344 851 703
540 949 245
899 888 893
936 587 153
773 411 471
721 453 91
479 801 835
165 741 486
873 424 921
501 420 765
863 329 546
65 489 505
385 337 311
813 139 951
431 751 935
681 246 347
121 765 325
413 793 286
676 358 113
313 575 946
465 761 457
156 113 66
411 566 736
521 124 273
764 733 317
445 999 321
565 676 857
407 119 581
74 276 383
716 84 441
209 639 257
362 751 721
577 433 23
993 991 695
430 955 576
697 119 457
355 787 991
761 609 241
220 721 485
933 970 549
357 879 816
910 994 191
409 576 592
891 332 922
544 663 645
721 354 705
77 953 481
83 239 151
653 406 281
738 376 903
224 589 769
751 709 323
840 721 147
961 344 606
672 226 583
869 801 437
503 961 457
711 865 711
691 761 849
9 276 314
449 651 125
173 185 81
995 638 57
891 921 139
869 414 571
680 105 651
473 146 881
449 101 640
233 343 41
696 433 861
841 137 237
193 855 693
458 566 593
683 621 357
303 980 305
216 873 309
161 769 357
113 881 241
910 283 249
501 25 456
346 825 572
525 851 961
291 585 735
373 506 87
961 438 781
559 121 365
457 1 535
517 929 876
577 717 541
269 781 833
276 153 441
348 17 126
419 886 631
221 131 113
703 649 681
758 213 157
657 741 247
451 622 597
32 557 247
194 748 58
712 11 81
898 41 130
24 361 521
201 965 301
33 657 729
906 772 25
281 97 898
322 883 861
1 901 281
853 456 527
537 626 201
75 509 799
11 983 36
859 433 217
361 961 897
186 65 906
599 637 93
801 527 681
878 193 339
151 451 491
631 501 217
855 381 155
927 779 951
155 831 957
417 170 564
641 741 445
355 873 562
129 821 126
195 927 861
480 121 263
264 857 274
152 201 425
615 53 401
750 826 703
499 402 29
306 229 551
287 894 854
811 589 272
421 1 629
886 425 837
787 153 199
189 451 703
625 741 123
99 133 799
761 487 371
207 321 892
115 471 684
717 907 681
277 281 225
735 139 318
701 577 849
524 743 354
617 461 469
543 149 681
732 446 889
156 587 513
281 153 413
722 353 299
555 309 62
455 281 273
247 916 996
257 389 309
271 801 705
416 699 776
313 797 923
505 313 753
601 651 101
767 30 479
541 896 851
751 764 813
977 321 233
511 17 590
78 25 235
336 981 955
471 91 256
977 889 185
521 177 351
867 677 945
811 966 671
321 633 187
126 169 603
836 569 753
671 229 661
165 609 237
139 84 337
601 1 415
574 387 677
13 229 179
729 637 561
174 131 178
651 137 45
331 721 969
179 626 563
303 741 907
375 425 341
1 77 604
303 42 183
241 55 306
981 731 23
401 836 208
352 219 148
113 274 777
1 397 880
281 265 336
281 705 701
883 205 981
768 881 862
642 777 825
699 223 807
765 781 435
383 207 991
433 294 348
537 527 761
281 865 539
551 9 571
42 550 449
421 463 757
17 457 892
986 311 40
575 345 433
531 361 657
987 540 545
91 1 673
273 406 97
62 846 385
701 891 651
803 965 311
1 170 579
532 802 321
278 721 469
189 536 61
177 399 363
681 605 9
633 379 289
883 733 633
451 191 97
436 233 320
834 609 491
297 206 522
901 393 41
931 505 645
417 891 585
209 913 959
528 97 636
591 853 304
705 974 619
701 71 629
819 695 409
801 638 651
25 181 230
931 329 57
436 761 381
423 571 447
335 994 627
73 76 403
941 885 379
801 691 121
951 473 271
561 364 985
280 905 45
967 841 456
528 731 723
353 617 77
801 699 841
177 81 965
626 513 77
321 466 976
963 572 22
347 1 937
333 71 721
523 507 411
926 605 321
521 651 29
891 181 971
841 745 955
871 746 271
365 223 818
850 133 557
11 585 742
561 398 925
347 621 345
535 401 458
91 571 118
161 706 937
728 314 146
873 929 652
91 265 541
368 513 788
41 29 513
267 572 677
788 459 413
901 827 261
616 546 901
469 1 537
122 557 888
491 71 351
179 881 801
767 481 791
229 429 607
271 331 339
981 396 193
681 35 17
111 686 497
559 61 377
907 737 568
345 406 21
315 833 625
559 620 173
9 981 950
731 893 931
451 103 357
967 577 349
411 289 783
414 861 67
497 907 866
926 157 201
529 217 833
1 231 1
420 859 516
820 934 135
89 147 717
641 153 681
713 762 667
145 741 640
979 401 931
733 785 703
797 113 833
454 955 866
943 1 849
551 841 974
956 869 755
501 330 1
259 385 13
921 193 433
761 961 10
174 21 74
801 411 461
601 984 270
725 81 1
909 626 817
166 685 817
408 285 441
761 593 561
833 181 696
363 901 709
80 515 729
897 659 719
786 361 941
841 841 688
406 506 801
189 413 729
899 157 705
551 369 377
371 581 893
769 989 149
291 681 569
760 555 406
925 839 11
167 798 321
392 824 486
93 71 961
221 601 801
666 577 833
837 582 101
389 141 579
945 497 99
493 866 813
361 193 464
169 186 450
662 612 269
67 701 823
881 646 475
299 949 121
611 201 35
980 51 319
667 718 163
757 741 898
816 231 394
977 331 295
965 687 104
664 553 783
345 481 119
171 501 589
993 201 196
228 649 741
717 762 541
801 681 321
195 178 723
221 481 58
721 49 420
300 985 918
664 228 561
688 613 102
181 593 234
998 219 157
501 591 841
986 105 879
493 973 174
264 469 631
15 196 501
148 101 451
837 441 845
107 873 271
758 774 29
73 361 86
432 80 633
691 615 781
952 601 194
141 365 945
977 947 172
306 156 687
875 569 322
619 297 405
901 665 361
785 141 153
417 728 256
924 287 421
983 299 861
802 409 409
511 485 227
424 151 177
308 475 571
561 553 208
141 897 301
546 921 867
653 321 255
5 689 124
513 461 859
805 289 802
36 373 721
526 106 468
910 361 637
86 649 541
337 351 8
433 677 325
836 249 156
321 920 401
801 61 719
641 657 771
792 501 285
293 653 107
837 629 663
849 106 958
419 771 117
543 257 231
781 388 601
880 861 522
93 98 109
687 659 313
286 291 501
788 197 31
611 605 169
861 265 41
577 201 256
117 83 383
104 301 527
241 209 664
57 485 611
761 361 682
593 31 129
681 411 351
491 125 964
281 999 406
49 224 585
40 576 113
815 339 921
21 184 756
984 990 879
564 858 461
166 929 721
392 369 957
451 356 801
407 277 653
72 53 821
121 526 215
825 173 889
991 1 97
475 381 908
285 285 561
309 70 383
432 384 48
202 21 578
92 789 701
383 521 621
716 499 491
665 171 326
913 181 327
431 576 475
233 369 1
319 71 715
502 145 510
733 609 908
682 503 706
250 223 447
408 909 322
888 89 502
331 278 63
497 46 381
469 259 949
297 29 711
865 337 268
251 713 566
1 101 33
407 501 857
25 233 872
233 293 391
871 391 397
613 105 235
713 537 366
813 61 297
569 941 293
769 201 385
781 521 851
909 7 574
41 240 711
137 727 509
761 166 751
7 56 33
930 421 788
711 913 70
626 555 121
191 432 953
301 984 143
945 11 751
653 935 251
461 381 605
57 893 351
907 369 649
163 651 601
483 522 391
769 86 665
295 602 248
715 176 946
283 978 291
173 941 425
93 121 769
713 973 148
889 441 481
800 81 351
521 57 907
665 21 121
171 281 786
605 296 751
931 753 99
851 21 923
97 673 173
389 443 451
711 329 599
216 241 681
551 550 433
867 594 611
746 929 489
65 582 1
945 745 157
593 329 141
767 843 860
417 845 771
761 713 185
771 574 241
985 466 492
165 229 173
876 401 962
205 871 1
390 872 606
4 511 622
263 733 300
945 795 877
536 97 229
701 847 271
561 401 652
979 318 259
825 281 961
294 276 942
335 549 5
604 513 785
869 246 1
357 717 721
410 309 25
483 442 389
671 24 449
205 4 826
521 634 41
531 664 947
791 326 601
876 806 521
25 863 276
480 785 617
926 876 265
655 343 617
265 881 441
701 280 546
361 983 121
800 326 189
45 346 461
36 262 391
11 834 761
421 899 721
721 601 375
911 534 662
767 533 316
959 577 321
281 586 286
527 245 941
339 441 328
77 221 381
473 641 66
363 553 315
308 977 834
577 377 859
697 985 910
171 821 461
1 931 301
336 256 251
157 149 881
309 643 690
401 763 977
696 71 237
573 656 9
34 314 459
531 105 876
981 997 801
901 775 527
251 673 25
961 577 881
301 939 847
840 431 979
779 785 502
853 454 756
921 482 881
792 751 81
353 669 939
127 169 851
259 59 541
53 639 657
532 823 71
612 11 859
30 363 946
268 657 881
811 483 666
945 241 561
57 835 625
379 276 717
486 785 441
619 181 141
931 395 663
621 661 126
561 443 861
257 401 901
439 929 646
507 575 461
518 533 633
685 193 39
177 821 145
181 781 958
881 109 883
780 37 105
571 251 838
755 526 101
521 565 526
13 951 525
689 182 806
45 35 17
233 23 15
103 669 738
911 733 715
385 68 319
29 689 569
94 785 424
593 489 729
585 857 649
727 751 966
697 508 851
526 201 677
124 67 941
911 521 633
941 742 953
496 1 854
231 203 455
749 124 41
653 801 681
185 436 771
786 65 191
961 932 87
11 481 440
737 183 684
16 185 201
97 889 320
283 993 461
177 436 351
611 155 783
556 278 595
721 793 199
751 606 261
553 368 738
636 519 534
448 897 245
243 967 268
5 193 176
199 7 241
506 442 809
169 599 567
742 801 234
112 306 417
476 274 895
309 861 357
205 742 308
174 721 181
639 695 329
635 177 204
940 191 339
849 773 881
131 513 321
13 792 620
921 762 553
387 237 797
800 313 991
888 306 851
499 147 96
37 481 934
663 961 453
901 473 941
