722
8876 8971 39
9837 2643 8
7971 5615 49
7243 9372 8
8836 1124 85
6058 7129 79
6169 8767 43
5737 472 47
3115 7801 95
6855 4910 16
3357 3286 8
6588 5258 14
6414 2631 92
2867 4210 83
8787 1044 56
7201 701 46
6217 3443 92
3281 5260 54
4203 3456 77
2996 5323 76
6153 1320 69
9732 437 27
5926 6644 90
2127 275 83
69 6595 39
6089 2725 50
7623 9049 70
3031 6044 19
827 60 13
1893 5373 25
2715 6259 81
2004 6457 49
983 3879 20
992 3989 41
1177 9744 76
4849 8989 64
4634 4923 77
194 4391 24
2014 3180 35
676 6529 27
5688 2434 34
108 2540 12
2306 1208 67
9311 404 92
4642 4705 2
4072 8182 57
3967 620 54
3160 4739 21
9286 7305 77
6261 222 10
7556 9273 39
3733 9801 85
164 4943 44
8253 4207 56
8133 7203 97
6635 6553 10
7299 9769 53
537 9043 20
8054 750 86
1192 2202 17
3011 7322 38
2855 8236 39
3992 6952 96
4687 402 9
1189 2286 52
4778 5382 35
147 8567 75
2467 7686 20
6136 7416 10
6578 6763 43
7876 8500 38
4791 1826 46
5829 1804 10
5629 3831 46
2457 1847 27
773 132 100
9309 6760 71
7773 1822 40
6763 1572 52
7980 2334 12
4914 5048 52
9690 1291 18
6412 9861 29
3583 5579 98
2115 7081 21
9211 9275 96
1698 3945 38
8987 1122 63
6621 7245 72
1921 697 32
2562 6909 5
2169 234 28
5502 5024 29
2260 7979 70
849 9337 75
2404 5517 30
4444 9001 37
8353 1613 48
3767 3390 78
539 7024 27
2518 6276 36
9395 733 6
4517 5949 91
7179 9185 80
7657 5359 25
4385 4919 78
5241 6107 49
7638 3490 57
9126 2323 87
5944 2706 89
1919 4243 51
9272 8006 17
962 1493 58
7386 3291 75
2091 1372 6
5547 2074 75
1439 6157 30
8022 9504 28
4389 284 18
2648 5398 99
3145 5493 18
7016 5776 63
5860 9660 89
8800 8964 61
5348 1062 4
4164 2098 2
4814 5101 39
7979 8528 3
3220 559 89
2191 8611 46
3023 6907 4
6321 1505 55
4093 8982 31
9758 7540 5
2872 65 63
134 6919 28
4509 9363 25
5122 8611 1
1418 7355 41
1690 5238 28
6710 6427 62
3026 6553 11
6051 3363 14
8913 690 54
8977 8282 41
6475 2181 80
9705 4117 11
6672 6108 19
3791 7635 93
4261 743 51
7541 6341 72
9817 7356 66
1202 6108 89
4840 736 60
6450 836 58
6279 9088 5
5196 7604 37
3390 5608 3
359 942 68
4045 1652 14
902 2008 26
7306 6831 65
1617 1511 17
4955 7506 78
1237 3447 63
8473 7641 82
1284 390 90
8530 9900 24
1704 3505 57
2662 6708 46
7236 3121 26
1530 7544 89
4741 5606 32
5923 6604 2
415 8666 42
9217 6956 40
9716 7710 95
4630 3986 70
7086 9802 67
4662 9147 83
8732 180 57
1666 5288 21
972 9388 69
8662 5998 76
8798 8567 88
487 2096 3
3862 6429 41
4918 3174 21
527 2787 58
620 1669 94
8292 2402 41
6433 1970 9
2858 125 10
794 5098 39
9815 9289 67
3939 1580 53
4389 1853 24
4972 5171 3
4435 8084 39
2135 8489 22
2707 7057 81
5142 7681 82
2735 627 77
1949 1681 96
5962 2366 58
7395 7010 42
1979 5969 63
2303 555 18
3158 4425 14
5603 7561 48
8626 2593 83
2342 7293 59
8654 3959 57
6435 1882 79
833 1705 76
4391 5811 33
1461 7472 59
7902 3672 13
8647 6590 22
5684 9502 56
4117 6251 22
8996 5426 82
5133 34 39
2479 3744 97
3671 197 39
297 7836 46
599 3723 83
1425 4917 80
2358 2355 27
9457 3483 83
8252 9317 11
7755 9604 43
4037 1641 61
1242 7299 12
8979 5722 18
4556 9095 13
4254 6251 54
2665 3908 100
8512 6096 40
6260 4567 30
2957 8196 4
921 7363 90
9741 819 10
7655 4060 55
6012 3412 87
8929 8485 15
3452 3347 26
5413 611 36
2864 4238 54
501 3185 77
9612 3937 96
9129 2689 97
9877 1906 41
8591 6775 64
9274 6006 41
1024 7800 14
4374 936 23
3998 6764 26
1819 755 48
2379 583 39
6783 142 46
5214 7912 95
2231 6335 37
3704 5655 35
359 2307 69
2953 1394 8
5289 2254 83
1613 3107 83
792 7236 29
9423 2650 31
3492 1486 33
5143 328 74
289 3909 75
2658 679 76
4104 5272 90
897 366 55
8863 6179 66
6436 5042 80
2565 5988 18
4407 9702 83
1431 6474 1
547 5651 55
6591 8012 40
8157 293 43
1783 1330 87
3637 6523 50
3748 7493 24
6875 8752 24
5214 6175 77
624 1971 61
8506 491 51
9659 1817 17
2137 840 42
764 243 93
6044 4700 17
4262 73 6
1088 8150 85
45 4165 14
4775 5463 95
9434 2750 63
9585 9569 48
3979 2267 40
7808 2357 71
7280 7430 47
7243 1575 81
1732 4862 87
9177 903 4
4717 9005 86
8094 1405 34
5939 7945 71
3780 9074 17
22 644 96
4801 8603 64
6386 1686 8
5975 2520 17
6329 8980 39
9412 8674 16
829 7463 10
1761 2216 31
6344 9474 55
5656 9329 56
7752 3608 1
2252 9961 43
6777 9266 52
5724 9880 72
1556 1475 88
6772 7746 49
7979 5617 95
3785 8923 29
1132 5412 11
1574 284 88
3291 622 53
240 9002 65
5110 9311 21
1453 9467 14
9735 9258 5
5123 3551 81
9608 5631 42
681 6826 58
5186 176 25
7426 2505 91
1352 7265 42
113 2598 19
5177 7558 92
4295 2937 19
1368 1968 35
6876 861 4
9556 5588 41
2404 1291 48
5488 8835 32
5626 9512 71
16 8324 58
1611 4470 90
7966 7428 65
5673 5893 78
1291 2684 22
4911 358 10
9963 6289 9
6133 2122 59
3841 5001 100
6298 2264 29
2607 2233 82
5311 5814 15
2502 2269 65
734 7256 62
8520 8480 56
1825 6889 85
5541 2986 32
9984 7319 75
2758 8771 93
5361 1847 68
2424 1487 88
3410 6096 61
745 595 64
4757 2632 19
8760 5586 50
448 1372 78
4926 2780 68
7734 7827 92
6102 4367 49
5998 8035 59
935 6325 86
600 955 52
8906 5760 18
8208 8022 50
2698 4782 42
5176 9177 68
1419 4766 84
970 7947 94
2524 4117 38
488 555 11
639 7496 79
154 2631 85
4174 7321 11
4936 845 39
1509 641 55
803 4786 42
1304 9219 77
2038 2007 9
4769 1279 7
6027 1014 3
2037 5666 1
6519 1703 33
7207 721 39
8199 297 88
1887 6438 65
6 3023 78
8395 5361 80
8549 1997 65
9804 8768 47
2477 6209 22
9352 4203 42
8267 3733 77
1880 3144 2
1042 6969 13
1070 4957 11
9791 8762 48
8387 4319 59
2659 396 2
3264 80 42
4167 5981 15
5469 838 78
837 6319 98
3134 3398 57
3330 2368 41
8849 8975 23
4891 1097 13
944 7796 22
6854 9088 96
5792 7427 38
3234 5517 41
691 593 8
2203 6821 13
5007 531 25
7413 4594 70
8200 9232 54
6776 7500 44
9474 5283 90
5565 3701 23
3211 4076 48
2030 1411 8
6521 9108 13
6057 7425 86
3345 5858 78
114 7478 62
9963 642 92
7023 5756 94
3300 115 9
9919 585 100
323 5822 12
1042 7061 56
9747 602 7
1435 7607 20
1960 8781 85
3893 7692 48
2053 4026 81
5785 4474 46
7424 5552 9
638 9218 32
9949 5965 48
7055 858 46
5702 8213 45
575 5890 70
8084 8409 69
9449 347 61
9146 415 61
3393 4576 43
8114 6851 84
6958 3297 26
2362 6834 70
4083 2368 15
6607 7177 87
1842 5174 44
8911 1346 41
7218 9817 55
8937 267 23
8044 7104 59
986 2156 86
4953 1594 1
8357 1994 11
8601 5276 34
8800 3604 65
2571 3613 49
4443 5716 9
4241 9166 87
2083 9489 100
7166 7339 84
5164 8958 97
3928 5997 54
9538 3783 65
4203 4784 45
1094 7556 23
712 9529 31
7219 3140 57
2788 7680 52
459 461 19
9613 6784 11
8639 2429 46
5301 3704 99
5854 2514 63
9393 7553 16
4638 1706 25
4542 5577 41
2415 1138 21
5385 8431 83
9652 8623 48
2960 6962 17
4872 3006 58
1393 9178 38
5980 237 42
1415 6541 67
504 6842 15
5060 6970 15
5731 345 55
9447 1420 22
3280 6678 14
2415 5740 11
87 6491 18
6650 164 98
667 1561 11
614 4641 66
2608 7690 24
7560 1530 47
4834 1312 48
9958 1572 51
7919 8518 87
1545 5981 70
8368 9047 86
6526 1980 63
6518 7590 83
5000 2659 98
9907 2566 97
328 8867 59
6247 803 92
8872 4888 62
8740 3453 38
3741 8677 75
897 1381 48
4075 8291 9
5015 9827 75
9560 9004 28
136 9422 27
400 5963 99
5510 4699 39
7737 7691 49
8035 7092 53
430 6010 58
4538 4920 71
8621 2216 80
5451 9762 55
207 9919 80
9339 692 56
3452 3231 19
7362 9665 85
4783 8425 83
8442 1691 38
4228 1124 30
5073 8803 34
389 9202 13
28 9182 22
3236 8600 98
1894 8673 76
8145 122 53
1113 7989 75
8844 1807 88
2365 5943 98
871 7941 66
5189 2644 18
2739 8529 46
1950 5660 96
9612 1238 51
8349 2818 9
7545 6159 14
39 5158 38
5006 4077 95
7878 6629 72
1519 6279 85
3178 9422 67
2536 5374 62
9922 6514 76
2820 8379 38
6281 191 12
4807 8132 83
6851 7301 28
962 9710 55
5072 2165 88
5431 293 13
7077 2252 19
1320 7664 48
5651 3204 50
274 6295 28
3462 5209 42
9240 9963 98
8889 6823 70
3114 7858 92
8200 2712 28
1316 2446 93
5096 8155 51
1749 5687 8
106 8253 4
9126 8489 62
1587 8636 13
6873 4625 79
8979 2547 42
8718 650 38
4737 7646 18
4040 7338 91
848 1952 90
3279 4999 11
238 8510 42
2110 1665 86
2415 2173 96
1644 6588 57
3143 1722 44
5897 9642 66
8684 2293 19
6415 4374 32
3090 6014 41
88 2726 48
3787 3963 57
7402 5568 9
779 145 8
6791 9523 68
9894 6962 91
3250 1741 88
7701 8784 44
3146 5638 90
5017 6999 2
793 3895 56
704 7690 84
121 6855 40
572 850 1
7163 4183 93
199 6476 61
2491 1438 7
592 382 32
972 5061 66
2973 765 31
5414 8284 52
9164 1013 1
3569 5698 56
537 3901 25
2678 3964 29
1193 7247 17
7948 9635 29
3534 3674 23
8028 2602 11
6285 3132 45
3995 9872 5
9311 6563 89
3130 7172 45
1204 5200 5
403 9020 41
8514 7265 30
2940 4463 48
2053 5296 5
425 1959 69
1843 1363 82
8665 157 4
7763 1291 83
9314 9698 48
2381 4010 48
3707 6253 52
5170 4794 41
2029 818 89
420 2020 67
8587 2659 6
300 8939 16
3342 9641 57
4885 380 97
1680 5529 10
771 714 8
4924 8112 22
4241 2434 36
2634 3813 39
7785 7265 65
4028 7352 38
6342 2888 45
7626 5708 6
2606 8307 21
8175 2274 9
9408 301 11
4421 7542 11
9849 8980 19
9387 8173 64
6608 3117 31
9129 4468 49
4170 7627 52
678 2064 79
9835 6969 68
9423 6734 10
7758 3434 5
2824 2136 64
5782 3027 47
8706 2001 25
5684 7165 52
882 1491 37
9264 5405 99
8303 2360 86
2031 7170 42
2153 1677 22
303 6035 21
1102 5466 96
6188 3448 40
6328 4330 19
2063 9318 60
320 1380 18
3302 9628 45
6710 5540 93
5687 7115 23
4058 968 36
6567 1792 21
8803 1703 86
7901 9315 92
385 1909 3
2593 5725 71
3481 9146 22
6973 3773 40
407 1736 50
9213 6859 92
7601 7552 100
1813 8073 59
