3877
646 9 909
745 324 441
953 741 73
263 226 211
721 200 743
481 715 321
381 129 301
476 320 973
763 1 931
753 65 628
441 449 41
229 541 765
705 641 286
169 746 709
26 681 361
157 562 847
211 841 71
524 421 790
849 651 297
733 241 1
172 953 225
541 297 461
797 463 131
601 897 163
461 567 41
868 101 705
771 541 649
749 848 764
111 357 39
784 71 629
913 51 881
313 379 640
84 707 169
848 199 95
385 841 673
584 776 281
793 699 726
989 577 736
376 609 532
33 401 977
405 593 51
526 206 645
829 319 917
199 145 541
104 417 217
905 508 896
531 501 316
257 501 876
955 333 12
517 270 297
255 943 93
605 441 125
745 806 50
697 899 271
609 344 885
977 444 101
697 605 621
925 497 569
246 517 173
601 981 72
1 631 825
369 922 542
49 456 23
369 991 323
751 676 162
153 941 583
187 277 227
86 732 3
193 222 51
841 691 88
357 103 126
585 286 626
243 118 161
547 941 31
211 940 685
751 461 274
207 276 837
241 901 481
863 163 126
941 402 291
877 985 294
615 23 149
817 239 923
196 661 193
983 801 993
477 264 945
700 339 412
631 397 841
315 954 129
122 211 108
705 423 29
563 629 559
253 299 103
49 765 433
729 260 917
113 523 911
811 6 741
39 427 757
737 343 37
786 971 765
79 41 586
551 856 103
92 852 415
439 685 521
766 105 769
581 950 649
421 275 19
576 229 363
344 734 949
283 751 236
738 769 125
661 97 129
751 294 266
203 929 1000
941 875 421
26 142 816
726 348 813
97 521 633
181 57 261
545 5 751
303 101 385
422 258 571
766 121 461
361 501 601
321 403 401
428 489 177
195 841 824
613 618 345
122 545 601
270 376 405
355 352 585
955 265 595
26 41 371
901 46 315
353 167 289
133 601 177
588 897 456
61 53 913
533 401 461
81 77 398
383 497 493
239 944 407
470 761 5
261 478 401
153 159 623
376 313 194
791 607 634
919 626 221
961 311 664
923 377 435
247 696 776
53 229 53
461 241 793
801 880 806
981 301 501
5 465 85
749 412 229
61 681 495
509 916 386
373 510 241
327 188 995
541 793 183
97 307 289
697 531 389
683 621 626
983 562 861
957 711 435
201 341 481
205 113 269
577 666 296
381 147 391
497 829 323
452 404 301
620 695 900
465 309 381
960 355 521
506 470 1
765 727 673
511 1 681
641 513 87
121 432 517
661 734 310
236 723 329
336 401 837
305 469 383
809 556 565
546 814 401
494 521 764
321 553 213
758 411 459
102 359 361
451 963 230
883 75 553
681 376 856
371 476 501
169 131 33
234 1 373
289 531 796
693 901 208
483 373 785
470 61 65
625 193 729
241 121 441
931 233 621
339 379 176
981 506 373
29 75 241
752 385 625
960 393 810
601 776 547
153 179 61
673 82 661
175 951 381
281 48 891
901 853 216
256 624 736
221 710 262
665 633 305
481 849 257
476 706 505
699 898 343
346 376 461
119 662 28
726 298 812
91 231 224
805 465 565
882 337 678
705 941 871
460 433 406
943 126 5
768 41 787
543 390 25
103 405 122
713 113 311
937 161 531
130 656 75
648 571 249
151 126 301
65 731 885
750 951 385
344 666 169
235 486 482
201 801 621
991 969 457
101 101 689
481 536 37
453 11 299
25 813 645
656 816 281
21 793 760
491 696 521
304 791 879
746 326 523
953 336 346
110 10 575
601 391 416
878 222 770
824 108 913
3 252 65
395 313 113
113 556 111
561 551 745
779 971 979
915 35 216
1 524 3
378 179 49
401 452 629
329 611 705
631 646 628
777 849 201
639 753 1
121 818 793
421 825 251
813 13 181
11 597 631
441 451 460
621 359 755
581 689 742
217 921 120
897 205 129
91 573 601
344 201 29
469 297 12
1 308 806
657 577 840
961 651 176
447 321 861
344 196 857
471 861 662
77 889 396
533 229 601
351 645 81
569 936 121
159 181 251
151 113 233
933 133 123
456 331 699
571 131 491
9 685 453
219 373 390
712 706 645
816 561 441
557 955 701
1 761 63
467 570 696
376 171 320
624 567 353
896 925 497
595 485 81
395 977 561
723 371 611
711 385 404
333 726 887
51 419 253
278 81 751
461 409 829
15 621 856
263 171 941
431 49 385
361 348 355
739 546 33
495 280 111
786 807 545
689 142 501
553 358 81
233 496 165
451 801 841
809 251 364
601 576 177
809 405 879
526 570 189
394 266 740
773 803 365
722 713 251
60 137 301
344 171 885
55 31 622
717 857 932
889 376 376
949 241 671
797 956 803
509 869 981
1 171 724
33 399 251
840 769 743
666 878 136
385 961 405
396 33 305
801 616 801
209 862 155
857 297 577
52 951 494
305 257 847
200 237 297
571 553 796
123 995 261
357 341 41
253 89 977
940 201 267
806 802 189
264 745 151
45 315 562
926 865 191
881 854 92
864 333 115
177 458 199
361 606 101
993 939 509
813 559 770
734 764 387
338 846 281
248 676 849
369 961 449
886 585 679
65 798 991
993 769 665
481 817 195
697 793 632
481 945 998
129 997 137
964 31 864
249 296 344
425 215 851
937 519 551
98 451 453
841 909 473
541 799 615
745 913 925
264 137 535
941 317 171
987 596 169
285 985 251
261 603 146
561 651 521
411 170 795
701 883 301
605 411 261
776 785 231
33 281 729
217 961 735
580 841 331
225 334 889
43 914 140
997 203 607
813 341 377
35 945 473
335 877 472
553 475 575
949 865 823
369 246 662
619 65 417
489 241 285
855 429 297
331 417 441
137 490 999
291 815 997
222 345 959
729 407 672
212 841 646
179 823 41
671 424 787
397 657 981
381 269 43
25 167 881
1 745 465
423 777 849
38 25 199
180 263 565
793 557 929
871 503 1
394 96 801
596 531 881
201 30 281
745 401 45
521 429 241
711 501 469
266 297 535
1 230 837
209 983 691
921 829 173
411 761 962
45 933 601
889 926 225
293 485 801
51 477 691
613 817 498
864 305 33
825 385 109
903 647 251
641 288 806
825 694 505
289 876 711
567 645 17
441 525 205
991 143 121
316 201 605
681 269 376
422 262 676
496 617 207
16 868 901
605 697 246
567 736 111
651 521 426
896 713 213
483 528 506
41 689 881
554 717 75
948 521 718
461 801 295
284 655 972
30 347 913
137 749 963
704 873 696
61 251 49
101 89 111
19 506 1
480 841 373
521 321 686
154 329 579
637 736 881
993 282 721
841 351 567
788 449 429
201 423 327
543 741 833
689 385 905
336 541 185
898 887 513
193 801 668
776 432 684
848 666 728
519 833 141
568 515 721
946 753 206
497 513 157
734 669 149
773 187 125
681 203 480
733 581 103
441 411 909
993 969 21
328 364 793
877 401 873
393 925 761
549 521 841
521 462 816
291 812 952
685 463 997
355 465 488
435 705 561
745 113 586
448 73 921
934 995 553
866 661 376
186 669 637
233 17 703
357 232 237
201 685 665
113 279 701
483 157 502
71 122 817
944 340 943
1 509 951
61 811 673
617 116 31
182 797 322
961 811 821
61 265 164
826 805 279
141 973 885
341 160 745
655 697 881
959 106 675
325 1 19
460 376 565
553 585 974
257 696 842
828 633 201
719 228 601
857 376 265
512 925 97
55 131 903
631 68 509
625 753 901
97 349 725
846 753 801
753 208 47
205 1 241
889 760 353
361 641 801
399 737 399
101 933 191
102 911 783
401 305 923
81 605 485
865 499 599
213 420 385
571 329 761
521 681 345
33 203 951
71 913 428
517 25 674
397 648 857
265 801 128
1 659 801
447 965 19
319 785 386
803 885 621
1000 507 177
84 896 521
897 373 579
825 421 377
390 829 983
226 937 603
281 301 98
993 53 51
226 245 242
163 523 980
753 690 213
63 673 516
921 334 679
421 673 501
761 792 377
378 396 689
306 329 346
680 293 833
661 477 631
61 777 333
780 267 857
777 137 241
601 5 591
856 956 266
179 873 998
251 877 797
741 641 50
571 617 993
603 161 190
927 13 821
376 469 145
235 252 351
741 984 281
237 296 948
103 289 871
561 661 826
858 17 616
877 12 601
20 553 137
451 566 433
276 711 909
794 989 998
1 398 421
735 905 906
576 857 777
939 31 81
676 9 248
927 161 385
785 144 745
659 376 381
431 921 772
197 105 301
433 485 464
126 291 402
263 889 2
925 189 470
253 779 338
433 577 601
211 192 169
601 201 669
125 248 501
831 1 174
157 361 41
936 176 412
226 521 320
821 251 576
828 1 809
797 325 401
367 103 95
193 767 977
463 325 126
559 120 903
538 489 57
900 801 762
996 671 271
166 865 246
419 825 681
51 901 61
605 641 580
476 311 833
777 113 901
631 673 795
492 397 857
600 99 384
426 225 337
689 991 65
833 21 509
221 281 9
169 10 791
309 445 345
261 23 145
651 401 251
641 336 767
785 909 949
241 771 605
281 367 213
694 88 896
359 15 691
456 376 853
549 1 92
761 361 622
66 218 9
711 381 728
803 487 939
870 661 893
699 128 281
978 441 552
765 19 1
685 992 444
451 122 225
733 531 817
320 521 402
601 841 809
266 85 756
301 912 591
91 955 410
669 275 901
811 307 157
520 675 369
691 786 921
986 121 217
602 577 955
135 249 424
383 299 826
737 121 133
592 462 551
296 63 177
633 740 525
613 467 917
268 519 621
601 734 840
219 761 241
841 726 631
107 125 889
641 276 901
106 921 750
534 199 335
385 9 495
934 19 421
553 309 321
832 461 513
261 137 83
329 857 857
905 473 441
731 721 171
551 867 65
343 609 365
125 863 353
713 355 827
295 49 724
451 961 211
976 76 81
597 732 138
576 145 389
731 296 961
873 461 757
724 261 745
753 759 201
513 411 341
897 975 627
535 140 965
597 985 257
693 553 566
83 298 709
891 265 641
281 587 827
751 713 870
741 485 741
953 541 404
769 370 941
89 303 229
971 726 470
845 401 433
867 265 743
343 801 686
987 701 417
997 278 977
637 621 161
203 531 752
152 236 644
581 929 546
781 535 671
6 51 303
653 36 986
621 596 673
184 819 265
17 101 131
697 757 739
194 871 291
401 808 724
431 229 316
819 297 857
457 479 656
781 331 248
396 112 897
123 623 408
641 359 377
631 521 896
9 927 717
577 742 21
494 993 274
265 57 51
81 297 980
546 687 9
89 709 514
113 149 409
591 987 50
575 791 225
279 763 225
777 457 585
798 875 905
302 493 163
901 157 310
551 980 431
973 483 201
681 17 472
913 905 637
73 157 211
767 326 1
613 901 801
769 481 816
271 245 745
441 349 881
662 701 763
943 541 177
5 529 160
793 604 869
182 980 691
322 312 389
189 576 34
613 713 993
900 277 646
885 65 765
212 385 561
545 89 521
681 617 589
889 872 508
147 536 177
487 431 221
151 9 649
441 953 531
857 601 957
577 851 261
521 781 105
689 453 857
121 633 985
841 209 656
190 841 119
951 593 176
305 651 81
686 378 322
629 41 847
356 121 445
626 769 589
333 91 10
781 301 293
549 668 383
132 837 861
533 489 526
589 385 73
65 546 326
665 449 854
501 891 563
796 169 651
731 261 667
505 101 193
803 521 823
109 629 320
411 977 744
801 580 163
415 319 647
147 137 579
681 646 356
611 425 69
780 642 561
576 98 546
920 155 909
567 566 475
641 882 446
936 636 73
273 751 846
437 864 417
133 599 41
491 72 87
977 216 621
731 261 359
865 303 421
191 81 737
261 360 679
275 145 205
874 33 432
950 321 21
621 181 411
40 673 461
806 609 251
923 169 46
136 105 650
721 513 640
769 529 577
785 426 261
571 205 73
801 319 446
111 761 659
1 561 1
931 221 881
307 713 586
225 163 660
621 38 491
65 127 723
773 309 249
76 291 515
780 201 958
296 576 762
521 821 751
752 981 277
699 361 822
21 97 722
643 849 561
310 657 793
471 398 243
272 799 729
788 986 304
996 823 765
147 285 671
163 159 315
221 211 855
304 686 329
63 231 292
346 362 136
494 514 152
955 433 753
247 568 750
642 942 733
259 921 640
7 775 621
970 664 591
167 805 909
733 875 911
351 937 471
113 941 526
186 321 300
1 961 823
951 589 809
561 833 313
379 551 101
233 81 83
252 569 658
995 441 232
901 225 393
466 689 890
821 857 813
200 877 875
55 643 677
66 876 785
876 128 243
626 585 921
12 26 703
180 677 261
352 799 721
413 249 116
166 431 13
385 972 261
751 953 901
236 611 617
147 144 36
257 181 876
325 405 929
179 275 548
289 185 32
585 233 505
53 601 839
230 881 695
742 861 337
641 863 881
633 629 267
873 282 681
101 187 89
295 914 879
921 409 51
856 718 633
859 7 451
217 718 47
201 592 845
422 463 304
525 303 133
876 660 753
757 187 41
683 201 913
347 665 170
383 790 153
289 469 812
21 204 941
51 630 637
193 249 961
291 709 67
201 66 561
106 208 873
121 411 287
611 175 690
73 826 302
299 764 241
811 620 936
297 880 283
469 983 27
281 972 261
710 591 197
441 942 857
376 251 507
366 921 26
191 283 817
436 403 973
201 229 801
45 27 151
17 501 161
445 269 218
426 231 699
849 869 185
436 513 774
241 65 137
946 74 333
569 16 561
387 773 716
661 764 121
751 747 781
289 881 481
681 730 125
450 441 376
622 47 187
572 373 501
306 276 881
779 285 875
789 281 461
442 515 551
81 979 536
98 509 104
791 1 827
141 67 551
803 215 897
241 465 761
289 424 602
607 588 141
931 529 871
821 153 813
20 321 492
691 111 776
905 388 621
211 809 568
887 961 909
561 305 835
496 73 416
113 157 681
29 855 677
300 972 205
745 265 951
631 751 647
660 887 331
901 251 661
951 766 21
312 431 667
219 866 61
251 981 890
976 165 184
765 88 841
993 641 891
889 637 953
827 803 21
251 91 387
431 329 337
721 313 489
284 161 77
715 323 821
933 1 445
266 991 741
701 885 161
861 499 142
771 903 79
822 666 305
289 121 329
64 665 681
673 733 301
593 901 141
93 707 516
671 231 259
401 528 265
641 695 757
309 718 68
190 648 726
881 659 713
241 461 961
991 761 189
753 667 986
521 740 745
825 824 941
316 577 681
287 174 526
227 986 223
611 379 653
733 817 161
426 3 121
560 134 70
794 881 721
951 481 177
561 743 547
270 299 66
393 349 908
249 567 413
93 105 980
701 896 841
83 505 665
777 93 146
901 377 639
591 1 689
633 577 143
973 255 121
873 551 145
791 241 998
71 980 773
421 693 529
330 687 572
249 659 381
631 801 201
255 861 609
826 901 526
571 712 268
961 505 341
829 257 817
541 786 400
317 77 401
505 331 781
601 241 611
825 833 801
169 181 576
585 497 466
397 744 137
309 186 701
128 785 331
992 601 790
578 17 401
292 125 837
17 591 146
602 601 91
481 313 88
116 631 446
201 29 491
725 981 968
601 230 713
345 387 87
926 221 636
651 417 114
446 705 873
789 882 36
285 177 933
609 121 625
676 47 393
221 137 721
743 561 25
313 105 917
861 865 694
307 698 65
825 945 345
429 666 534
852 109 825
399 630 972
797 429 180
797 614 390
337 847 475
97 701 71
56 633 814
73 689 146
557 255 628
281 46 390
513 625 357
329 796 211
425 473 708
745 598 285
801 87 369
441 996 201
103 401 232
941 905 595
541 485 262
41 821 987
741 676 320
946 885 215
321 961 561
931 264 921
69 226 617
529 386 413
635 437 145
188 326 117
536 863 856
401 537 407
89 725 848
679 894 459
134 841 437
522 532 362
146 801 743
117 490 489
450 893 471
766 721 353
797 845 343
103 936 469
337 645 34
753 626 281
973 842 321
333 124 101
85 701 997
666 881 991
130 451 597
581 526 246
915 318 841
323 531 611
429 465 767
441 277 516
701 727 541
265 881 159
329 396 1
907 65 863
865 279 605
64 736 729
935 5 645
263 320 825
161 851 659
413 506 16
481 231 751
620 711 518
655 228 520
521 993 425
301 569 73
734 53 297
851 520 233
73 490 289
85 551 390
745 411 569
515 776 958
736 877 673
930 855 217
681 415 680
5 143 287
581 978 281
787 990 717
620 746 311
579 841 541
497 497 116
561 225 445
306 323 329
943 724 181
757 869 459
882 831 751
311 545 525
697 221 333
833 401 653
748 689 369
709 36 555
445 559 825
733 81 399
785 95 856
121 241 751
1 265 257
501 265 592
775 681 921
455 981 65
825 241 651
259 62 978
448 717 361
905 759 546
822 371 905
821 233 988
169 293 217
182 699 834
931 501 253
251 311 370
228 73 375
851 411 998
511 397 806
487 633 414
665 242 261
641 618 735
481 977 862
673 293 701
707 861 311
233 801 864
479 411 823
672 786 249
733 101 225
843 625 673
226 937 895
767 749 501
865 849 429
16 485 433
837 681 201
521 801 848
529 941 61
911 996 909
805 817 689
13 201 311
465 201 898
663 265 129
921 172 146
110 762 940
851 851 201
72 910 597
578 893 763
497 543 597
391 769 316
929 457 1
827 102 856
577 171 906
97 391 858
21 681 705
179 891 937
771 255 765
31 556 951
173 861 354
266 326 879
687 247 707
772 15 25
305 1 597
624 122 879
947 889 681
677 367 361
123 483 1
119 201 531
1 238 601
777 396 453
931 326 321
657 73 993
301 693 681
601 497 631
56 783 575
697 77 491
858 109 263
555 849 863
199 165 449
571 157 433
121 83 173
253 649 261
585 186 52
97 745 520
381 195 995
125 876 180
313 1 133
9 67 745
244 318 367
912 201 374
491 550 847
934 521 176
699 281 816
539 167 533
441 776 301
896 907 503
791 85 487
35 621 180
997 558 457
501 291 327
573 501 423
763 625 827
473 26 333
843 231 846
632 961 251
630 841 330
573 41 936
518 70 252
281 249 751
841 226 313
857 659 370
666 453 916
303 289 513
745 951 505
429 165 513
581 656 549
937 420 998
866 401 817
847 121 731
859 765 997
325 360 305
336 473 106
539 301 20
347 783 489
481 135 893
516 257 995
437 113 967
705 831 921
731 665 185
541 101 965
381 865 561
466 722 381
793 501 385
201 754 31
483 941 51
497 221 391
360 26 351
672 65 77
33 499 454
87 447 168
669 533 251
951 953 65
331 85 625
905 369 341
463 101 673
535 471 851
177 523 953
821 556 581
195 299 403
961 953 45
196 333 815
855 881 361
669 933 609
601 317 721
407 785 451
754 781 535
581 979 605
1 929 729
712 637 249
497 689 509
23 309 626
815 625 446
421 311 764
449 697 458
317 281 892
384 110 117
285 299 337
277 501 101
497 232 66
636 783 191
524 609 474
288 549 821
517 889 781
537 904 909
781 281 71
236 826 543
766 820 371
69 20 287
151 853 497
181 763 824
751 334 715
376 661 301
325 561 961
249 901 697
649 249 781
821 242 632
131 657 284
595 409 785
468 660 425
720 769 623
465 878 508
112 844 801
651 502 541
345 190 330
817 545 730
760 476 237
561 721 994
941 295 572
431 849 250
171 8 414
53 677 961
737 121 661
741 761 451
188 264 104
334 19 421
238 176 421
472 273 248
957 505 900
501 25 199
33 807 975
481 769 893
557 605 401
689 997 216
616 201 121
269 977 97
586 306 151
899 608 841
630 222 776
273 248 315
457 521 871
386 699 281
686 73 529
765 728 761
561 641 449
893 169 979
779 184 625
458 28 97
951 331 13
745 511 845
241 627 98
289 751 513
880 969 826
626 242 867
201 535 797
33 181 609
281 609 3
331 96 392
9 629 536
888 793 251
641 633 886
87 601 351
733 752 545
589 457 2
771 499 513
321 593 827
581 25 400
161 743 39
277 437 585
579 359 731
705 323 347
1 651 815
785 821 462
795 576 343
915 997 947
860 856 405
553 829 782
31 820 587
760 760 601
245 562 143
932 543 500
601 317 236
833 861 113
766 401 401
381 583 489
184 911 187
488 343 7
893 709 330
937 861 412
737 655 454
201 37 421
161 765 241
887 941 433
195 23 641
701 691 92
843 271 481
129 997 414
547 737 911
961 850 301
382 121 832
53 569 169
977 51 85
945 426 611
379 729 385
745 705 666
65 741 433
701 785 185
361 485 841
322 304 97
171 180 561
370 232 360
843 350 11
251 538 196
625 37 41
839 649 956
911 810 602
65 990 545
312 193 157
113 935 191
65 121 679
363 651 391
483 348 778
110 994 989
217 41 661
541 61 115
956 161 637
295 411 101
416 789 623
525 995 48
57 481 861
121 775 101
17 729 917
944 27 384
423 823 459
111 467 701
173 893 129
709 321 51
125 864 447
989 696 120
441 917 309
592 801 511
820 159 357
806 273 505
276 945 484
730 491 531
99 41 581
583 849 641
736 565 309
121 301 301
151 271 161
309 685 233
393 214 211
912 498 725
626 662 911
871 789 100
8 426 989
583 745 750
236 887 341
347 37 419
161 513 266
455 509 980
415 541 790
532 697 111
67 899 426
355 601 393
433 421 211
817 936 991
901 391 119
192 926 782
987 197 1
905 1 273
945 944 735
236 710 769
583 39 289
387 72 673
889 829 173
677 982 399
149 705 63
426 502 817
81 384 755
908 459 137
427 749 708
886 909 807
37 905 49
551 873 506
673 667 629
89 81 942
321 351 467
136 688 267
971 569 161
301 841 772
477 229 446
549 465 841
785 720 343
793 689 492
275 873 941
771 591 345
901 961 545
977 876 517
961 106 969
193 647 208
829 377 3
841 665 921
661 33 885
129 989 218
646 857 941
642 553 1
805 923 815
911 511 206
918 643 481
393 825 426
601 249 752
778 721 408
571 959 462
720 97 575
156 720 910
93 889 647
987 585 249
875 5 602
573 211 389
148 897 257
35 403 137
249 425 585
316 1 697
595 671 281
451 307 321
261 39 709
119 755 865
516 533 497
911 897 451
919 85 672
333 292 91
403 601 486
223 401 836
493 259 753
258 209 196
757 418 573
187 376 655
437 791 353
345 281 381
489 377 821
38 454 781
982 185 683
501 337 323
171 251 157
837 604 601
72 129 51
345 77 463
921 232 25
177 477 783
945 483 71
694 664 353
113 474 921
773 235 325
180 126 961
745 91 101
61 914 312
23 614 401
175 581 79
796 201 298
318 121 85
329 433 556
491 147 751
227 631 961
342 201 441
343 797 605
601 646 473
578 374 271
992 971 26
817 41 486
776 245 409
66 592 851
545 646 927
825 257 562
751 751 30
911 261 216
592 493 166
229 216 661
141 920 59
117 13 615
631 961 277
211 325 793
656 477 131
51 896 793
617 121 253
714 57 673
213 357 417
443 491 621
143 112 281
827 949 49
144 113 239
862 291 941
53 33 416
21 801 690
533 805 265
335 351 321
653 631 891
961 257 953
527 801 25
747 320 905
911 497 595
989 677 3
140 832 116
713 337 391
912 810 721
326 631 213
25 636 681
265 401 922
693 41 501
199 26 105
885 537 141
675 676 875
195 523 401
682 182 941
124 621 629
431 45 326
391 361 941
987 276 467
781 581 121
937 700 171
458 444 301
324 727 957
885 601 627
463 925 221
59 781 245
451 651 41
786 193 281
433 865 851
73 657 701
501 395 245
922 836 401
442 76 291
777 713 982
681 987 969
365 841 366
995 816 597
526 681 953
868 862 888
404 531 873
119 985 351
55 608 867
781 123 257
952 463 49
19 329 914
735 721 951
353 307 913
9 153 885
741 881 243
969 165 212
725 789 89
945 291 369
173 801 513
62 641 398
17 49 457
791 533 80
949 581 21
96 721 319
265 443 848
825 596 122
869 986 916
983 541 875
327 913 345
429 643 151
492 825 592
241 691 845
823 835 689
908 883 146
25 199 651
201 919 577
141 249 325
81 399 835
329 809 215
234 523 224
942 335 29
201 569 483
21 557 573
169 761 587
940 961 31
656 276 434
867 630 111
367 265 625
593 65 557
445 121 545
677 919 372
637 129 544
457 83 122
947 841 353
701 157 793
573 847 729
636 545 321
401 881 381
101 724 705
715 913 365
536 649 379
89 697 159
709 809 191
887 474 454
232 441 281
205 472 665
873 83 470
73 533 573
325 438 417
21 480 921
965 729 941
390 829 797
821 816 281
489 348 350
476 206 847
485 113 509
641 761 430
106 271 17
601 545 51
761 477 955
641 1 41
566 61 926
770 53 969
841 85 416
261 781 265
613 935 126
396 516 451
621 721 31
201 951 977
28 919 11
599 152 713
425 465 497
316 16 639
104 155 251
801 576 121
813 441 343
733 901 112
336 75 479
673 564 684
182 193 657
497 648 15
729 141 545
721 721 1000
505 993 164
233 153 225
14 827 177
390 524 963
428 149 801
399 761 23
851 797 319
173 869 865
505 28 121
745 47 515
666 849 173
184 117 37
414 251 909
360 111 905
607 641 117
251 946 453
133 18 281
361 497 865
196 813 410
601 323 536
687 249 170
533 146 899
846 977 323
281 921 161
675 173 23
902 597 654
881 22 871
217 297 400
599 991 241
251 812 361
7 459 876
291 201 730
425 873 541
559 971 293
264 377 24
551 60 117
601 26 809
737 141 981
49 28 887
353 651 486
553 25 101
634 195 721
921 307 981
335 66 530
121 766 293
1 605 369
349 937 921
817 566 831
577 321 626
550 828 729
735 246 617
579 217 445
139 783 231
48 614 786
554 778 61
501 501 916
505 293 643
719 943 965
351 546 999
782 859 449
979 980 794
815 811 161
181 891 132
721 993 246
686 165 744
45 901 537
756 216 223
941 313 889
347 953 326
977 601 326
811 585 32
651 721 59
816 346 601
822 886 523
326 109 148
39 921 307
693 233 776
817 659 12
277 401 501
353 357 335
544 1 699
276 851 669
67 728 483
43 513 104
849 477 812
261 277 168
977 561 981
184 478 478
605 787 426
657 57 536
90 929 996
680 702 9
885 673 67
401 521 626
551 606 1
1 411 471
681 609 311
891 792 921
401 824 897
942 501 563
715 205 99
321 997 283
271 589 271
407 449 39
815 301 653
41 273 321
28 490 98
502 187 191
1000 22 313
881 413 12
61 787 541
599 821 473
893 765 893
521 284 617
230 105 817
837 129 74
923 681 187
815 321 832
697 697 434
647 680 9
681 475 377
457 449 449
685 841 229
875 399 369
495 881 519
325 953 638
967 593 329
93 331 767
785 649 960
277 991 693
801 901 873
416 333 169
743 139 625
351 95 73
113 237 679
586 691 537
61 809 409
441 794 689
519 414 521
865 219 157
426 13 257
516 605 985
901 233 851
675 943 179
219 531 881
541 949 759
613 33 247
393 901 537
521 753 605
487 521 251
841 186 707
363 656 636
951 664 711
421 201 376
601 957 444
894 11 926
921 366 936
706 305 876
926 595 93
901 456 721
663 33 77
889 120 410
712 529 825
531 777 571
101 972 225
777 825 936
57 783 357
721 407 921
749 131 501
921 291 225
523 401 721
25 998 867
990 359 206
414 737 917
485 451 525
361 28 294
394 196 201
976 814 185
843 859 337
271 603 721
692 343 777
777 195 325
801 797 887
518 724 283
783 841 146
931 495 286
585 702 745
311 753 122
873 412 720
859 7 633
503 303 261
921 769 821
931 481 631
881 305 956
569 1 735
363 641 931
576 549 729
761 50 653
401 461 77
529 741 753
369 341 239
481 61 671
921 901 425
689 384 441
827 190 96
385 321 73
901 561 461
111 816 324
651 680 401
65 666 978
693 667 796
836 913 147
874 185 470
571 709 392
977 457 81
429 317 217
895 927 89
668 706 514
789 755 751
659 401 561
210 856 313
910 980 909
491 601 513
971 971 585
923 404 89
717 256 741
176 875 542
273 559 371
743 971 179
181 81 71
661 126 776
505 458 176
678 201 956
792 123 643
71 725 561
921 905 97
337 401 908
432 589 699
645 709 281
89 121 896
429 649 121
953 581 747
745 305 873
153 777 525
495 351 365
630 713 415
435 383 454
521 496 505
267 926 804
181 851 101
741 335 545
672 731 626
1 783 181
837 417 82
361 878 433
437 369 781
401 87 404
982 724 217
286 686 873
881 551 57
289 588 857
816 621 309
191 687 329
491 309 319
900 105 121
401 145 409
565 689 897
270 806 673
857 376 620
111 993 296
947 481 707
761 805 436
839 748 561
26 767 906
849 313 953
817 85 241
507 1 713
921 433 925
657 916 697
713 161 273
903 610 171
454 740 341
737 551 45
376 161 665
633 905 278
904 881 407
684 351 721
233 891 561
951 609 791
675 284 271
736 889 300
173 839 381
645 775 735
383 501 768
856 406 961
989 741 801
251 941 233
801 725 293
435 291 161
713 378 708
117 264 817
357 341 789
81 275 474
945 335 473
745 38 159
179 771 331
554 591 217
734 534 473
769 774 451
741 189 17
91 209 629
352 904 135
748 909 985
651 305 41
131 186 22
117 181 510
474 591 49
737 921 45
469 171 229
971 445 601
897 481 905
315 557 147
224 836 115
51 621 833
313 149 248
466 375 325
423 207 1
671 236 362
681 201 809
105 752 844
1 659 299
608 201 155
419 491 776
501 205 49
667 545 356
475 564 596
815 119 673
799 125 22
141 219 937
236 773 737
895 577 951
532 361 27
497 969 355
327 126 166
621 877 353
913 997 105
209 17 363
605 11 589
881 591 201
85 67 455
987 665 576
101 354 154
409 501 479
446 600 117
55 299 333
973 719 959
281 142 586
697 505 301
150 387 501
281 245 473
105 393 353
82 473 586
778 925 601
753 69 38
876 443 193
537 381 121
343 821 176
431 43 893
521 403 46
635 178 444
585 841 682
176 693 885
58 777 99
305 225 381
751 24 426
149 176 786
730 52 801
889 276 361
401 929 921
749 716 533
201 315 439
249 889 750
182 328 525
1 125 396
849 973 805
729 633 926
221 585 321
907 725 102
563 10 22
921 196 139
165 641 757
153 901 633
726 225 421
409 123 862
313 439 184
117 161 985
577 631 211
611 939 834
711 657 201
776 201 201
887 1 977
651 801 675
386 596 405
401 878 441
193 38 927
763 947 170
537 49 869
456 868 576
558 617 104
657 871 879
678 605 541
431 434 76
153 501 41
907 381 407
501 221 481
72 86 773
926 439 339
533 392 163
344 766 321
109 859 147
113 123 935
194 255 815
523 417 262
792 127 501
427 939 450
527 731 173
448 343 601
745 771 241
438 633 102
887 501 811
117 633 305
592 217 141
777 991 189
466 121 798
183 909 34
33 253 225
901 857 985
241 281 24
227 563 637
709 475 591
201 665 554
263 121 325
561 393 711
241 15 367
164 65 161
235 186 965
266 913 284
906 816 66
473 21 551
997 970 526
689 749 604
897 506 48
435 99 655
685 864 41
401 289 121
698 190 484
501 101 730
811 293 745
605 66 253
245 892 281
271 19 536
306 655 609
844 1 639
956 187 316
400 210 701
1 647 283
859 795 265
55 231 375
921 781 101
817 1 405
745 261 642
161 481 943
95 21 465
520 413 421
967 282 351
148 429 845
896 143 522
656 377 261
176 484 351
606 129 63
916 866 67
82 897 593
615 751 950
177 812 79
865 553 201
505 381 721
955 656 855
17 453 129
245 821 111
447 839 166
313 46 811
187 413 944
65 777 544
975 983 135
803 467 701
189 41 41
398 9 135
416 132 55
256 317 764
441 775 953
981 492 348
857 886 351
466 113 430
353 880 678
697 381 885
589 649 845
833 305 833
718 421 201
547 29 267
106 676 850
421 385 937
385 821 847
385 796 741
428 851 641
342 301 41
374 466 109
871 301 416
733 833 633
260 626 728
528 175 213
921 415 201
896 37 501
725 87 301
793 211 285
601 853 767
83 267 913
705 345 729
214 245 661
674 957 756
20 311 993
719 435 39
305 331 516
705 930 309
173 641 246
989 891 209
119 633 631
226 567 556
334 413 105
727 668 805
106 524 265
568 15 781
729 960 381
97 541 866
857 585 420
117 608 161
771 961 766
320 362 464
186 145 701
279 353 435
51 667 93
26 57 943
83 545 703
749 21 264
186 655 489
398 337 629
611 767 381
957 85 621
281 979 42
840 805 23
930 353 536
721 976 384
185 57 541
985 193 37
670 501 559
569 30 681
46 1 749
239 13 441
858 715 955
736 100 803
727 771 245
1 801 501
433 271 749
993 711 362
551 457 761
961 841 867
470 785 243
277 93 818
986 177 1
116 613 480
171 566 1
483 474 989
871 361 173
356 511 85
57 337 921
901 327 888
590 557 464
325 737 641
273 349 353
807 266 152
118 327 41
641 415 401
1 650 593
441 67 295
691 151 841
449 41 609
345 64 727
990 177 329
105 850 647
25 803 201
162 302 803
869 361 833
601 29 361
427 279 897
441 401 317
30 113 881
450 245 921
210 959 678
889 199 716
786 205 121
947 251 225
731 982 977
62 259 83
887 561 151
233 41 633
501 301 241
555 951 741
39 500 445
901 937 698
689 951 113
965 196 97
611 804 945
969 787 431
651 551 967
145 591 126
187 855 676
442 997 461
6 1 741
276 617 666
21 249 417
989 208 529
377 531 242
435 576 306
306 137 61
761 199 656
249 201 967
1 233 77
610 725 417
937 43 574
456 377 321
441 721 841
670 196 107
217 961 596
689 147 425
799 926 622
944 225 545
303 606 867
69 396 66
701 322 300
281 531 329
83 496 718
817 81 957
564 667 951
681 492 487
178 241 333
86 361 431
435 97 882
921 989 82
633 432 136
241 911 581
215 481 950
568 806 903
461 901 591
751 785 560
266 392 891
494 900 104
29 1 921
52 741 249
861 321 57
891 584 524
751 511 401
213 609 327
732 993 673
841 850 996
684 761 689
312 590 921
748 529 19
174 479 312
633 244 929
96 147 17
735 601 738
161 619 683
351 501 433
925 863 841
849 496 383
51 369 750
761 149 65
976 751 841
7 865 321
156 621 981
761 961 705
621 321 176
5 7 463
801 189 938
689 506 894
467 989 141
140 711 62
313 211 905
251 966 249
202 919 146
993 45 601
651 741 433
76 953 162
937 21 227
850 370 261
489 167 838
932 253 901
361 19 876
416 169 388
434 808 213
925 757 313
957 591 737
373 225 399
403 55 29
679 1 809
116 85 940
81 659 61
833 449 640
618 321 587
656 141 322
25 467 757
125 665 97
573 41 405
939 284 104
7 545 573
15 177 921
921 33 361
706 468 466
799 261 781
407 437 111
92 76 803
694 391 639
81 906 387
961 945 101
391 312 356
91 81 881
542 147 321
137 777 194
461 65 317
291 146 371
429 181 859
682 795 587
981 521 265
210 609 339
982 466 297
814 936 649
21 377 246
573 271 181
189 796 719
723 167 804
401 611 685
857 465 741
666 550 629
156 140 401
91 465 710
697 783 561
945 651 516
661 728 321
448 1 536
223 753 405
809 304 318
375 259 771
941 830 669
273 945 425
127 757 109
741 147 195
837 269 594
351 414 549
457 740 480
189 609 871
641 533 37
566 735 697
851 362 481
993 847 375
846 733 675
702 223 703
465 883 490
205 429 936
561 21 977
255 26 349
193 337 430
945 863 955
726 594 36
69 409 451
611 71 54
303 539 521
33 809 808
781 233 567
203 273 153
266 786 100
261 601 369
737 750 985
81 1 850
418 593 569
726 563 857
241 729 506
377 247 445
914 895 494
661 906 422
981 149 416
401 991 250
321 757 457
236 593 933
952 457 569
481 951 677
602 548 1
936 413 893
301 125 249
538 63 53
657 941 961
413 423 977
760 815 429
343 916 217
584 6 497
608 556 529
24 455 371
135 413 723
311 783 290
537 81 168
506 751 363
758 497 391
961 827 267
636 471 117
617 291 257
121 503 610
645 417 101
51 831 461
387 339 813
302 199 977
701 657 301
117 173 110
97 320 196
310 175 825
951 362 465
651 191 853
952 671 941
62 649 441
517 995 825
448 577 791
525 293 902
751 544 544
126 901 301
381 774 403
16 229 663
735 629 507
601 601 208
367 316 726
227 639 6
486 465 965
920 871 523
71 206 485
359 587 711
121 551 129
501 825 583
177 177 561
126 70 797
476 246 151
994 181 89
321 477 665
588 296 845
865 999 705
589 524 259
733 394 873
801 763 219
35 521 941
791 712 55
905 883 545
839 806 639
465 474 703
751 455 481
648 769 866
59 889 868
179 347 976
263 284 76
538 217 939
153 986 265
143 437 729
337 198 881
263 719 901
513 105 401
836 381 731
401 347 751
596 611 501
77 510 263
344 909 985
221 51 449
561 731 494
348 201 397
359 648 393
351 376 199
769 386 649
757 273 571
281 141 408
117 776 789
581 855 806
329 452 601
833 710 491
76 21 767
181 687 739
37 219 821
813 607 534
561 737 997
761 913 649
513 790 364
853 985 561
606 949 198
319 826 737
551 655 285
458 167 297
465 561 675
346 573 626
137 593 699
321 199 426
862 118 720
125 595 293
626 486 261
635 880 501
91 185 931
447 108 601
317 1000 876
673 996 21
174 665 25
241 212 669
673 226 587
582 649 457
871 589 297
97 587 557
817 175 593
121 567 185
341 631 81
999 201 826
216 775 261
601 104 251
851 69 810
616 581 173
621 600 619
310 341 357
36 683 273
193 191 169
1 921 816
376 797 724
521 673 726
645 908 903
789 981 782
61 541 305
218 908 673
21 756 959
549 37 369
289 997 871
40 13 136
781 137 513
286 717 911
206 147 603
711 245 277
191 259 261
705 461 745
994 299 277
731 809 643
841 986 861
239 491 117
403 849 855
204 910 281
463 479 648
257 201 937
985 45 16
225 57 476
417 901 153
545 416 436
373 326 481
332 601 504
565 499 965
175 236 965
864 861 901
993 54 608
233 881 15
757 405 261
33 403 631
801 697 613
312 125 953
973 775 137
175 1 165
26 401 41
961 196 501
805 397 386
361 473 221
390 241 5
272 485 76
547 217 124
881 853 62
763 97 322
197 851 736
6 984 749
575 31 481
825 833 661
545 642 625
751 41 721
11 325 735
71 186 301
315 401 345
225 689 365
453 441 693
241 512 207
77 619 473
361 341 685
288 31 90
238 73 896
203 575 937
601 111 96
297 32 49
431 886 325
737 565 289
660 876 656
961 321 751
161 927 529
46 541 393
329 81 1
913 256 831
61 437 425
605 443 951
476 626 465
711 201 936
423 341 461
705 861 626
995 951 665
501 443 65
144 581 73
177 967 921
390 427 131
805 929 309
542 813 689
493 849 600
65 93 545
167 201 453
101 643 525
884 89 999
42 548 636
781 489 73
385 128 287
705 626 565
541 161 744
293 730 215
409 461 382
627 905 589
349 36 601
759 146 496
704 75 850
921 659 489
313 887 511
501 457 563
938 661 705
454 81 528
711 379 752
163 302 265
665 90 297
47 1 78
623 951 379
991 584 941
218 489 681
737 521 743
816 601 559
986 961 397
421 449 321
256 124 596
536 251 890
657 351 237
7 157 630
586 997 841
941 682 348
680 441 930
347 436 861
911 524 386
347 361 177
713 710 194
601 989 577
25 130 599
557 491 725
478 251 105
911 365 61
51 41 820
197 217 604
808 379 649
751 712 901
10 108 453
429 397 751
445 301 699
776 747 666
817 885 701
486 601 149
993 251 345
501 965 921
681 473 541
804 89 449
681 244 193
596 431 182
625 646 779
194 47 465
963 401 369
177 915 531
381 228 29
295 541 657
914 493 16
333 211 104
351 40 301
669 399 305
595 365 993
541 100 753
201 553 361
679 39 415
201 155 777
523 233 896
877 523 507
645 623 605
341 678 121
338 246 305
161 558 118
93 701 553
749 505 968
958 335 271
665 153 881
1 737 556
153 649 713
16 446 25
29 310 321
363 729 769
161 618 396
936 665 421
15 621 384
677 874 511
836 449 871
905 236 2
929 801 51
101 541 651
881 982 876
307 841 337
357 139 981
282 435 111
911 161 140
201 508 815
109 77 721
758 211 673
76 938 114
914 665 937
481 178 625
475 783 49
781 464 241
257 186 329
833 739 371
591 893 161
300 327 339
201 501 659
126 120 343
221 393 369
72 252 524
659 937 369
196 105 502
729 1 53
906 393 22
719 472 56
128 601 718
561 993 801
660 162 22
92 39 411
930 549 843
581 337 893
73 898 267
367 651 855
929 953 673
415 989 236
538 822 121
635 676 437
726 63 237
445 761 630
127 573 878
742 593 469
971 501 369
880 923 293
348 256 143
830 589 673
29 531 911
601 147 153
489 485 49
9 141 736
536 417 17
749 206 777
675 396 920
255 776 783
33 313 643
816 152 566
504 532 707
13 873 577
951 907 281
75 657 111
289 571 236
433 481 387
196 471 812
1 396 759
103 113 257
961 53 30
631 436 551
5 651 71
569 560 959
769 931 153
555 101 433
183 296 76
637 323 913
958 211 357
849 901 773
949 526 788
217 855 881
333 774 675
126 376 768
253 557 661
139 635 746
765 26 119
285 391 713
361 931 276
603 789 899
26 703 911
337 656 974
25 975 153
476 376 924
205 767 219
926 551 233
951 145 337
29 197 809
305 427 529
677 793 466
153 362 681
637 41 539
333 3 736
776 657 433
166 669 195
351 543 321
841 983 626
566 705 757
489 393 117
461 476 295
477 560 206
289 13 121
417 961 43
705 565 66
987 141 501
804 813 151
313 535 918
157 924 127
567 229 105
401 261 485
481 9 709
897 157 236
118 245 145
301 714 929
715 745 785
107 657 304
524 1 669
306 964 589
337 926 65
764 522 931
963 584 737
879 783 65
773 334 806
450 930 751
371 701 508
41 945 696
230 245 429
353 229 361
573 937 16
895 206 701
47 321 918
33 740 199
771 473 841
431 664 975
183 421 460
873 256 664
211 353 489
141 101 856
714 51 569
241 229 841
198 982 321
601 399 549
740 439 465
140 649 163
333 1 651
918 526 699
222 993 643
697 243 1
993 838 975
713 636 149
264 561 33
281 17 665
471 338 946
865 913 924
660 421 29
251 405 685
17 9 115
57 394 135
993 213 981
423 907 93
226 789 595
789 36 987
271 181 959
779 259 401
825 235 927
501 306 641
984 993 201
481 873 976
157 859 641
142 371 902
976 241 247
335 688 27
157 993 446
529 202 547
17 523 986
349 301 133
881 86 35
873 581 406
48 872 601
515 191 861
539 757 29
113 563 935
491 511 261
891 289 654
451 889 283
201 716 384
601 781 899
521 433 925
61 451 481
666 276 283
662 811 851
11 65 367
535 307 375
745 301 873
602 710 334
811 811 141
241 65 189
886 398 826
9 703 708
498 951 601
937 361 286
786 361 154
201 383 367
501 659 981
897 871 609
60 359 617
207 876 331
225 129 737
974 207 257
656 705 921
608 841 1
451 796 521
311 789 76
519 876 733
56 876 281
102 535 801
957 16 711
217 711 503
503 297 364
111 616 469
918 674 784
336 244 326
259 319 21
961 584 681
457 966 796
297 491 176
684 347 41
561 313 926
382 348 433
409 731 132
156 284 575
258 710 773
629 521 140
521 312 261
585 462 569
401 871 522
184 318 437
307 186 29
277 681 870
857 898 301
985 145 97
7 759 485
815 513 400
836 619 812
673 531 354
534 653 293
857 329 407
965 481 751
26 628 941
563 81 996
202 815 978
286 758 750
17 16 73
404 721 535
834 341 465
457 977 465
186 762 729
529 680 450
961 736 189
845 187 741
152 63 764
281 897 376
105 828 120
907 872 248
691 489 596
657 837 613
751 756 458
522 817 361
429 842 733
347 385 223
605 176 37
872 745 797
391 591 474
491 213 976
821 706 341
21 777 158
705 785 726
467 743 108
515 493 365
901 901 421
601 561 669
529 452 503
295 897 446
645 274 413
607 916 587
863 581 17
679 297 205
119 831 665
309 27 874
129 225 817
314 513 705
315 781 753
696 372 841
983 391 827
677 401 181
666 732 473
681 251 941
513 926 996
406 152 297
297 957 600
132 441 241
770 940 763
621 681 949
261 357 142
767 401 289
715 157 601
896 936 534
401 833 59
889 28 937
331 388 757
256 297 511
283 857 669
737 637 969
681 131 316
780 839 959
939 285 673
703 569 326
905 692 353
426 393 964
214 931 472
229 489 206
226 875 924
787 417 979
769 12 909
467 75 641
451 143 277
336 801 804
51 203 903
459 201 401
198 401 129
451 532 19
939 899 704
677 421 101
931 569 389
301 277 555
300 731 141
393 21 349
675 756 395
185 880 521
691 411 288
461 998 33
711 513 690
801 809 389
993 101 33
968 433 273
271 921 1
91 947 825
969 169 831
26 425 376
16 849 352
749 589 21
786 421 531
25 305 451
601 357 867
650 159 355
37 963 659
3 160 1000
613 667 676
400 42 633
969 337 426
435 167 196
504 873 465
948 57 617
881 346 485
586 511 506
349 873 859
349 380 617
429 751 387
703 503 253
162 777 425
967 211 881
34 187 992
505 519 886
82 886 63
613 236 704
605 477 224
527 80 603
643 697 556
892 103 831
835 313 881
373 625 656
145 825 1
363 75 135
737 185 138
463 811 751
687 805 93
77 917 901
911 15 729
241 3 795
540 465 34
749 76 596
929 552 896
521 455 145
997 353 497
185 572 459
345 917 321
1 951 424
529 691 269
521 849 441
236 371 200
705 461 966
935 6 161
886 693 99
345 459 301
753 785 121
137 586 839
189 321 238
31 995 593
997 130 383
616 971 21
105 170 141
182 901 663
105 331 479
851 985 755
491 433 481
353 1 81
187 377 741
735 801 889
347 322 801
199 416 511
575 372 81
288 889 195
171 180 26
897 601 796
841 993 441
814 545 693
857 789 57
451 289 1
851 81 139
316 845 497
696 889 343
619 313 257
943 561 120
697 1 477
432 263 711
311 65 701
485 533 17
549 877 561
437 11 633
461 161 861
377 723 409
730 626 480
758 136 553
601 657 601
343 654 357
714 684 121
438 789 39
539 373 273
164 725 953
204 561 1
921 945 577
201 78 988
717 3 691
325 145 657
885 721 151
249 179 959
918 455 235
991 305 577
715 541 989
433 956 261
851 200 162
345 771 733
213 489 676
996 887 241
689 501 537
890 265 441
460 241 769
631 61 81
73 504 881
917 283 776
257 609 513
989 475 701
479 84 985
599 638 913
251 721 843
48 591 505
126 217 720
401 617 161
476 279 993
544 397 890
635 789 70
129 943 951
417 642 17
513 185 381
401 68 383
581 641 933
109 989 687
440 286 249
565 726 596
857 293 303
889 101 601
818 745 49
201 521 605
651 408 751
313 35 441
31 600 489
315 529 878
166 201 9
547 943 951
441 199 380
613 326 941
977 339 533
309 645 681
857 931 561
501 347 633
376 361 484
857 50 551
141 241 921
169 126 457
623 881 671
711 463 48
217 196 535
792 195 417
250 681 395
675 569 641
509 372 130
79 205 451
722 921 69
139 553 367
391 600 277
336 898 251
41 511 361
615 36 768
267 811 771
993 961 426
285 204 239
911 37 73
491 321 405
241 507 703
577 577 313
193 623 209
250 113 750
418 751 945
242 993 341
147 199 621
850 138 961
544 101 659
79 554 361
555 849 88
21 903 497
149 701 167
651 449 24
201 933 173
621 93 801
137 69 271
381 981 173
913 716 35
621 561 502
787 692 761
510 601 330
301 251 681
279 904 663
301 811 33
381 641 1
131 265 502
301 897 555
830 190 579
97 689 461
119 78 311
591 521 123
246 839 465
935 961 586
376 81 63
765 391 131
501 201 932
953 45 813
345 721 251
21 620 981
251 621 826
632 488 787
983 901 625
721 657 934
313 339 374
983 155 726
921 775 321
876 363 421
705 59 671
771 501 983
521 162 185
104 959 595
476 409 402
317 721 663
347 977 905
91 79 331
561 979 11
783 945 965
626 953 859
570 670 341
956 424 813
187 357 345
26 929 629
196 66 431
751 587 651
49 555 852
457 709 769
151 925 436
452 529 411
36 945 541
873 29 242
785 21 136
586 97 857
91 241 439
448 336 445
758 771 139
802 70 384
189 501 713
297 829 751
877 189 351
1 851 780
669 901 714
341 639 299
29 14 441
202 567 613
201 595 719
501 429 605
653 469 45
993 955 577
500 426 865
254 680 621
951 751 181
201 564 669
308 591 57
945 75 653
751 17 726
700 690 557
149 913 261
915 351 277
305 427 56
849 731 681
129 361 374
201 31 361
403 818 801
351 615 878
297 435 148
551 797 561
429 523 809
376 409 900
401 561 324
703 953 913
196 606 151
257 667 226
381 491 881
941 567 782
226 625 909
377 621 763
259 734 951
200 251 455
393 936 481
921 336 623
989 61 621
843 481 997
721 521 237
406 157 41
426 509 733
121 573 653
991 423 809
67 376 407
757 31 321
238 929 829
461 493 881
997 577 201
535 171 280
701 557 76
341 655 1
874 946 969
97 353 691
889 952 737
777 645 681
521 216 627
53 351 993
426 741 881
526 641 601
185 226 454
751 371 882
625 683 293
109 131 671
840 201 681
849 551 702
334 510 853
353 9 715
261 456 617
814 536 515
113 46 307
45 598 708
259 269 689
351 751 951
207 396 945
209 301 657
341 864 145
688 201 927
600 301 581
949 859 773
24 755 883
81 371 749
521 379 405
280 794 200
377 115 851
461 475 323
276 139 631
361 721 827
106 1000 705
611 581 705
569 887 474
362 72 215
334 201 61
30 300 533
442 489 161
81 553 801
253 1 625
145 985 633
762 613 191
3 191 429
390 887 817
163 457 611
446 426 451
887 751 971
761 161 333
151 809 1
811 248 341
531 528 721
409 613 420
481 915 351
808 955 217
149 567 645
667 249 403
877 478 566
571 801 472
689 241 383
371 648 507
935 624 497
721 487 737
801 789 821
603 731 832
913 439 329
584 311 816
673 345 765
31 413 465
12 876 126
632 769 24
49 224 614
551 51 541
361 866 673
23 217 809
851 318 899
825 959 323
53 705 776
591 233 180
44 917 477
61 121 879
146 225 937
626 623 601
226 461 451
202 477 751
519 505 21
431 917 673
851 709 52
217 721 723
571 714 651
41 19 353
369 151 93
986 743 185
601 625 41
573 653 237
345 601 79
89 303 889
393 713 401
836 353 159
55 703 661
547 513 493
696 721 536
967 631 444
857 393 609
434 980 473
39 304 785
313 469 61
685 552 333
804 189 697
585 721 755
571 901 801
616 831 364
965 665 897
505 295 431
432 621 581
887 6 883
726 96 116
242 27 710
781 585 569
313 585 975
277 101 633
927 405 583
715 550 455
761 361 51
655 481 381
783 815 821
894 605 261
971 283 426
411 711 371
229 171 201
213 473 241
401 841 564
509 395 129
121 411 697
194 551 431
731 361 861
669 509 425
157 801 177
714 756 207
696 676 149
241 209 22
569 329 151
261 587 396
885 980 425
929 575 447
265 296 911
416 261 163
393 61 956
193 522 489
681 153 507
840 329 689
534 45 491
667 991 475
561 729 944
21 668 33
124 977 426
119 501 520
545 198 47
737 556 651
479 14 376
501 625 926
221 27 549
833 352 879
673 891 526
225 659 316
601 422 326
681 5 729
700 370 51
174 898 357
306 866 566
65 369 121
721 459 165
733 460 905
307 425 94
863 310 501
175 849 601
529 557 175
924 675 985
993 666 244
961 355 483
541 133 636
81 905 766
289 7 81
509 407 547
361 693 416
289 962 831
76 945 593
994 151 894
201 977 511
265 901 792
457 130 116
945 165 563
763 251 136
987 658 1
73 565 641
389 1 112
929 440 837
933 234 713
474 275 141
549 165 409
1 771 233
997 643 641
735 337 411
761 25 609
649 337 537
281 879 202
249 883 583
206 913 405
621 181 826
189 949 703
437 535 756
921 561 176
833 689 455
637 9 425
391 605 971
322 542 136
869 432 521
271 919 376
181 217 735
777 65 841
491 131 765
921 591 565
745 119 241
721 973 778
180 601 376
614 693 257
376 154 79
533 485 936
281 505 156
511 593 813
367 641 781
762 681 739
753 641 27
121 721 976
596 73 381
441 501 473
