3413
626 601 296
668 497 136
113 766 210
529 541 709
121 826 41
849 129 615
347 782 103
909 66 663
160 238 547
841 224 925
267 844 590
585 801 673
385 19 221
927 121 329
881 449 539
269 665 381
321 908 33
999 361 457
473 75 873
773 222 799
913 382 149
131 537 211
163 226 857
226 81 151
797 936 373
855 824 153
603 97 331
371 126 509
397 433 233
240 427 131
951 640 388
181 145 878
51 209 777
549 61 155
172 184 712
81 828 580
383 233 825
551 837 221
891 118 979
411 35 855
961 331 717
751 330 876
974 546 291
961 379 241
241 401 643
66 157 31
689 784 379
233 978 25
419 729 89
397 497 281
425 794 437
168 76 541
51 361 815
833 701 863
787 351 159
733 266 190
177 251 86
808 317 512
551 13 436
893 829 680
601 332 488
941 894 805
49 380 196
153 961 409
759 603 239
705 935 833
81 667 417
221 861 749
485 49 426
31 402 231
501 276 681
49 513 442
173 90 977
583 173 505
711 437 940
425 553 53
632 903 73
671 421 89
633 267 544
665 881 263
846 701 161
725 457 908
111 901 859
903 601 850
699 41 775
646 384 25
789 128 637
101 825 201
823 85 251
603 385 233
846 625 346
429 56 89
751 661 441
536 65 211
361 526 145
433 153 688
883 163 861
153 641 761
777 12 288
720 933 501
110 281 921
778 831 401
921 289 151
18 506 947
67 929 803
201 501 463
960 786 437
215 578 850
687 83 1
985 433 357
756 663 549
349 923 245
206 93 51
146 745 286
937 783 507
849 281 546
533 497 2
766 981 751
440 185 897
351 456 237
10 190 161
734 169 706
824 996 945
7 185 677
226 33 353
932 81 251
270 705 161
281 316 786
830 233 811
7 236 41
347 409 111
5 861 19
53 526 241
722 763 990
294 111 681
354 372 415
833 226 743
922 535 889
976 945 853
133 114 679
131 249 690
241 274 801
49 183 437
305 881 764
651 426 183
497 788 73
345 33 15
311 491 121
157 215 163
486 841 351
710 931 398
843 697 441
424 717 920
351 835 131
561 551 347
841 611 369
188 69 237
440 866 864
134 291 59
361 181 905
927 931 841
169 505 421
969 250 849
147 949 129
833 935 994
121 885 49
257 835 677
378 465 11
341 745 315
473 175 77
252 966 501
737 45 657
411 302 761
851 25 76
441 504 476
795 517 21
591 716 787
153 751 241
770 942 201
377 232 739
921 365 91
149 899 213
529 873 596
481 829 385
675 295 925
521 551 537
289 113 225
848 496 817
969 355 3
314 49 399
356 370 179
1 547 506
475 755 586
541 801 24
561 51 739
817 76 661
241 265 635
312 361 681
801 761 840
795 763 654
638 286 971
257 535 346
260 513 241
77 5 457
977 809 836
661 329 701
877 581 280
703 155 481
65 99 953
189 922 572
577 53 807
787 939 501
349 231 981
807 160 673
151 462 941
117 651 121
6 285 201
213 189 667
581 487 752
221 299 475
793 813 17
596 465 17
706 628 665
881 185 911
17 635 705
532 921 261
794 847 483
269 81 922
202 793 421
861 518 585
537 4 856
519 940 903
721 958 401
163 721 379
410 718 293
611 509 536
201 457 593
126 89 133
1 95 670
808 551 866
401 381 362
936 740 611
362 297 306
137 75 233
569 854 269
911 395 621
466 665 281
553 617 761
385 551 359
597 577 857
796 281 841
465 13 461
145 127 301
241 910 269
937 629 166
991 901 171
962 801 341
581 371 374
633 541 887
717 78 329
666 322 357
511 84 161
921 84 407
1 693 99
721 289 447
145 729 281
804 95 158
719 956 156
329 63 633
106 841 781
561 179 777
656 826 369
656 689 758
919 977 689
141 309 137
2 481 336
640 141 37
258 881 527
373 97 195
244 833 479
251 722 701
3 951 483
100 393 195
519 411 663
8 385 31
611 726 209
170 573 246
901 581 459
593 603 489
961 323 110
296 385 121
225 245 424
431 481 494
936 890 345
609 788 562
199 851 901
961 607 743
846 701 989
175 251 395
721 137 974
875 860 891
545 841 626
98 239 265
984 25 81
93 86 84
57 41 325
816 266 125
493 788 857
605 841 841
861 591 121
921 957 602
517 122 193
281 16 943
676 431 523
704 401 601
50 624 17
804 325 825
993 805 255
909 617 550
90 873 777
275 567 169
132 982 878
689 943 825
321 66 613
96 741 592
649 297 331
593 821 996
530 9 525
705 769 801
37 706 739
909 205 192
79 810 201
906 898 465
241 57 251
520 645 165
526 587 451
541 881 793
18 85 380
691 755 709
176 202 997
145 992 937
431 144 369
1 433 325
401 657 623
961 19 374
369 939 193
771 990 801
525 946 137
588 726 898
248 749 846
966 969 469
692 677 41
845 977 79
323 843 187
141 145 257
351 578 249
566 566 5
913 235 756
843 759 993
503 57 833
799 251 89
821 293 221
11 57 701
331 911 217
883 669 393
236 228 60
446 331 761
36 605 131
677 935 561
431 576 283
629 581 121
737 401 57
199 61 261
412 775 193
479 501 183
870 36 190
955 191 361
502 185 207
111 255 487
849 816 661
346 249 442
504 151 149
751 33 229
401 998 148
102 57 473
838 963 216
779 371 235
77 301 771
585 78 650
876 905 513
391 578 228
617 191 251
761 956 59
901 636 512
537 415 545
887 167 517
573 965 626
980 132 606
193 425 697
801 726 86
901 461 791
471 440 139
160 391 287
777 556 518
635 10 701
601 633 251
927 711 981
942 949 448
131 84 625
859 881 31
793 299 705
291 449 429
956 252 914
877 649 309
134 316 292
672 365 965
921 185 581
533 909 131
585 37 822
895 301 34
981 396 801
496 365 780
998 273 785
1 931 749
201 313 840
147 921 341
149 296 93
801 637 511
140 145 129
61 626 81
355 433 112
981 721 217
361 751 279
59 125 39
601 62 897
1 685 465
276 475 499
319 801 35
613 331 253
387 33 651
366 253 799
981 281 883
191 180 778
89 383 265
115 413 999
666 946 631
983 539 17
817 341 129
607 255 675
725 845 441
901 241 201
81 721 971
201 501 449
33 383 65
821 297 888
697 957 391
297 355 251
556 901 835
946 521 921
583 721 241
380 895 16
799 4 294
665 433 771
321 741 381
480 995 173
511 551 617
1 911 244
625 97 151
682 841 287
780 32 521
931 11 897
51 491 26
692 849 992
145 728 957
725 273 809
582 577 733
83 301 649
524 977 98
961 995 341
879 604 581
671 349 417
485 47 72
547 631 63
553 15 977
281 13 953
211 269 426
1 119 421
616 945 841
473 1 138
796 351 27
488 717 261
615 909 529
563 627 321
985 743 375
625 366 89
920 933 833
691 197 341
422 283 481
741 841 781
844 51 889
145 561 677
443 249 531
724 81 322
903 691 481
837 657 413
517 25 611
371 441 649
401 323 437
131 619 917
641 529 593
499 450 427
725 32 248
890 377 381
477 289 539
457 926 13
493 968 225
465 181 21
771 753 715
792 69 277
721 746 847
929 19 529
46 306 439
481 321 446
477 966 901
473 976 591
817 852 409
619 814 81
612 331 295
913 968 545
20 206 186
359 151 626
249 777 961
970 337 53
151 897 707
741 875 433
539 889 425
57 513 605
869 482 806
873 417 5
837 564 529
595 485 769
83 467 822
538 154 401
453 993 371
623 901 673
381 913 189
21 716 25
203 711 749
215 753 201
953 305 951
503 3 529
313 842 659
696 681 41
825 593 687
377 676 187
679 515 213
201 306 571
57 159 652
581 63 686
191 961 669
633 861 894
121 923 162
485 802 937
937 549 42
185 446 375
328 369 995
797 681 244
496 665 325
393 657 327
53 901 953
601 571 984
321 61 453
381 179 571
917 381 846
175 701 833
639 113 957
151 555 725
779 577 460
101 721 856
113 761 551
197 601 581
656 2 681
547 265 479
501 546 793
741 763 640
109 593 25
249 466 316
661 384 981
537 977 733
186 851 305
501 956 914
894 304 20
694 472 969
331 184 207
417 825 991
845 810 977
207 285 333
529 432 729
73 555 560
361 633 545
801 671 489
809 1 329
327 167 226
841 999 969
661 281 637
488 510 523
757 101 225
90 951 601
15 431 553
661 87 21
593 392 921
231 513 892
257 913 617
573 273 833
3 673 758
876 921 607
899 363 629
450 967 835
102 871 981
127 607 321
498 553 781
41 142 970
913 274 592
740 176 935
590 892 601
196 407 556
968 781 387
432 321 241
105 991 237
921 297 3
998 705 256
25 491 97
789 405 388
21 681 685
726 219 959
837 45 590
817 488 109
396 671 216
741 573 557
172 833 881
694 887 51
111 331 242
827 935 587
946 141 163
111 579 455
781 985 526
575 404 141
635 947 223
546 81 609
696 761 1
921 148 85
969 956 289
201 915 831
841 169 236
670 429 233
665 313 769
105 989 251
501 481 526
301 173 749
316 304 431
401 281 433
933 857 671
439 293 585
872 209 345
457 943 369
225 45 603
807 757 1
111 155 331
91 501 1
213 433 337
646 985 111
941 134 650
827 343 1
945 811 569
991 737 237
234 281 690
740 549 941
291 807 145
491 851 620
249 665 375
301 828 836
309 38 185
585 753 301
529 385 721
649 156 945
633 237 457
941 945 449
989 590 305
797 601 305
253 681 1
521 966 662
705 97 59
823 449 156
249 871 81
833 221 206
221 187 439
19 197 501
843 965 929
931 666 573
180 46 381
790 111 221
954 317 113
173 592 171
78 881 933
971 571 651
541 693 842
369 897 967
805 712 159
851 361 515
439 41 849
587 117 115
511 473 649
269 381 192
851 326 1
583 757 449
33 278 465
841 193 161
11 626 801
573 985 511
247 132 252
481 901 251
305 345 246
66 681 97
191 829 422
701 928 753
697 56 55
996 276 631
1 971 901
593 17 711
485 692 573
901 194 732
401 236 265
181 873 355
860 506 461
461 509 921
329 675 944
773 511 381
145 56 671
277 329 787
427 329 545
821 108 326
956 951 435
36 911 357
857 705 907
971 413 386
825 94 303
825 105 301
779 844 990
220 37 64
57 561 928
316 190 377
675 681 81
471 943 572
839 87 819
298 913 841
187 301 481
401 97 204
863 559 193
87 137 131
377 497 156
300 412 801
771 691 1
639 85 867
116 3 663
976 664 301
857 885 355
141 941 595
25 74 773
146 793 868
241 11 880
489 241 1
55 209 596
955 489 263
171 192 683
351 742 497
518 948 683
693 983 41
621 931 295
453 171 86
131 169 581
73 285 141
362 455 179
381 854 81
23 500 57
628 641 45
445 751 421
651 569 197
153 217 465
193 245 617
413 329 791
969 385 330
226 340 525
201 523 488
25 522 791
753 12 1
360 73 781
583 771 316
467 925 321
917 711 9
874 947 345
61 143 869
497 61 681
303 711 905
849 821 481
500 626 673
641 730 167
28 238 773
891 345 889
611 201 185
385 405 781
181 801 883
71 132 144
901 959 321
939 590 861
161 275 857
151 115 893
775 54 275
440 389 747
165 234 621
842 689 11
120 375 152
3 251 661
275 413 73
999 651 231
552 945 681
146 802 962
305 845 153
307 365 420
929 9 159
553 847 161
401 558 784
948 213 921
835 687 373
654 921 405
336 36 98
753 103 275
774 465 51
567 517 961
601 181 962
556 373 321
173 363 351
896 56 262
441 673 832
595 409 637
701 501 107
541 397 309
243 221 901
89 889 417
281 209 54
111 81 783
251 127 97
251 450 563
929 547 443
425 304 585
975 121 31
525 897 136
613 661 86
631 506 985
769 929 421
751 43 401
97 763 769
976 161 904
969 129 237
61 729 841
193 429 723
375 862 89
31 1 94
916 825 731
623 809 202
409 745 704
660 239 761
265 41 221
175 811 345
351 129 901
192 667 941
571 61 501
249 255 228
240 969 391
91 393 527
951 663 945
705 577 141
426 6 337
401 981 300
134 241 576
487 514 855
167 955 5
776 109 390
173 501 686
921 121 881
464 681 836
177 791 41
51 887 581
595 751 562
768 141 351
851 639 866
433 540 141
918 471 565
500 496 409
761 981 287
696 26 116
721 957 23
985 115 461
457 751 637
929 769 91
609 1 881
137 71 125
201 725 585
675 426 501
211 393 41
195 657 447
781 276 281
111 125 1
239 181 293
865 175 57
751 851 877
526 716 436
107 181 955
264 569 219
726 910 227
391 120 559
987 961 586
481 208 439
992 451 827
605 461 81
695 169 427
205 260 293
75 355 237
705 91 603
229 661 41
404 649 363
285 421 337
169 640 585
812 165 785
559 995 272
201 825 779
241 779 185
356 611 275
890 188 272
137 29 413
977 151 257
801 574 265
622 261 537
526 705 983
994 97 414
219 341 896
945 305 388
248 78 436
429 713 502
986 27 881
631 501 101
865 215 507
977 137 445
153 873 266
873 462 477
537 81 874
849 961 350
771 213 832
338 697 57
395 73 866
501 182 16
23 927 466
873 369 696
436 485 848
651 806 909
593 545 869
365 272 876
884 321 891
201 792 217
636 236 709
98 839 51
859 35 441
420 916 1000
801 255 211
137 531 441
681 790 209
649 441 451
604 946 514
631 121 753
101 523 425
756 557 713
841 161 139
953 912 526
465 809 985
389 73 466
705 418 83
205 185 743
521 821 1
917 387 595
527 506 519
108 104 877
297 298 99
172 971 311
123 934 754
341 161 891
751 470 411
240 281 461
911 96 299
94 701 65
603 688 181
537 897 141
254 61 985
961 69 266
370 336 381
231 486 327
623 993 808
707 825 38
793 161 881
293 65 441
661 811 269
336 67 173
709 625 327
842 501 975
311 876 662
27 45 841
586 748 612
719 31 425
606 826 929
601 111 161
151 528 607
833 41 653
909 661 701
657 832 841
1 113 879
508 553 65
10 586 911
177 961 182
561 141 946
686 673 116
136 67 62
365 313 181
291 396 221
871 481 105
300 89 961
423 521 440
376 101 54
705 380 535
121 389 115
637 73 281
55 817 29
181 921 501
65 116 13
921 541 832
417 811 701
517 151 386
948 281 705
856 649 339
823 400 487
60 980 811
767 451 1
561 401 363
501 614 527
441 825 43
63 20 769
131 333 105
501 881 641
452 273 241
459 352 881
144 454 102
921 341 292
251 901 151
529 970 920
577 213 921
841 805 199
827 517 607
881 110 246
21 365 853
145 121 651
926 609 85
212 876 721
479 547 521
476 507 123
926 171 451
367 241 427
273 527 751
709 781 616
663 1 356
111 741 1
785 357 566
161 753 921
499 293 337
915 701 455
978 194 661
311 715 292
391 481 721
795 726 189
661 246 105
357 187 25
187 887 971
335 27 91
49 149 878
576 953 465
668 159 933
958 561 681
137 650 509
683 705 927
351 25 761
751 161 951
577 226 939
695 197 908
833 674 244
665 114 809
90 427 85
365 441 449
535 418 985
46 140 169
786 222 753
729 501 101
597 51 693
23 607 273
81 881 34
225 210 759
481 209 327
741 141 660
571 74 233
623 461 882
343 801 921
117 577 364
121 845 529
980 885 837
573 31 635
619 885 696
801 832 641
189 748 988
17 227 901
685 25 656
90 995 741
70 693 40
945 260 835
485 747 76
37 991 588
995 125 957
101 291 116
911 717 575
457 701 741
663 485 641
203 881 275
214 16 91
307 11 351
324 181 613
321 313 33
566 265 865
854 333 220
867 296 715
542 111 101
975 851 795
956 817 935
67 785 237
226 405 281
649 686 165
540 383 241
356 798 796
131 438 121
11 670 305
881 153 264
921 221 161
733 185 85
393 381 913
251 455 375
284 402 623
40 542 33
109 154 651
961 557 294
619 113 781
382 951 167
355 3 643
421 674 383
783 464 151
305 263 907
255 599 392
713 897 471
515 577 5
363 341 641
598 831 957
467 417 893
1 801 121
966 575 751
148 637 51
745 669 236
65 988 111
454 28 613
873 609 239
525 850 601
937 301 611
181 655 973
447 401 897
532 151 653
883 539 603
641 313 43
979 473 404
775 801 1
689 805 326
716 15 451
247 305 961
933 987 169
57 238 945
26 321 178
71 849 625
13 507 945
317 433 281
202 323 904
323 755 587
456 45 271
353 493 661
324 689 177
908 810 441
880 747 641
949 133 465
225 129 261
325 216 841
69 631 456
674 85 361
521 151 427
476 186 705
401 987 386
302 893 533
611 980 909
971 365 757
792 284 197
715 650 69
41 357 609
648 689 37
341 561 601
145 501 833
366 726 753
278 97 237
237 323 177
482 550 201
376 837 483
305 889 30
449 365 639
244 190 369
441 73 175
793 397 416
221 717 525
447 1 261
277 255 833
69 533 784
250 183 398
377 901 751
707 145 601
734 689 337
205 771 68
641 809 528
519 398 941
519 450 281
237 861 343
976 97 36
185 120 41
97 406 705
423 954 308
464 301 173
501 846 411
213 927 736
329 149 633
3 781 625
433 451 254
967 905 441
558 552 121
101 86 5
901 573 371
230 191 283
759 283 849
861 661 733
927 732 275
933 9 17
518 153 636
687 705 986
551 341 572
781 695 549
361 563 361
47 791 994
209 793 736
457 243 689
90 223 710
869 823 741
704 446 642
126 346 55
859 406 889
121 51 545
281 32 846
249 514 491
135 177 939
393 691 133
363 351 271
705 651 17
489 388 721
727 373 109
815 696 337
211 206 171
433 559 225
967 996 774
61 630 389
508 404 529
695 911 690
997 251 975
718 929 962
280 246 576
712 920 957
472 617 257
319 297 443
73 198 61
194 425 141
849 131 763
729 335 236
201 721 316
505 139 952
423 481 63
700 493 801
793 825 1
171 358 832
321 876 401
361 60 742
569 156 241
399 25 879
910 198 666
503 497 625
133 839 527
620 226 730
49 733 321
756 147 545
847 776 6
551 177 136
9 58 749
454 809 201
55 666 161
20 813 807
193 977 884
126 226 914
465 881 281
482 25 921
262 425 351
885 109 439
377 961 45
859 231 694
861 639 297
668 452 648
913 751 713
465 251 401
958 971 801
381 901 245
601 143 609
485 67 251
737 837 191
189 602 758
643 661 369
441 517 612
423 184 459
318 416 878
321 525 123
709 513 435
781 537 721
305 537 969
701 722 391
461 121 745
429 111 960
193 872 603
473 651 477
393 187 386
277 983 501
324 49 897
517 481 959
905 414 627
369 990 327
499 201 466
20 565 251
661 233 450
575 969 20
977 1 417
179 246 561
195 695 939
691 649 225
489 931 73
193 99 185
273 887 705
236 542 327
105 812 459
581 721 966
614 135 279
521 809 709
73 981 398
581 751 805
209 375 197
257 673 948
625 377 873
881 761 456
689 649 61
827 826 901
181 377 701
141 857 571
497 24 281
797 247 490
959 545 680
741 425 500
180 665 593
270 45 945
891 129 810
477 451 581
179 791 944
393 339 483
411 814 761
609 377 719
777 376 985
53 769 683
81 826 511
645 675 905
677 557 63
937 665 881
135 909 13
411 894 553
191 977 50
729 431 301
801 729 781
966 985 768
915 645 877
391 804 213
47 725 985
347 1 431
402 281 457
985 657 761
259 244 514
901 469 936
49 576 759
473 351 763
605 881 918
433 899 249
187 801 941
649 888 437
815 211 501
601 289 777
14 1 269
501 751 539
89 739 961
429 264 61
629 239 476
337 509 117
951 837 686
217 530 861
693 609 340
133 553 81
974 781 405
513 423 1
607 370 901
609 451 502
291 999 88
955 707 891
937 793 748
1 941 29
587 630 336
537 681 789
481 454 378
801 681 281
658 855 363
81 76 177
510 467 313
446 353 881
871 341 725
229 891 706
599 215 126
111 1 801
381 573 153
841 741 169
797 1 271
25 462 879
855 473 111
422 683 961
576 867 292
711 705 410
326 797 364
601 7 4
135 634 501
955 818 876
469 249 609
671 61 721
31 201 498
207 1 449
40 321 346
716 310 495
241 380 416
591 473 751
253 845 841
217 361 90
721 359 970
573 685 713
581 310 575
777 309 102
912 113 49
637 483 91
817 901 411
808 514 629
933 901 921
113 955 840
873 129 405
581 277 142
201 455 830
889 405 618
881 495 874
800 867 578
541 889 845
5 889 385
59 967 265
781 81 646
729 1 801
520 976 461
265 241 623
111 881 792
362 704 817
92 478 17
561 501 641
499 101 17
441 303 851
561 129 538
331 891 102
629 709 817
751 337 733
641 697 101
901 857 501
145 325 111
861 165 297
658 339 677
643 651 925
543 101 51
755 295 23
691 73 379
229 199 233
426 271 781
677 985 841
677 498 413
997 941 515
41 309 936
226 216 462
800 851 685
937 615 651
521 153 397
381 1 335
853 69 295
273 807 404
57 186 456
944 376 752
753 699 961
189 855 551
691 453 373
990 105 626
121 590 567
449 771 57
449 696 142
455 701 321
607 659 958
481 585 486
201 575 701
33 496 764
818 545 926
29 251 1
401 361 611
947 781 435
1 553 202
514 115 521
901 11 321
905 817 501
28 410 231
661 707 401
471 419 814
877 425 680
276 551 681
513 699 551
123 359 310
243 345 951
595 695 806
81 826 625
895 251 601
191 260 919
761 501 489
734 969 321
469 221 86
647 985 749
649 806 416
453 3 793
708 467 246
62 468 97
537 560 293
806 224 841
375 399 751
785 945 995
945 951 673
301 405 59
501 483 779
504 21 55
121 981 57
277 273 181
637 696 156
521 153 415
427 562 81
209 751 801
431 227 785
233 469 393
844 606 752
701 212 513
82 664 15
711 297 775
339 993 377
378 348 209
287 781 531
101 161 449
627 809 900
205 721 966
1 601 281
796 650 693
220 793 763
553 356 593
395 873 318
841 221 895
141 963 788
651 677 63
281 731 345
402 981 501
781 125 397
197 381 368
230 999 421
585 1 319
750 557 881
192 236 701
59 628 940
236 73 386
176 820 889
349 177 629
874 324 519
496 648 851
614 961 434
801 623 81
559 531 121
345 110 6
764 29 856
756 597 901
551 123 267
103 501 153
327 240 161
173 511 478
351 361 15
85 589 366
377 961 281
586 451 301
713 848 281
417 233 361
47 541 341
301 243 850
653 283 311
505 326 649
385 539 553
729 862 126
998 724 185
66 87 46
1 765 1
620 305 451
412 416 521
715 601 561
951 331 561
731 687 817
757 696 473
917 31 567
596 14 499
250 671 641
724 193 471
883 281 209
541 801 706
825 711 832
267 134 39
337 715 617
191 229 425
337 856 345
919 737 26
501 29 245
894 951 966
786 510 41
850 920 226
487 816 496
499 735 501
813 881 77
468 801 141
303 517 293
492 1 922
668 414 347
821 273 410
705 26 75
629 207 799
961 66 990
712 651 563
747 833 445
551 561 436
561 231 854
401 29 153
361 534 749
405 169 445
607 817 801
367 775 9
805 357 586
197 192 503
56 393 913
99 301 961
411 765 865
683 741 299
241 23 201
801 897 761
889 635 679
78 151 801
634 769 228
347 133 149
163 585 651
529 796 361
745 433 920
655 182 297
585 851 950
152 353 98
241 905 31
641 210 889
862 954 401
185 253 374
27 233 401
441 619 259
633 991 21
433 511 85
81 713 962
873 241 219
981 409 611
236 810 549
493 156 905
901 537 385
501 195 645
121 991 559
947 54 461
683 405 74
810 546 72
259 101 861
831 97 466
25 741 625
173 993 505
677 9 875
936 774 81
345 413 450
776 741 61
573 473 937
791 4 751
785 469 677
665 530 597
855 52 795
162 225 625
617 825 659
729 752 696
361 181 115
601 73 751
401 846 647
709 231 683
367 977 873
373 767 335
357 194 317
896 345 29
461 466 596
433 897 779
774 905 391
961 146 843
579 237 326
399 993 396
373 499 626
309 961 617
291 441 353
996 911 256
599 146 333
451 555 839
983 316 111
62 781 902
573 465 701
281 501 319
601 451 277
717 390 477
161 673 915
701 351 113
301 141 884
377 25 696
475 283 757
416 187 81
704 425 285
80 551 151
725 881 926
802 455 519
537 57 451
149 541 589
432 225 301
279 849 713
833 491 967
737 128 855
911 437 470
63 705 593
346 522 473
669 169 541
1 793 481
252 195 286
401 229 449
161 961 975
929 461 181
68 456 845
695 923 98
831 971 673
707 945 423
982 321 706
308 385 478
543 477 751
70 75 723
641 369 185
657 101 614
697 241 989
820 846 761
43 985 999
729 843 8
473 985 681
357 99 255
797 305 677
26 421 9
969 495 136
691 220 441
131 749 401
29 651 725
127 804 546
181 553 877
526 249 31
179 938 771
797 751 565
725 701 817
593 598 166
531 6 941
89 44 430
681 876 457
531 498 866
114 667 711
665 959 881
437 101 619
489 953 905
713 205 661
131 539 205
577 876 950
617 886 433
379 415 13
799 981 893
19 935 539
81 22 195
265 361 907
553 609 634
913 30 791
208 635 377
793 589 329
969 137 876
196 891 846
651 497 691
101 361 873
428 127 881
609 601 303
825 809 790
772 721 861
637 743 701
939 829 685
973 451 310
814 372 793
471 457 171
431 597 604
89 21 953
341 257 845
501 49 811
247 169 446
547 225 657
385 426 976
849 370 289
979 138 367
933 1 213
369 433 393
677 285 147
265 917 731
801 949 496
101 699 511
285 32 809
302 801 666
325 697 481
257 651 113
241 234 371
683 49 785
632 865 42
631 187 565
410 298 41
426 854 431
49 799 193
191 427 729
201 257 857
265 417 32
111 969 279
757 331 998
616 699 585
937 581 145
739 117 33
737 851 663
29 931 241
821 602 479
466 172 462
101 841 973
613 925 345
954 573 290
539 849 481
960 501 251
161 768 561
137 933 951
623 123 597
806 283 336
493 900 713
229 139 667
321 347 371
5 177 613
710 993 851
475 238 813
713 631 177
38 220 981
621 537 687
281 111 717
689 847 409
1 45 165
240 223 727
211 315 473
246 641 496
398 26 125
81 475 201
380 341 631
522 511 783
969 849 374
241 816 481
423 229 279
684 203 169
152 527 33
151 745 816
243 25 205
911 777 505
985 306 1
656 879 843
11 129 97
736 811 857
51 941 575
389 26 75
987 749 751
669 801 261
721 324 431
933 654 461
921 327 804
371 473 361
627 929 71
505 161 620
551 976 236
642 576 161
565 681 226
369 305 521
421 603 485
241 632 335
604 721 669
607 793 53
401 265 415
674 503 51
693 961 931
881 694 656
981 716 847
821 623 681
965 807 649
153 401 1
62 1 226
158 293 760
321 965 339
637 126 663
679 465 41
136 746 361
741 761 248
454 713 873
929 929 561
957 837 883
253 912 213
695 422 41
325 255 380
367 41 721
553 201 994
238 473 965
341 89 191
699 413 681
937 621 381
805 708 849
247 485 687
641 199 81
362 11 676
345 651 551
42 617 463
612 64 669
123 41 231
533 85 641
760 345 866
901 811 969
47 807 289
1 161 329
526 515 145
236 177 857
507 160 196
746 112 681
876 893 641
560 675 75
885 503 889
243 321 918
903 395 784
875 815 235
873 886 876
771 94 211
601 459 981
539 822 326
629 345 281
41 951 261
47 957 985
17 892 460
391 513 779
283 261 929
795 709 281
459 423 896
97 829 161
101 881 756
613 321 790
102 841 176
699 675 781
697 244 774
518 229 255
537 661 705
589 55 485
349 551 856
381 955 646
703 907 923
427 469 943
985 913 843
521 3 852
398 707 15
561 265 672
746 869 197
751 895 203
43 293 101
339 281 25
601 728 714
790 803 611
897 465 295
178 289 883
411 953 442
177 361 945
905 476 610
506 189 643
691 109 795
265 577 793
821 163 811
42 785 986
979 158 25
849 631 536
673 161 986
443 201 597
407 373 561
640 257 339
473 788 95
41 715 750
533 51 433
28 984 30
896 985 685
417 137 33
1 376 441
817 221 331
865 611 357
29 581 121
897 151 581
489 833 590
716 401 21
131 857 151
57 530 353
473 842 935
567 548 421
159 241 859
375 353 397
891 927 109
70 863 879
93 625 320
394 835 301
523 847 747
147 801 681
473 745 720
601 1 422
821 351 971
831 669 73
221 471 77
561 551 361
321 251 881
139 626 57
425 471 77
187 919 31
801 706 438
481 513 986
602 87 69
159 101 65
515 856 166
426 999 26
444 581 692
786 233 149
645 381 823
307 37 243
101 131 589
983 485 521
181 624 565
801 809 453
867 89 980
993 642 277
604 677 153
979 854 707
504 590 288
141 338 76
911 509 493
241 401 876
262 311 9
791 234 711
337 96 255
63 786 783
281 521 695
327 352 579
361 956 141
836 305 422
766 83 260
231 976 923
788 901 60
341 401 607
264 571 52
897 727 625
395 93 781
581 301 961
630 321 136
441 993 851
849 261 47
489 649 41
777 601 787
137 986 611
877 85 981
821 69 442
337 606 859
501 473 953
501 957 890
641 541 717
301 729 595
413 528 601
99 31 998
689 401 873
350 95 536
151 874 953
765 872 626
481 959 806
600 201 401
712 341 69
143 387 301
91 75 403
673 516 13
949 405 547
121 929 466
391 193 856
591 501 1
591 251 985
118 83 545
36 708 736
983 252 983
854 179 636
73 207 57
553 517 649
97 439 367
865 529 31
981 803 185
193 491 321
153 51 753
209 421 581
226 991 419
71 597 27
709 103 105
199 121 201
395 971 511
841 971 306
334 41 411
791 967 153
856 416 159
697 411 261
121 129 815
133 209 905
873 81 835
859 70 411
717 5 677
49 409 477
570 975 201
881 362 614
845 65 755
275 241 125
427 660 177
818 408 654
168 347 187
726 685 333
741 178 949
620 313 733
477 51 390
201 606 511
624 336 41
286 833 889
96 200 139
437 573 782
912 257 889
618 969 767
689 761 965
941 607 221
983 310 637
783 289 201
152 196 237
11 9 473
831 110 541
840 620 633
884 215 529
847 327 268
825 111 57
674 353 596
763 401 385
681 573 495
469 556 313
269 973 291
572 301 408
741 679 355
668 410 907
791 61 157
405 45 361
771 113 838
571 64 931
111 507 636
673 273 576
761 654 978
721 605 735
766 897 942
293 581 961
689 981 376
329 217 111
281 493 481
577 521 617
721 161 551
611 821 271
777 145 514
594 627 63
421 721 521
913 844 729
582 665 825
844 481 724
733 195 233
966 139 63
194 873 311
25 215 457
29 190 467
939 481 521
937 241 246
829 293 836
191 399 894
721 184 426
901 146 342
801 241 803
703 622 337
465 337 342
457 831 555
55 51 51
625 587 537
62 453 52
771 539 550
370 79 584
921 71 145
743 588 296
97 513 913
45 954 241
356 991 311
241 849 216
637 821 467
373 631 95
465 796 873
946 577 993
995 673 913
213 907 396
535 177 294
37 651 705
637 1 154
657 781 501
437 527 941
253 709 38
176 941 17
131 579 246
347 946 641
201 461 975
141 272 1
209 444 954
809 405 21
145 660 287
365 931 270
501 899 901
501 316 549
801 457 379
556 809 348
769 633 449
103 933 481
269 164 969
451 707 912
881 461 510
815 179 611
601 465 652
741 849 80
673 876 324
331 551 441
786 633 741
737 861 577
730 151 776
369 338 785
893 799 415
197 359 785
929 296 486
616 729 217
953 865 118
433 285 465
491 508 407
251 101 674
992 86 589
377 137 474
151 703 889
535 776 746
84 987 688
263 609 787
11 855 85
401 306 276
791 577 651
762 921 553
641 647 91
433 975 88
356 661 897
446 838 645
917 449 366
429 698 902
585 401 214
661 241 909
201 438 706
831 651 721
245 609 815
825 618 641
751 838 490
257 889 585
165 701 856
21 735 727
988 186 981
691 892 461
661 783 491
67 297 648
809 191 65
533 259 986
381 591 153
248 416 453
977 761 769
680 933 680
905 21 864
489 911 665
227 469 826
633 121 96
49 737 687
485 921 533
113 27 753
64 321 407
64 721 156
117 761 865
31 751 383
921 764 933
155 771 28
806 950 621
614 393 481
665 989 477
324 648 617
73 457 151
1 5 856
752 418 51
426 479 941
353 602 349
557 177 232
582 81 621
130 33 376
401 560 841
617 66 799
771 562 455
703 439 846
145 681 201
669 783 689
201 773 381
161 393 908
254 745 321
412 89 945
917 809 901
621 957 549
409 397 721
111 560 149
202 101 841
379 325 473
321 801 455
815 315 61
101 291 868
717 452 571
601 749 97
526 541 581
223 161 263
310 220 315
757 907 701
751 635 305
709 673 937
179 731 446
761 535 715
655 706 141
231 521 681
681 55 602
601 716 186
213 355 173
998 541 465
813 907 475
603 476 207
713 476 409
537 627 515
501 25 915
854 815 821
587 859 1
215 505 21
719 725 556
865 409 481
229 921 103
508 361 773
391 988 387
205 27 233
89 726 327
445 581 474
961 811 172
376 586 169
931 306 55
330 429 361
797 603 369
793 993 751
195 401 321
101 676 841
845 58 68
837 496 982
361 361 393
801 553 773
541 961 773
150 700 212
742 481 551
905 769 337
149 649 901
717 273 551
761 1 3
321 753 337
201 61 706
414 33 583
901 334 489
737 310 717
103 541 351
654 855 901
809 391 505
361 796 173
712 495 13
498 809 920
737 601 841
467 549 501
625 934 715
991 929 71
596 625 758
82 825 495
651 982 320
967 633 73
949 261 267
247 507 400
771 521 817
13 347 751
545 438 593
217 523 185
552 406 369
583 81 667
827 524 844
673 51 197
185 21 591
550 651 280
690 505 737
704 429 893
872 506 76
151 985 888
101 201 379
977 62 597
878 789 739
998 621 721
426 131 242
143 969 943
913 655 437
895 626 85
903 241 17
453 769 426
71 611 685
61 95 264
162 85 345
451 644 261
105 580 320
353 252 543
849 913 561
673 947 377
345 966 665
191 107 149
861 3 601
201 700 375
320 51 17
353 323 429
233 577 189
453 166 996
376 137 787
38 201 617
466 547 460
537 46 331
898 184 323
319 519 851
753 404 475
941 35 297
819 353 721
271 669 863
521 223 793
489 166 731
777 801 125
625 713 449
635 963 767
505 225 485
847 537 346
663 873 559
689 721 779
667 153 867
231 337 532
355 635 28
994 296 405
661 896 902
201 462 493
6 696 917
161 134 277
219 638 14
249 217 198
665 475 860
632 47 582
311 996 869
395 996 689
7 621 98
290 476 401
337 853 864
693 283 501
445 121 334
41 419 786
690 664 314
989 516 53
251 721 749
21 162 214
501 103 897
1000 151 699
21 193 149
583 771 61
921 361 867
265 777 627
433 585 113
553 401 221
241 441 123
810 809 49
125 421 266
841 133 851
102 493 251
713 757 376
169 637 9
349 105 918
924 781 801
563 673 134
516 75 723
756 639 293
221 459 921
865 789 76
941 830 767
699 465 706
431 76 71
295 366 215
866 889 191
778 25 869
801 81 1
989 37 545
762 106 881
963 704 277
501 473 746
941 280 959
102 471 780
501 472 301
953 717 69
167 589 40
435 521 646
785 981 57
349 495 848
53 183 701
73 881 544
101 681 201
529 409 425
352 464 148
655 185 652
886 155 813
379 101 536
31 932 75
511 91 921
735 212 22
397 554 31
801 189 61
489 641 81
299 776 209
237 257 449
771 497 697
883 441 185
653 391 16
151 749 525
53 817 241
356 423 876
118 102 368
217 307 761
105 6 801
943 181 139
733 97 363
33 229 705
39 111 934
126 443 798
881 781 960
35 97 969
415 759 615
441 882 609
794 281 401
581 17 171
513 489 817
99 971 369
149 307 836
206 402 600
527 650 988
991 719 957
999 701 95
209 201 705
501 699 568
399 996 25
373 981 737
671 89 586
513 479 242
591 881 865
651 837 140
529 577 577
50 441 526
597 953 489
547 485 417
177 935 593
525 853 602
329 965 985
371 806 153
553 35 419
31 296 120
801 661 997
845 773 769
276 905 17
351 527 273
560 81 501
571 81 526
27 11 125
231 333 614
209 821 779
925 177 749
651 279 307
826 701 917
914 766 505
910 241 716
947 337 383
158 957 148
573 481 621
141 356 551
329 834 434
49 162 106
633 313 233
533 548 663
801 891 613
143 157 593
766 409 226
657 843 911
865 234 921
921 241 906
571 851 231
91 73 241
409 411 676
801 475 301
771 853 469
291 949 943
124 42 81
681 411 151
801 289 651
795 281 481
537 155 107
802 223 932
906 489 161
316 37 789
25 305 991
561 719 965
21 297 215
909 937 341
274 801 561
489 280 556
236 517 248
711 431 913
645 745 41
617 245 592
105 601 987
715 333 25
217 661 117
177 633 754
349 1 913
751 641 361
248 567 252
829 281 666
218 393 389
109 863 761
22 421 139
795 622 282
80 17 49
501 1000 641
985 856 793
216 297 425
905 656 139
279 605 928
323 809 364
897 251 943
133 278 281
728 536 361
465 401 426
599 561 97
1 193 95
371 76 965
313 537 326
464 203 242
48 341 29
745 916 214
13 961 951
957 209 305
289 599 492
276 273 774
156 379 167
976 753 970
145 743 457
397 481 181
511 601 391
486 378 533
501 897 357
553 906 716
467 425 865
203 551 235
868 401 653
921 281 587
137 661 89
529 891 621
59 305 519
151 557 701
334 116 385
605 921 365
833 614 682
473 571 273
981 413 460
382 557 989
577 146 701
33 531 609
868 105 239
17 52 341
587 901 51
125 860 765
393 174 453
359 667 93
332 351 67
905 369 917
315 971 368
609 626 341
207 600 177
885 447 196
659 113 291
801 50 973
481 402 322
479 180 93
857 519 747
325 985 889
249 684 476
735 760 807
632 213 698
371 551 725
197 351 457
401 169 485
363 713 665
751 853 697
219 22 631
581 537 925
680 833 449
699 639 49
292 332 110
641 961 801
659 583 60
575 257 225
921 194 65
941 276 201
81 334 401
650 291 881
489 119 846
503 856 301
979 771 729
108 426 205
361 761 509
316 392 965
606 710 666
921 314 215
141 791 659
597 501 529
396 341 136
729 713 481
826 981 765
577 999 433
406 120 86
57 306 901
721 639 503
377 785 901
809 146 543
49 924 536
413 641 284
751 51 686
424 91 553
333 756 441
225 547 881
871 641 981
461 1 37
564 307 69
647 549 201
593 322 771
674 456 693
803 441 726
219 841 348
381 416 594
961 965 251
829 425 521
985 794 881
676 230 289
115 846 521
822 84 745
830 165 678
463 497 887
533 685 933
541 681 935
116 705 243
287 941 217
743 201 756
376 401 206
598 746 521
481 745 27
240 498 457
234 263 109
718 687 497
389 276 421
531 85 421
217 530 107
669 526 281
128 185 926
259 501 233
71 237 205
386 921 597
833 616 441
343 890 241
516 312 921
956 251 801
859 681 557
937 977 313
568 829 156
760 123 856
723 131 401
92 655 983
347 454 765
353 675 270
427 681 101
738 769 825
187 576 141
153 479 52
589 811 931
376 229 617
41 501 781
913 533 180
668 649 997
71 426 971
969 731 671
733 44 424
326 106 416
966 861 429
51 63 689
591 857 361
199 7 743
825 255 365
381 369 913
641 651 201
197 337 349
579 327 861
669 696 537
977 417 241
951 930 261
761 465 126
665 383 741
569 401 911
94 403 119
429 107 572
605 545 664
45 829 950
511 977 612
436 300 353
841 380 782
431 571 739
951 919 657
249 627 221
565 77 449
930 401 937
521 601 535
833 919 525
451 581 409
909 865 491
25 515 101
340 409 379
831 121 385
131 961 575
901 269 553
15 745 73
593 474 193
191 889 481
376 716 116
96 586 277
357 792 111
325 931 877
201 557 342
525 561 264
661 839 815
646 631 922
392 149 801
544 801 947
593 733 441
186 9 556
97 851 658
851 617 249
281 768 605
93 444 465
96 530 363
999 573 993
905 366 719
226 291 1
326 201 1
373 199 802
909 89 556
201 657 539
819 296 305
41 1 473
213 601 27
158 761 431
103 551 907
141 678 712
887 447 11
511 385 985
931 777 25
209 379 86
261 369 709
817 1 64
193 169 757
113 705 551
101 441 201
241 660 297
873 715 459
993 961 310
889 295 201
378 676 826
133 980 737
781 121 506
805 886 524
441 137 789
375 969 761
201 241 929
576 271 181
995 297 246
281 946 341
336 51 687
451 705 906
108 397 993
746 57 417
416 803 621
837 236 56
701 135 917
489 691 241
973 385 189
657 45 105
911 127 126
881 108 828
321 697 889
402 763 165
41 133 56
126 655 544
379 741 889
489 592 201
97 46 449
560 581 34
673 440 196
713 21 319
356 301 309
797 579 490
912 457 277
39 276 641
621 903 626
953 9 800
875 377 809
597 111 441
23 728 1
689 913 181
407 401 217
716 71 629
212 73 493
691 1 593
65 889 209
493 605 803
917 359 771
76 137 881
743 853 89
780 873 521
463 71 749
98 600 529
926 121 783
711 369 673
457 471 376
941 267 193
961 136 633
449 616 527
121 461 377
941 501 705
975 849 949
177 609 367
629 960 817
81 271 901
358 528 132
3 57 936
298 551 141
77 577 903
965 686 41
485 857 103
41 381 101
685 457 407
709 739 719
686 761 592
661 135 661
193 585 365
976 901 599
573 205 137
505 261 241
417 781 631
124 189 466
501 176 770
757 213 676
981 620 892
123 670 301
49 433 121
641 981 878
421 917 648
243 557 826
990 871 521
475 861 321
423 451 222
861 53 39
559 49 899
425 640 21
236 778 201
187 151 469
345 704 331
671 391 359
544 919 506
473 189 319
220 474 549
991 139 719
981 351 607
591 116 54
740 213 901
990 97 634
649 777 126
500 1 958
177 467 163
176 191 282
467 734 479
448 226 371
465 507 70
217 120 641
896 818 109
383 841 217
689 21 272
269 649 612
217 351 41
717 401 799
315 873 312
819 233 861
881 201 191
179 757 144
529 841 740
726 817 513
208 826 1
951 927 663
923 133 846
501 725 155
941 901 468
147 301 945
811 329 577
12 461 236
146 733 321
143 181 483
49 361 381
649 809 427
156 817 949
736 664 761
136 935 520
125 791 949
553 617 329
244 61 961
583 623 559
456 969 805
433 816 976
945 513 26
501 271 921
125 637 569
844 794 651
561 927 487
199 167 897
563 106 415
401 651 756
106 56 949
857 33 973
705 198 327
186 917 617
501 239 41
471 512 681
501 302 233
569 110 605
798 836 273
190 251 596
613 250 265
31 617 361
873 331 299
747 181 543
881 343 317
939 243 84
110 137 361
697 887 139
681 591 826
169 760 801
982 957 26
511 622 161
719 702 909
653 945 460
801 25 941
446 505 65
785 601 624
848 897 713
149 576 181
161 126 881
297 706 631
421 531 231
843 138 841
207 401 713
801 263 136
689 417 3
361 921 591
955 880 411
726 836 401
81 539 364
441 271 408
481 414 105
401 339 455
447 840 444
858 785 831
401 522 401
266 521 846
318 992 765
628 204 545
761 811 105
659 29 519
151 658 275
736 211 292
118 923 311
241 745 73
305 924 281
187 258 121
190 801 619
429 381 137
503 22 917
221 959 689
275 209 795
671 367 711
775 853 549
177 800 49
309 353 274
751 51 949
289 236 159
204 581 93
873 136 152
233 975 81
256 693 613
187 529 737
849 430 970
148 535 641
405 881 809
170 501 266
45 869 269
136 521 401
67 991 781
225 993 666
601 913 601
601 154 31
929 321 303
921 341 830
895 449 17
751 121 733
705 165 537
669 493 871
886 601 626
176 89 568
651 133 141
121 649 939
508 380 487
751 576 577
615 671 535
796 833 9
457 377 691
986 91 53
520 305 809
593 246 509
191 758 495
690 133 101
153 809 159
55 651 546
141 156 473
677 524 625
150 700 126
725 489 29
339 636 314
973 313 435
765 909 41
528 1000 76
77 766 576
859 191 657
766 611 671
911 718 737
852 289 69
862 351 929
464 604 557
126 749 407
111 459 56
429 811 84
285 406 481
887 367 25
761 699 121
957 853 639
221 624 281
325 339 261
840 920 540
527 471 211
945 609 151
619 889 976
947 492 835
642 821 256
161 476 881
316 694 81
73 51 171
893 481 101
406 545 81
332 992 585
270 772 677
23 41 321
569 705 929
925 93 665
935 489 721
966 501 929
961 817 1
585 756 551
365 576 5
398 833 260
837 260 209
736 255 718
615 873 401
41 631 696
147 961 409
397 272 767
926 741 330
611 565 969
901 577 696
61 485 340
377 323 46
401 701 744
865 189 8
691 801 361
81 849 943
482 666 941
347 748 41
625 301 625
761 181 537
49 525 426
161 163 489
94 63 597
3 751 900
185 676 928
443 920 501
984 503 321
542 521 75
536 545 821
754 526 433
516 697 491
597 409 879
939 425 901
325 820 266
74 551 585
8 446 199
741 747 918
329 129 682
506 607 541
881 933 752
409 653 147
826 465 713
558 661 891
326 451 119
651 661 203
391 181 573
738 45 641
681 240 733
192 697 577
576 713 152
945 841 248
245 963 361
414 521 153
860 429 721
769 41 582
751 41 169
597 625 23
279 715 990
816 101 653
883 591 949
907 459 844
122 390 209
988 951 421
496 813 1
111 404 697
841 626 813
737 703 681
681 155 239
312 449 980
810 738 281
713 467 445
573 301 787
351 297 374
651 985 119
425 137 722
249 323 673
481 398 385
593 507 511
994 193 423
289 393 224
789 19 126
811 335 610
694 145 533
51 57 413
771 338 501
855 941 605
966 919 445
981 391 337
451 250 279
126 185 21
48 629 505
117 676 976
282 501 65
515 685 840
713 253 725
777 349 846
801 151 368
821 760 51
347 837 159
819 333 611
659 887 501
266 667 301
861 501 111
601 787 333
197 561 693
773 901 577
53 809 769
321 103 837
283 239 795
911 942 841
959 101 831
635 96 854
413 177 942
303 961 71
591 665 917
809 751 413
152 993 232
921 167 273
951 385 381
426 728 261
776 221 705
463 455 192
719 121 725
61 50 506
701 860 777
681 716 321
422 536 688
67 285 345
189 990 868
511 993 971
241 11 300
560 79 69
