87
442 637 41
176 10 41
235 183 60
710 818 67
474 733 26
818 75 93
674 349 76
99 689 9
143 88 16
142 743 96
346 547 20
378 931 89
612 577 93
422 320 77
688 221 67
871 794 17
687 229 41
335 149 85
9 620 8
591 394 82
545 873 15
902 309 83
794 102 14
235 318 31
126 334 59
310 278 8
372 643 67
557 347 86
311 489 85
333 430 49
495 482 5
321 385 1
526 660 76
345 193 7
190 291 31
454 645 74
817 545 44
965 491 70
443 278 89
718 892 73
570 401 61
480 600 41
220 404 43
218 829 40
765 808 54
696 905 13
613 685 90
778 253 39
259 499 90
819 353 97
174 274 44
795 408 82
741 84 16
959 583 13
887 581 46
914 781 60
941 958 32
147 582 22
243 101 86
585 258 18
801 813 64
390 620 85
266 423 46
631 626 59
592 304 64
959 623 54
3 705 14
117 724 29
673 650 14
668 678 7
265 81 6
943 261 88
185 165 77
38 565 86
901 478 32
224 647 93
685 16 81
77 26 87
852 765 19
897 931 6
89 154 43
913 143 18
353 751 49
371 293 97
87 40 85
610 120 48
805 209 28
