3442
69 372 384
101 789 21
308 657 451
209 345 234
601 931 525
329 951 625
273 197 843
227 425 203
241 633 639
857 729 666
415 99 121
731 215 419
810 363 153
361 779 892
72 234 338
618 981 916
861 961 441
161 537 221
899 245 953
868 438 251
289 965 661
776 792 204
263 575 956
831 545 791
751 543 27
996 727 529
301 61 571
289 749 909
383 583 232
473 711 236
485 101 553
701 689 971
16 389 585
168 371 247
677 63 123
681 452 373
583 83 692
227 201 338
527 1 549
395 223 927
649 138 151
705 538 1
309 971 646
956 801 12
261 521 147
407 281 167
487 941 813
638 276 191
573 267 335
961 83 965
186 741 745
65 801 321
269 495 435
467 401 969
185 607 825
446 11 601
343 887 912
238 95 726
663 205 506
479 883 946
308 414 881
841 781 601
265 693 229
625 607 768
481 184 257
251 261 79
730 51 313
204 681 401
151 876 251
876 159 855
205 187 750
637 121 293
218 516 409
665 457 31
1 991 104
143 537 341
826 201 285
866 131 1
280 175 733
405 521 96
441 301 741
340 6 512
369 301 650
707 261 923
159 881 763
587 257 781
801 326 455
856 506 763
17 684 275
37 601 761
342 686 975
329 241 745
751 251 411
369 169 121
451 901 759
13 17 401
555 913 601
531 197 289
373 106 985
625 824 109
455 690 791
345 889 345
513 509 731
851 921 977
161 825 641
232 929 523
393 693 685
169 811 283
1 257 865
77 101 746
597 743 376
201 501 118
451 365 11
253 498 281
199 337 381
83 109 579
201 349 97
881 987 29
457 561 183
451 595 955
825 559 860
580 9 695
641 986 314
176 366 89
501 558 161
163 103 43
749 441 580
413 301 439
381 511 993
481 169 211
801 324 251
189 301 535
126 494 65
403 475 815
801 501 439
261 743 193
625 537 783
589 397 431
865 34 91
488 164 683
440 133 737
334 476 387
616 216 349
974 325 863
701 779 629
450 801 789
751 269 900
415 972 465
109 905 992
677 462 273
624 25 209
41 196 137
403 397 511
951 766 136
744 201 676
441 801 163
646 277 101
457 1 205
884 788 701
576 161 736
201 937 133
30 41 425
681 633 14
182 960 853
77 751 737
231 49 525
716 784 463
41 95 329
640 721 761
114 981 980
921 446 104
246 705 953
674 605 623
671 703 918
61 89 616
85 701 959
455 901 441
13 883 946
393 858 97
353 929 757
731 277 433
381 442 273
55 893 245
563 211 571
147 656 416
277 121 170
959 425 112
521 934 89
877 754 791
281 803 587
46 1 734
21 7 153
445 601 357
937 376 650
861 339 401
425 583 529
641 521 285
395 973 847
77 933 450
527 642 629
286 179 202
177 473 471
967 851 699
106 425 300
549 801 615
843 40 471
772 806 355
147 247 277
304 719 251
777 415 776
578 905 489
677 645 446
21 539 521
626 273 593
426 272 676
726 765 853
69 304 579
886 421 190
709 1 169
833 799 569
731 3 480
755 801 283
927 232 458
435 278 733
726 783 494
81 735 353
301 513 321
297 32 617
665 895 786
801 721 748
853 418 687
571 93 257
434 61 297
550 863 124
713 371 221
961 782 233
191 110 565
356 461 695
101 343 131
988 123 207
641 205 586
603 614 704
61 380 35
53 825 743
991 761 369
197 914 463
905 281 466
603 189 112
289 709 280
153 865 619
961 865 493
25 993 484
485 282 142
37 511 271
341 775 97
953 511 86
631 401 245
406 841 146
600 26 195
441 319 371
191 521 384
3 966 1000
533 881 678
924 257 727
761 967 529
633 77 441
562 837 890
301 700 449
361 579 433
41 461 59
120 463 141
665 119 901
921 851 184
221 735 41
943 888 745
21 111 489
401 506 177
109 277 985
631 401 535
191 889 217
181 409 129
130 561 291
593 596 93
529 595 173
506 377 433
375 551 731
951 240 585
851 141 901
526 228 906
417 748 393
373 56 311
120 917 809
748 383 59
449 713 642
617 937 945
355 371 445
777 719 671
284 209 811
217 445 971
891 816 185
641 337 201
309 112 281
465 331 413
53 346 323
215 82 223
125 490 409
697 1 537
327 817 614
520 265 406
195 902 793
361 305 1
845 399 417
179 281 800
697 32 759
945 149 297
246 945 290
205 14 903
838 143 829
792 613 693
441 342 707
395 421 511
235 111 328
106 56 967
619 75 93
820 599 371
373 131 467
667 715 942
566 40 219
346 421 600
545 369 988
169 694 553
27 191 886
253 596 213
503 405 78
221 461 932
257 88 153
646 750 273
504 51 776
981 361 874
377 385 441
70 981 712
785 509 633
527 717 202
81 26 386
836 461 665
402 801 551
705 542 633
647 76 701
14 401 606
163 493 827
286 707 406
215 171 881
181 931 481
671 431 651
591 681 124
311 336 154
731 769 390
991 821 315
621 513 81
701 552 801
101 802 621
57 413 713
469 41 295
794 501 211
191 884 935
347 359 976
555 296 506
449 176 593
337 61 641
981 626 17
549 953 477
82 873 551
748 301 947
971 911 445
876 216 441
357 491 781
578 975 953
845 301 401
725 821 319
891 228 161
819 501 332
451 421 176
91 565 229
961 65 1
345 13 165
636 887 963
81 881 317
764 231 857
392 879 461
296 781 808
649 209 842
409 39 27
1 426 957
849 561 78
451 367 645
729 751 107
421 109 153
921 425 916
528 462 110
801 672 346
244 513 969
402 691 881
628 220 360
561 1 705
509 587 86
641 836 701
157 983 441
353 552 917
341 990 401
327 409 801
593 817 87
491 353 555
438 963 217
445 761 62
979 511 487
935 905 701
713 766 246
365 738 145
913 133 821
805 369 245
159 241 421
529 656 677
301 732 41
521 663 873
572 201 348
741 996 66
52 387 26
697 915 550
93 869 329
767 933 3
491 43 479
869 509 777
921 726 435
561 822 106
171 559 481
846 453 863
997 993 751
646 953 527
921 439 864
691 983 265
543 285 403
587 586 751
121 24 409
375 725 189
411 831 601
954 665 202
53 580 81
993 141 273
945 109 244
831 926 353
281 77 730
217 301 281
659 743 261
381 744 771
401 949 981
889 629 516
758 130 901
921 166 529
936 76 953
773 285 857
469 115 864
309 1 1
557 40 753
473 760 337
769 177 158
545 132 656
89 121 61
684 785 345
151 244 579
275 861 856
745 401 233
813 625 833
985 785 337
313 581 604
956 387 361
85 677 213
306 453 505
931 125 71
579 25 57
477 223 233
161 861 859
599 211 81
691 481 366
793 909 876
441 209 757
953 593 977
596 482 633
661 193 501
834 543 932
355 106 471
961 487 664
604 689 333
969 717 71
286 182 209
209 717 241
966 346 300
217 869 201
787 939 76
678 853 771
62 989 376
676 423 960
321 913 797
931 886 893
131 218 203
256 751 629
695 361 873
586 596 481
705 477 760
513 631 125
514 193 375
209 74 71
989 871 877
946 143 739
721 346 201
380 75 781
683 266 901
433 801 582
571 669 976
745 797 366
776 44 913
341 751 30
467 697 615
876 550 56
837 713 281
193 433 225
809 449 597
331 201 447
255 49 302
621 568 334
265 245 201
93 520 289
411 551 786
70 152 72
78 617 952
426 501 369
201 881 763
573 675 180
449 111 193
341 215 81
131 551 797
29 603 257
601 687 394
107 775 217
840 176 256
913 277 891
468 199 88
523 37 101
434 273 851
649 7 361
327 210 963
897 953 513
51 17 444
921 171 746
310 775 595
558 485 305
9 659 808
805 996 767
739 421 997
229 102 513
448 801 906
730 586 377
473 34 821
679 823 33
979 996 572
381 741 736
375 391 895
465 741 739
574 43 848
321 104 697
181 151 881
265 480 421
871 397 786
759 923 657
38 737 696
775 627 521
686 217 191
659 21 963
421 796 657
35 601 367
606 57 785
230 726 712
179 56 344
719 579 931
126 401 745
506 111 545
9 665 297
663 249 25
921 349 617
721 445 928
449 609 499
929 506 411
151 591 961
9 86 715
28 375 376
683 835 138
822 256 749
201 341 325
829 381 86
432 766 149
919 129 521
241 41 554
301 680 281
873 321 449
111 415 897
854 983 713
191 1 995
393 39 425
842 525 281
991 185 792
741 156 403
323 615 855
555 21 489
269 767 161
967 384 565
325 837 759
469 265 493
993 905 819
1 805 161
523 673 213
711 777 741
14 841 468
652 904 131
136 522 781
87 125 1
935 307 478
653 941 441
632 429 349
337 611 876
271 801 261
143 491 938
771 961 931
865 262 185
725 989 533
9 193 315
321 136 261
109 571 281
19 709 481
910 459 201
541 488 586
897 3 767
892 226 476
665 683 341
731 230 545
186 593 913
477 183 165
933 623 16
533 941 823
201 9 966
485 711 1
966 953 597
201 769 277
884 71 85
526 775 993
47 344 869
441 129 703
89 946 162
738 849 17
442 277 945
633 419 516
908 667 291
325 281 23
495 153 143
549 319 193
462 357 321
161 243 97
743 711 539
747 955 809
6 641 691
179 881 375
425 249 735
591 185 801
593 79 251
153 199 305
470 631 431
961 255 126
675 501 971
39 883 601
558 755 884
706 376 981
361 857 692
712 982 801
157 207 473
287 516 953
105 25 301
271 146 501
683 37 372
162 361 842
234 32 269
278 49 827
229 73 685
591 437 761
527 862 389
577 289 281
872 277 89
331 459 281
467 43 219
937 267 37
626 547 637
193 659 881
301 952 609
113 843 901
543 287 369
249 277 909
951 193 476
883 41 373
159 979 330
323 441 837
197 908 484
57 396 86
204 219 860
565 117 981
263 847 240
238 865 985
361 611 207
210 477 691
891 963 984
542 951 96
822 1 298
49 571 576
814 761 193
529 21 976
89 589 1000
435 753 497
685 554 681
116 382 441
72 547 993
65 844 299
550 739 157
501 405 781
165 181 993
210 673 699
405 904 521
289 158 620
529 457 276
31 65 291
240 289 845
333 450 896
463 801 109
271 846 525
201 889 998
985 841 951
273 701 389
194 562 499
629 577 193
778 392 98
711 721 61
841 644 951
721 957 947
976 941 321
841 441 921
481 981 837
953 27 597
469 171 307
251 971 9
481 147 451
801 751 501
521 155 118
885 793 715
270 725 703
476 586 954
329 511 217
149 937 751
756 532 486
583 185 676
3 377 326
634 467 174
621 935 205
236 553 621
111 71 129
6 176 409
501 789 777
145 66 825
761 442 193
926 501 808
221 49 673
147 649 559
537 464 511
201 421 674
449 207 493
791 581 427
341 866 233
482 234 652
717 697 906
829 190 625
61 116 671
261 531 891
617 261 681
777 305 712
854 951 634
796 601 266
737 299 361
880 151 738
207 241 936
645 338 56
856 969 209
2 765 781
613 848 610
601 671 801
788 465 593
653 485 161
731 651 421
441 313 505
403 385 605
861 886 148
527 863 247
834 607 201
905 257 631
253 770 676
405 905 105
257 517 51
296 881 529
273 837 273
401 489 574
936 877 509
577 883 271
869 937 437
171 443 851
357 777 461
176 679 601
236 889 173
946 329 89
34 967 889
334 411 499
277 551 806
953 453 481
192 630 361
27 405 735
881 733 938
801 343 245
15 245 417
329 485 634
252 933 329
817 374 974
153 817 740
601 179 817
248 481 739
109 161 969
321 461 920
677 131 603
119 751 11
170 921 441
52 801 313
51 180 869
606 924 742
937 141 571
711 831 397
522 201 81
467 395 753
873 422 841
824 897 53
75 533 951
845 475 410
201 641 561
785 313 917
189 17 897
3 307 993
296 761 210
421 151 330
397 361 891
493 901 989
801 657 686
306 973 312
179 9 139
583 569 833
783 984 551
781 101 717
311 769 481
921 477 999
879 387 21
781 406 450
241 977 141
325 537 41
451 7 800
882 649 210
106 965 596
167 658 353
657 189 160
125 641 666
796 889 412
556 589 341
260 383 779
661 824 301
505 143 117
471 561 701
471 522 673
673 204 61
210 716 182
471 814 476
378 843 406
533 345 851
292 157 609
127 718 401
337 393 1
817 740 991
794 593 65
371 587 290
366 356 657
928 334 417
693 909 236
519 165 510
910 941 356
317 239 233
89 361 681
257 809 605
617 972 805
387 676 851
221 138 451
321 289 521
591 9 913
393 921 531
817 161 817
841 971 969
633 701 705
482 617 431
376 941 253
731 26 781
513 921 589
649 529 816
977 201 481
5 453 312
223 351 105
331 201 385
834 121 651
710 105 779
544 185 223
656 769 257
681 131 371
328 825 71
164 941 37
433 8 471
721 196 841
174 434 586
449 711 277
11 809 351
96 980 741
921 936 123
41 495 163
499 109 965
549 30 405
428 220 222
740 421 673
642 775 286
578 63 508
977 318 937
805 929 529
817 89 691
501 817 217
928 497 213
598 473 481
655 651 141
131 809 631
293 826 51
68 321 741
963 585 131
211 611 761
457 166 301
644 631 396
683 358 501
409 537 981
257 609 927
936 556 801
17 771 127
141 745 146
373 280 306
421 601 669
360 807 833
853 933 152
397 21 117
526 351 592
752 16 251
801 475 220
301 985 201
669 776 561
772 291 195
758 369 31
232 609 49
18 777 857
993 690 751
999 417 743
109 563 516
293 121 209
715 486 347
61 17 741
784 576 81
51 156 33
879 33 659
1 929 690
1 971 189
801 430 971
549 581 961
963 894 447
38 129 281
665 971 1
489 393 486
676 31 46
329 497 41
801 145 821
457 101 501
491 834 481
309 67 97
187 21 93
505 129 103
84 645 193
361 501 704
491 463 649
852 118 837
655 921 917
479 736 283
691 543 906
83 640 455
385 801 651
337 126 321
901 301 439
469 292 425
961 585 489
409 210 161
668 669 762
281 517 628
693 237 60
865 131 160
137 705 669
97 961 585
173 561 388
170 267 281
109 814 883
853 705 8
851 999 486
701 979 131
713 171 501
13 523 851
113 677 689
773 816 441
501 801 785
431 351 945
283 801 881
81 1 847
483 389 741
543 61 691
125 37 705
656 517 585
791 479 188
673 600 839
351 7 869
749 92 881
541 873 489
457 981 129
713 19 151
849 846 681
346 673 845
592 393 643
741 441 881
482 43 837
752 820 621
201 55 367
881 395 126
451 397 609
77 2 361
848 486 781
971 901 249
899 366 601
607 960 579
367 485 117
133 489 114
77 21 425
411 569 121
991 431 476
375 25 41
354 721 524
46 783 134
475 599 249
595 489 277
25 373 409
621 393 243
841 7 191
201 857 401
893 85 215
951 1 59
669 921 884
741 27 72
119 726 749
283 321 341
894 957 191
218 778 506
272 409 226
345 691 326
872 49 358
565 701 66
371 439 177
827 917 197
225 525 737
23 351 749
293 673 521
616 757 979
891 857 961
51 19 752
817 94 125
765 697 403
811 336 785
279 47 755
549 925 731
121 311 635
489 271 702
802 929 324
860 993 833
251 95 633
244 21 589
145 165 957
280 153 633
495 397 937
241 152 401
355 846 777
265 369 629
441 651 137
887 106 392
43 373 893
485 980 257
687 29 791
178 105 921
331 691 197
153 10 641
626 197 907
751 513 913
176 645 677
159 383 127
371 125 659
532 25 881
225 501 180
757 139 122
153 169 1
212 734 904
291 961 605
825 643 151
852 90 788
189 915 452
51 41 589
626 766 551
601 201 921
157 272 626
236 273 409
245 580 769
751 836 725
83 189 971
625 585 101
571 742 983
597 851 246
176 44 688
191 19 489
946 320 465
218 865 539
377 736 105
764 393 727
601 393 905
993 321 498
153 1 486
623 521 433
136 653 173
12 81 338
921 621 625
693 965 491
607 186 376
717 105 42
745 135 559
678 893 230
785 59 447
481 387 61
123 372 276
381 564 375
95 885 403
9 151 155
18 329 539
353 787 251
318 953 679
913 758 366
133 598 9
54 964 354
311 801 129
87 894 939
985 197 421
299 136 336
437 57 267
752 593 585
387 681 273
9 491 51
191 157 985
683 313 57
711 7 881
841 485 214
25 682 651
779 101 144
832 191 545
291 736 97
377 773 691
99 20 749
498 105 117
420 981 371
245 771 625
155 722 637
145 907 181
279 507 801
124 961 617
785 209 455
85 995 753
501 701 49
761 551 991
881 333 426
958 706 51
740 889 241
714 754 968
777 505 543
629 738 629
494 486 556
49 499 545
976 996 345
252 742 99
720 690 985
913 601 606
541 874 649
357 713 887
631 841 577
121 857 273
621 274 376
877 907 609
681 989 491
771 957 215
279 621 671
126 949 177
769 316 350
347 810 276
717 889 329
649 125 381
325 71 981
597 601 482
636 643 998
721 346 599
901 456 193
745 809 463
399 201 601
521 711 503
588 696 855
761 228 446
211 562 487
526 711 593
413 562 361
881 169 97
751 110 349
565 745 425
449 37 237
179 241 681
526 747 877
941 644 993
660 116 761
321 701 589
913 535 981
812 155 419
656 346 481
647 113 134
741 991 407
257 701 457
150 674 747
78 145 481
881 256 881
209 509 957
773 128 553
865 393 961
51 481 969
403 73 521
7 33 865
977 449 421
417 83 959
263 914 238
967 365 623
608 890 713
481 347 273
738 755 689
881 551 273
773 521 876
293 193 851
293 633 225
542 577 951
111 768 721
17 801 89
166 751 257
961 797 277
409 861 17
29 687 269
651 750 523
1 153 823
767 547 101
761 805 53
163 955 285
53 711 831
504 306 21
674 533 249
457 706 29
479 693 121
906 209 473
278 649 686
661 580 146
695 459 391
724 215 337
737 347 5
383 55 273
981 797 896
284 326 992
761 201 399
537 196 281
85 265 856
133 935 701
869 656 906
751 501 405
437 116 445
193 764 201
297 761 245
697 911 955
363 681 732
298 561 129
553 273 976
780 737 579
481 337 457
523 338 566
833 762 456
808 908 278
701 129 233
467 473 265
319 831 286
750 611 73
209 597 886
734 799 21
193 737 233
869 251 456
116 326 481
277 538 606
617 233 405
403 271 909
436 701 721
987 851 49
311 171 781
505 951 366
9 1 49
708 873 746
653 488 459
216 213 201
807 879 469
422 571 501
780 317 905
536 863 857
885 493 979
206 295 155
174 532 754
233 973 641
631 115 457
659 209 731
141 569 675
95 5 593
868 481 561
5 478 997
274 786 307
373 345 759
73 521 343
9 655 774
921 697 973
600 501 293
374 904 387
445 657 709
461 740 429
69 578 792
921 381 333
641 873 829
724 145 755
221 812 753
246 453 819
375 387 101
235 921 673
127 917 601
316 321 831
562 760 381
187 457 673
971 163 581
536 405 891
299 471 31
125 706 133
593 761 907
599 305 591
403 151 281
140 368 903
741 446 875
113 399 121
760 104 751
241 953 40
91 121 469
525 484 141
121 541 576
945 681 326
341 429 194
11 780 281
787 701 225
921 699 596
90 361 267
67 744 459
545 574 334
861 965 65
951 85 437
241 495 941
202 33 649
999 209 87
323 980 554
409 817 685
331 46 684
341 661 801
132 481 757
481 587 712
906 308 621
531 710 521
853 322 490
529 961 119
13 45 811
377 641 989
189 634 207
764 511 499
351 407 791
55 647 241
582 649 141
341 46 701
230 41 877
576 886 433
282 551 110
991 481 921
777 625 788
690 44 913
360 528 855
975 769 911
213 13 151
537 840 126
465 881 424
568 411 529
321 721 515
569 241 172
97 281 201
356 521 651
545 324 971
945 81 976
735 481 721
17 629 181
535 721 981
35 965 619
557 532 595
826 324 591
245 849 290
521 801 14
131 65 465
61 407 642
531 406 134
426 940 81
529 729 848
961 365 721
581 17 174
547 41 671
705 551 729
462 441 209
489 829 853
689 901 995
557 684 231
177 707 429
13 703 466
472 369 727
997 131 186
507 777 243
785 740 357
437 708 392
401 222 812
526 608 161
290 401 728
305 405 922
931 500 257
665 330 299
515 597 971
321 129 837
447 603 681
837 605 37
521 401 613
247 872 535
577 237 623
191 325 273
474 91 681
937 276 577
783 434 82
561 276 48
825 181 885
333 759 164
897 181 215
631 184 691
874 719 641
745 867 637
387 797 866
185 873 864
780 744 987
405 927 928
968 345 726
997 991 61
588 56 501
597 191 17
671 717 153
250 605 848
405 391 90
96 972 361
651 47 926
788 555 623
401 701 888
52 421 442
307 498 657
626 746 769
707 36 825
985 841 853
593 189 793
945 907 731
91 205 796
481 993 673
169 142 81
999 671 368
340 731 481
785 21 611
307 65 723
631 1 649
376 793 629
877 868 833
472 951 453
61 227 402
419 15 517
720 627 481
536 680 553
153 41 435
769 217 136
225 433 59
285 433 843
13 562 941
727 477 971
41 726 476
153 869 467
159 99 926
425 837 889
81 173 943
91 115 110
881 261 237
826 897 546
45 881 629
445 446 243
469 189 761
721 701 157
281 761 773
145 561 76
943 331 121
455 981 545
481 791 133
561 595 882
377 233 281
933 785 578
877 425 7
697 365 175
45 1 473
1 78 759
298 949 877
25 882 483
606 751 35
737 501 781
637 445 709
553 965 29
115 814 876
241 15 505
457 131 595
668 444 11
649 664 577
985 329 801
59 781 301
529 842 753
395 729 571
827 397 755
206 507 37
261 701 45
691 66 692
337 771 56
925 113 781
9 849 139
805 598 476
417 546 425
183 87 711
745 221 585
129 759 9
505 357 535
109 598 13
74 669 445
661 969 201
139 631 873
230 471 313
761 142 981
315 641 57
89 351 34
467 328 33
873 817 171
596 737 501
827 195 445
201 393 429
65 669 926
836 844 907
436 449 556
43 751 547
867 516 129
981 91 521
860 158 524
261 159 816
895 547 497
182 668 623
173 321 585
509 261 509
632 661 233
393 346 797
673 548 85
255 341 109
252 491 146
93 129 769
681 14 647
52 626 65
286 401 147
235 766 914
546 87 866
709 77 131
3 381 571
201 127 405
92 321 625
709 51 416
563 401 121
607 121 401
451 45 377
537 639 751
433 753 577
648 657 387
465 553 223
858 551 726
86 732 424
873 981 881
855 146 365
456 351 870
937 1 58
90 457 282
161 1 121
673 1 779
409 865 826
91 511 761
105 576 341
733 989 163
813 213 811
93 555 507
277 129 496
926 165 546
689 241 875
101 961 281
481 913 136
943 639 625
369 863 593
651 129 796
247 197 41
137 653 385
901 176 581
541 276 623
716 580 474
839 133 291
689 577 982
845 725 801
1 335 473
638 739 441
506 853 154
201 133 285
357 293 681
701 537 569
926 733 797
643 671 737
111 560 265
189 321 13
661 679 171
849 849 187
801 359 80
231 247 965
186 246 302
641 265 151
489 777 333
178 71 857
615 343 910
20 144 796
645 313 291
376 625 603
845 305 81
465 401 529
917 113 1
477 761 361
551 81 71
505 613 388
59 61 551
813 145 239
577 15 16
929 843 742
614 601 521
1 9 535
633 257 854
724 312 400
132 591 177
661 311 885
785 751 273
417 601 51
461 401 717
913 89 511
445 1 206
161 943 885
801 757 7
46 297 961
709 301 35
341 87 353
161 243 363
9 456 651
43 97 344
753 231 528
162 451 9
761 937 161
153 505 893
541 67 230
85 622 985
715 417 857
977 870 921
733 825 142
336 514 761
641 307 895
611 38 288
345 711 639
761 497 320
301 599 809
241 229 141
701 561 911
353 340 825
775 613 393
405 869 976
737 397 561
889 421 704
553 377 401
201 113 721
345 421 291
113 868 513
993 257 631
321 37 382
581 335 845
231 591 763
351 201 744
345 941 1
347 620 703
777 345 157
969 248 1
521 841 644
179 811 771
12 991 521
981 717 506
991 361 57
47 179 673
606 287 440
549 225 726
259 251 363
228 825 756
601 705 398
601 711 871
106 427 81
257 826 603
159 105 124
873 965 208
488 41 901
603 305 641
239 710 841
273 452 625
521 121 531
277 209 534
814 810 597
843 630 666
761 893 593
761 191 293
71 484 391
373 301 681
721 403 101
803 931 841
87 911 487
811 525 841
1 685 1
689 3 406
635 709 412
493 731 501
121 73 857
515 249 273
717 183 913
597 956 755
246 931 271
114 836 773
45 671 187
524 529 142
521 969 423
437 1 69
458 761 834
241 949 857
10 505 507
103 763 205
589 872 223
113 519 201
577 706 123
825 595 929
461 463 896
265 845 288
285 641 786
185 458 139
426 126 156
389 505 347
1 412 604
29 47 365
261 875 401
69 721 351
541 279 433
821 281 489
792 51 433
663 483 941
667 5 434
682 105 843
681 201 857
1 851 122
401 491 149
881 89 248
967 529 608
451 481 505
473 557 13
897 193 19
724 287 833
246 792 139
929 159 217
5 695 150
996 300 161
863 241 247
997 657 161
971 660 819
456 49 551
1 231 415
677 103 507
881 781 689
674 391 785
321 521 361
361 649 151
323 829 293
71 363 197
881 617 481
849 749 175
925 333 736
237 861 130
61 89 281
977 701 769
641 843 365
321 496 201
801 312 661
620 616 805
208 811 845
381 951 869
69 286 440
916 551 685
75 457 21
976 757 120
117 526 497
711 889 766
425 129 144
41 701 855
941 809 613
63 603 13
501 572 177
321 1 68
252 427 873
368 15 82
926 545 167
809 756 826
783 751 258
259 29 901
785 541 431
685 721 935
73 921 341
919 386 241
253 415 821
716 732 565
156 549 329
881 837 534
713 851 189
737 33 302
281 739 127
185 836 911
696 964 229
375 513 76
889 837 721
926 447 316
85 697 383
875 961 112
956 794 393
106 661 415
843 897 552
121 771 773
489 591 601
304 147 416
61 161 761
431 21 283
677 866 569
921 519 221
362 374 403
898 451 342
647 124 259
960 32 947
568 500 101
332 969 345
51 751 221
395 588 421
303 58 581
481 948 65
521 957 426
917 500 100
921 619 204
214 397 907
790 722 401
656 353 456
257 486 580
393 573 966
549 203 763
866 1 537
649 273 368
1 900 387
793 657 881
633 151 931
45 749 113
556 609 426
238 990 857
911 699 612
945 197 711
261 618 409
833 569 829
50 279 198
581 414 941
275 836 1
945 654 573
554 721 345
169 465 489
271 811 801
801 326 97
392 865 603
865 271 761
660 433 617
285 22 357
689 297 550
879 305 857
791 829 225
280 549 150
821 147 673
59 313 601
141 681 82
351 589 257
853 769 326
561 716 873
940 951 919
121 815 489
552 885 732
59 125 489
478 701 587
481 680 716
273 56 255
851 197 937
226 915 260
449 705 971
585 396 97
478 195 521
225 38 653
185 770 746
157 489 1
81 425 841
433 281 411
60 801 201
441 946 281
951 549 759
978 873 5
709 813 57
721 494 463
131 273 406
831 501 157
101 349 328
605 177 673
617 436 725
745 571 629
962 228 22
231 481 801
601 857 735
721 369 25
63 2 749
284 177 193
915 859 631
722 641 161
822 719 321
97 874 569
521 657 313
406 859 832
266 339 878
1 439 222
741 38 271
387 418 21
741 325 71
573 501 273
561 315 926
467 495 483
799 746 335
57 969 545
994 897 186
639 37 405
144 425 301
766 261 893
973 46 314
721 758 661
7 585 529
273 657 665
133 411 513
329 971 911
854 981 281
641 897 329
892 274 865
465 464 436
153 112 729
795 578 783
891 331 947
777 395 272
60 46 290
763 286 153
808 247 311
793 787 163
560 814 905
625 525 431
692 917 325
622 191 883
933 891 353
687 461 421
141 901 115
941 247 546
491 351 429
681 935 425
808 398 751
656 631 192
515 35 263
188 753 606
176 893 601
289 896 119
1000 961 425
443 356 997
282 815 671
88 81 1
765 994 265
203 621 201
129 437 540
690 827 841
253 509 109
125 383 133
130 931 211
195 621 476
477 937 17
274 965 997
937 177 545
985 601 959
700 385 14
801 331 717
596 34 693
289 335 101
369 57 101
941 933 57
282 607 683
834 417 845
146 679 721
751 120 448
952 532 839
575 271 761
865 81 927
152 293 535
257 241 171
297 525 609
935 675 969
1000 225 757
945 286 873
738 221 531
41 857 661
681 172 701
1 601 533
404 843 341
526 841 165
725 633 667
81 984 657
899 217 281
245 46 769
745 690 117
926 541 214
253 13 339
899 741 817
841 560 965
485 325 441
289 313 953
476 567 663
777 926 11
81 202 747
653 113 726
638 331 126
214 529 757
969 905 939
517 701 266
819 441 243
661 761 300
239 676 937
489 486 676
894 686 473
25 155 751
796 977 62
229 716 793
977 105 721
201 873 225
279 281 153
12 655 399
565 661 729
373 495 856
189 105 453
241 249 535
209 791 237
699 720 841
761 341 401
101 461 661
253 545 351
180 526 941
129 226 813
238 425 1
189 240 100
612 111 801
492 381 305
2 11 153
543 425 285
881 296 106
907 142 94
721 919 633
356 112 324
501 9 401
846 618 14
693 211 891
82 697 132
537 869 370
213 658 121
131 770 921
979 645 969
129 9 511
1 731 721
497 7 299
48 505 381
552 461 465
409 276 45
954 193 419
831 959 277
706 471 543
817 751 209
620 105 61
67 426 398
865 969 967
105 123 547
511 111 25
400 941 247
951 926 361
493 641 78
121 161 637
809 277 49
647 489 381
593 239 953
937 31 789
461 765 821
348 864 37
226 779 165
781 929 301
75 245 488
161 126 633
477 129 193
843 110 752
73 489 167
497 933 641
421 261 592
813 441 301
492 160 652
485 835 51
747 75 774
801 233 861
596 261 529
753 345 85
406 583 669
667 813 561
303 32 1
919 988 625
774 651 507
776 501 165
801 56 557
76 747 33
507 28 311
520 301 671
601 836 520
731 403 617
266 721 101
335 161 601
1 102 94
521 529 529
445 321 953
521 176 764
306 966 337
419 616 515
715 652 717
979 981 160
911 697 595
1 422 627
490 129 22
764 753 583
221 22 757
442 124 458
251 69 685
696 333 609
285 869 776
53 905 292
257 933 411
333 926 645
69 241 731
469 116 919
576 301 719
236 65 145
531 721 863
673 761 785
474 776 671
567 553 521
801 649 338
480 37 821
489 303 409
689 857 489
505 465 931
801 166 369
605 818 517
698 207 427
791 241 497
969 989 588
289 993 77
250 841 369
251 497 869
321 105 933
965 105 489
937 656 595
575 225 680
417 814 983
432 937 539
923 261 636
77 1 961
996 813 385
685 957 225
212 1 21
5 674 856
259 793 507
279 342 841
681 537 801
31 140 77
969 405 208
171 523 665
179 309 629
231 865 686
358 309 799
705 427 71
111 904 385
352 801 322
718 794 376
63 691 299
105 128 818
329 91 276
626 497 633
769 823 256
502 102 417
235 867 341
399 784 455
626 921 472
905 143 749
121 517 769
489 626 731
801 113 385
236 431 537
946 649 258
296 203 601
732 980 724
887 392 700
781 547 171
721 545 629
81 952 421
231 987 411
432 805 688
360 373 400
774 521 865
693 655 196
662 87 89
746 624 376
319 191 644
597 401 757
878 891 529
820 49 621
339 196 997
161 161 606
594 455 937
311 47 785
298 890 43
471 229 767
106 967 649
561 351 401
421 681 705
658 837 501
784 396 126
601 21 396
932 237 277
399 591 1
227 671 205
815 973 156
826 691 409
404 791 830
926 929 635
356 57 313
601 631 279
779 311 89
646 207 692
981 169 91
731 33 801
865 383 833
649 825 537
251 271 739
965 563 820
53 301 841
849 411 27
577 101 901
817 744 147
481 145 223
113 699 451
169 171 111
177 947 196
629 633 669
639 76 921
177 131 631
381 282 373
788 41 161
150 223 234
283 463 201
935 170 805
481 131 639
686 245 121
365 221 785
142 129 40
261 96 594
557 771 323
709 425 470
987 645 491
232 631 174
195 838 493
485 621 485
534 961 336
797 913 723
709 943 14
377 701 809
306 396 561
187 17 129
460 241 633
841 901 791
370 321 753
1 115 49
872 405 174
288 905 805
352 149 781
31 472 49
601 813 361
991 499 129
837 289 897
581 633 157
701 911 819
145 135 907
851 225 721
605 552 625
725 993 333
257 681 809
585 281 345
600 901 159
849 85 961
297 46 949
599 729 395
383 27 1
881 229 363
814 170 526
259 311 763
964 581 883
631 209 841
339 601 464
551 817 977
377 557 829
301 667 533
293 126 332
823 991 161
841 337 821
464 729 609
940 818 449
897 981 959
793 578 401
626 359 177
901 219 809
529 752 729
801 711 821
860 161 249
817 521 161
901 651 377
419 514 923
200 801 721
333 773 994
505 501 315
698 502 609
951 739 27
785 825 776
834 329 651
197 740 211
537 713 585
841 801 986
266 576 145
16 361 973
1 907 241
545 779 716
137 876 418
679 39 794
129 565 146
565 476 365
965 559 927
848 629 201
49 602 951
949 331 708
905 199 736
401 126 937
721 801 250
29 746 1
633 265 485
821 224 973
460 671 257
319 5 511
401 204 988
629 113 90
977 665 41
21 201 987
470 262 667
985 471 626
681 524 857
529 216 645
315 271 465
409 797 568
821 345 525
721 843 363
841 761 178
225 831 670
703 771 212
273 907 613
83 39 660
821 137 425
539 363 997
105 361 7
613 171 993
531 646 278
789 973 179
251 291 489
130 457 179
198 641 705
137 91 844
294 71 865
376 669 702
571 550 237
1 265 221
833 887 431
861 153 397
217 992 1
417 751 380
792 236 566
997 986 913
524 265 341
351 273 25
665 889 137
281 930 963
647 267 922
879 871 337
397 971 303
777 849 345
439 801 35
696 169 626
391 259 623
311 916 301
51 454 932
721 153 359
305 926 471
76 67 649
276 466 233
301 801 31
599 385 746
761 979 463
224 481 329
448 722 528
803 161 865
301 553 866
65 634 581
951 901 329
177 777 816
754 511 503
773 955 889
281 877 721
331 490 301
649 853 985
931 271 111
977 426 141
410 565 321
266 449 171
401 377 789
180 201 80
101 503 329
141 685 901
573 387 479
361 636 494
724 739 241
713 885 113
647 627 861
865 673 1
767 730 179
589 709 749
13 897 47
551 655 669
61 532 157
605 420 801
192 222 205
481 265 451
455 826 790
591 353 107
801 551 335
985 286 306
663 741 486
357 665 777
241 241 68
111 854 586
621 237 473
776 937 806
753 153 432
321 751 738
617 894 249
872 252 965
501 225 339
357 981 231
217 869 369
751 847 733
795 204 865
1 245 697
996 697 751
707 376 45
575 207 601
101 653 261
127 497 264
329 434 589
115 385 425
897 615 461
429 425 530
874 249 201
607 509 51
656 251 764
949 9 51
193 781 421
339 294 291
16 381 273
57 699 106
181 806 477
925 665 184
251 231 313
376 133 139
570 804 817
474 461 21
177 177 876
792 331 557
512 604 777
945 681 546
854 211 658
791 770 122
331 717 444
657 812 212
258 233 813
147 681 441
921 630 1
661 643 49
194 921 785
71 261 761
808 343 761
567 41 716
127 137 157
356 91 427
246 321 353
691 977 439
106 191 519
586 97 924
541 266 393
29 939 113
526 721 681
31 81 277
428 217 803
89 273 943
728 54 311
78 386 1
695 926 465
662 987 677
721 592 11
801 981 838
699 825 575
709 242 709
50 21 873
417 701 657
475 394 73
365 385 865
742 961 697
61 217 6
99 639 523
49 51 785
657 961 172
774 761 158
173 473 978
925 65 338
751 91 487
313 601 701
157 961 326
921 55 216
711 812 106
265 639 487
475 289 502
691 477 27
213 421 731
341 487 973
729 161 281
630 87 301
138 988 495
545 348 961
113 826 325
981 253 835
510 997 185
677 419 833
935 25 65
60 391 672
497 65 881
761 23 621
249 323 821
985 21 61
185 607 951
81 267 105
790 441 417
294 284 537
121 853 743
761 718 831
361 797 213
961 401 150
861 76 829
473 595 586
669 845 501
202 483 137
233 146 955
721 297 287
369 756 901
601 625 7
760 111 144
951 9 965
397 694 313
251 173 669
81 488 155
113 813 412
551 73 641
801 253 113
395 151 977
609 386 68
151 891 571
833 929 756
745 67 49
957 589 971
217 153 895
397 996 639
691 99 633
639 276 843
665 236 336
1 88 426
227 801 873
901 320 721
1 825 641
251 65 417
353 476 362
867 593 777
671 753 97
437 821 539
909 470 321
21 101 417
421 693 466
455 841 254
644 695 37
477 800 105
169 431 467
31 105 473
287 121 213
621 51 508
1 203 231
806 15 289
601 273 631
65 751 241
89 576 823
235 667 263
165 865 44
97 193 960
486 16 461
212 705 993
751 446 141
451 460 120
96 101 891
429 425 481
446 581 302
135 97 325
431 543 641
436 561 365
121 879 277
237 881 257
106 570 267
137 161 809
876 491 709
5 541 833
183 961 729
651 677 547
621 321 262
101 125 736
738 41 185
737 49 899
562 795 113
585 97 409
313 717 833
301 733 361
641 136 287
93 694 893
500 147 807
451 67 180
486 367 841
593 827 462
56 684 557
473 281 106
5 57 355
81 319 474
837 21 582
536 607 160
807 681 701
842 926 196
113 309 885
1 17 99
639 468 169
349 461 181
927 39 744
699 209 251
586 313 231
416 432 471
673 841 10
555 649 252
39 217 199
869 404 489
617 987 575
835 370 695
833 299 57
451 449 177
841 167 241
151 843 425
547 779 566
986 5 513
969 255 701
722 456 17
229 645 331
361 366 451
672 201 332
1 854 920
497 890 51
813 576 246
344 25 349
626 33 97
26 303 601
951 737 779
986 29 641
401 591 561
327 505 471
386 95 397
577 646 692
819 121 726
670 779 306
549 545 823
184 673 797
869 745 43
1 121 83
12 613 520
883 713 305
985 319 553
355 581 361
61 793 229
219 113 301
716 121 695
285 347 601
721 662 153
915 749 973
675 877 657
591 873 707
709 100 363
429 999 586
563 421 25
902 251 821
925 299 247
551 289 281
526 621 749
999 173 163
106 713 557
889 321 100
303 501 16
709 590 155
277 801 893
759 649 657
116 483 418
563 289 163
486 671 139
689 145 638
617 817 489
88 335 991
442 949 919
506 121 375
337 746 377
4 753 125
743 369 645
691 514 66
669 251 697
407 333 126
844 153 737
329 556 947
392 316 869
777 826 343
856 312 529
81 110 931
247 768 645
181 773 771
467 111 803
110 883 41
981 271 681
530 519 792
825 429 429
875 313 254
577 161 225
836 42 527
323 295 216
246 203 299
362 921 915
973 883 951
129 610 173
953 186 919
389 737 944
334 370 81
494 543 657
581 220 142
122 179 401
899 376 937
327 481 809
369 9 294
677 426 723
938 856 433
5 306 30
578 355 571
79 1 271
561 917 798
221 249 576
272 701 225
606 121 313
505 923 25
539 61 755
901 978 636
641 961 577
131 937 417
310 261 833
101 961 298
807 721 936
385 633 395
772 851 121
421 141 561
273 129 646
945 687 891
167 721 926
671 9 441
801 859 313
189 611 861
501 420 920
403 897 796
157 446 811
821 497 703
808 409 605
276 704 289
801 376 41
8 191 897
81 553 969
137 97 719
721 486 18
533 145 723
967 465 89
337 601 866
440 361 106
965 9 301
33 321 679
585 533 201
677 91 365
550 959 267
899 601 529
681 761 817
857 426 909
201 99 505
976 721 263
649 601 34
696 123 240
411 837 669
448 321 613
211 144 466
90 801 57
788 516 141
490 382 285
993 701 293
233 308 729
205 601 749
177 639 281
53 533 741
681 24 973
507 180 286
137 715 280
131 701 419
908 849 757
833 351 953
1 52 541
801 225 437
121 419 16
367 933 400
241 725 825
929 1 737
901 117 146
163 149 555
190 132 786
756 621 487
57 457 683
737 721 313
827 331 151
872 561 569
641 319 838
617 551 229
369 965 361
641 633 922
296 751 670
116 601 162
231 357 286
694 426 581
107 381 322
757 91 624
437 863 749
513 393 219
321 533 801
314 551 145
33 113 124
313 841 837
641 241 649
545 701 246
101 731 161
953 369 208
518 185 444
601 176 781
148 686 121
477 168 953
423 241 577
25 31 353
921 697 636
855 721 369
897 149 980
47 289 28
97 571 843
626 256 141
415 556 954
63 505 481
441 45 711
274 149 901
763 121 816
25 755 965
476 529 162
728 878 195
413 158 159
829 361 799
562 696 768
536 45 136
181 220 521
895 360 439
841 966 969
153 649 91
161 868 217
225 801 593
321 505 777
21 225 856
991 875 821
411 641 131
381 461 971
441 526 969
252 867 796
405 413 689
585 439 745
217 365 741
601 69 849
661 170 706
966 502 466
478 441 353
754 810 959
601 655 737
441 623 986
797 689 507
234 442 552
623 687 953
144 399 945
101 265 145
581 593 97
757 71 761
877 946 317
592 17 701
961 301 851
633 145 980
866 197 921
650 327 665
627 429 621
943 712 137
178 241 501
751 495 861
686 126 263
916 491 337
849 657 820
487 674 91
199 176 421
401 869 280
57 661 857
365 299 849
305 41 987
806 433 241
913 358 871
38 81 273
13 297 301
691 877 129
792 693 801
506 913 831
110 137 849
601 751 695
781 677 525
326 179 30
830 579 952
65 135 551
511 807 185
753 417 571
510 810 629
492 112 563
945 457 1
565 706 781
761 788 181
161 245 220
419 911 846
257 665 421
836 653 533
501 582 780
473 419 577
135 981 349
94 961 1
723 511 366
186 613 329
270 529 351
927 441 982
148 305 600
311 681 697
737 345 659
670 371 871
42 873 126
531 813 195
961 157 769
161 99 387
776 921 373
32 374 185
861 223 490
476 451 460
265 698 196
433 120 36
643 249 615
739 725 743
896 802 241
536 751 296
953 745 81
787 614 57
461 980 957
525 317 69
747 501 81
47 940 515
658 581 33
265 377 81
453 137 261
291 709 1
51 189 377
881 845 423
851 863 35
684 484 519
454 525 181
91 990 113
862 333 281
801 72 501
48 523 369
368 768 55
879 874 655
909 801 211
999 541 717
211 996 361
111 41 551
640 901 885
905 737 987
649 591 71
325 137 67
576 1 311
945 584 901
457 97 550
937 787 391
513 291 691
299 199 468
881 686 771
925 674 997
833 851 545
438 967 585
502 669 317
681 298 229
985 411 881
781 77 192
913 621 605
833 440 281
222 561 83
891 345 425
33 308 208
977 806 710
749 747 785
421 534 864
257 825 990
149 553 961
205 712 203
805 745 977
356 433 445
956 718 826
631 401 91
393 941 255
51 400 121
996 1 341
731 83 606
661 328 485
509 897 177
27 425 880
543 913 321
437 251 965
697 817 88
921 777 476
625 349 45
803 941 21
546 505 569
201 961 678
169 321 641
9 641 641
522 261 411
701 106 453
669 536 41
218 803 861
129 556 529
946 229 945
961 436 98
706 211 115
611 254 435
233 252 505
594 476 73
463 5 773
159 854 239
496 801 111
432 869 126
131 868 319
137 371 186
491 981 250
455 151 325
140 268 731
881 939 225
257 295 811
959 735 81
129 41 292
669 997 41
41 823 205
895 947 709
785 196 304
729 821 255
533 733 611
481 985 882
913 629 343
457 601 351
799 30 201
53 518 969
697 61 821
5 149 471
556 241 91
425 675 387
331 535 720
233 159 401
401 693 201
41 471 105
316 523 701
601 994 51
795 125 387
765 988 365
881 327 304
296 861 571
780 921 238
261 250 745
361 213 77
929 27 748
192 489 754
211 320 166
2 693 405
249 297 613
568 20 233
641 1 305
973 29 81
558 681 171
681 471 451
515 449 305
873 316 381
816 825 225
80 31 160
311 61 963
743 307 625
567 831 63
450 689 425
302 116 76
269 999 33
588 390 145
628 241 215
19 997 293
335 97 430
962 945 1
489 823 186
259 873 293
425 841 781
605 585 447
975 287 739
618 863 246
525 431 49
829 481 523
675 685 239
687 391 769
755 405 195
89 39 17
283 176 487
201 399 700
147 513 4
588 323 733
101 697 141
391 742 304
827 217 735
85 681 546
966 707 953
169 347 441
241 661 801
9 487 877
998 944 827
716 133 263
916 828 446
987 585 914
741 553 611
231 501 741
528 722 418
971 311 101
131 608 977
170 651 93
782 965 313
729 355 121
344 51 713
6 861 522
147 741 763
962 747 879
261 501 217
416 827 339
121 422 679
15 29 114
41 271 206
957 574 406
609 760 769
686 342 481
818 487 458
393 343 281
9 301 273
565 361 90
281 145 276
4 13 533
855 328 374
866 241 174
277 451 496
32 292 317
377 697 549
965 156 976
725 465 897
198 447 838
267 225 321
313 585 731
359 535 912
207 310 41
983 277 381
209 927 230
111 968 337
489 331 601
111 957 986
793 164 5
294 753 266
230 457 321
499 765 741
257 169 1
221 749 76
577 301 663
766 375 228
323 273 946
796 825 616
991 561 93
189 928 841
889 411 617
931 64 781
440 739 323
226 961 161
171 728 876
89 913 871
681 105 673
164 314 185
819 489 189
437 785 649
435 876 301
848 126 571
357 70 826
861 414 156
159 4 569
445 525 868
711 217 339
924 401 477
477 499 717
197 241 96
596 496 351
315 101 621
434 161 251
421 573 417
726 817 731
851 334 893
777 176 691
873 449 855
781 453 152
472 251 5
919 571 169
156 1 109
89 251 426
201 236 432
303 474 500
641 357 522
501 697 596
414 510 673
951 336 934
875 803 267
413 497 106
41 306 178
126 307 891
133 364 9
257 53 237
884 221 673
609 696 923
41 844 141
31 191 771
63 223 321
509 881 153
841 893 391
29 961 949
546 397 435
771 215 793
21 471 261
841 336 471
881 601 91
691 727 918
751 985 132
303 841 353
463 201 730
951 585 257
177 17 399
164 595 135
668 533 1
264 513 751
603 1 131
136 53 1
909 31 461
989 693 221
185 593 61
231 905 854
435 617 636
493 241 597
216 846 948
987 597 433
30 587 41
915 171 541
609 487 639
282 217 301
959 649 761
975 321 807
533 57 145
553 317 53
845 769 796
55 753 661
956 641 633
813 913 883
652 971 51
539 145 571
781 581 395
361 869 922
660 191 277
625 164 629
521 554 713
621 953 387
702 815 351
261 911 415
613 805 221
484 93 925
753 562 634
599 564 361
905 21 637
131 721 401
661 352 836
26 1 258
797 251 15
907 837 178
586 945 485
921 393 821
637 778 657
186 377 297
409 7 597
156 521 524
881 1 321
625 636 511
