3477
411 803 643
943 1 717
79 753 641
413 151 721
121 252 751
699 49 569
717 697 837
365 17 775
420 639 49
609 65 453
157 126 251
973 777 141
193 977 93
457 195 261
878 658 46
261 57 933
768 459 513
509 701 693
121 137 756
445 615 815
491 151 415
319 65 283
323 870 776
669 393 673
107 549 755
668 33 947
496 282 885
971 497 405
915 466 985
186 465 55
563 505 301
801 388 57
321 281 793
928 955 585
101 615 849
199 81 889
661 66 993
420 921 493
843 271 186
145 479 501
674 126 921
657 561 597
721 41 100
194 681 905
911 216 741
23 417 331
147 505 506
818 636 427
76 351 169
235 317 877
227 281 776
223 328 426
101 113 138
597 999 178
251 816 123
849 873 293
692 491 49
333 402 49
147 509 776
485 145 300
329 126 493
231 777 42
91 906 201
721 467 343
867 156 675
456 821 623
661 401 209
941 376 696
551 393 978
105 811 391
753 795 945
358 222 573
251 849 26
93 384 573
713 276 799
461 929 239
431 689 404
481 821 123
649 105 629
337 961 994
961 801 462
41 901 280
889 737 353
245 285 872
737 251 857
573 645 1
459 141 633
243 993 153
29 366 86
463 975 865
349 421 995
162 523 1
326 269 13
39 949 176
766 437 513
644 241 30
521 926 721
437 131 431
889 213 857
751 977 271
81 628 783
879 269 176
156 616 662
25 386 149
360 561 209
753 479 193
731 211 493
737 826 29
501 293 450
501 941 245
643 701 637
943 865 933
861 265 245
300 551 746
49 421 321
681 736 127
985 774 696
441 933 665
265 398 649
432 117 547
648 466 313
135 929 841
193 313 658
777 705 841
308 353 783
564 914 100
817 935 873
263 97 242
411 394 743
649 551 201
577 875 868
66 545 177
811 981 641
199 411 387
701 954 251
269 775 329
813 233 393
981 530 771
658 1 73
458 97 169
401 451 767
344 351 244
487 837 719
995 71 731
483 853 321
123 280 286
88 441 697
131 831 407
881 553 911
931 451 69
113 394 497
791 855 967
587 197 177
41 33 537
969 176 7
967 616 993
588 526 383
139 235 345
37 466 182
705 49 709
231 81 149
161 142 314
937 879 574
361 465 61
969 133 824
265 678 770
767 287 351
500 971 134
751 621 532
953 917 826
697 910 841
172 376 835
673 805 197
273 347 401
975 759 35
325 717 769
477 272 233
637 985 853
744 979 889
753 948 215
609 169 621
163 1 631
69 825 468
23 466 311
585 129 731
769 901 299
271 203 58
810 429 131
917 707 789
748 801 576
879 135 641
511 847 583
533 894 893
916 441 887
817 873 466
951 366 185
483 905 268
357 469 967
636 951 661
442 944 349
402 777 267
521 297 456
196 393 903
124 800 179
261 1 218
886 465 82
721 26 202
441 603 656
451 424 680
122 961 751
961 717 251
769 342 707
49 873 273
922 799 129
381 569 237
116 477 1
973 523 112
233 165 1
552 589 41
62 337 209
197 301 277
226 569 141
626 649 208
73 402 171
283 861 373
790 889 431
885 517 345
912 931 433
901 113 629
660 902 789
606 378 369
969 326 491
534 201 651
459 180 985
843 39 718
81 141 545
697 330 375
370 863 347
997 441 481
937 602 15
257 1 755
758 121 451
241 237 966
189 281 337
811 693 449
291 69 40
30 973 334
123 49 562
321 253 34
885 953 413
977 311 591
175 313 566
773 741 156
361 272 170
145 341 257
9 321 262
345 451 97
591 593 905
287 521 527
641 529 165
766 105 31
274 648 289
705 24 443
245 418 343
329 551 173
726 831 161
649 465 473
385 41 531
96 409 12
875 473 943
917 921 17
11 481 313
793 57 401
235 65 861
365 913 877
806 751 301
326 776 411
99 379 785
881 6 973
835 369 31
157 931 518
569 856 871
113 33 346
831 247 241
210 381 341
655 362 49
765 541 289
453 640 219
751 295 613
308 153 724
181 1 103
235 382 467
713 755 759
393 756 21
35 755 376
889 731 577
433 807 295
81 661 439
201 906 376
761 853 929
861 753 624
7 101 169
571 593 597
385 401 605
551 944 749
673 553 789
973 296 373
689 952 612
61 476 610
125 629 699
675 716 735
273 757 601
73 171 77
391 736 178
429 305 227
993 135 755
201 255 381
417 998 193
761 387 551
911 783 818
421 745 750
376 157 593
803 188 967
313 805 137
221 343 101
889 151 379
103 201 440
155 785 445
678 189 153
219 947 389
569 737 347
543 868 869
561 61 501
923 785 728
595 887 356
846 732 351
72 849 335
37 582 147
513 496 12
276 515 949
521 189 457
998 751 374
385 149 753
881 405 739
728 689 711
323 613 385
539 661 343
274 946 309
407 821 561
208 981 251
755 921 991
349 445 671
809 585 9
497 51 526
601 611 876
898 893 227
899 531 173
306 293 835
971 697 327
535 195 481
857 383 995
251 804 977
223 374 33
672 773 953
257 713 832
846 101 313
603 713 806
732 688 319
235 601 266
711 867 605
969 765 626
359 823 886
364 593 564
213 421 411
682 854 824
977 929 521
149 969 821
889 512 121
449 831 249
53 529 396
805 891 245
626 833 581
612 276 153
349 545 266
493 773 672
625 741 573
183 424 127
407 937 705
877 82 577
113 205 915
1 117 845
501 769 551
633 85 529
677 265 358
946 431 969
213 289 483
626 556 131
971 855 109
319 534 941
668 671 944
565 270 76
697 330 157
969 484 406
116 275 751
850 699 259
402 465 921
553 799 625
834 531 485
283 945 303
285 151 841
794 693 387
731 254 600
477 11 910
486 841 938
337 217 501
756 801 391
467 511 721
849 121 665
376 343 124
29 371 265
893 297 625
705 953 487
337 215 433
585 105 987
696 569 41
307 481 307
769 126 489
925 595 963
337 811 679
981 561 921
521 376 761
11 457 642
489 651 951
246 285 375
817 521 801
81 605 617
166 155 385
661 137 1
418 17 713
133 977 840
541 99 708
185 886 809
331 181 921
821 649 303
88 193 794
637 163 561
734 197 841
329 603 686
761 229 61
916 5 161
26 115 297
314 955 741
457 202 185
224 461 571
741 185 795
981 26 754
931 641 161
597 691 318
488 367 555
199 872 917
516 512 823
435 554 229
996 604 253
141 798 401
261 796 983
601 35 901
521 33 561
726 197 345
265 385 961
722 301 628
263 881 387
21 297 502
715 271 943
136 626 601
241 877 316
102 273 461
450 515 661
763 813 781
903 786 31
601 410 537
283 335 972
294 546 1
398 417 471
551 944 206
42 393 715
273 100 751
381 679 109
59 687 710
971 546 521
194 276 801
239 434 998
834 249 629
797 677 681
395 65 606
291 721 12
388 729 731
70 345 641
269 761 91
301 167 417
351 866 672
881 661 801
85 191 713
926 665 465
951 283 866
165 699 132
481 523 673
960 165 521
753 611 677
761 759 246
401 33 829
109 571 78
817 201 95
829 301 153
143 801 247
711 440 404
921 339 48
287 926 721
257 81 801
852 153 203
344 836 681
969 812 281
796 329 115
901 361 105
377 451 633
213 710 522
265 565 753
741 53 729
889 51 42
532 597 682
163 225 251
363 581 961
937 737 251
343 753 671
958 69 129
521 511 377
433 521 333
447 290 441
953 993 969
620 585 941
779 257 354
436 381 764
997 43 743
676 899 887
457 20 970
626 825 193
984 512 799
426 870 585
573 851 211
401 976 605
321 489 751
25 593 291
959 611 417
759 124 737
865 664 694
593 233 428
969 743 665
416 343 107
1 309 861
569 896 259
351 611 351
111 401 468
897 225 372
671 591 385
931 749 141
441 187 2
501 551 145
590 528 202
280 243 601
601 273 209
531 665 961
473 749 341
780 981 471
91 905 734
953 629 671
619 697 583
623 275 618
916 849 526
576 865 106
561 43 342
606 282 907
501 891 826
699 405 476
651 361 383
843 141 757
745 435 215
58 281 305
329 651 944
971 877 179
825 431 601
601 95 878
601 109 385
103 561 452
870 985 448
395 516 601
344 854 907
347 668 377
417 775 433
911 649 451
155 45 760
93 569 139
551 41 600
941 187 896
251 729 629
858 972 571
505 848 226
449 353 767
71 791 981
738 217 883
633 455 612
893 201 121
296 905 434
404 838 985
827 454 261
489 23 497
914 916 156
396 1 300
247 672 307
373 244 685
163 134 813
57 827 301
401 392 157
625 673 351
101 335 727
265 641 588
741 161 587
313 721 501
201 929 705
477 94 409
104 121 112
107 643 115
795 73 143
671 923 555
761 881 661
97 850 402
862 206 778
846 375 281
506 178 625
327 501 793
931 161 410
843 193 33
330 474 876
561 965 531
844 301 825
131 273 871
787 751 111
515 717 995
871 546 671
228 783 447
41 771 521
513 401 88
234 639 209
250 433 753
181 31 321
637 460 457
2 281 161
57 969 99
462 606 937
16 465 209
179 859 496
149 386 165
321 980 7
243 735 140
501 59 721
513 625 189
301 927 709
78 337 569
229 174 201
862 981 129
491 531 771
233 891 899
676 217 567
722 377 33
742 629 961
611 617 289
331 49 963
366 777 206
126 581 876
361 505 605
521 65 361
197 621 181
358 466 695
640 836 521
25 7 41
529 154 99
599 160 587
489 791 768
369 173 358
525 55 719
896 59 841
321 406 520
521 869 761
897 471 859
86 737 645
161 265 470
2 103 351
454 845 309
641 819 838
576 341 364
193 919 193
441 455 509
510 785 29
386 1 446
633 593 449
819 791 771
553 909 625
876 305 851
476 486 471
443 349 610
328 185 112
1 946 80
149 716 152
85 9 973
713 947 701
892 346 571
884 301 212
259 645 293
585 142 845
687 112 751
683 891 75
805 433 293
945 336 1
562 569 643
651 761 621
735 425 795
461 961 961
393 491 913
401 321 469
105 81 669
848 632 801
30 641 599
421 70 289
430 215 727
575 276 455
676 937 921
852 972 473
609 194 321
915 691 177
785 119 731
157 128 481
645 91 73
940 595 75
51 33 713
297 985 409
895 525 629
276 425 725
967 52 713
595 241 662
5 961 17
585 773 257
949 901 792
779 678 817
327 626 265
277 737 29
126 729 699
246 411 403
767 106 791
617 825 993
351 931 76
763 867 783
553 276 251
310 871 17
453 175 501
409 456 52
581 566 878
747 897 561
745 110 612
375 699 750
321 497 399
361 132 981
95 775 361
976 661 801
816 430 626
661 913 957
775 819 201
61 348 37
8 811 291
393 49 414
769 756 697
961 247 137
477 741 988
381 981 481
135 641 481
449 247 900
493 551 616
971 441 203
557 537 499
274 785 201
987 901 590
721 299 331
737 367 859
826 747 205
511 186 419
791 260 401
658 581 27
649 936 947
362 967 541
211 752 258
250 169 317
477 486 653
697 264 351
186 240 881
381 651 561
393 350 301
636 65 541
164 457 454
601 168 81
791 73 946
573 355 882
461 237 851
696 536 485
481 25 263
451 881 241
117 713 969
257 673 320
751 155 761
197 781 593
473 977 223
945 616 308
571 49 45
727 191 573
861 203 490
531 351 881
681 119 25
553 918 893
969 158 401
883 791 123
903 777 881
808 859 349
921 861 321
345 757 580
849 721 957
361 151 665
127 845 251
400 717 291
531 898 341
121 271 21
363 104 705
251 645 316
604 203 857
488 307 406
331 946 117
817 831 681
809 285 200
36 21 674
813 732 230
658 817 635
329 995 313
276 856 1
701 401 745
611 447 207
62 831 469
993 537 481
317 995 281
719 24 539
764 845 871
916 305 828
417 951 905
101 473 987
701 409 869
250 17 395
494 640 904
123 157 571
736 910 461
552 301 301
537 983 987
661 321 142
522 563 393
731 609 18
301 401 767
721 669 695
121 961 1
845 81 421
522 13 726
931 505 217
935 641 33
181 367 33
161 5 657
861 33 745
295 225 723
613 76 805
883 493 128
85 79 208
704 733 793
459 457 713
745 998 516
953 951 221
71 675 690
846 669 105
771 813 449
681 17 351
45 521 251
374 540 1
184 407 5
296 576 182
549 345 186
951 401 105
89 505 731
132 706 722
449 581 287
629 588 481
754 49 751
14 311 203
793 105 487
276 721 785
6 819 554
849 531 657
26 533 265
369 17 857
940 425 665
529 990 541
993 793 386
451 941 878
265 686 174
161 12 499
286 62 629
122 141 490
913 13 11
849 225 833
33 151 866
379 627 312
72 401 97
177 908 46
898 63 150
271 29 876
76 616 177
939 725 321
111 392 76
887 857 747
206 365 958
701 141 361
265 175 1
29 761 596
9 582 105
313 603 475
801 29 542
901 540 353
777 301 185
81 131 666
601 48 207
366 991 794
262 57 665
965 91 647
329 801 853
735 807 888
169 195 541
966 453 816
713 897 674
176 993 820
709 83 857
411 36 509
169 965 697
65 604 67
868 909 421
770 951 483
281 76 976
145 699 773
263 247 965
688 658 897
289 691 553
787 339 1
509 904 507
236 550 469
649 526 914
641 486 952
349 448 785
391 201 24
889 57 629
952 261 231
673 813 169
295 127 708
544 468 521
433 235 353
218 85 169
153 211 291
878 473 877
189 390 971
801 884 805
287 393 113
847 409 876
20 281 851
769 537 401
576 81 267
905 313 282
981 504 20
493 794 528
417 163 170
875 517 584
566 926 61
65 820 726
277 121 85
441 629 666
61 26 946
518 169 1
655 896 59
309 283 511
216 281 501
657 700 245
509 760 531
877 589 421
329 113 81
233 469 701
621 895 157
999 593 247
146 395 5
733 445 871
481 113 953
751 996 953
1 629 981
101 669 286
865 441 696
701 829 173
421 409 570
29 171 49
689 327 605
176 33 385
376 681 891
988 261 697
345 137 341
92 459 1
577 229 969
681 75 897
51 161 443
837 655 718
497 625 576
811 489 287
804 742 776
601 163 569
126 101 305
733 145 947
801 201 905
586 601 631
253 689 651
109 641 157
583 163 641
901 809 895
3 773 744
301 489 297
624 321 673
825 59 41
176 541 937
801 221 509
969 663 641
871 283 418
424 161 459
89 8 95
665 770 781
783 647 421
470 17 733
287 785 897
959 123 843
88 443 139
355 626 194
517 536 601
989 857 545
821 711 201
161 756 504
834 41 138
155 81 465
857 367 186
882 171 631
673 227 921
767 466 59
466 197 887
851 369 779
760 745 416
627 741 959
529 832 861
791 236 310
338 389 251
190 170 725
411 95 35
856 201 286
661 281 655
68 946 401
461 677 189
497 65 362
557 363 466
578 940 801
651 873 541
335 823 361
975 524 385
977 379 801
215 910 158
356 824 309
909 983 705
525 471 65
633 983 853
611 955 777
281 363 131
800 361 433
551 921 443
597 593 363
467 181 66
936 729 972
334 319 816
968 262 807
151 249 699
521 925 415
489 193 1
993 727 666
484 737 112
978 681 425
273 421 118
417 217 309
518 937 429
157 86 249
209 476 799
962 207 116
81 205 249
688 676 373
369 743 918
49 324 436
776 705 551
173 830 126
897 81 675
247 21 461
83 273 33
512 609 787
857 851 689
323 873 541
546 129 26
559 534 68
665 873 437
881 984 345
985 837 371
881 178 357
521 936 489
659 282 426
839 366 406
875 841 913
289 859 11
805 977 949
873 421 658
833 681 525
600 61 816
953 977 601
435 977 323
699 347 776
722 541 545
718 831 524
559 777 776
564 851 465
980 613 473
41 811 22
585 509 576
874 637 256
494 972 971
654 793 611
991 581 797
570 579 487
33 981 671
517 257 56
915 761 477
508 535 361
41 201 219
793 626 943
161 913 681
781 881 801
192 321 165
117 817 851
857 465 377
604 833 694
138 762 89
683 816 281
325 201 222
745 601 329
92 4 413
1 91 361
321 22 387
796 242 373
331 464 341
737 772 517
241 471 857
279 85 432
39 571 469
239 421 933
126 921 29
325 321 13
385 241 677
379 121 721
501 141 553
33 39 49
546 851 576
776 921 177
430 733 518
95 744 876
6 81 451
511 440 957
233 843 824
538 151 696
152 731 679
871 174 313
557 901 223
809 797 443
401 496 761
965 169 130
557 73 59
981 373 761
705 505 893
169 49 103
508 381 40
669 276 709
644 517 232
767 89 401
409 540 285
345 956 126
461 746 270
713 441 913
146 890 415
397 456 345
587 819 81
625 602 255
404 490 671
131 1 637
517 694 953
433 489 911
611 281 335
484 421 926
453 641 301
801 903 85
697 357 204
1 882 928
581 896 939
819 436 690
476 483 456
745 497 734
636 456 61
625 407 501
201 323 975
711 301 633
904 691 912
850 885 41
676 581 241
445 9 252
551 51 757
405 459 141
729 361 441
976 913 906
873 617 367
511 919 723
131 201 537
253 547 573
227 141 157
361 440 474
250 961 99
431 100 740
849 1 90
609 274 466
694 642 310
349 145 330
951 693 300
173 299 891
681 737 521
991 759 825
993 611 881
213 611 457
371 132 41
331 607 785
593 403 521
41 598 553
664 156 517
617 601 771
562 69 637
131 762 628
981 217 505
839 553 789
427 359 676
954 401 711
286 289 929
281 43 81
605 280 836
219 801 321
87 171 15
471 676 985
321 489 304
43 644 654
369 521 384
635 907 441
376 179 307
1 289 81
457 440 941
636 361 21
273 921 537
111 996 153
881 625 491
407 401 801
315 288 591
849 91 161
392 421 284
398 477 301
641 501 311
699 320 876
718 88 768
597 681 581
459 143 311
273 941 607
281 477 167
582 353 186
401 1 316
233 257 833
409 917 281
91 138 134
941 315 628
297 13 366
369 647 569
511 343 364
497 506 296
591 121 1
116 229 601
567 235 821
454 601 145
403 16 820
234 188 285
121 113 295
111 739 128
695 1 121
149 513 526
512 929 393
389 906 209
24 541 232
882 86 977
841 461 374
601 317 445
977 472 438
161 391 900
695 940 637
609 831 595
545 207 239
171 521 169
225 301 629
46 353 876
609 170 313
496 921 434
818 156 273
291 797 431
261 561 984
937 981 362
926 586 720
786 223 421
247 291 271
785 833 671
131 145 698
898 657 808
27 1 807
211 773 817
840 496 481
957 947 751
294 322 555
236 837 557
833 209 140
769 125 7
705 47 181
709 805 736
600 347 201
401 33 241
160 241 546
55 791 381
271 110 297
349 33 999
675 284 455
497 447 739
345 224 33
653 806 921
901 773 263
97 975 401
937 768 401
975 455 327
883 375 433
463 287 147
156 677 1
447 626 11
271 245 881
741 317 393
101 384 236
13 124 805
482 53 465
385 189 842
489 519 553
467 527 945
27 774 841
646 101 345
501 521 226
453 571 573
506 1 776
976 633 611
133 638 505
645 423 628
63 941 281
68 30 411
501 701 602
271 411 353
290 351 539
1 309 409
619 81 405
393 17 539
667 47 715
721 133 916
355 521 508
777 657 521
261 711 606
817 249 109
492 251 121
401 833 509
265 349 711
210 164 951
41 162 627
913 344 603
635 257 869
445 99 145
276 485 1
69 561 945
801 583 980
779 241 221
267 232 809
881 915 611
65 59 234
11 479 176
639 13 196
378 131 769
623 440 353
621 530 697
93 725 761
786 414 17
459 701 465
476 505 633
617 971 677
351 41 201
909 71 625
977 372 125
171 953 745
993 927 160
131 277 578
251 422 169
401 565 852
930 15 798
751 833 959
907 577 293
641 405 375
197 793 819
98 657 27
17 703 349
265 121 506
932 346 625
902 595 961
961 231 801
111 321 596
757 348 643
273 201 719
317 659 681
313 821 841
793 737 486
742 999 114
839 891 336
96 971 421
929 484 317
958 149 401
833 301 599
262 870 761
135 649 31
969 686 953
659 577 433
739 524 41
681 698 921
17 393 659
571 88 545
101 801 41
711 386 84
611 801 89
366 826 226
107 269 336
717 265 312
151 761 987
553 500 890
668 308 221
690 131 461
381 89 641
999 99 479
581 619 576
241 121 193
701 458 509
763 397 43
747 556 729
496 777 65
251 17 609
47 21 301
801 151 117
41 888 721
11 958 420
201 535 701
141 253 312
616 961 131
1 528 681
163 521 753
53 241 961
683 681 61
820 415 67
633 49 161
28 939 47
85 657 17
265 505 841
891 629 237
404 271 839
677 10 661
387 474 753
551 173 353
523 787 489
326 457 566
721 841 359
377 691 498
64 905 685
814 315 308
273 469 429
958 181 781
218 234 329
81 751 793
145 501 669
11 501 287
76 937 837
349 601 287
975 969 231
791 229 944
508 545 409
751 411 142
231 817 481
445 4 433
301 953 887
65 692 3
841 782 835
214 806 177
101 454 454
336 961 846
421 921 509
665 593 831
76 696 906
639 152 143
793 561 337
887 639 72
949 559 693
761 271 601
999 851 255
433 88 493
874 735 43
57 991 741
266 752 228
413 621 516
99 806 925
973 981 935
165 329 976
931 871 319
531 980 516
31 477 701
470 983 821
18 1000 269
831 101 786
501 785 725
630 110 21
11 951 245
141 698 817
441 871 91
279 907 38
866 1 481
653 696 733
81 713 331
641 95 226
739 701 760
691 106 830
857 116 563
361 20 975
345 295 801
183 397 896
985 865 407
429 1 537
266 786 661
129 114 105
312 81 391
52 161 314
921 199 251
327 781 901
57 189 209
120 697 126
941 593 453
920 171 356
735 857 881
706 175 356
983 905 825
864 51 126
221 605 557
513 87 756
387 105 234
719 772 851
965 145 185
354 845 723
629 711 159
241 241 607
241 257 6
293 630 427
841 525 781
576 366 945
23 491 792
393 205 845
901 594 501
992 751 617
31 501 247
969 325 310
673 601 666
833 203 945
135 153 753
233 305 870
46 851 525
306 41 749
497 127 761
137 337 866
918 746 105
911 828 961
231 750 595
169 521 589
393 826 321
207 681 537
748 909 540
289 105 905
55 707 585
849 460 601
501 951 645
393 697 265
625 308 9
895 198 711
847 733 596
271 691 935
422 642 269
71 83 933
457 473 669
676 297 551
121 21 201
187 436 151
924 176 89
451 155 136
764 984 241
786 329 954
941 451 935
706 565 75
401 821 83
766 614 193
649 333 41
427 913 37
677 541 137
399 273 840
126 226 213
773 141 921
618 225 651
309 455 261
421 626 202
953 613 969
391 521 616
517 681 801
281 65 341
881 677 43
786 664 806
379 84 231
166 53 329
207 439 789
916 536 33
975 265 613
51 923 756
511 569 877
724 975 961
571 25 856
785 702 351
724 852 729
931 879 19
417 81 409
286 919 531
790 934 561
911 152 501
873 737 735
650 501 361
941 159 801
681 159 781
217 927 126
533 565 700
413 506 961
329 305 491
896 656 729
461 526 190
748 417 831
97 817 321
149 851 119
945 131 301
991 795 279
501 876 825
134 719 149
533 541 457
417 558 435
300 841 705
121 870 298
345 859 265
173 465 297
949 163 220
731 790 597
649 666 81
33 490 885
928 889 996
851 68 24
779 201 326
721 89 633
512 321 47
853 411 466
289 65 489
365 617 802
781 694 250
256 204 89
691 234 233
323 883 586
997 29 971
401 465 138
225 841 535
535 135 758
913 26 813
721 764 451
649 330 648
569 693 569
291 17 901
427 425 901
565 985 591
37 121 756
137 986 523
873 567 69
911 845 448
431 69 405
373 65 458
524 651 173
781 813 835
103 791 746
251 361 195
608 29 177
674 708 281
957 761 671
241 388 814
161 984 400
156 309 873
651 178 581
685 268 284
606 641 795
457 701 857
171 929 46
469 321 986
415 889 933
501 29 201
966 12 161
682 97 361
715 447 626
389 121 825
657 167 465
241 887 781
69 371 237
377 993 743
953 381 346
917 366 625
649 459 711
241 497 801
41 842 801
473 714 649
521 295 493
379 289 201
911 293 151
851 9 837
831 733 833
316 149 322
19 109 753
351 722 842
31 151 729
421 525 499
144 75 193
851 271 883
663 566 229
131 295 81
216 66 475
593 553 93
377 265 17
823 255 367
121 588 513
999 642 441
751 385 565
453 528 461
545 320 625
151 431 871
515 913 847
585 865 797
935 501 638
829 593 857
982 137 381
26 813 536
673 289 337
281 301 191
5 941 421
940 407 961
921 341 199
629 219 361
713 255 651
515 111 739
938 221 795
235 536 965
901 454 441
321 769 301
318 481 740
171 885 145
689 98 291
487 849 902
201 491 650
429 988 403
781 253 937
450 501 941
193 471 415
539 640 529
845 861 627
773 691 607
471 698 521
859 981 221
811 73 545
787 121 181
889 801 453
629 951 458
981 657 393
185 46 370
989 808 149
781 3 880
685 376 521
543 491 250
273 545 777
729 101 502
437 651 729
371 626 21
659 804 1
175 501 521
44 679 911
561 203 835
145 619 86
617 396 301
561 661 626
706 457 826
657 737 603
917 505 724
1 346 246
713 577 241
54 835 71
773 781 946
335 193 351
327 301 610
636 294 53
580 285 488
201 321 426
386 663 353
211 393 865
737 693 807
753 681 349
459 851 696
983 345 853
646 193 725
496 655 346
721 133 501
797 921 91
265 525 913
397 606 197
1 926 723
861 941 191
289 49 498
353 745 705
241 841 321
187 462 930
793 261 606
473 475 361
612 996 81
702 784 552
307 466 28
119 958 283
85 736 651
731 881 459
526 293 537
201 109 384
321 71 251
613 901 737
11 726 391
1 981 797
129 125 729
591 36 775
167 618 164
792 785 881
229 289 644
457 69 251
441 785 855
205 1 3
301 605 481
481 436 226
441 865 51
951 648 146
426 653 113
759 585 626
875 464 521
865 741 937
805 151 763
326 941 161
411 675 817
326 672 701
797 887 739
656 765 716
93 65 91
497 923 887
876 803 433
273 564 807
805 825 876
291 481 136
205 785 4
792 409 151
95 218 876
889 721 327
429 766 1
749 505 469
721 921 27
553 229 449
981 663 444
85 113 11
312 629 235
811 701 227
227 801 368
727 521 777
661 386 971
991 709 689
548 909 877
830 656 64
193 293 415
778 605 494
562 37 41
276 86 681
394 241 859
152 345 864
125 829 111
176 57 41
531 17 173
153 26 831
879 499 256
337 559 658
249 155 421
376 629 175
494 519 451
369 438 41
598 335 530
296 339 635
898 526 319
553 567 641
61 661 823
273 849 121
611 329 213
716 329 747
601 932 236
37 601 355
737 355 209
349 449 720
333 255 553
241 449 516
303 583 960
141 472 517
558 466 716
659 591 875
265 665 491
321 527 354
395 77 409
781 389 141
848 561 265
569 171 547
423 229 741
249 791 769
167 1 473
911 376 184
423 408 625
197 855 611
476 786 365
534 616 487
41 289 861
183 141 731
629 21 989
999 469 81
720 701 713
73 73 438
975 599 375
945 937 204
929 171 751
741 425 553
429 455 483
711 981 121
801 786 769
761 801 181
5 993 561
215 321 738
999 566 278
385 769 158
424 1 153
941 346 441
392 401 179
221 601 519
541 439 306
281 758 321
346 741 731
531 239 951
121 674 221
471 415 969
722 217 321
483 241 741
564 473 349
873 931 761
841 433 57
869 985 48
359 326 691
625 501 445
842 601 582
5 9 961
162 457 903
409 586 635
537 641 597
631 546 176
193 437 792
303 786 501
501 251 802
909 446 269
181 561 435
921 635 251
340 753 74
561 937 729
921 408 897
241 443 681
89 818 65
266 385 19
298 973 561
273 397 321
11 541 565
816 785 709
459 990 457
669 435 186
404 751 329
901 77 933
249 60 393
235 341 482
513 781 241
91 877 299
276 396 150
761 261 833
897 231 595
97 694 825
179 601 113
465 801 1
801 934 349
141 540 647
578 596 110
537 28 371
662 902 63
659 929 626
705 94 59
501 121 177
451 495 691
921 777 791
573 383 637
221 426 16
401 25 167
411 395 721
542 633 25
727 689 276
554 800 436
213 409 763
32 27 65
685 941 1
293 201 621
676 115 684
625 857 601
940 623 73
957 689 393
745 289 961
631 21 1
809 213 173
740 751 29
127 711 391
121 913 311
941 116 431
297 1 429
787 595 651
704 873 131
881 127 850
373 140 561
635 819 177
169 293 749
965 915 524
217 381 315
881 475 742
569 515 737
465 1 686
551 17 425
145 764 545
301 757 931
149 749 449
1 81 811
868 545 985
929 937 231
252 956 401
370 149 106
841 801 825
268 865 301
961 617 441
158 201 682
356 216 161
213 901 257
65 853 849
751 603 211
318 833 796
361 385 549
223 501 8
398 114 335
749 873 157
489 8 851
905 191 825
931 441 594
235 33 889
819 781 69
69 153 541
577 834 153
23 581 161
353 239 585
909 279 570
301 389 700
519 942 388
653 477 604
113 513 897
871 986 751
377 996 993
257 201 781
505 503 448
718 799 897
121 853 361
177 31 593
315 312 921
423 693 155
75 175 188
37 713 16
564 985 73
289 977 571
673 455 433
518 886 71
522 617 801
49 783 255
223 703 166
961 587 796
951 71 241
891 966 839
1 905 794
431 601 637
601 546 916
351 345 251
657 825 797
1 212 421
233 367 193
281 601 266
646 434 9
683 801 711
877 911 941
125 765 664
831 497 951
914 185 357
447 1 424
441 201 928
501 98 233
481 241 661
805 9 601
827 713 895
699 48 162
366 751 564
523 88 15
946 325 1000
373 416 478
308 27 301
251 961 953
276 16 121
715 607 667
683 196 569
171 485 641
771 661 861
526 251 702
393 877 791
601 669 439
470 5 355
208 681 680
106 189 185
37 814 81
671 259 966
691 525 451
777 135 189
239 738 166
795 737 822
100 341 600
121 617 589
490 99 261
449 908 185
632 460 561
327 969 89
386 43 921
41 294 40
801 117 641
553 23 859
857 756 705
411 341 363
313 513 85
893 821 629
682 641 116
284 889 421
247 739 401
726 603 827
967 529 263
101 371 853
855 121 663
985 457 909
862 731 201
857 701 741
251 353 417
569 489 805
943 636 314
761 129 441
351 715 205
173 231 917
641 932 568
507 911 369
751 798 553
248 141 842
708 897 509
433 615 717
486 815 853
895 954 77
749 171 368
201 421 625
723 38 864
327 32 773
657 249 168
502 353 249
5 394 805
302 206 175
787 5 908
245 695 235
561 471 665
855 937 989
954 395 941
89 431 601
207 381 633
801 944 601
751 837 69
717 399 673
462 103 199
28 721 829
473 675 861
175 945 137
783 829 211
801 81 599
547 949 781
641 813 532
353 761 301
501 685 956
901 977 976
581 369 241
41 890 831
751 321 439
863 233 998
137 51 813
845 418 409
71 237 601
700 15 386
481 425 868
951 451 767
641 663 861
501 106 529
809 127 401
37 377 921
500 601 159
501 429 93
850 861 729
81 781 165
827 535 376
933 737 177
945 805 249
141 361 1
437 272 479
644 137 65
135 1 166
885 95 830
1 393 360
401 66 361
895 441 457
801 929 421
368 997 329
331 51 913
584 576 393
496 22 741
97 816 401
359 217 477
577 982 977
201 415 193
211 82 401
657 215 191
255 721 961
944 721 171
913 781 729
777 249 201
497 601 947
909 697 456
49 28 80
33 737 912
149 345 353
825 309 706
986 161 117
969 641 980
751 361 81
193 727 345
201 614 371
46 81 364
209 982 201
681 56 196
609 721 961
817 457 167
985 703 111
951 465 299
77 226 498
944 349 647
867 315 121
476 521 249
543 201 291
91 721 273
685 954 822
793 559 129
117 379 405
41 2 205
43 937 677
859 621 541
473 973 441
841 128 177
568 469 437
841 42 126
721 622 513
417 379 60
89 421 379
481 957 493
977 642 449
91 841 194
680 345 773
353 225 589
1 225 199
738 561 510
938 189 365
849 421 933
80 640 13
233 490 531
12 721 566
961 7 361
886 977 55
579 73 431
66 177 970
621 681 106
901 245 100
801 957 361
681 881 897
742 821 501
850 118 436
294 481 258
513 815 209
156 965 717
853 986 477
97 145 901
582 640 663
985 251 501
687 201 187
851 37 501
626 988 349
792 526 909
526 366 497
609 541 407
209 161 645
276 654 465
881 564 837
609 195 562
613 9 121
521 192 406
482 81 881
80 347 505
945 695 273
686 659 491
237 141 951
610 460 1
233 771 49
769 321 556
843 167 158
337 265 881
57 861 561
848 105 877
456 541 315
109 345 836
461 441 297
859 923 505
161 448 361
848 749 398
409 527 285
297 249 913
281 529 626
192 681 101
971 553 557
795 391 825
873 975 533
1 588 609
467 598 121
399 33 7
317 657 279
974 298 9
102 679 1
945 289 15
693 961 453
327 99 577
881 609 426
743 711 361
999 762 131
662 62 405
249 931 548
345 866 861
581 681 226
461 676 471
82 37 359
984 650 969
893 208 401
692 394 643
856 193 409
809 723 423
951 691 497
543 721 345
840 33 639
675 642 441
699 239 279
192 159 960
933 143 393
937 251 766
323 159 631
345 249 757
595 329 185
841 560 61
690 297 929
941 313 345
624 611 201
629 261 57
105 387 577
441 221 491
53 179 433
905 101 1
689 123 945
877 290 965
685 757 901
441 968 513
901 881 866
755 685 713
273 671 245
81 209 94
898 793 233
321 435 43
900 689 945
401 521 359
440 146 299
691 969 176
716 392 211
489 717 688
184 825 591
611 661 565
222 990 901
650 422 705
811 309 350
29 43 625
117 153 75
105 265 290
361 329 656
823 480 938
398 652 620
937 45 488
651 177 198
537 641 507
21 127 865
111 757 449
449 841 972
149 569 305
501 226 129
126 295 56
751 130 517
359 595 613
137 665 617
601 421 201
91 545 498
581 773 561
11 935 930
893 613 621
721 879 926
907 921 957
937 525 17
141 767 405
722 806 415
900 715 491
932 284 891
545 241 301
41 61 145
521 666 401
664 581 747
329 361 916
872 97 489
620 852 41
397 46 195
179 475 281
423 509 543
435 489 49
274 639 65
188 477 279
300 196 685
413 273 547
425 97 481
941 901 725
493 129 826
634 657 91
401 784 437
499 547 226
114 985 297
371 248 665
713 377 81
625 464 376
576 730 475
821 858 221
121 651 345
187 157 367
294 808 681
526 588 209
948 776 466
253 446 468
637 953 178
211 147 693
151 828 685
875 571 744
601 333 145
667 587 273
515 251 333
527 342 216
1 766 151
257 721 604
525 261 233
436 905 873
153 751 696
954 226 933
900 226 1
12 518 559
86 716 716
681 126 447
269 697 456
542 384 211
25 263 649
1 184 295
225 151 281
974 971 649
211 236 577
513 449 790
115 302 897
525 766 297
495 105 595
779 545 921
471 639 772
669 944 730
328 110 775
761 17 671
140 931 790
377 919 601
333 414 611
457 809 496
566 423 49
7 465 173
536 304 388
532 811 521
521 517 986
411 136 469
161 684 143
261 293 421
444 704 333
273 733 176
443 281 259
137 797 264
73 629 467
458 535 441
269 442 242
663 41 729
45 401 851
21 989 41
440 192 660
521 916 431
16 699 219
711 201 501
737 561 497
721 600 133
596 417 727
836 536 46
9 121 307
253 631 973
818 846 271
829 917 863
89 226 617
101 221 846
829 359 487
801 377 153
827 51 427
276 293 939
281 353 501
63 626 797
376 666 808
483 37 152
921 511 850
629 70 973
286 241 477
29 720 125
456 153 367
441 223 789
217 928 217
734 157 299
941 533 259
351 1 906
213 337 194
107 61 417
551 529 686
805 119 973
438 394 655
913 571 30
697 991 458
921 395 582
213 1 243
777 116 517
967 633 933
721 405 3
169 901 841
983 736 794
128 36 891
34 953 585
632 301 657
621 591 489
124 525 361
277 265 281
855 405 129
549 976 881
365 861 305
838 751 614
761 671 907
360 425 256
451 51 580
202 267 566
953 386 519
37 517 17
905 625 611
987 508 496
804 301 958
727 73 167
865 417 144
971 406 681
959 51 531
761 719 527
566 519 21
741 971 305
179 591 369
435 201 829
208 897 885
478 309 893
425 381 122
951 505 397
287 166 869
471 863 153
161 954 297
609 721 923
775 124 497
306 859 433
97 859 485
701 931 942
891 609 648
81 906 583
114 257 41
551 439 969
252 335 441
301 17 577
527 881 437
680 233 977
907 931 681
153 642 725
549 61 433
773 209 186
737 380 384
747 941 41
791 183 416
921 313 630
722 525 554
239 453 398
113 19 461
681 846 840
977 737 610
951 687 438
842 463 336
559 79 681
361 546 793
793 781 703
171 755 474
673 970 873
497 845 951
763 191 775
103 841 1
189 421 255
604 119 993
21 857 498
77 753 100
889 309 980
661 201 26
73 968 283
501 295 783
991 265 887
877 793 951
681 799 741
841 849 689
576 481 947
199 985 791
467 124 233
325 891 126
451 21 619
53 173 231
101 485 589
870 27 468
491 319 109
61 75 673
699 609 51
921 902 44
865 107 18
51 883 575
626 61 830
104 137 961
11 424 1
673 431 611
913 459 237
703 920 133
929 273 254
161 708 893
21 746 593
898 74 590
448 595 651
711 793 886
61 225 63
961 714 101
193 256 916
532 265 176
417 457 112
33 413 694
1 901 734
819 5 525
385 592 21
371 158 786
321 981 501
811 881 695
573 7 402
1 699 625
833 161 985
853 697 949
101 511 870
436 459 925
833 76 181
625 779 408
865 631 842
801 473 977
250 65 485
963 225 151
465 346 401
271 482 211
809 357 913
280 705 681
858 671 621
47 361 41
157 69 264
807 970 763
855 221 457
641 385 460
731 485 306
57 925 441
243 301 657
296 239 593
729 802 601
979 113 72
425 509 293
737 347 173
956 106 441
73 247 661
692 736 736
911 712 501
158 879 76
95 265 37
61 355 459
357 666 565
853 981 141
380 743 473
821 933 681
693 453 331
353 786 527
678 328 701
889 737 91
953 446 486
87 377 212
497 61 97
57 118 571
233 197 307
576 333 391
469 921 247
212 425 543
321 347 355
1 737 585
129 76 197
903 416 418
305 823 21
441 441 446
677 319 329
261 225 181
24 125 565
231 557 521
897 693 609
346 201 842
969 485 527
33 543 61
641 931 591
120 261 449
377 75 216
663 617 633
895 177 349
512 481 569
310 450 601
663 311 433
936 683 561
969 427 461
778 585 621
766 249 945
556 181 353
590 235 971
701 881 304
262 351 491
705 281 837
33 201 392
103 665 505
779 636 1000
972 562 186
311 106 366
551 121 752
151 784 717
747 347 473
78 637 881
237 971 89
34 129 377
10 1 141
291 1 918
804 250 201
1 296 381
297 408 784
301 466 318
753 386 953
874 967 790
75 131 951
750 563 609
341 297 77
699 522 44
55 961 809
757 957 673
661 255 801
401 641 801
855 841 522
531 454 746
14 175 365
226 14 809
902 173 1
717 155 524
986 491 687
806 998 141
269 398 841
270 102 281
177 473 53
171 793 290
485 76 478
81 164 900
244 233 17
45 964 20
37 695 753
929 577 617
383 838 615
126 407 851
118 593 449
721 703 321
177 711 293
247 361 547
301 401 254
969 809 811
161 488 670
345 181 331
601 163 313
390 611 56
887 1 516
377 499 721
692 271 561
726 613 761
307 471 325
1 985 424
140 433 326
121 6 449
596 397 949
45 969 728
977 765 887
817 225 251
101 961 662
138 901 153
105 614 776
401 617 428
119 993 144
739 1 723
89 609 511
898 537 1
189 705 425
65 951 45
49 997 366
533 333 148
5 830 26
89 420 529
176 673 659
493 402 853
117 616 556
498 233 97
799 660 779
273 553 250
81 561 978
851 761 901
634 701 316
431 162 187
997 565 731
921 785 262
609 563 441
311 297 765
499 941 290
692 437 169
650 153 881
761 881 501
583 985 801
987 849 215
5 571 501
851 315 51
173 985 521
457 667 251
373 651 101
261 405 430
517 177 187
621 572 971
557 764 251
282 153 500
194 76 536
51 791 667
59 641 844
793 497 765
99 473 423
285 985 547
654 527 969
177 569 382
917 241 462
36 267 18
708 324 789
410 299 605
845 409 81
225 150 635
521 137 63
359 611 568
786 541 453
547 171 781
291 998 464
625 470 506
938 789 345
730 369 921
995 555 305
881 951 489
577 441 792
336 321 579
677 921 91
112 859 297
685 427 151
204 925 622
808 305 217
312 926 617
437 333 360
316 225 626
141 343 401
427 209 497
85 433 695
566 377 659
871 663 882
645 702 921
109 933 325
509 377 697
92 477 329
177 418 749
513 677 995
551 713 57
731 522 631
585 152 761
737 677 746
645 481 257
214 349 157
871 45 385
295 689 331
39 641 86
908 326 941
805 569 350
841 457 111
675 646 63
843 413 501
176 170 77
290 771 961
386 933 1
415 611 855
776 205 133
88 1 937
288 681 865
649 387 653
523 954 331
577 666 480
165 923 974
123 259 795
241 555 673
537 251 569
846 733 983
152 473 507
639 601 135
241 609 163
609 1 465
354 41 268
795 1 669
394 757 73
323 673 671
669 641 78
571 945 321
413 632 21
431 370 121
99 812 995
808 505 786
309 621 197
41 471 68
217 649 690
877 481 908
351 657 964
246 606 431
483 139 425
783 83 881
361 306 1
889 357 281
173 107 273
109 341 411
545 693 501
773 381 254
85 376 870
56 688 158
601 741 701
701 863 501
437 60 65
491 151 292
509 475 438
762 353 297
387 821 354
193 220 878
787 945 224
609 373 965
45 176 73
924 97 584
760 657 433
401 773 533
430 7 413
753 97 487
981 761 408
35 737 193
875 100 912
501 4 641
927 638 589
245 241 92
953 580 227
51 219 821
653 151 520
831 801 939
380 631 837
245 505 423
909 373 919
526 689 769
201 401 649
785 787 161
809 218 409
437 41 574
885 319 645
541 769 137
674 761 405
899 805 30
49 842 862
85 81 471
203 497 415
967 713 841
499 962 155
260 495 435
62 337 236
537 460 491
325 741 97
278 597 209
436 359 405
293 318 171
781 970 581
353 508 102
241 151 753
241 149 129
391 69 405
211 26 429
851 423 353
365 489 19
525 676 55
741 271 641
449 197 42
306 241 31
561 361 121
553 731 945
841 868 641
363 417 153
321 457 970
395 973 793
897 313 785
61 65 264
793 307 541
587 498 501
381 209 191
206 567 745
1 158 477
176 501 349
50 497 113
633 981 929
481 729 671
669 857 93
957 365 822
558 943 797
856 337 651
341 857 101
161 143 401
558 793 911
801 423 964
701 284 621
737 617 585
237 985 101
70 109 751
571 729 443
11 831 715
81 653 156
121 209 273
201 401 380
39 705 67
67 361 13
143 819 701
277 155 62
20 401 577
225 692 949
161 629 41
921 369 621
1 761 213
409 108 705
313 729 621
535 521 561
27 326 597
460 153 597
761 709 229
25 144 521
10 895 866
184 501 239
990 268 136
585 569 37
466 953 691
901 410 849
543 144 691
917 201 883
145 417 482
24 187 157
745 903 421
20 201 242
921 371 345
435 307 92
71 756 193
122 426 194
970 906 257
733 861 381
375 709 656
93 111 674
96 551 801
180 583 45
271 645 701
97 151 509
17 195 321
701 473 925
476 249 420
178 461 881
529 601 269
975 211 551
1 773 371
581 709 401
597 873 31
289 847 347
901 9 514
525 759 291
84 168 123
513 393 881
49 47 628
511 722 83
362 861 760
737 77 41
831 29 166
125 8 1
163 641 401
799 986 799
421 521 569
337 501 86
181 461 215
725 951 107
403 961 481
641 861 101
945 537 985
137 992 834
1 881 537
711 551 401
273 633 149
655 71 357
276 566 62
638 447 845
674 268 141
793 353 103
501 837 926
349 889 266
686 106 801
70 851 721
633 861 441
649 729 91
924 781 710
648 797 291
86 266 677
837 734 218
541 765 916
945 927 649
809 881 571
476 141 195
301 77 227
633 804 63
753 489 996
819 529 41
549 39 969
141 638 232
363 506 501
651 47 683
801 971 627
101 21 291
755 492 116
297 615 47
681 25 980
345 666 696
5 609 925
625 545 711
289 115 97
31 421 641
536 869 543
313 373 573
425 661 169
237 640 311
153 529 781
223 801 25
583 421 297
834 31 193
21 14 52
718 137 320
388 303 761
521 593 55
552 441 169
49 996 321
388 876 401
565 31 87
333 481 733
995 135 457
45 816 541
576 321 356
291 785 811
951 139 940
201 161 5
584 816 381
500 725 133
100 821 41
197 558 400
533 519 707
465 785 40
129 761 953
315 921 429
201 834 383
851 929 491
444 234 917
616 425 481
937 976 750
633 281 217
374 876 723
639 356 586
175 191 478
276 461 899
733 101 176
733 65 77
463 998 421
221 71 550
8 431 813
613 107 401
220 561 497
118 984 549
489 819 926
940 519 311
91 213 209
93 906 129
933 979 457
596 793 881
961 847 839
878 381 116
801 446 361
287 608 297
79 899 459
709 63 411
627 630 89
571 147 741
41 349 197
381 657 675
641 981 158
873 986 349
116 189 412
63 333 953
447 521 697
561 633 627
465 839 937
661 73 936
809 801 769
705 585 360
569 233 9
929 451 117
171 223 935
993 973 453
281 588 824
563 82 617
883 476 311
809 528 601
741 30 517
677 336 305
505 229 241
139 801 377
693 171 806
829 361 93
489 268 19
169 101 935
315 373 460
461 674 81
771 141 153
1 913 151
341 96 505
237 833 426
454 100 760
651 537 249
223 27 536
11 599 751
373 153 33
503 693 609
951 369 1
897 781 566
167 643 759
523 156 443
597 988 811
343 201 211
892 137 876
865 796 357
889 362 881
509 191 119
818 10 433
966 993 489
992 930 938
713 225 610
49 869 371
929 899 426
201 105 307
501 57 941
806 961 82
106 201 385
37 985 335
265 685 630
849 13 612
767 714 921
151 257 1
203 641 31
385 265 885
593 593 803
748 562 945
289 747 851
563 472 713
541 577 51
393 565 453
247 25 359
341 896 293
353 865 593
885 757 657
81 639 381
731 621 177
321 365 295
54 671 181
678 724 670
806 897 21
99 391 413
601 633 156
501 941 517
708 201 189
409 881 477
947 219 227
463 268 804
43 487 297
904 9 891
201 205 524
173 801 451
871 617 199
719 681 955
269 151 685
473 486 722
897 653 219
431 680 449
425 966 85
916 895 529
81 754 871
525 158 1
649 587 519
363 957 771
579 781 449
661 801 869
521 905 201
929 359 775
21 997 736
105 113 999
676 551 677
431 540 307
669 584 19
141 875 585
805 761 191
233 481 45
124 579 581
336 121 672
121 984 63
85 372 189
157 828 133
961 901 269
551 741 146
901 793 706
447 560 854
23 897 553
261 715 724
351 66 261
173 327 908
761 366 901
139 801 365
609 786 489
286 27 627
159 177 613
249 961 601
670 615 61
741 506 438
157 826 911
626 652 734
426 536 81
57 446 283
530 873 52
700 13 982
558 757 497
387 501 451
251 141 877
489 441 853
747 939 829
