3706
491 661 235
89 417 370
393 761 793
828 665 889
765 330 961
961 609 854
841 293 368
349 596 327
441 188 657
449 206 823
849 226 681
911 816 246
160 293 715
179 709 409
893 529 201
666 301 283
841 965 127
261 763 403
682 933 551
201 237 121
601 121 81
561 221 677
544 947 961
135 749 589
897 761 400
731 530 646
769 656 615
715 161 353
707 592 181
936 533 771
702 481 889
169 13 180
156 616 137
613 83 393
963 521 126
333 681 457
405 869 77
1000 675 921
561 189 629
207 723 268
426 941 51
529 64 283
409 593 357
41 746 495
627 853 601
847 133 104
145 529 121
371 881 206
551 863 801
169 197 798
141 593 929
725 192 677
97 701 379
661 145 529
239 929 676
961 515 562
668 396 725
685 341 877
576 483 105
626 737 729
141 632 785
754 651 197
873 926 751
85 301 561
892 861 35
874 920 864
951 546 337
551 537 41
27 211 973
473 111 162
441 537 622
121 776 939
623 768 895
614 733 161
314 73 251
401 438 851
139 703 691
808 333 954
269 621 757
441 411 280
621 371 386
89 513 825
637 29 432
380 356 496
855 738 97
915 653 555
761 70 922
189 701 229
850 252 40
1 338 639
804 789 451
844 258 623
549 145 281
70 2 121
809 497 757
162 795 549
751 245 886
583 645 91
889 153 663
681 620 117
389 548 112
471 921 43
64 673 570
836 621 593
941 139 401
701 479 416
727 986 157
545 737 366
721 961 813
855 129 161
473 685 65
953 385 652
141 477 765
900 801 300
971 966 841
878 751 498
731 301 351
961 881 401
663 391 1
556 353 691
929 433 210
193 616 105
591 304 643
512 741 769
219 473 71
541 545 629
212 337 605
201 17 835
91 379 689
719 321 55
189 680 177
967 575 361
451 617 1
734 261 170
702 617 81
278 486 961
753 909 209
889 448 606
91 995 273
377 857 817
677 172 629
377 333 752
46 101 9
294 485 407
761 941 353
498 28 952
401 521 3
401 656 89
266 339 580
693 811 261
492 658 309
521 191 1
849 191 637
950 692 471
173 281 361
895 721 194
735 691 251
153 404 141
76 75 573
769 713 918
583 221 996
986 898 2
77 421 465
370 101 623
611 29 149
672 485 717
682 941 721
487 455 483
841 41 12
59 271 269
153 431 326
768 755 521
609 253 336
356 12 95
761 105 676
553 382 1
789 89 922
961 518 243
528 856 712
161 686 601
697 57 972
290 462 220
339 215 330
217 551 617
361 33 49
530 455 875
71 339 473
209 49 251
681 252 106
566 801 655
292 577 950
299 169 941
221 446 267
993 886 566
781 1 791
873 409 664
327 841 196
424 707 342
57 949 53
823 659 529
879 497 425
121 93 297
321 272 472
141 257 977
838 417 271
652 544 315
816 11 489
841 959 496
592 822 840
516 831 217
925 897 827
967 341 391
301 579 201
903 60 121
497 551 716
659 676 333
588 339 907
649 513 21
61 566 939
292 491 433
455 299 921
720 331 417
447 581 47
225 417 75
696 716 933
671 877 982
407 605 553
785 761 721
102 796 277
91 281 881
222 311 494
136 200 933
13 565 575
783 738 921
114 99 889
835 93 241
263 324 863
573 431 618
643 355 761
120 78 713
27 1 716
672 180 145
771 431 806
155 21 883
229 993 605
573 893 569
311 721 185
481 634 561
978 209 861
209 959 281
975 312 584
417 137 966
321 831 259
251 337 901
179 18 502
541 41 101
929 417 229
756 491 545
136 926 61
861 837 525
801 327 297
629 978 295
673 301 196
945 11 369
243 326 801
420 747 99
961 649 497
937 809 625
945 137 73
913 684 766
917 693 681
698 409 911
345 625 751
501 336 412
857 593 154
140 61 481
70 453 276
946 871 583
568 41 203
227 221 633
686 638 74
490 875 935
21 396 121
185 160 422
937 97 781
949 861 913
293 656 371
86 393 491
141 246 133
796 523 775
793 501 795
480 131 979
89 356 261
344 776 887
261 329 941
873 392 682
743 581 205
81 661 966
46 841 985
371 841 380
971 305 844
897 567 261
337 79 126
158 375 238
201 535 757
191 641 621
214 347 353
516 961 112
117 865 17
461 713 595
906 2 281
1 412 36
313 77 687
437 885 477
533 871 905
250 835 725
129 105 571
943 1 346
413 567 33
436 791 203
537 651 551
135 937 757
631 51 289
338 901 496
761 501 741
465 456 41
367 893 654
191 14 576
165 571 899
472 287 553
173 694 397
802 647 865
575 826 209
177 889 649
590 959 161
417 782 896
896 753 383
571 457 655
473 273 705
183 451 367
811 821 7
389 142 871
241 831 545
604 32 41
705 647 717
181 241 353
391 241 978
836 631 654
847 351 175
129 939 563
687 371 413
341 21 306
310 158 631
551 329 281
461 281 926
526 746 453
739 324 34
435 401 77
241 126 778
717 850 865
451 59 477
335 1 849
931 801 204
947 349 51
468 455 125
201 893 734
803 213 56
729 377 48
361 113 919
804 561 555
721 60 267
44 933 912
596 501 726
139 385 545
832 811 357
259 211 691
945 836 611
176 481 334
946 976 256
308 806 431
931 361 209
592 801 721
566 268 257
551 1000 476
751 181 401
609 630 182
660 541 873
119 756 620
676 707 98
566 549 465
337 28 985
328 389 925
694 745 921
531 898 136
30 321 455
994 361 945
173 558 13
434 309 417
969 21 299
899 801 755
881 536 60
63 892 725
239 26 126
401 621 585
853 979 681
789 667 58
212 813 583
509 532 786
571 538 518
430 582 509
912 225 988
313 851 90
481 81 521
509 217 746
826 805 297
360 242 581
536 849 441
319 45 752
523 420 417
641 136 885
764 136 631
936 536 591
633 76 201
949 49 771
636 954 554
137 265 401
306 5 855
833 387 45
616 801 88
401 537 291
579 794 103
309 88 925
466 889 477
893 78 553
141 574 23
555 948 559
405 441 961
141 133 289
17 481 729
52 707 411
641 174 481
746 533 763
668 751 51
501 689 179
309 121 899
827 789 569
831 786 501
801 25 626
825 945 287
941 585 448
364 693 59
251 967 817
481 149 450
76 705 893
751 1 985
526 996 54
400 665 849
21 512 92
97 997 818
908 127 225
105 705 777
801 446 307
41 785 703
233 613 208
776 398 801
693 879 121
956 581 455
212 801 96
801 699 879
673 817 501
345 29 473
767 180 972
603 43 407
241 17 651
25 318 241
692 429 306
149 76 950
791 216 909
969 886 114
583 812 871
701 431 901
772 353 615
175 737 151
515 997 456
589 620 751
71 475 423
193 609 958
385 341 31
260 119 695
183 680 641
689 321 383
413 825 565
417 519 396
615 141 933
933 173 247
44 55 993
784 441 679
751 88 493
206 641 739
361 106 717
177 661 341
617 1 952
929 161 771
313 477 543
639 909 533
581 267 98
861 576 160
65 776 129
529 213 850
185 327 21
601 959 457
705 911 898
331 983 741
623 463 271
848 216 681
319 276 400
906 201 421
233 26 911
523 844 192
321 749 276
285 709 117
218 521 290
243 554 289
245 271 849
316 853 105
955 751 707
251 725 26
629 461 643
623 601 106
127 992 41
139 446 194
550 755 641
548 304 85
437 824 19
696 863 87
49 476 900
3 595 127
377 473 473
677 208 401
457 641 143
31 715 201
265 106 387
839 243 27
741 237 737
189 661 683
83 5 961
999 479 748
789 202 681
836 460 953
128 368 505
411 97 661
473 873 249
868 351 657
241 141 257
11 576 397
223 1 69
493 181 508
31 40 129
377 950 379
462 305 46
901 783 801
23 421 277
205 629 605
42 203 889
509 374 259
567 197 77
826 11 928
671 609 665
90 649 142
241 891 825
135 59 383
261 607 479
245 69 325
753 177 431
657 369 451
1 513 551
826 781 219
688 323 251
596 481 376
193 127 119
428 586 881
537 604 797
337 633 846
965 341 957
713 397 391
445 901 935
541 967 708
637 269 136
945 675 951
177 233 475
189 672 645
605 1 936
499 987 331
941 705 109
765 93 185
825 441 617
127 101 709
881 265 341
95 161 362
946 328 30
488 913 793
553 913 795
486 165 930
196 53 126
801 283 879
741 705 276
437 417 828
801 713 297
285 521 457
390 708 165
671 151 161
301 161 289
501 275 169
471 731 926
323 231 371
733 397 263
921 365 1
636 53 359
416 114 313
191 385 553
865 796 828
187 781 481
341 401 570
137 121 204
377 337 851
381 41 105
528 201 521
471 496 841
801 129 873
479 161 307
220 281 651
942 645 511
601 503 368
51 321 246
981 232 649
301 409 276
475 177 336
721 394 719
201 926 837
931 195 993
418 25 825
713 453 189
396 811 81
441 945 493
785 187 16
406 281 233
974 428 225
453 371 941
441 125 762
601 881 73
993 473 863
376 171 369
471 705 931
896 889 671
629 806 710
545 361 191
91 163 73
683 348 1
374 49 201
519 393 225
205 165 493
767 841 733
351 685 296
309 364 237
394 147 641
25 369 777
30 353 739
809 835 155
483 544 509
436 931 24
79 937 658
841 575 999
57 697 501
940 674 627
41 655 514
777 981 71
21 251 939
24 781 88
994 711 209
51 53 651
356 288 991
447 111 941
281 362 537
76 499 435
521 633 751
425 653 393
551 571 577
69 157 721
683 881 570
769 326 546
371 657 122
209 897 759
283 729 66
874 113 464
421 831 411
906 197 95
797 856 213
827 621 893
529 611 231
405 168 481
97 313 65
501 529 69
337 451 101
233 785 9
4 495 421
445 486 799
676 825 302
133 378 1
391 341 43
784 851 721
199 1 221
801 657 631
65 326 497
801 311 22
878 743 333
201 217 707
966 571 939
845 647 94
331 881 691
5 346 272
33 651 549
763 663 9
433 156 105
9 217 65
625 951 69
476 501 751
441 506 704
440 407 3
641 897 649
793 38 601
559 510 595
839 286 105
683 441 340
15 473 149
823 971 751
877 611 757
562 149 744
539 591 844
989 778 801
761 651 751
793 37 351
819 231 481
591 207 979
237 541 850
237 351 602
726 605 236
928 785 375
241 401 722
153 81 644
778 891 475
391 471 201
751 812 697
657 241 635
69 644 764
461 551 820
305 697 573
41 498 581
897 936 386
473 373 527
821 371 208
424 901 814
391 519 954
774 752 613
313 881 681
521 691 89
65 795 417
23 516 501
365 658 349
531 743 413
366 141 266
651 301 361
15 43 581
809 169 181
541 161 225
431 341 244
506 201 38
984 17 451
635 817 729
356 469 628
411 381 221
215 601 699
709 286 196
42 801 577
745 705 735
539 913 945
327 768 505
551 133 801
61 662 905
899 505 303
538 13 763
731 238 101
823 804 707
721 869 201
167 509 704
721 676 941
493 108 339
461 505 684
718 91 425
871 114 313
207 181 201
195 222 746
353 977 785
521 207 199
814 515 448
71 411 621
544 753 337
712 387 69
777 817 911
721 969 81
761 361 774
881 457 426
401 273 709
321 425 491
171 1 111
856 947 269
643 305 246
117 69 65
901 801 837
425 725 179
751 792 541
641 28 857
123 193 58
330 281 497
881 935 137
432 445 937
841 349 897
984 871 157
539 21 378
121 585 966
461 721 73
250 118 243
927 266 141
671 745 85
511 771 464
797 445 781
755 702 198
598 473 145
889 951 649
912 169 326
120 127 481
422 135 109
806 556 551
309 69 979
395 51 571
52 521 789
529 129 281
296 141 416
305 403 360
173 97 49
111 401 192
111 359 729
151 525 21
599 537 576
554 592 201
911 919 645
455 719 548
615 843 933
873 903 746
8 921 735
721 277 385
595 466 714
576 899 358
529 965 302
724 857 874
369 521 377
205 969 457
361 149 401
405 637 922
217 155 23
611 285 174
931 701 279
537 927 806
146 279 859
51 351 333
197 421 747
201 553 711
920 1 367
288 921 153
801 76 337
375 915 16
911 137 17
347 121 487
241 743 289
606 726 167
57 8 429
117 531 431
248 559 571
456 761 317
715 961 1
801 297 351
935 64 513
851 877 160
339 480 725
825 721 659
633 109 572
60 406 360
97 960 409
440 750 811
775 81 445
658 661 91
185 133 175
606 951 33
899 759 161
741 288 723
841 476 972
469 845 881
13 235 874
385 85 514
35 997 778
557 279 866
141 531 443
921 225 931
653 861 231
185 76 137
721 471 551
58 903 589
719 661 993
987 33 442
123 593 785
785 105 997
657 685 729
637 203 865
499 313 757
941 781 668
481 171 971
339 273 495
129 673 792
761 288 835
347 716 769
481 481 834
156 513 731
664 561 97
801 269 781
400 285 908
557 365 57
525 167 391
229 789 592
675 828 601
597 497 185
963 547 176
649 521 811
726 383 598
72 412 346
151 958 325
301 225 73
881 515 641
213 993 747
653 643 711
6 515 673
241 231 91
217 429 251
747 437 742
829 133 95
199 66 495
851 151 725
751 113 725
885 873 873
201 396 265
351 937 537
375 717 426
963 59 79
13 229 441
885 445 425
241 989 442
772 419 904
388 785 101
861 174 469
701 523 101
535 828 665
788 385 985
371 51 917
568 339 776
645 903 769
249 796 881
954 101 805
337 863 736
601 501 894
305 887 583
723 751 721
417 376 741
220 121 76
153 866 195
617 176 601
366 531 741
676 823 451
934 984 765
777 166 305
223 501 1
944 755 713
63 782 657
111 276 629
182 246 813
133 653 628
842 455 206
626 777 746
786 574 457
917 373 761
511 701 493
252 481 47
665 398 11
846 653 75
133 497 401
125 139 300
111 681 837
578 28 289
791 711 821
753 844 341
201 918 577
747 745 657
843 671 125
633 24 313
226 331 476
613 797 154
371 758 545
337 203 597
925 640 541
426 908 493
81 799 799
847 976 647
890 653 77
1 933 745
621 912 381
760 649 297
626 917 306
407 201 221
161 237 293
87 337 473
559 313 979
809 823 745
601 865 353
949 21 133
707 474 369
351 755 854
45 513 41
41 690 481
693 35 409
667 852 953
37 256 265
745 603 765
921 105 51
765 487 378
998 256 105
216 97 971
51 512 73
269 451 561
321 445 183
87 97 797
27 541 465
35 593 25
685 546 476
329 216 534
553 181 752
322 827 441
681 328 745
761 796 155
965 681 131
161 521 634
701 711 837
609 63 417
937 80 76
801 405 125
393 613 1
609 161 333
991 827 776
773 528 176
553 879 123
465 436 211
773 73 717
591 913 543
817 171 803
511 848 633
9 529 6
137 245 375
496 643 121
301 922 96
71 321 581
688 873 132
825 42 993
794 103 972
341 346 706
671 946 729
555 715 501
81 723 357
97 553 897
557 741 901
151 80 41
253 453 737
777 411 61
545 221 263
201 965 613
385 994 978
255 695 509
505 715 927
401 893 576
369 386 793
151 353 633
127 57 395
991 85 553
313 557 641
269 121 421
805 187 636
636 395 741
101 990 75
697 518 751
295 495 41
336 401 109
780 127 638
765 421 921
401 591 785
293 821 396
879 321 815
201 627 217
749 291 857
930 137 106
685 605 543
881 841 703
401 968 737
926 685 189
451 521 65
999 459 797
181 532 385
939 96 121
381 861 181
951 671 367
599 243 615
815 85 622
837 21 771
541 781 484
618 38 177
242 46 725
333 626 481
286 721 273
601 441 701
422 77 781
954 471 243
38 601 316
201 501 89
431 51 337
857 46 130
967 519 409
158 481 117
813 796 601
876 862 581
421 481 397
961 67 721
977 60 779
610 849 565
121 251 931
594 734 69
177 8 377
839 324 567
775 753 793
459 681 421
351 497 638
475 1 393
951 849 591
697 655 906
182 11 441
557 458 527
577 731 163
773 578 159
918 171 717
37 816 125
20 39 296
193 431 26
781 913 455
351 931 301
191 389 631
651 719 659
869 276 961
447 811 317
797 833 9
234 751 941
721 512 737
519 373 708
541 425 531
169 999 809
513 176 497
916 737 59
26 889 980
589 586 784
553 501 58
33 581 725
818 233 25
206 649 629
691 991 300
184 187 416
47 222 551
57 597 703
583 271 528
75 175 553
226 649 93
543 443 325
493 478 301
201 770 133
395 80 713
690 909 150
312 985 88
337 236 568
716 716 225
981 601 919
16 1 996
378 572 809
788 673 754
663 741 611
194 771 637
429 627 749
256 25 215
169 477 282
945 407 928
684 707 995
368 236 21
65 90 281
334 563 985
329 751 206
809 828 691
22 553 3
736 457 984
461 524 723
368 855 337
161 329 18
912 291 292
701 998 827
781 794 765
949 731 81
373 51 921
892 425 321
638 949 589
646 766 657
115 366 337
515 747 229
475 853 161
149 671 281
865 676 326
665 825 146
681 886 499
562 582 429
440 821 401
850 681 932
515 162 123
207 76 636
937 293 845
97 998 341
287 86 633
428 817 811
681 233 577
401 790 89
641 121 713
23 231 273
745 390 377
226 193 576
641 833 359
726 806 315
587 684 489
49 629 211
622 221 337
897 572 321
731 211 248
515 511 369
241 241 452
221 45 657
233 469 456
566 621 30
711 821 601
633 849 969
849 277 571
929 745 63
431 218 783
911 321 27
39 687 698
651 12 362
481 596 881
89 153 696
364 748 11
501 231 143
626 194 975
366 338 776
665 560 949
954 479 861
521 111 313
974 713 399
161 145 883
326 46 701
176 271 233
591 665 191
293 915 913
50 942 551
951 283 77
58 441 872
179 657 376
763 649 827
54 558 974
977 650 405
406 501 307
449 199 571
997 465 431
376 101 751
278 312 541
495 553 885
246 265 397
427 801 326
367 239 493
651 787 471
505 205 997
405 675 947
181 209 889
207 956 501
638 41 353
146 901 765
825 897 873
421 501 932
612 46 671
592 465 597
705 711 789
809 827 575
141 929 209
31 581 769
1 445 201
364 107 95
926 998 389
817 431 227
742 327 681
417 553 401
768 256 753
47 401 314
567 251 204
59 617 961
601 77 46
223 211 23
504 205 161
29 857 777
253 969 529
586 291 275
492 400 361
951 677 9
141 426 491
783 996 479
102 801 8
875 751 356
601 862 471
513 301 901
965 599 421
425 993 311
790 932 495
551 786 3
135 481 731
809 993 183
641 941 577
821 136 449
689 623 896
580 109 763
441 844 380
348 857 546
449 841 616
137 31 557
401 856 41
221 841 80
706 209 962
393 725 377
723 713 775
943 357 73
196 748 146
233 913 933
401 525 45
953 385 946
346 829 33
710 937 413
602 934 129
424 216 543
877 407 899
70 321 633
177 221 207
593 561 865
25 96 944
988 233 357
709 500 626
337 401 657
381 769 289
261 643 365
889 995 221
818 442 561
211 616 558
489 85 239
329 367 789
233 323 461
1 327 667
401 829 229
333 633 606
140 41 501
393 133 315
955 666 332
375 525 704
663 897 696
729 373 580
410 987 327
433 325 833
472 741 761
79 225 172
611 393 113
198 455 25
351 801 418
341 851 31
413 561 261
127 779 177
290 493 685
836 45 854
225 187 641
861 191 836
231 191 373
818 662 241
450 599 616
717 181 393
168 878 780
590 153 833
857 397 586
590 25 10
131 991 797
361 130 478
832 105 953
267 529 781
553 33 527
762 9 96
966 545 901
151 641 499
932 338 281
157 364 65
599 861 501
131 413 342
108 25 645
161 635 367
499 274 161
181 681 402
205 577 771
16 737 613
886 945 141
826 236 681
361 465 297
491 646 324
601 715 625
539 575 65
261 16 921
751 291 589
157 984 226
626 653 897
441 235 291
271 745 441
505 841 793
959 708 237
257 144 297
992 921 826
404 301 550
157 821 101
901 921 302
493 923 885
9 753 761
253 371 845
551 945 771
995 919 901
484 78 555
766 85 761
225 186 321
661 398 769
317 144 433
882 671 833
776 557 897
871 833 928
821 151 992
321 167 869
501 69 322
920 378 617
729 277 176
884 651 765
669 273 671
246 661 95
811 198 446
147 359 865
666 681 129
556 36 884
711 685 444
680 377 6
725 718 436
306 219 219
1 737 893
893 873 853
225 232 337
667 149 691
480 324 993
622 42 913
337 876 966
821 180 901
381 123 907
937 137 681
651 931 246
737 316 393
618 723 145
453 674 239
293 425 629
309 361 543
89 789 886
338 241 809
376 406 247
433 401 836
826 681 177
737 333 632
628 301 815
105 601 672
101 331 783
349 901 311
1 913 155
455 876 651
536 882 119
44 971 505
885 298 449
358 285 821
833 925 521
551 201 837
818 41 357
689 907 146
861 382 501
269 728 735
105 581 411
201 411 81
360 713 501
723 801 478
781 313 435
53 39 211
537 757 253
851 387 401
511 561 477
267 717 76
806 807 769
215 821 969
334 839 649
272 801 779
885 796 541
943 893 538
273 971 535
77 148 666
6 204 423
961 483 127
994 629 561
553 353 195
845 593 249
817 961 256
731 301 511
953 956 801
841 826 469
241 494 67
601 243 473
337 966 734
944 498 921
405 701 259
800 341 345
711 264 936
241 318 176
577 803 165
993 289 175
383 617 742
431 217 763
439 315 360
431 774 610
552 925 189
737 293 168
646 191 985
346 236 511
227 539 995
151 189 497
505 703 125
887 435 347
776 729 265
475 825 545
784 937 439
728 867 341
825 913 61
477 252 207
529 757 577
769 337 127
763 547 607
563 176 569
713 447 220
977 149 786
141 361 313
191 401 729
391 305 691
46 448 297
653 831 614
670 21 438
745 577 577
401 891 129
505 657 376
841 962 456
465 419 325
697 261 131
285 413 152
176 131 684
171 373 275
37 900 881
899 814 609
202 659 961
683 721 851
49 73 863
257 255 312
725 493 821
826 195 511
280 188 941
129 689 75
623 528 633
751 241 685
409 421 691
631 938 858
106 371 835
521 988 601
495 821 993
89 133 129
894 625 195
874 219 15
441 401 404
403 116 849
321 643 796
951 693 525
61 63 49
401 94 464
486 724 149
907 775 241
787 45 319
136 96 785
876 251 821
894 951 309
745 51 768
681 47 691
921 185 775
209 529 425
838 456 555
513 708 351
731 614 233
926 2 41
251 339 635
919 73 133
594 185 35
376 538 1
585 141 446
807 537 777
181 259 812
825 721 811
201 809 291
873 101 630
917 906 61
169 421 331
316 341 649
670 7 603
783 615 160
545 701 261
71 646 686
291 525 169
465 124 761
620 373 365
6 516 3
951 923 960
495 257 321
805 57 911
458 783 671
835 155 548
221 809 469
958 917 665
979 981 149
845 469 511
683 26 821
797 928 78
341 454 861
241 926 217
369 233 634
59 401 467
368 976 223
736 691 61
1 884 761
313 821 599
304 629 961
645 977 665
441 429 326
311 277 751
701 402 601
831 164 76
76 903 380
867 226 292
497 384 552
571 51 903
826 979 776
145 661 779
305 506 749
115 318 618
345 979 281
794 865 665
101 685 591
488 67 489
377 824 369
331 801 195
124 962 563
529 449 186
327 402 681
361 528 123
487 71 669
879 201 911
769 665 721
397 73 321
262 101 201
571 33 481
491 474 595
541 253 173
410 741 257
761 315 401
321 985 737
991 902 29
737 168 289
963 325 457
713 513 125
173 73 764
837 876 240
970 833 678
716 923 847
549 573 721
413 462 957
761 21 441
183 787 245
883 449 519
1 80 317
873 986 237
6 171 721
413 323 17
9 429 660
117 521 841
891 729 937
241 541 633
125 961 436
201 920 563
131 76 656
101 921 397
786 968 526
176 945 456
431 211 842
110 49 23
566 641 951
539 464 451
801 977 1
886 711 433
305 464 371
605 437 591
491 496 972
641 71 287
47 137 401
916 861 199
410 393 525
534 641 477
260 745 257
916 182 128
461 431 982
994 279 817
652 461 742
346 381 226
496 711 701
204 109 241
251 306 901
501 623 174
223 913 202
975 556 574
527 33 9
467 577 493
617 579 835
823 1 19
161 851 21
921 401 201
474 693 501
999 501 549
497 919 389
882 196 91
641 753 669
571 14 885
233 657 35
66 721 259
41 490 33
58 493 360
967 228 881
917 17 755
614 299 786
721 277 836
1 357 705
541 561 489
127 191 81
57 714 204
926 421 211
899 125 781
1 233 173
289 163 909
351 553 359
787 185 81
321 189 116
965 541 946
231 849 361
631 861 731
218 601 901
975 788 686
841 961 465
139 990 63
339 541 671
121 206 265
731 776 756
645 844 807
719 945 695
385 921 63
569 289 516
215 496 75
82 481 885
581 53 674
333 175 536
505 688 5
382 29 190
211 651 806
323 249 913
901 20 445
397 463 172
206 301 285
762 375 413
261 297 871
563 691 777
929 43 477
481 479 41
62 765 803
126 985 309
629 178 65
841 271 85
729 830 151
745 921 951
951 433 293
786 907 356
816 1000 781
526 361 265
188 383 881
317 793 689
281 15 961
191 577 416
49 299 141
782 216 462
466 593 216
645 823 857
537 645 907
965 21 641
648 111 81
737 313 351
545 777 353
521 581 318
45 343 291
421 903 373
81 189 81
465 331 377
951 369 661
545 501 173
87 729 769
42 162 800
191 903 381
261 311 258
849 101 517
861 287 249
199 393 719
843 392 697
737 249 113
995 621 41
401 304 529
799 9 336
812 864 129
243 145 877
533 989 587
541 953 972
26 366 911
426 409 889
845 131 881
647 676 172
787 332 201
552 546 701
874 93 697
214 211 335
309 921 376
305 33 521
589 321 973
11 889 981
366 851 812
545 161 837
92 474 401
411 666 750
426 739 522
476 687 821
485 161 561
751 683 271
49 913 189
533 73 363
171 397 161
701 275 519
975 393 126
481 606 868
157 273 796
361 155 857
801 253 988
427 881 51
36 262 201
913 993 761
576 889 461
901 193 747
126 305 70
851 153 73
933 689 695
561 889 321
601 699 761
781 169 492
671 591 167
553 911 640
741 991 841
386 985 46
83 276 777
882 229 792
321 481 221
612 501 904
301 404 368
426 301 349
897 214 267
521 975 23
377 91 971
49 879 866
899 111 473
709 123 394
836 382 881
817 117 229
374 321 241
86 417 685
817 89 197
761 205 201
189 991 715
577 693 959
821 441 379
769 610 486
843 500 213
883 741 761
195 368 61
201 257 195
111 729 623
203 5 217
893 501 841
325 561 323
483 305 361
576 441 841
847 776 741
881 581 390
377 359 129
328 857 717
381 762 471
305 49 221
328 577 112
61 665 596
961 581 272
275 531 791
167 698 257
395 889 321
313 989 221
839 809 311
101 883 951
394 321 5
807 93 969
145 505 721
291 33 793
501 105 66
826 264 187
623 432 364
926 707 377
901 515 688
432 693 1
845 57 727
177 889 789
384 998 551
860 777 6
662 976 72
669 866 281
484 439 433
101 717 542
509 885 461
201 137 273
39 323 459
381 625 903
193 637 756
213 36 440
593 581 915
787 290 321
317 879 970
955 651 13
780 963 708
998 769 301
891 985 41
647 755 305
441 647 971
305 657 849
637 206 673
751 601 294
921 791 700
357 85 201
710 156 203
725 661 645
9 441 601
361 233 299
993 329 113
321 541 703
210 721 331
351 689 290
705 465 297
893 721 985
265 425 909
127 191 500
944 909 441
93 851 103
309 417 175
545 176 788
746 1 435
973 811 595
495 655 148
273 751 505
231 945 487
503 70 392
629 401 759
99 343 985
809 181 941
961 631 351
895 7 479
785 513 785
186 731 681
781 711 129
605 905 568
817 571 35
419 785 461
607 215 321
365 652 694
508 703 665
141 529 259
855 27 309
846 779 97
329 59 754
941 589 150
881 429 321
805 359 754
195 281 320
182 1 621
641 41 516
791 901 195
271 401 986
33 232 103
518 616 701
545 1 961
769 421 959
296 491 681
141 281 171
953 345 801
475 951 945
947 209 867
897 401 291
21 666 56
36 606 283
479 986 19
159 753 196
410 156 761
185 877 515
754 669 929
997 104 427
419 701 370
835 149 207
926 815 73
541 381 838
91 54 441
81 497 241
125 371 35
754 810 211
473 441 1
947 413 969
274 465 416
775 553 878
691 841 238
550 321 7
101 209 479
31 411 121
355 237 329
430 987 191
161 369 25
145 478 646
46 47 823
869 804 164
509 303 865
981 41 950
641 148 610
537 143 626
899 85 881
755 855 665
676 41 467
805 57 311
811 776 373
946 931 597
811 690 945
907 191 143
391 737 229
121 141 635
265 751 271
296 573 731
809 681 17
461 926 955
431 651 350
751 616 157
909 959 893
841 347 786
413 767 346
776 393 521
63 871 800
426 297 387
601 511 551
401 819 228
577 861 321
101 645 397
193 93 641
136 654 378
345 511 146
793 965 941
791 736 421
329 476 762
681 655 265
296 541 201
192 707 597
501 489 951
626 81 355
769 819 605
106 369 621
201 826 948
686 905 393
511 136 741
909 51 515
66 97 931
273 973 723
915 281 731
526 951 835
29 169 188
505 626 443
467 121 741
492 951 923
101 377 901
917 441 903
404 776 181
261 945 345
905 841 509
529 657 969
351 682 273
50 193 147
999 195 427
700 543 989
769 302 921
996 493 595
675 657 46
607 153 377
622 751 501
231 323 641
716 897 223
223 753 517
751 491 137
441 775 599
397 521 179
251 41 224
553 161 982
713 801 801
125 325 855
680 129 621
344 35 129
77 729 686
1 33 191
394 835 209
255 79 275
510 9 10
361 677 721
721 787 897
601 561 33
737 973 376
770 975 416
86 385 336
325 121 241
259 21 498
785 763 269
494 961 17
171 885 16
505 240 810
194 765 515
12 601 931
191 474 978
572 333 433
591 9 871
726 106 621
274 756 883
69 349 542
565 339 726
234 629 575
181 265 327
495 883 132
261 137 453
357 273 661
894 781 651
766 855 431
395 897 505
581 836 401
353 545 89
706 926 343
88 217 601
113 594 871
191 347 951
391 601 522
776 673 177
545 641 307
671 114 525
548 459 841
861 253 88
72 481 471
48 911 551
1 503 391
243 953 912
786 481 247
412 135 454
155 434 631
10 481 441
765 744 665
281 913 426
705 528 527
462 656 573
661 593 162
402 169 582
76 553 121
695 767 565
300 645 323
42 437 65
769 291 154
278 771 545
865 73 221
582 719 15
415 421 357
443 791 735
139 975 796
689 625 383
913 440 102
45 991 972
396 534 327
933 417 877
121 885 216
89 500 799
667 65 621
386 769 876
590 101 212
201 373 164
393 236 839
901 125 25
106 341 367
761 306 521
681 57 221
672 781 683
408 77 945
896 65 649
777 197 969
712 601 732
179 728 341
801 275 401
857 161 513
671 217 851
483 203 657
575 641 947
540 861 985
525 888 544
175 437 794
871 705 9
985 33 514
402 57 76
401 827 549
322 446 591
489 33 311
571 974 251
325 901 889
265 206 151
624 266 895
601 417 51
348 51 620
546 221 445
659 361 409
451 290 985
775 841 126
601 508 625
121 945 257
435 797 816
451 805 135
789 755 877
497 453 531
484 542 633
471 561 186
362 365 801
737 876 461
281 368 745
926 375 987
480 961 905
974 876 841
567 126 531
601 55 969
642 354 545
739 121 201
896 1 967
155 45 731
601 345 748
241 724 261
699 841 891
195 193 565
666 601 781
213 701 715
741 205 962
728 145 919
81 851 261
306 885 57
430 175 361
489 19 585
276 33 679
866 309 376
421 121 601
377 663 95
923 801 793
289 516 641
451 53 585
959 81 366
679 881 457
911 77 451
951 801 697
401 643 219
991 61 705
978 851 401
179 346 704
601 995 776
95 451 251
953 900 400
731 262 337
849 776 33
417 680 521
361 717 445
521 801 239
997 109 471
76 643 655
128 801 321
443 657 69
431 561 391
121 981 151
336 385 951
466 489 405
225 446 1
761 961 561
695 229 446
977 477 981
520 711 733
791 706 791
730 190 931
196 323 23
501 789 105
251 183 305
245 818 381
697 607 70
896 735 518
417 745 413
609 201 653
315 701 465
769 912 176
361 466 603
217 401 376
929 301 416
161 271 305
513 281 945
685 863 321
251 435 709
841 815 921
231 543 600
117 306 121
564 761 779
417 673 589
445 961 151
497 729 507
597 132 381
967 528 481
233 155 63
971 525 794
569 251 247
45 441 643
722 883 562
377 583 340
357 217 563
221 961 577
287 551 521
705 301 255
711 546 945
576 165 235
673 554 985
945 41 885
1 1 881
305 480 825
321 971 34
383 437 353
893 833 853
155 445 9
891 1000 673
418 159 935
91 917 393
324 949 961
9 607 569
103 377 125
605 996 793
343 569 89
661 781 881
589 281 585
673 901 711
506 573 357
897 543 201
921 431 465
840 421 841
576 921 573
683 445 964
883 609 621
851 472 213
39 673 771
391 600 295
478 19 329
135 221 17
839 201 441
113 328 137
514 105 213
119 498 540
517 349 521
657 158 76
535 875 351
691 125 637
691 97 57
241 99 808
761 309 571
495 573 241
867 261 666
331 425 386
305 913 611
921 829 441
319 601 191
605 177 907
25 49 969
237 676 595
139 126 849
756 817 923
377 595 350
954 573 1
806 519 41
839 545 663
263 573 785
309 360 73
123 689 1
201 511 985
209 41 751
801 971 840
615 757 861
671 13 698
113 601 805
26 263 301
85 484 701
465 900 760
901 11 681
449 583 634
249 940 343
679 70 907
311 685 765
15 491 101
121 357 889
247 163 518
545 713 523
907 571 759
931 947 841
521 537 437
293 801 411
681 503 524
99 453 149
543 206 319
21 911 537
833 639 643
874 17 506
641 95 837
231 81 769
901 361 649
707 361 405
657 262 677
275 289 786
179 503 394
691 871 577
222 413 471
441 587 172
109 157 966
110 722 171
435 915 377
107 310 52
521 64 369
54 566 993
116 441 915
474 991 192
503 71 845
920 171 84
111 517 329
153 9 723
501 337 822
581 597 425
587 227 227
85 771 76
713 277 945
667 257 961
621 215 825
769 431 185
895 405 713
81 473 585
515 525 156
801 725 915
89 417 817
227 611 126
118 495 841
917 736 864
849 811 254
937 221 235
969 344 611
376 641 140
163 217 586
561 101 329
285 551 56
265 568 98
7 321 486
237 405 793
477 249 735
319 873 73
271 577 173
943 285 881
751 625 259
171 601 2
697 245 48
521 241 665
733 297 60
201 255 818
115 181 76
321 721 289
341 598 495
511 551 388
156 35 667
893 985 419
55 631 965
306 938 778
521 533 961
629 639 517
343 257 903
761 881 744
507 803 1
511 935 611
356 867 875
686 895 3
564 353 517
509 49 579
625 171 11
278 17 213
953 700 481
863 768 548
348 421 689
561 945 489
593 463 525
79 521 281
40 881 364
848 712 561
874 896 681
583 218 190
435 617 254
113 188 230
359 697 71
621 201 435
276 761 979
961 911 401
81 749 951
449 326 945
613 126 274
69 489 393
891 727 371
651 24 709
83 726 428
483 301 201
889 589 241
793 69 917
891 751 854
186 841 69
405 599 113
550 873 463
211 287 169
396 985 980
753 921 881
936 155 981
301 261 175
333 822 901
681 761 401
686 169 7
822 743 51
269 43 481
407 953 361
493 216 517
931 533 465
441 241 387
20 796 24
73 181 902
267 221 643
321 301 425
301 503 273
211 449 131
855 596 950
375 268 240
73 796 901
231 305 405
971 681 33
321 740 356
819 821 774
265 491 993
381 628 889
361 499 270
337 599 847
91 991 61
849 993 223
71 245 273
583 731 973
962 665 851
243 545 566
551 317 731
177 889 981
251 451 841
242 991 353
406 516 201
219 401 76
647 876 855
426 197 156
611 729 361
201 418 666
993 940 577
72 782 943
580 551 793
731 331 466
297 505 857
784 207 219
805 551 331
861 53 871
373 489 369
457 251 671
529 100 577
337 156 373
321 835 137
481 285 446
873 276 706
407 99 921
649 130 849
156 341 969
989 966 61
310 52 9
830 982 916
201 471 298
827 335 295
343 521 527
625 558 185
874 235 509
930 901 411
121 285 179
183 495 469
663 209 311
701 433 182
69 430 501
765 208 591
71 721 995
659 723 87
368 607 653
50 192 77
382 86 681
609 72 129
447 703 254
265 315 389
65 260 988
111 233 618
18 13 333
906 881 620
745 326 479
634 270 407
733 63 753
280 157 781
501 753 641
465 181 335
831 483 159
135 402 51
155 235 313
641 283 954
593 197 41
1 512 722
809 691 265
929 955 771
823 841 721
49 12 233
18 696 951
40 739 277
323 605 496
390 931 206
68 517 591
321 889 161
683 481 646
813 882 393
911 351 17
71 63 203
903 795 973
137 650 96
362 74 273
541 851 454
379 278 868
724 603 36
387 903 666
205 874 1
612 197 425
687 731 111
97 637 121
51 715 905
413 737 692
889 91 949
658 461 121
596 930 831
351 940 659
816 428 97
434 604 257
945 601 120
281 523 623
109 913 182
153 721 606
970 117 709
65 485 251
905 497 921
865 500 293
986 399 859
59 181 639
989 345 41
253 45 665
206 394 621
186 190 313
321 969 36
127 622 553
110 193 953
751 287 721
996 635 233
606 986 783
465 639 773
373 256 597
744 372 963
644 424 773
912 689 221
654 121 688
894 201 129
29 581 82
89 481 34
761 281 663
65 481 776
505 453 251
979 781 63
353 673 961
736 535 955
336 890 85
515 574 304
217 761 571
296 649 827
860 717 449
516 217 521
565 725 198
201 169 89
813 736 591
500 805 878
340 260 656
451 415 361
291 789 801
89 615 463
243 361 254
969 391 913
129 421 466
156 721 93
306 30 609
521 257 173
870 737 513
581 921 458
305 587 285
601 223 21
569 337 145
693 561 483
131 545 47
963 681 249
615 511 829
478 681 876
569 483 785
29 33 9
121 41 306
844 67 218
731 423 178
343 344 193
354 393 717
760 930 905
321 345 897
828 842 193
869 476 129
776 529 749
792 9 580
459 610 210
827 41 16
105 393 223
45 801 785
693 375 388
984 551 777
886 930 585
750 884 163
144 11 516
794 189 831
681 199 413
929 503 197
901 751 421
541 44 585
29 147 107
607 786 931
149 568 661
65 250 111
871 198 238
77 718 273
601 821 225
459 873 745
7 578 918
137 697 374
32 251 226
164 633 543
9 872 695
43 585 395
353 815 101
48 229 381
273 861 670
501 193 431
521 461 606
749 542 14
613 46 946
461 392 129
147 407 801
448 11 161
554 820 234
889 567 63
67 9 617
569 670 89
738 601 920
583 726 741
388 617 918
376 145 220
859 230 745
921 788 811
261 9 759
171 113 595
543 191 379
41 172 857
731 281 959
263 445 183
276 993 981
317 711 501
725 908 436
712 125 677
997 733 579
85 297 366
513 401 512
360 187 81
409 1 49
616 279 685
177 301 211
324 861 491
771 893 831
27 131 121
915 221 801
57 417 10
497 91 941
553 860 906
701 606 481
31 552 981
553 761 213
9 309 963
506 481 213
866 841 878
839 675 121
927 236 91
251 529 145
1 297 393
971 913 69
566 236 993
599 369 281
449 65 401
655 501 537
753 307 505
902 879 953
272 201 647
60 746 882
545 851 229
776 552 86
833 433 12
436 312 194
975 973 789
173 180 835
802 837 532
461 419 361
946 501 577
894 153 706
41 274 782
49 269 969
16 253 101
997 273 521
175 616 26
486 285 897
749 299 185
998 876 187
206 426 586
417 333 41
397 277 221
576 915 289
823 63 366
469 321 41
385 529 831
961 535 156
555 37 377
607 329 766
951 207 62
21 185 962
865 341 861
609 710 951
529 537 56
497 643 426
536 61 970
59 205 977
413 249 153
611 384 937
369 497 385
676 356 211
291 577 793
581 465 276
25 613 812
626 771 86
561 604 761
83 737 443
165 821 104
967 593 551
796 451 335
901 912 576
619 116 581
987 489 772
443 321 853
782 353 514
566 679 549
861 841 997
313 779 925
452 553 843
629 796 978
121 345 225
735 738 193
905 276 525
249 937 461
293 473 633
7 309 888
141 51 689
991 185 983
341 805 331
526 586 101
433 299 41
76 802 967
264 26 927
253 665 383
510 945 176
100 179 149
457 705 920
869 601 266
411 571 765
922 933 908
936 893 577
441 916 105
549 361 1
881 785 283
101 762 403
799 148 769
793 903 201
717 921 325
657 25 586
601 181 553
360 889 39
996 1 47
497 25 557
233 968 719
263 936 457
209 407 691
74 375 791
525 291 817
219 753 1
241 248 521
17 109 717
641 451 404
791 101 729
861 67 254
624 126 137
1 301 921
141 101 561
646 721 465
377 756 357
851 545 315
345 963 86
809 601 611
801 446 617
231 236 831
507 401 521
807 203 505
553 784 981
251 913 171
851 745 68
636 571 36
801 121 509
401 718 741
45 291 906
657 826 981
411 960 871
568 265 35
821 183 64
511 410 681
307 5 392
131 997 337
795 147 554
120 606 433
931 126 497
441 153 751
987 137 318
949 853 642
813 311 721
646 831 931
845 17 917
689 345 961
440 806 423
681 801 625
521 777 356
37 343 980
761 223 938
675 871 912
315 237 545
275 316 991
401 497 443
901 297 361
542 611 401
448 927 650
209 553 957
581 482 421
641 405 941
821 141 61
593 89 189
923 986 1
485 623 996
833 120 987
484 418 456
713 326 683
233 384 51
821 570 331
461 245 341
961 361 721
121 501 753
330 471 265
171 173 113
4 251 141
710 951 865
28 941 481
526 305 476
929 351 447
225 466 902
751 993 781
251 551 261
277 219 707
901 545 919
227 263 897
556 714 601
5 714 491
924 71 85
627 320 263
682 47 468
756 231 520
145 779 61
477 153 63
671 87 137
41 681 931
251 807 479
63 381 541
965 657 887
923 501 836
346 641 289
222 25 657
982 247 77
196 904 933
89 661 729
326 771 433
54 263 771
777 307 7
929 17 257
968 916 253
561 823 131
285 505 221
121 640 195
716 137 619
259 542 132
43 165 753
173 611 843
869 706 77
315 750 869
129 301 788
201 947 751
141 689 35
57 969 985
603 386 683
565 596 705
481 91 901
521 933 901
241 381 481
269 683 481
333 441 751
941 501 203
321 1 307
161 234 809
626 481 376
433 291 191
383 433 562
59 640 51
374 669 729
721 321 958
230 206 297
192 277 653
643 395 26
725 496 227
43 221 781
761 285 946
659 725 86
621 189 121
917 682 152
717 561 391
849 566 169
542 113 901
133 731 351
621 538 283
201 652 138
623 178 773
304 623 312
74 376 796
194 277 765
293 701 329
643 944 691
149 401 880
309 707 847
265 51 771
271 291 715
863 95 507
471 457 709
625 727 617
243 513 621
956 295 143
251 491 877
169 721 969
79 161 479
516 951 751
17 477 105
845 361 521
541 304 968
697 903 609
101 511 791
592 902 861
751 783 371
887 205 854
61 417 197
593 773 251
605 129 837
457 409 769
900 401 1
921 81 821
417 151 177
547 153 991
961 49 91
227 313 651
686 301 561
431 625 81
459 681 631
331 238 245
617 981 529
317 761 667
229 447 240
865 277 222
301 909 9
173 149 391
325 419 585
123 55 515
361 817 321
591 673 133
697 590 616
242 557 905
629 729 749
521 736 411
781 305 521
962 88 50
853 429 213
35 1 805
881 701 81
926 485 545
837 631 172
437 585 31
781 414 996
539 983 471
911 242 694
543 841 877
89 952 589
884 621 951
745 816 151
545 361 955
657 853 701
721 251 284
317 17 341
337 221 81
81 481 829
587 833 428
345 209 570
401 768 831
771 149 231
665 951 349
437 521 557
501 615 369
177 530 280
699 527 721
193 22 492
25 277 33
135 753 721
577 672 171
292 185 330
131 939 945
1 343 381
97 755 85
591 121 609
937 109 401
779 701 68
249 284 433
377 601 834
101 739 217
665 637 905
586 181 367
200 771 633
872 381 221
743 806 609
437 686 681
997 956 623
644 287 299
625 781 275
893 298 388
565 721 721
126 790 520
201 941 976
785 128 72
837 571 161
71 549 737
925 495 679
37 201 690
126 466 7
561 426 491
376 645 400
873 279 461
381 921 825
411 293 129
897 658 151
96 740 52
269 381 63
541 166 581
171 953 193
817 934 456
525 560 439
573 681 841
924 5 737
61 173 881
399 991 30
665 476 121
877 47 625
213 849 985
649 877 29
755 383 681
907 235 652
377 137 119
376 509 315
796 161 877
366 936 44
233 441 7
663 532 121
205 851 649
811 207 601
609 840 677
753 817 163
517 702 10
201 853 21
586 227 67
669 397 950
249 269 211
609 611 185
131 545 281
285 137 826
241 991 641
177 604 541
63 525 251
737 63 883
506 750 223
603 209 921
632 159 189
316 381 639
235 958 603
891 718 137
111 282 1
457 774 889
129 737 41
705 951 553
977 497 853
532 961 85
856 632 119
356 485 325
751 309 750
191 835 225
359 175 553
483 456 293
382 261 165
93 901 17
73 385 1
761 581 741
849 617 14
595 770 987
164 891 443
603 943 401
813 714 377
339 563 356
461 494 183
921 225 955
481 267 493
162 529 181
493 773 964
793 789 929
649 56 315
118 85 676
266 546 101
663 265 125
913 331 113
846 881 309
589 889 76
923 110 159
960 426 980
673 301 499
625 585 251
732 811 781
141 329 561
524 866 430
549 491 671
321 769 676
195 86 151
72 159 333
441 91 628
441 157 959
111 253 131
305 814 615
549 276 716
190 995 171
551 687 509
465 357 936
599 521 433
129 692 977
923 231 299
527 1 501
166 457 370
229 827 386
56 801 576
226 180 219
816 925 241
287 495 41
779 594 333
324 457 156
174 545 750
617 923 13
913 539 977
931 121 485
561 1 366
517 840 351
825 141 985
621 435 25
389 677 897
237 223 389
985 201 1
690 262 661
386 755 825
649 139 621
320 107 397
794 497 685
973 485 659
319 525 957
587 217 893
435 261 395
369 306 701
253 790 411
761 401 433
661 581 818
393 553 918
387 1 399
106 185 450
311 826 433
217 889 99
781 62 327
305 581 631
728 669 869
871 921 712
384 201 459
33 601 587
177 721 356
716 230 913
389 700 931
389 591 878
420 146 620
359 269 201
501 775 797
771 953 101
281 799 150
495 777 211
697 969 271
779 368 753
623 301 161
833 497 880
173 1 969
479 275 755
805 401 201
955 241 537
921 914 13
259 585 734
48 885 513
471 988 715
414 501 262
113 153 707
91 830 281
93 570 353
313 961 785
246 726 869
573 201 790
823 975 227
294 70 969
905 6 835
607 863 523
769 301 391
789 501 349
201 161 621
347 756 601
554 801 55
67 705 331
353 257 121
877 621 85
253 198 991
630 152 748
897 609 130
501 161 523
528 393 85
631 729 6
743 889 42
775 640 348
502 218 997
181 689 626
272 152 344
521 553 741
966 771 26
424 11 881
81 537 591
731 523 658
92 533 411
406 385 757
785 89 913
549 445 361
529 305 240
234 466 483
833 868 101
190 385 905
481 714 591
149 93 929
650 421 465
644 676 101
600 301 213
213 621 856
633 437 389
762 951 949
237 409 930
311 626 1000
925 289 441
61 421 8
257 729 631
896 905 471
77 775 511
271 801 641
938 191 113
13 451 997
470 927 797
361 361 871
810 215 235
451 869 151
523 842 820
931 745 14
725 151 476
157 816 751
21 230 490
348 376 251
871 931 237
689 665 891
976 36 709
347 115 591
398 519 865
41 321 761
81 749 71
561 829 825
996 485 521
257 696 265
217 97 17
771 339 161
401 401 217
411 177 361
995 77 249
691 624 136
184 606 657
281 121 951
223 321 194
335 471 979
849 731 139
61 696 337
26 736 94
681 671 936
665 401 632
609 323 661
457 670 611
601 753 537
994 656 361
477 357 305
255 527 31
945 865 401
656 71 688
321 139 841
983 171 581
617 141 145
1 80 926
895 168 661
129 699 351
720 673 561
457 845 933
787 95 991
843 501 646
216 445 401
516 671 107
748 476 341
875 849 161
666 557 927
841 463 865
770 238 681
198 600 871
573 809 770
46 345 809
741 203 625
61 273 989
622 689 915
149 897 516
219 125 105
153 435 264
213 863 429
198 501 41
352 703 335
125 130 781
201 966 696
566 799 925
451 813 701
777 876 777
377 446 250
124 649 931
645 227 941
520 948 941
701 781 791
317 687 881
329 529 111
931 991 153
576 943 931
644 976 561
495 371 303
727 89 878
472 457 917
564 591 369
451 9 794
697 115 861
321 171 164
77 246 201
786 651 941
433 241 911
647 525 935
455 161 981
726 407 425
285 98 279
308 681 25
25 857 67
562 357 685
281 245 81
926 429 221
909 271 435
453 61 501
265 149 141
136 886 441
871 841 11
669 896 331
959 969 201
711 995 471
693 661 1
841 424 701
1 481 89
351 617 409
801 834 825
601 469 21
937 587 705
276 345 849
41 293 902
697 629 121
347 91 801
929 679 284
247 35 505
901 713 461
986 564 956
217 971 223
687 848 331
35 331 896
505 956 376
976 931 831
885 931 614
366 569 771
71 661 151
212 881 881
267 781 425
233 211 725
189 958 279
921 97 338
717 506 953
256 539 931
584 698 937
773 905 931
919 429 472
776 301 292
605 921 831
607 529 851
528 766 93
257 41 886
153 890 626
865 266 307
816 152 997
283 19 601
481 749 817
121 11 937
804 151 543
76 905 837
111 981 136
294 151 625
457 996 661
651 571 841
509 235 221
791 505 501
559 725 633
373 249 711
689 151 21
509 845 935
929 359 213
401 828 339
825 642 661
401 646 553
807 601 776
890 764 101
297 471 348
700 229 957
814 43 753
941 723 865
86 26 289
237 362 183
390 213 251
618 841 785
737 105 380
15 101 415
413 350 41
151 256 477
529 176 625
717 76 637
171 149 369
513 811 647
901 358 372
229 793 136
816 737 641
61 976 501
329 321 640
121 501 225
314 577 376
401 369 683
147 785 327
713 901 689
804 52 649
177 1 359
393 965 988
995 836 600
225 511 945
561 711 504
971 715 401
937 871 771
