3451
471 111 728
43 661 289
561 386 557
838 586 211
372 608 905
985 401 801
873 851 250
834 562 277
949 41 866
615 549 49
355 397 363
334 473 237
137 559 987
976 91 131
231 459 971
553 451 289
76 837 721
600 616 751
567 386 77
411 985 721
117 481 953
161 117 513
959 927 573
243 649 888
519 317 734
843 867 491
45 369 933
196 761 591
77 409 599
62 712 161
401 391 641
329 937 623
233 265 964
500 937 444
195 535 401
645 195 672
85 847 681
625 193 973
186 598 898
937 857 161
3 588 707
337 572 486
775 148 105
333 441 545
500 626 441
393 709 321
701 536 812
504 717 323
397 689 201
725 375 726
641 314 725
629 711 931
461 401 397
201 975 561
974 636 491
851 827 457
211 801 455
977 109 389
317 886 476
837 516 654
711 659 281
499 644 674
19 16 681
879 277 38
370 513 618
53 729 301
383 3 477
156 842 181
667 267 81
665 129 361
961 881 524
694 341 515
654 345 276
977 107 934
81 551 303
441 686 468
941 67 25
309 717 802
47 467 421
981 17 46
191 731 719
985 783 601
501 557 311
113 297 401
607 361 601
505 25 701
451 921 111
341 525 901
987 176 405
814 380 795
461 169 394
97 175 868
641 258 361
721 471 957
553 83 86
133 71 509
506 293 376
440 376 241
852 622 286
443 381 73
901 727 371
796 228 987
45 229 246
897 842 741
945 408 862
951 338 161
12 547 737
909 881 78
141 536 451
941 643 365
566 209 951
911 937 791
536 745 349
291 524 642
503 608 657
796 71 397
423 475 448
235 871 653
303 620 271
350 895 661
273 437 265
861 539 601
473 789 211
829 151 249
159 76 901
423 910 125
5 683 257
605 101 191
421 137 721
76 419 356
941 60 489
576 713 381
156 93 525
761 629 801
985 661 109
999 17 651
201 125 901
875 725 163
100 993 21
876 821 796
171 411 761
425 546 167
81 445 459
981 141 349
451 825 341
901 685 890
3 118 65
13 111 611
488 169 139
895 504 996
103 129 849
801 944 1
943 581 441
351 751 426
193 130 881
181 261 845
57 201 739
737 763 939
497 921 707
181 571 118
960 101 948
789 297 835
37 91 387
676 161 233
463 456 433
601 19 870
281 241 662
289 789 473
469 243 941
196 11 163
155 629 579
141 703 345
817 701 366
565 868 57
33 968 75
707 526 289
658 81 61
527 537 233
719 481 99
26 681 257
921 846 269
373 373 62
218 912 674
963 161 313
233 101 715
883 767 626
12 893 545
840 861 131
601 455 571
421 661 633
533 673 705
765 577 593
862 935 757
766 779 905
817 529 417
362 57 341
123 926 100
267 965 821
573 248 867
481 421 981
883 391 211
720 431 21
137 842 241
67 730 231
672 817 381
777 153 437
593 941 113
825 841 611
741 761 191
181 137 75
368 627 641
489 5 177
976 73 658
1 787 231
101 872 929
37 451 102
113 507 149
178 917 509
441 729 312
641 217 834
921 976 641
696 77 479
486 33 951
865 793 713
173 729 372
447 288 17
421 281 289
516 519 598
905 609 388
126 715 153
727 841 945
53 976 951
985 293 153
693 961 876
579 353 701
481 663 567
267 649 909
604 46 755
809 425 195
474 97 205
18 529 800
174 521 33
818 865 497
841 221 239
933 297 731
291 901 94
413 293 550
815 193 501
601 749 725
331 793 501
361 934 573
54 582 461
931 334 851
861 727 803
293 941 121
957 105 251
502 663 724
873 871 201
177 157 376
441 896 411
195 223 390
20 465 401
797 75 212
696 587 896
941 181 905
599 646 353
282 125 804
689 773 501
633 701 597
19 25 433
717 565 873
129 121 677
669 652 64
381 793 287
537 651 196
89 206 572
501 651 587
591 979 611
429 731 646
141 983 711
251 417 121
199 15 709
776 241 17
841 676 465
793 805 781
521 51 161
601 901 257
322 981 131
621 635 276
95 41 597
796 26 321
21 71 772
143 906 169
449 213 781
649 627 969
141 418 217
169 74 324
846 617 31
745 27 340
503 963 181
595 18 971
963 805 833
556 600 221
637 421 101
796 793 151
45 211 521
217 81 17
697 981 631
891 293 896
113 46 824
606 861 801
623 753 721
267 401 481
667 39 12
655 233 771
297 601 700
295 489 101
269 855 651
579 89 156
798 341 147
15 176 698
245 169 717
955 781 521
361 181 725
191 85 513
299 451 437
307 187 786
773 571 266
31 651 806
494 121 385
749 567 133
81 478 254
300 109 231
475 941 221
311 773 43
601 605 293
583 438 581
602 931 393
417 709 626
865 342 165
905 698 811
721 701 243
29 135 156
219 255 171
711 62 536
238 867 721
151 593 153
561 410 617
250 901 697
742 247 85
631 935 701
408 909 291
757 654 256
709 821 41
675 859 611
993 131 421
203 225 281
551 933 856
841 693 276
206 921 43
882 641 93
991 851 780
419 349 113
321 11 381
784 852 244
241 780 633
427 17 811
113 5 241
923 461 717
389 291 977
206 961 185
655 913 242
349 251 126
407 56 741
359 978 841
909 97 519
182 13 341
199 37 954
61 256 251
97 511 696
546 177 517
487 577 296
561 465 636
879 754 821
901 193 681
831 840 779
946 591 775
711 276 285
661 361 697
891 195 17
606 281 205
321 513 345
761 81 241
771 73 10
681 137 813
761 193 63
89 349 902
476 725 319
217 107 701
579 47 481
561 825 661
981 941 861
670 923 401
930 586 1
385 397 588
221 781 929
625 17 7
526 385 41
409 385 901
851 227 559
983 757 449
481 915 493
881 417 717
824 767 364
611 781 516
331 801 259
421 838 765
574 121 251
106 808 298
546 449 881
333 939 897
253 187 302
680 165 497
800 541 135
900 454 821
785 659 60
231 237 308
385 909 105
41 573 81
842 437 641
309 336 811
601 241 80
971 673 79
790 561 443
701 263 725
801 306 952
126 389 291
899 661 277
882 75 459
839 221 605
13 132 596
401 117 491
1 707 921
556 950 876
411 142 845
77 511 772
929 486 59
361 1 953
443 489 977
1 913 201
45 376 657
868 451 989
871 847 415
126 201 481
791 955 400
724 63 757
519 581 876
209 99 145
649 547 207
497 675 546
477 345 573
281 557 229
514 491 907
321 241 401
569 579 351
721 956 273
692 152 317
953 549 704
801 662 607
46 621 918
443 901 821
921 969 241
881 636 109
130 365 741
391 157 942
459 701 933
979 1 711
865 58 582
576 412 665
797 821 681
976 107 116
3 121 637
901 251 871
637 617 998
691 785 661
412 329 901
516 815 963
941 84 819
637 251 905
419 584 125
65 928 75
948 205 491
11 467 179
151 157 183
853 753 855
819 181 385
556 405 289
17 151 544
50 423 33
61 621 447
161 390 852
745 473 221
121 881 497
639 553 305
447 585 85
833 111 261
693 565 797
5 397 643
361 435 349
1 545 801
989 154 791
75 461 185
545 633 736
551 385 30
965 921 953
295 445 67
387 251 515
251 377 345
181 791 381
273 68 500
799 274 345
321 377 877
852 611 569
886 281 55
634 331 240
566 316 947
576 111 751
137 201 889
149 871 457
969 697 551
133 751 336
334 569 217
621 525 825
209 493 787
867 771 499
445 335 733
346 954 933
843 555 21
961 957 585
981 737 293
469 364 641
97 381 641
59 893 451
747 758 569
111 697 191
921 233 605
157 365 996
183 938 136
593 324 589
925 485 621
402 925 381
626 586 873
293 321 945
157 760 197
239 262 291
885 661 239
137 411 973
565 836 65
253 600 661
861 541 169
926 267 303
235 973 553
1 987 171
741 141 589
219 772 851
161 185 31
478 441 748
360 227 731
568 363 761
725 961 542
541 641 15
919 609 197
700 689 251
527 485 276
130 316 225
889 232 884
468 791 986
625 114 276
656 221 609
678 985 309
291 5 787
505 13 401
239 376 299
535 439 905
451 201 737
725 560 480
9 841 672
126 701 345
926 949 139
913 380 913
389 543 265
41 785 103
782 211 645
345 241 473
687 96 146
857 376 883
978 57 65
365 341 123
223 476 397
588 886 797
945 671 229
694 931 242
805 117 520
737 113 669
96 66 221
401 726 249
706 733 403
894 65 555
113 417 536
737 531 385
397 481 841
113 939 185
905 733 977
306 333 21
447 909 495
151 455 970
109 137 201
809 145 859
755 409 486
911 661 505
438 577 857
729 31 745
509 177 383
757 174 702
278 1 414
69 577 815
702 446 801
341 133 441
461 901 411
769 5 900
933 113 627
489 977 753
351 494 493
785 376 904
681 146 930
855 121 310
785 893 753
287 95 933
714 457 401
73 276 326
697 526 801
841 185 657
899 438 187
25 167 37
465 993 161
575 201 131
901 738 501
358 876 234
929 893 805
453 911 461
510 241 941
13 93 681
54 787 99
711 713 571
873 905 18
1 821 816
523 601 346
541 562 138
121 769 45
397 451 985
356 581 113
256 239 411
435 634 183
166 657 532
295 335 225
791 423 101
361 885 665
261 323 227
735 758 961
587 147 481
248 635 257
585 551 425
421 417 173
241 536 323
815 878 361
767 51 761
241 254 405
795 526 433
529 608 737
841 177 855
501 9 849
656 825 697
246 617 501
552 507 992
520 927 321
355 198 441
771 520 989
475 640 97
36 57 413
611 242 887
899 209 509
217 991 817
859 861 216
177 156 345
218 697 33
116 955 761
621 551 773
791 669 756
841 965 189
931 757 793
480 977 866
783 713 741
390 373 87
869 855 609
168 901 61
885 843 697
606 155 611
367 271 861
11 359 414
841 251 749
192 981 566
650 409 392
716 341 461
476 897 321
809 201 705
721 361 571
690 777 968
746 557 740
335 681 820
401 241 965
239 961 281
801 410 772
469 405 1
785 285 881
828 581 99
694 616 577
321 857 987
201 923 113
421 450 891
786 185 553
73 592 907
546 636 905
894 253 799
551 186 131
997 897 957
37 201 291
589 69 724
251 361 385
601 933 162
777 679 54
810 193 731
725 163 211
97 816 1
746 27 374
528 841 391
651 205 990
227 668 290
833 371 330
801 621 271
45 279 789
236 969 686
675 669 691
35 841 236
997 751 529
1 201 369
456 41 641
508 145 106
185 478 70
353 337 493
545 889 901
813 643 809
135 873 286
681 532 443
23 606 549
395 981 728
505 289 342
369 977 866
761 21 227
319 891 796
743 470 62
215 51 865
967 759 11
213 868 804
341 305 526
783 529 201
159 228 97
316 315 73
437 909 976
475 457 810
948 669 394
453 943 345
456 486 176
986 65 321
880 785 191
48 369 236
146 421 231
156 873 927
611 861 272
663 112 505
687 447 661
313 465 853
881 684 981
161 151 20
495 82 971
734 573 249
830 601 28
732 201 985
461 959 751
821 775 494
616 313 167
217 696 983
299 251 134
235 241 395
177 119 236
616 651 541
226 563 803
671 981 565
335 569 413
358 131 913
806 401 417
133 749 626
670 671 141
511 313 98
575 457 776
201 904 297
252 97 177
389 386 241
715 225 100
561 656 27
702 334 605
733 641 46
995 401 431
278 318 701
696 486 576
673 665 941
711 90 797
3 673 184
773 939 849
353 765 641
75 518 529
97 257 909
87 687 465
133 401 778
681 821 696
889 129 430
220 836 5
942 313 881
819 169 474
125 25 833
891 101 137
928 59 431
806 457 179
857 531 63
461 1 441
601 455 866
476 325 231
957 321 729
361 957 217
209 369 871
73 451 531
14 51 63
344 81 651
325 48 851
60 296 111
777 345 737
449 889 634
560 136 129
862 229 900
800 415 482
814 602 670
401 508 261
179 549 809
191 669 633
337 623 633
845 161 136
210 634 181
391 599 81
869 857 85
133 679 577
220 824 613
255 451 71
279 77 898
505 262 123
829 449 635
520 242 481
256 55 119
213 911 761
376 437 45
60 113 442
277 918 839
576 158 29
201 181 111
521 166 69
257 796 754
15 601 632
611 31 801
493 517 573
151 191 581
721 491 17
27 276 301
956 601 925
76 209 273
417 361 529
809 988 314
900 11 8
518 953 761
69 157 361
707 879 981
761 369 9
653 393 181
657 791 501
876 381 978
486 704 49
101 583 522
811 616 369
601 319 369
204 579 81
107 249 831
312 511 791
917 329 401
779 671 426
367 939 79
365 614 625
25 104 73
401 681 351
880 195 611
158 651 917
861 625 51
821 403 266
71 410 587
113 886 647
915 942 805
239 882 441
682 333 29
13 951 233
501 231 939
398 155 96
251 474 111
529 843 701
17 963 66
377 157 985
755 971 201
281 56 736
256 997 649
395 98 398
949 335 711
297 823 878
377 250 973
217 504 185
117 89 506
179 201 253
201 491 25
129 728 925
677 851 965
898 366 21
573 501 361
1 254 313
991 185 884
367 813 61
81 157 896
306 535 545
276 564 843
789 551 419
941 25 394
401 1 571
689 973 65
325 838 338
245 821 711
85 358 493
169 561 626
905 633 401
555 567 481
643 151 893
106 277 701
146 110 977
179 333 686
1 655 233
877 61 873
428 387 169
993 261 59
633 591 698
76 481 909
285 501 667
291 318 566
821 295 408
41 204 215
865 304 514
16 579 361
257 581 499
563 289 20
305 691 914
241 241 526
255 121 175
621 301 885
626 775 905
26 281 111
50 457 96
490 305 291
607 211 235
945 455 145
651 64 91
804 881 242
646 105 164
19 222 710
173 201 721
120 808 326
346 433 201
590 741 86
376 761 10
261 637 105
596 682 106
541 413 241
673 1 81
383 33 811
45 847 144
361 193 241
327 865 278
810 52 281
506 210 513
376 161 341
61 360 638
167 885 661
569 208 63
971 719 721
625 841 476
125 889 439
226 41 142
965 961 796
752 885 281
553 513 679
463 784 676
841 599 737
991 266 321
826 385 948
901 701 976
709 804 326
446 329 953
913 442 595
445 273 865
541 169 438
987 301 651
941 989 651
781 203 946
211 743 997
461 198 769
905 289 3
99 331 561
513 889 93
353 555 701
962 777 896
399 341 35
4 455 558
920 601 917
741 73 809
507 609 661
426 721 52
351 513 449
592 745 33
953 637 429
227 242 526
249 760 817
54 893 994
622 824 401
21 987 248
24 619 741
665 511 611
900 217 791
56 626 294
773 17 278
455 241 416
252 522 996
591 957 36
465 198 386
973 828 772
638 709 529
153 780 505
653 1 585
777 601 375
357 916 323
430 949 299
990 776 81
735 594 749
372 442 161
531 190 11
641 329 565
235 644 215
721 249 952
66 837 633
702 752 617
400 81 5
377 939 148
321 405 796
73 681 973
6 695 902
297 293 652
429 5 521
121 416 702
871 751 387
665 229 866
781 581 341
357 660 471
921 242 661
326 39 488
706 271 378
546 609 21
396 641 911
77 565 187
521 948 513
273 871 157
1 321 192
41 991 661
846 205 701
262 459 207
593 800 301
301 401 323
107 241 591
417 391 413
323 73 709
146 261 889
141 19 31
251 761 593
157 641 467
569 510 618
590 501 849
485 423 137
630 701 741
77 657 133
524 581 450
749 375 889
41 53 734
397 220 776
260 151 41
569 709 456
599 89 721
541 481 531
385 353 17
105 943 759
415 277 493
849 901 401
731 987 1
849 351 508
161 329 246
929 586 518
878 930 313
822 553 682
771 849 907
215 6 869
745 304 649
551 801 561
570 849 829
151 281 950
437 977 560
813 848 88
295 828 890
611 621 181
293 701 362
683 729 929
600 988 725
947 503 394
67 521 777
61 911 321
43 266 39
377 255 601
920 889 933
467 185 364
11 446 221
113 177 106
109 891 3
341 985 801
169 791 351
83 502 239
751 441 357
241 770 321
890 453 848
361 241 249
801 644 441
835 197 531
208 281 678
441 150 794
775 371 465
123 953 401
685 561 887
433 486 423
721 826 429
231 517 921
369 971 335
97 144 218
791 574 179
183 837 925
994 361 571
936 501 9
946 169 213
753 141 921
129 757 917
81 435 141
551 169 794
107 599 976
538 775 329
753 109 371
726 951 585
607 201 177
501 81 820
487 372 576
476 157 131
97 183 873
507 479 177
721 321 887
971 57 196
287 184 397
201 229 436
731 629 407
417 391 26
1 46 801
271 321 841
773 216 458
278 466 33
175 476 553
197 263 756
400 695 121
643 671 195
379 315 737
501 916 129
177 183 1
361 364 209
777 393 21
724 487 1
257 976 509
70 167 897
204 97 367
55 926 277
450 321 501
841 777 470
436 771 409
53 582 563
869 857 33
176 123 504
801 543 825
81 49 993
745 728 101
236 696 981
393 621 451
917 431 221
623 284 709
246 223 801
935 517 441
746 266 355
731 301 961
845 97 247
245 676 861
698 930 821
863 260 699
450 649 1
949 117 814
563 427 826
701 454 731
57 73 747
459 561 133
677 397 834
201 533 503
288 901 501
390 116 951
115 357 654
273 625 265
11 301 670
25 321 996
26 126 255
451 623 699
209 542 681
993 991 803
967 959 233
386 329 233
561 311 999
466 41 366
157 937 371
372 378 944
238 31 342
335 276 581
561 76 611
480 221 436
727 164 655
1 655 1
85 418 685
227 452 857
139 955 81
751 121 539
489 6 959
262 17 481
993 466 33
585 261 186
660 611 913
956 305 748
431 121 19
553 442 7
501 523 851
301 65 363
401 201 509
121 961 815
557 101 265
109 553 965
331 355 661
349 771 523
656 977 745
591 745 297
145 307 649
103 461 889
125 74 753
147 641 651
201 899 273
351 25 554
285 150 364
721 281 858
675 462 841
581 113 885
676 21 161
737 714 833
887 810 701
707 289 785
390 731 257
641 202 285
520 201 413
563 857 889
153 814 619
349 993 503
65 601 646
537 457 97
453 447 604
513 211 11
804 266 384
461 489 621
668 792 564
297 16 15
430 331 926
121 595 631
529 91 71
444 192 553
345 993 977
63 696 441
83 583 583
521 355 606
571 708 491
649 155 551
511 441 890
410 605 291
993 113 242
879 289 486
689 769 474
418 948 751
883 343 126
422 529 765
918 53 696
341 66 80
374 697 954
487 49 701
876 716 525
685 223 122
47 193 891
106 922 311
577 41 101
486 881 595
165 325 706
341 841 41
937 450 753
1 296 609
126 273 571
673 763 801
213 465 958
224 56 441
777 829 157
752 661 861
817 123 6
126 753 425
562 208 833
379 967 412
91 429 41
25 319 823
851 926 545
885 517 235
617 773 209
125 849 935
742 595 873
801 112 216
541 826 605
269 77 760
521 311 133
49 667 771
637 281 227
433 209 171
289 156 285
776 357 630
577 417 173
251 485 466
521 755 101
590 10 949
479 241 247
523 836 501
771 335 853
901 261 989
676 806 251
471 362 175
819 281 665
481 97 426
721 377 323
598 966 991
496 705 953
771 261 869
652 559 434
521 187 23
655 823 290
421 386 218
295 129 401
533 301 927
15 727 192
311 73 186
364 945 861
769 219 890
955 741 921
801 101 333
145 639 865
492 21 547
841 695 623
637 101 103
49 960 605
937 151 361
417 137 355
401 705 694
448 911 536
114 981 78
87 609 981
923 273 526
537 65 377
781 305 903
369 591 437
861 731 501
350 862 920
865 6 911
559 561 817
953 581 909
367 369 741
142 833 929
665 375 553
321 789 241
401 800 901
966 703 913
251 158 65
261 897 401
474 625 583
835 821 821
105 473 63
377 441 644
896 624 679
551 21 541
718 291 817
959 369 199
909 719 25
311 129 230
583 225 201
361 57 85
231 793 721
41 497 77
633 626 626
406 858 793
365 345 813
611 497 470
185 104 846
396 560 251
265 361 273
891 565 153
630 466 824
751 623 189
610 333 304
789 465 192
203 259 677
211 557 865
441 309 409
401 617 439
801 197 36
514 659 307
841 937 56
756 87 809
994 32 54
811 238 452
327 501 844
385 17 505
55 563 627
521 329 653
677 737 581
842 1 381
85 175 678
825 605 397
953 222 654
233 707 72
921 427 617
717 128 444
933 777 882
196 259 9
351 585 525
725 27 581
201 210 467
137 192 466
561 57 29
401 777 845
233 36 313
721 241 689
109 841 907
454 239 513
306 315 70
833 1 696
274 985 351
612 733 331
59 475 931
9 873 792
346 21 511
495 340 834
354 161 241
763 946 845
829 541 985
887 91 65
715 23 846
403 881 54
81 580 758
556 133 1
337 721 51
729 289 835
759 529 193
277 361 501
69 441 277
123 787 17
101 646 965
859 209 374
601 666 256
71 831 703
97 436 137
651 125 713
233 918 483
215 153 435
628 249 895
945 389 41
273 99 774
777 410 833
201 89 662
399 445 565
433 155 253
321 481 819
57 498 273
806 906 677
89 289 306
313 210 701
69 955 937
97 387 935
203 92 619
147 937 985
137 705 589
233 165 541
341 185 145
518 651 371
221 1 5
161 83 321
777 225 841
49 441 575
1 351 540
44 407 879
48 818 226
140 237 429
457 886 958
466 381 689
273 925 361
985 721 951
656 755 208
368 649 678
944 38 406
165 376 713
203 962 201
833 990 29
287 315 993
931 985 391
228 191 707
193 601 351
9 893 976
261 74 487
521 205 871
816 457 595
685 466 56
715 461 615
26 515 588
83 109 93
961 281 891
871 853 785
317 591 961
123 689 797
331 216 121
251 17 83
301 271 656
1 672 193
424 968 603
113 451 493
733 921 117
417 201 367
241 989 457
789 141 390
841 868 605
691 241 7
745 929 631
611 801 161
781 177 225
995 804 436
645 421 201
272 229 301
511 193 977
706 876 102
321 165 121
51 595 643
811 178 161
991 515 1
401 667 245
910 260 634
837 681 651
731 804 505
609 491 957
581 487 855
221 139 721
353 612 673
576 529 689
39 497 157
545 762 945
325 503 131
461 683 461
195 527 633
871 366 760
596 105 533
313 443 543
226 1 222
994 833 993
813 272 911
749 703 947
401 245 201
294 731 672
249 541 434
941 361 247
897 735 856
661 503 701
50 641 87
589 159 768
650 759 181
153 641 209
125 240 347
935 800 777
161 79 161
57 957 709
749 51 481
281 176 701
705 325 412
165 240 976
556 516 307
695 310 893
491 761 92
324 417 210
1 737 682
963 301 441
56 427 411
863 411 796
901 517 696
363 881 185
621 752 903
656 369 985
773 601 257
165 303 824
190 215 178
801 753 1
235 681 503
913 288 894
479 185 567
199 601 388
941 165 623
769 723 461
671 485 941
1 264 977
554 877 633
613 1 301
281 432 460
416 61 667
831 802 672
29 743 241
18 489 376
873 34 201
989 48 911
858 41 81
390 593 438
961 517 903
401 801 231
991 451 831
351 315 175
251 239 277
581 535 984
761 361 773
61 323 997
553 668 475
861 74 215
737 625 121
919 766 781
367 350 11
434 251 481
727 476 61
953 904 411
439 687 524
353 447 905
749 266 308
452 857 93
15 797 9
394 695 955
325 281 401
581 659 57
367 205 481
534 836 993
211 174 801
929 334 721
224 997 897
55 618 361
226 633 476
701 94 385
578 507 701
641 832 747
47 369 195
65 781 524
153 447 257
247 476 656
529 209 921
116 926 277
301 567 47
23 657 256
161 259 995
775 1 444
439 859 901
921 562 61
615 368 843
45 249 419
747 283 359
977 549 393
426 881 736
654 351 251
433 801 465
705 301 346
281 17 261
466 231 969
53 549 831
472 211 431
271 275 481
601 481 615
180 717 499
33 72 43
946 593 601
251 43 75
853 801 438
981 25 231
505 417 226
165 799 601
581 523 67
1 65 126
251 529 273
601 910 485
601 425 617
165 721 314
249 121 352
476 817 657
642 489 881
255 777 856
739 941 181
143 131 384
811 661 742
601 313 577
545 185 999
73 357 61
489 27 356
827 394 456
271 973 622
413 769 251
751 711 489
753 988 773
921 649 157
70 949 897
607 950 528
271 79 71
53 61 290
107 344 666
578 569 581
677 433 446
634 407 51
578 851 397
981 122 435
621 930 476
118 681 181
105 331 229
868 675 956
25 583 637
161 521 711
3 623 659
231 191 340
881 945 237
435 929 347
265 833 529
408 751 288
56 953 513
777 955 79
206 653 587
705 381 656
773 739 945
745 177 411
651 815 331
658 1 165
859 531 130
850 105 406
791 387 395
217 403 421
805 541 80
905 153 114
610 555 524
191 996 747
449 89 125
818 633 179
889 361 289
498 264 703
402 371 33
534 641 880
508 193 40
641 113 817
251 867 621
699 811 471
154 997 681
79 754 438
572 167 721
193 865 736
883 739 251
83 51 453
525 451 31
467 940 813
121 957 151
377 256 655
911 703 796
428 751 228
345 233 425
957 635 117
99 623 791
501 325 163
212 521 746
46 677 476
921 388 376
121 492 115
553 261 397
501 203 578
353 616 977
729 897 316
837 747 326
213 361 286
477 281 697
925 313 346
730 281 896
551 583 145
399 438 473
41 193 257
197 413 715
815 993 933
304 865 695
639 357 201
415 882 367
211 787 504
523 1 833
369 753 886
186 401 345
623 461 142
872 32 239
169 615 45
214 298 353
797 251 225
589 291 48
390 927 956
801 1 888
374 571 376
357 37 78
1 553 781
22 737 285
897 764 571
577 113 34
793 177 804
475 925 648
293 131 817
640 995 929
821 195 903
832 546 585
489 771 858
221 131 369
265 398 105
619 761 837
126 763 867
846 953 921
700 521 6
515 971 803
101 213 689
144 609 715
821 781 437
615 13 941
394 801 576
649 395 1
904 667 13
852 393 520
889 281 299
278 721 22
433 996 277
93 683 790
681 649 589
295 941 95
493 582 913
662 577 953
617 701 217
904 801 562
469 984 451
227 777 689
505 560 175
93 873 184
193 801 330
947 601 495
257 876 570
629 521 901
477 861 346
37 433 841
291 357 946
801 765 671
971 971 281
195 196 577
16 531 571
107 919 355
81 210 216
71 925 975
169 789 345
859 705 129
188 485 685
985 1 61
713 515 196
151 884 847
649 65 997
561 781 981
549 957 250
881 647 951
296 281 310
321 947 501
105 305 681
569 255 81
296 293 77
321 221 772
887 621 895
616 563 244
434 980 231
878 301 261
206 129 151
815 361 551
731 661 513
111 352 376
651 542 893
377 137 337
249 353 219
61 425 695
893 654 261
31 527 31
89 865 289
357 720 173
965 509 321
641 438 577
991 701 185
386 333 113
481 893 567
765 714 550
989 431 949
175 737 409
753 161 821
987 185 976
457 1 981
656 646 425
72 713 876
521 24 619
945 958 945
341 68 479
721 301 420
591 728 491
465 931 76
749 369 514
961 401 51
515 381 965
437 941 277
838 9 509
181 800 353
735 796 585
541 649 281
513 599 785
53 17 481
757 686 792
641 985 913
945 451 981
169 897 181
926 846 841
591 464 245
213 321 220
376 33 721
553 221 125
617 169 101
229 476 233
241 937 873
633 885 861
861 729 129
561 467 84
275 229 67
553 519 977
50 591 209
437 161 626
332 385 567
346 549 814
845 305 291
99 151 77
956 265 451
451 423 828
983 123 501
675 41 761
778 681 657
61 953 62
316 289 637
911 788 261
296 25 521
366 48 26
381 100 405
764 737 557
169 1 252
921 52 282
97 879 590
489 289 341
709 371 675
1 467 1
873 777 511
329 465 225
545 501 783
769 526 561
241 761 425
453 476 323
871 553 302
952 961 525
335 279 546
612 313 277
220 441 431
471 73 911
607 701 161
957 297 711
5 273 737
725 731 857
593 831 499
241 547 67
613 74 813
699 997 937
921 889 837
463 811 1
656 389 811
977 314 396
481 137 433
993 386 681
447 551 596
887 11 696
487 625 763
235 785 277
675 193 236
981 270 152
465 897 459
839 835 939
831 233 201
273 241 351
827 257 361
412 439 595
524 929 491
423 395 52
925 511 545
545 599 647
920 481 711
401 106 361
505 315 705
569 661 85
261 673 707
65 939 141
329 516 932
941 946 951
451 281 247
975 955 529
649 942 106
225 251 126
150 855 603
684 663 41
56 126 89
266 473 746
180 153 441
121 596 807
230 235 760
733 447 275
359 154 343
445 721 905
201 257 235
577 693 20
433 445 237
251 391 365
395 520 261
403 257 978
93 193 405
801 376 297
833 211 241
217 148 297
657 161 85
437 770 665
302 709 869
865 61 235
821 302 52
483 69 481
613 262 811
225 96 285
385 273 591
997 206 899
1 626 134
503 145 62
169 593 325
989 120 943
317 904 907
257 248 71
971 269 9
233 41 518
873 345 373
777 571 77
933 653 657
89 529 266
597 193 261
169 79 429
145 917 101
801 118 281
532 335 876
89 298 986
857 601 49
878 179 106
871 767 214
366 931 569
261 429 172
133 163 543
668 886 625
25 879 25
21 309 829
735 505 65
307 289 211
996 985 961
374 995 463
527 815 416
796 291 251
850 137 339
185 997 913
885 771 527
614 785 457
731 365 37
840 234 72
757 997 969
881 49 961
608 517 797
793 417 81
525 689 948
414 433 455
564 201 613
95 756 754
605 725 441
269 166 646
177 881 781
633 549 971
151 33 989
301 561 657
694 393 1
503 673 437
27 388 911
825 929 405
824 163 821
426 483 151
803 228 748
179 525 225
201 231 737
861 201 480
895 55 298
301 437 33
858 457 892
857 721 626
551 771 385
387 189 457
681 461 865
348 937 231
449 824 995
701 646 501
561 601 265
827 881 828
192 453 751
399 105 373
241 653 129
787 26 41
611 829 81
913 353 476
732 406 981
923 349 135
68 253 137
110 481 113
135 439 361
481 661 789
548 126 839
692 946 771
213 116 737
813 585 137
961 881 31
581 18 735
551 975 937
911 429 37
571 426 297
345 656 641
655 639 746
421 179 959
465 193 847
1 736 305
915 625 718
177 886 983
481 29 411
141 462 793
410 585 611
773 915 461
606 201 989
416 161 521
506 649 935
484 136 707
899 619 751
501 265 121
999 806 117
859 257 246
482 440 131
703 169 25
883 116 141
849 849 953
908 765 387
781 706 521
351 381 664
1 263 833
951 520 835
481 720 881
333 339 625
59 268 57
293 211 105
531 292 295
883 553 893
977 618 353
276 777 1
419 627 795
556 177 695
606 38 845
551 363 392
965 926 581
481 501 683
689 683 449
83 301 508
56 253 867
393 877 451
32 745 251
505 729 633
7 361 371
727 166 341
917 766 631
21 141 981
444 109 56
299 467 11
966 76 301
458 961 465
136 321 551
991 792 745
659 221 913
641 696 875
949 885 270
701 861 254
282 729 445
463 278 619
988 839 802
957 801 525
604 813 849
177 881 541
941 877 901
779 616 93
628 59 916
363 41 617
177 168 102
377 713 241
133 96 117
803 65 123
813 127 547
881 242 153
93 141 67
988 191 282
796 189 341
973 360 768
384 215 924
26 161 609
429 1 301
67 889 679
499 721 676
259 969 19
11 823 511
979 80 401
781 398 568
528 513 304
173 339 895
314 626 662
251 482 790
461 462 191
239 291 25
613 111 305
519 876 833
241 125 905
474 701 81
241 349 591
161 188 389
134 97 951
856 2 883
147 671 816
424 601 188
210 591 1
121 121 597
9 667 701
159 945 705
945 741 778
126 857 69
345 530 909
121 441 723
357 829 632
312 389 351
40 881 927
293 321 817
801 57 735
316 709 716
464 443 769
425 785 758
639 559 425
306 1 705
995 457 46
599 645 751
46 555 273
141 231 121
615 877 286
630 763 336
986 973 732
641 529 741
587 161 314
131 389 873
385 442 487
485 657 116
209 261 579
153 421 186
809 639 957
295 871 585
469 921 541
454 567 475
368 589 146
359 892 441
513 471 131
1 751 976
341 328 337
93 321 421
801 748 374
633 49 61
876 255 986
195 971 786
746 762 366
363 673 977
967 557 121
857 835 805
969 343 593
331 401 657
337 604 912
592 745 988
84 681 753
57 13 963
593 881 911
721 403 721
395 161 541
241 317 201
625 425 609
801 42 781
93 371 477
185 473 301
423 703 101
65 701 274
417 201 1
686 161 9
705 497 856
238 823 886
397 386 887
726 65 300
665 261 346
630 259 201
757 881 308
58 541 893
101 451 905
953 208 549
148 177 86
975 876 167
729 971 249
681 577 480
921 473 501
654 331 252
956 481 66
852 423 637
732 194 871
606 11 562
189 319 253
457 468 581
601 61 677
5 397 499
451 193 584
549 451 461
276 580 883
701 375 841
717 626 527
751 850 597
120 691 89
839 265 41
345 137 110
87 558 857
1 751 358
727 258 914
878 705 321
972 246 557
600 193 841
356 281 474
501 755 573
861 469 330
241 393 851
401 861 341
176 666 471
243 32 861
672 885 647
39 605 901
423 916 577
586 146 791
17 456 541
521 301 873
490 561 270
933 781 566
947 879 283
587 365 306
603 581 192
151 321 621
1 668 561
641 341 340
801 201 803
518 267 761
751 713 151
419 201 691
829 11 31
340 257 525
149 487 521
608 796 284
251 131 937
927 525 1
561 596 688
753 441 106
207 633 37
609 451 457
819 813 905
784 745 328
51 471 143
957 855 795
557 15 937
539 121 873
841 167 970
449 425 177
749 958 453
492 367 609
68 709 1
753 26 361
873 709 806
54 361 231
929 252 600
197 203 817
706 231 103
83 425 221
393 365 533
481 640 701
826 109 247
793 425 473
601 177 411
595 257 665
817 1 887
946 767 761
945 752 339
876 912 701
361 76 109
878 362 921
868 481 918
924 860 768
515 461 245
589 931 158
507 599 546
833 993 144
111 729 81
921 880 581
211 530 207
633 241 388
240 49 156
457 909 9
398 54 124
351 217 633
197 749 89
904 471 88
196 68 669
841 969 357
641 517 862
94 949 981
731 751 766
805 337 601
917 233 455
441 240 512
183 433 617
691 441 466
981 446 155
263 833 437
361 131 473
847 131 581
801 786 605
657 186 876
837 932 719
685 911 597
233 489 547
822 676 321
623 745 81
644 578 597
773 185 229
858 729 91
1 951 424
116 527 841
126 111 445
821 789 435
249 204 3
841 451 75
894 927 341
463 296 911
502 941 399
945 593 118
609 201 909
936 945 816
415 347 657
271 737 429
321 349 404
923 1 553
646 748 63
257 145 175
114 661 721
461 880 853
201 193 601
133 237 105
850 141 778
681 517 609
689 893 951
989 349 79
338 811 125
961 913 622
936 11 126
4 858 357
701 565 703
265 698 372
292 311 145
649 431 215
431 73 6
243 661 411
205 730 656
141 557 301
901 401 221
419 977 229
609 619 573
958 576 467
323 217 20
601 441 236
241 277 113
672 529 976
561 385 413
961 259 766
141 389 401
649 9 387
921 511 383
166 691 801
299 151 580
130 291 741
51 425 841
225 453 287
809 301 585
21 693 273
983 314 60
769 691 61
965 775 326
466 577 521
601 713 441
507 793 78
953 65 709
385 491 469
200 745 501
593 676 625
145 765 57
451 404 681
704 251 578
569 665 713
351 629 905
653 709 1000
941 217 360
829 665 826
820 383 161
731 345 303
561 756 721
421 678 45
963 806 41
62 392 331
121 481 753
312 111 131
812 320 433
635 771 839
421 469 955
751 763 664
476 337 626
503 750 913
591 673 584
41 921 61
363 691 774
321 95 821
626 423 387
21 841 77
717 57 425
772 2 661
361 251 889
41 776 893
71 180 41
832 627 944
517 44 403
85 195 353
586 651 217
601 33 541
361 250 553
387 311 705
815 8 91
81 857 90
925 896 129
45 501 441
386 313 325
321 455 721
812 2 65
963 947 858
729 199 874
592 852 13
265 639 427
325 391 327
851 156 17
998 33 811
25 881 183
385 269 913
91 233 776
625 197 675
871 213 176
678 177 325
501 471 689
387 101 641
371 423 681
182 164 311
521 69 709
771 103 25
381 142 893
161 469 791
196 241 451
196 641 721
192 266 971
370 953 751
36 936 871
535 482 186
119 216 339
25 575 101
969 585 995
647 982 689
295 209 691
647 741 316
639 761 969
638 33 366
599 253 976
889 297 453
193 917 379
147 144 133
68 530 881
841 617 165
112 953 154
236 795 625
769 493 731
177 65 954
976 506 957
161 413 686
633 621 353
793 174 763
524 161 93
476 754 390
181 341 405
505 123 506
357 766 521
420 828 45
897 555 434
601 651 581
441 930 589
841 199 857
431 950 979
221 421 465
641 933 415
781 297 49
585 227 821
645 561 957
713 17 969
168 1 773
281 717 561
41 344 961
57 359 246
201 773 626
507 337 499
780 762 899
117 858 521
1 992 512
14 971 713
791 521 671
208 83 152
629 596 871
247 449 465
61 824 835
299 923 181
232 141 921
899 486 646
569 621 231
441 101 395
337 757 217
186 221 692
941 779 41
398 536 123
676 180 213
23 712 934
984 564 866
107 829 721
275 977 488
31 607 526
601 60 379
933 720 625
589 981 858
941 707 911
304 491 549
457 793 401
610 309 721
385 573 74
795 506 765
844 233 591
721 161 215
289 403 640
439 636 929
441 445 201
737 851 141
405 622 120
321 441 694
53 53 666
456 731 507
307 571 571
29 731 828
777 129 177
271 879 661
313 67 417
191 377 601
765 57 881
25 1 524
801 671 681
183 505 153
665 705 139
544 41 175
133 777 733
658 561 361
954 249 397
938 624 481
395 615 929
41 487 1
159 676 700
961 251 701
190 21 625
741 123 526
517 73 431
679 709 625
719 537 493
106 889 161
666 740 886
389 406 641
477 841 393
241 967 335
337 769 725
674 836 69
221 247 823
457 81 947
289 921 111
635 817 846
569 372 923
691 481 251
941 608 74
741 659 686
223 968 658
921 671 445
277 653 804
255 253 706
921 635 117
73 511 94
313 73 801
651 748 549
556 681 81
683 57 865
29 253 539
465 731 113
481 457 787
125 888 477
912 61 777
151 893 251
993 301 641
15 426 585
100 856 999
467 165 729
459 376 901
291 681 221
675 49 649
191 431 516
941 663 19
268 841 681
265 61 845
411 581 307
409 753 753
701 361 699
842 261 337
35 777 309
865 187 570
61 191 729
705 51 501
158 341 907
131 331 617
823 863 161
4 89 312
293 293 521
863 131 526
731 55 801
397 727 581
623 124 80
393 641 835
26 126 681
195 557 377
11 70 155
687 161 85
687 313 297
361 851 766
205 673 268
550 988 593
419 876 791
445 426 304
865 126 69
961 801 586
463 425 705
996 351 374
790 290 860
881 427 373
914 346 501
441 369 290
1 738 91
355 811 141
974 625 958
218 809 437
801 332 945
223 227 147
957 642 1
349 328 521
537 657 105
81 29 691
575 206 553
971 68 595
441 655 546
751 767 643
717 389 243
856 342 116
57 441 60
355 315 505
319 321 471
523 787 857
993 631 353
777 5 239
461 980 351
177 221 445
723 884 661
695 893 281
501 330 633
971 665 207
251 729 149
569 141 49
281 501 389
297 741 467
656 197 145
22 453 452
126 919 118
11 329 401
686 815 109
917 35 467
520 586 599
683 537 906
635 621 161
278 101 985
697 121 435
777 333 865
201 105 867
304 641 491
128 470 131
821 693 803
335 159 570
379 825 109
678 785 941
551 285 96
339 905 901
687 817 153
329 745 47
17 901 71
233 226 427
276 608 183
634 623 461
183 185 301
831 933 501
380 143 21
672 31 925
129 93 111
33 177 306
101 337 85
765 866 433
741 826 689
625 966 35
403 571 36
948 3 971
397 745 881
229 443 201
934 681 289
881 180 811
414 926 143
520 18 421
713 440 901
561 721 516
704 701 209
105 749 249
494 356 111
787 757 25
785 435 994
371 626 231
47 251 331
577 870 211
465 435 766
181 491 545
816 38 501
535 96 466
354 13 211
890 863 493
817 911 651
576 769 169
661 648 569
335 255 226
661 817 269
433 267 621
723 650 430
449 185 94
126 759 118
159 981 257
79 183 801
206 630 189
221 351 764
581 843 889
558 899 237
881 537 301
61 409 801
57 186 485
234 527 241
524 281 609
981 557 801
275 305 321
291 386 781
729 793 521
508 831 675
551 545 628
521 691 623
91 416 365
545 441 606
921 872 717
586 1 775
211 809 97
482 729 521
723 61 703
631 498 833
217 81 501
701 606 176
177 465 459
169 764 551
351 337 311
644 972 881
705 329 75
291 368 353
845 581 351
987 173 411
69 993 954
913 57 953
785 359 404
601 734 608
558 869 881
804 907 420
537 890 326
60 672 71
5 800 657
778 601 319
111 797 53
977 359 179
575 993 189
665 766 997
602 265 610
529 563 721
193 661 685
581 873 146
891 315 365
129 921 377
801 999 281
393 707 141
66 121 312
493 541 63
507 684 747
246 341 536
833 721 589
466 641 33
181 101 681
329 911 665
84 573 981
717 481 775
720 421 504
936 399 321
749 538 559
949 191 123
801 739 693
593 197 565
161 177 407
792 577 251
778 905 835
725 541 739
289 361 711
689 646 193
55 111 886
942 272 569
847 669 426
613 489 179
359 929 517
849 287 656
145 205 646
747 990 702
126 148 609
989 229 436
282 56 23
641 565 971
348 407 532
856 173 785
783 201 519
149 686 66
271 429 132
316 713 521
17 389 613
663 9 481
248 409 46
546 268 529
601 336 77
673 193 953
505 27 789
96 689 911
839 265 409
404 935 991
901 919 1
645 982 681
856 921 251
998 121 423
761 15 796
395 186 251
29 89 157
368 501 82
633 841 531
181 27 521
376 455 3
465 245 851
235 809 293
525 310 525
871 456 997
345 163 920
947 630 359
297 46 309
452 626 239
265 28 48
561 308 565
546 235 461
312 466 316
908 162 45
796 979 993
241 501 228
446 494 289
314 759 635
971 249 1
721 461 485
593 247 449
669 649 396
499 881 17
15 345 996
17 329 746
99 289 511
753 465 65
661 797 609
26 501 73
339 16 170
576 964 281
513 801 700
451 473 576
595 541 826
513 815 529
456 967 1
764 18 83
721 74 371
417 206 951
165 751 921
102 503 27
769 793 781
6 1 805
641 984 601
83 647 719
497 993 701
199 488 957
939 261 857
956 797 197
609 681 121
290 760 467
616 171 29
869 959 571
485 145 635
505 181 977
686 101 396
421 103 662
981 735 621
559 651 772
868 261 355
446 353 229
149 499 76
801 249 201
544 576 785
926 92 109
1 73 346
346 801 809
896 593 945
889 921 381
537 821 251
153 381 563
100 801 377
551 439 704
577 3 927
638 361 339
467 83 693
798 166 881
527 372 70
999 576 549
841 493 114
681 561 845
999 786 174
191 41 421
976 747 853
934 718 221
557 869 521
446 265 653
777 905 986
261 776 529
115 252 531
336 297 641
311 783 765
49 76 670
273 481 267
428 985 411
421 189 1
295 819 601
795 708 586
21 257 762
664 649 461
511 545 555
666 181 235
27 273 540
151 557 609
196 83 342
899 585 945
93 113 482
156 937 459
737 753 201
656 649 132
933 15 681
14 177 617
685 617 887
104 881 591
905 746 881
416 840 501
169 401 762
813 470 59
733 413 401
813 687 101
1 513 893
645 253 929
265 401 249
665 703 201
871 953 261
113 929 497
176 541 965
605 177 603
923 281 501
545 88 856
995 61 81
531 481 894
756 56 133
187 877 526
367 531 698
381 906 617
591 966 208
575 696 245
909 810 944
537 461 895
633 486 163
171 537 129
59 1 683
385 733 609
186 727 146
889 281 803
883 361 97
226 645 138
520 201 433
665 225 667
919 335 268
682 741 690
913 367 263
673 435 199
610 397 81
613 869 955
537 730 385
320 827 814
40 227 637
291 325 521
161 865 297
899 203 601
606 701 664
805 185 517
131 447 176
372 665 753
724 933 404
597 553 351
751 731 865
561 272 249
381 67 1
953 520 425
56 41 632
593 213 329
321 466 633
381 62 979
881 239 57
150 739 929
206 993 376
900 116 797
177 495 864
926 757 109
211 745 661
159 677 261
706 913 413
484 383 530
307 51 551
83 137 306
721 469 287
694 177 629
478 713 459
390 807 671
737 825 901
815 563 221
675 333 233
237 951 659
239 776 685
1 644 628
537 817 745
211 461 201
644 601 821
857 761 824
825 131 279
665 341 463
515 921 537
101 185 431
254 701 697
361 295 501
593 276 235
78 470 849
155 993 63
57 12 676
597 427 61
201 687 585
162 601 104
972 537 616
369 406 994
177 933 973
81 786 81
81 161 151
731 518 575
261 698 375
176 646 275
113 176 861
339 988 286
41 993 785
25 739 621
631 721 593
593 809 371
101 305 293
681 308 281
327 73 113
801 155 1
981 86 631
361 486 701
987 785 947
683 722 169
26 817 207
677 96 381
591 696 185
411 225 827
555 86 189
149 65 345
664 731 939
927 168 236
421 257 6
91 809 761
301 181 683
388 904 496
49 292 492
679 801 761
15 869 709
723 734 763
307 771 951
721 3 381
831 386 220
414 42 187
569 571 809
65 521 91
866 501 911
513 856 683
337 626 161
955 457 297
421 601 785
713 626 493
176 44 253
699 97 735
905 445 775
651 799 831
85 466 422
681 499 6
536 869 792
831 85 364
541 621 160
809 268 920
693 902 581
537 788 12
97 401 961
471 483 559
1 559 313
57 547 201
893 709 309
973 361 506
71 914 31
29 76 481
121 601 626
125 58 217
599 725 753
551 629 996
721 377 597
976 255 193
711 741 833
801 315 712
905 353 207
926 381 649
701 505 516
135 341 11
727 561 90
547 825 343
910 680 1
965 48 301
205 257 921
7 901 731
339 321 73
198 697 818
205 624 73
423 845 97
760 945 323
201 238 689
137 225 408
411 275 693
321 721 889
769 732 32
776 549 125
502 729 801
386 399 849
689 529 207
858 378 563
659 841 923
601 997 519
856 722 941
71 266 650
975 451 97
721 361 165
588 359 661
261 51 821
766 957 67
890 241 574
953 623 707
561 81 306
637 145 26
726 301 303
456 569 881
775 40 901
986 382 241
766 361 882
168 76 209
279 865 773
146 105 321
36 881 123
422 57 721
561 956 474
726 857 443
183 508 57
363 105 143
461 229 851
597 646 425
978 235 950
998 991 873
906 924 31
697 826 903
482 775 849
336 897 981
5 586 191
299 441 250
401 98 761
937 511 37
105 705 412
499 106 23
441 380 857
745 601 471
983 467 697
781 391 251
966 993 935
734 571 486
291 521 937
304 101 704
511 3 435
961 519 51
401 395 9
172 21 141
368 26 696
366 139 739
961 805 225
359 739 81
673 281 405
