165
9707 7316 57
9147 2583 97
1912 1773 7
361 9415 3
3596 2047 87
7504 9760 81
9895 1970 87
7221 6277 97
7243 2386 32
5771 881 5
7925 4039 85
1347 7691 38
1771 6058 25
2743 5579 48
8718 232 78
3250 8367 7
3910 2213 72
5713 1871 65
2294 5352 27
2188 2342 17
7659 2133 38
8686 9592 56
5764 8260 37
2529 9163 15
2413 5446 34
3276 8659 22
3566 8711 48
5208 9451 95
6889 8477 10
6551 6834 77
9350 8286 30
3287 7781 93
5047 3074 8
6303 5056 98
7445 3358 58
6496 9599 24
9044 5743 35
1656 6279 7
1894 4114 28
383 9067 25
4783 3289 7
3523 9088 32
5910 2954 75
289 251 13
2162 7566 67
4508 8202 29
7578 8577 90
9368 8370 15
2546 9377 29
8756 7598 83
9584 8477 95
1917 4157 21
2618 5811 61
4288 1569 47
3882 4013 69
5 6337 97
6500 7234 62
3681 6875 89
3976 4590 59
376 4838 84
1657 7590 90
4741 3430 81
9141 7918 24
3437 179 83
9658 4217 85
8543 8218 94
3876 6262 13
2858 6571 38
8559 1480 72
4786 6200 84
571 6082 86
6220 3896 48
2448 6552 90
7572 2294 69
2255 2258 41
3826 8070 26
897 3354 47
897 4170 70
2786 1958 28
5678 1122 40
2354 1907 71
4046 121 28
1786 1030 80
6031 4500 54
5271 5701 58
367 3889 56
179 8000 86
1513 1226 36
837 3298 18
3275 4548 38
5767 1318 73
1174 2743 88
845 578 61
6351 3960 73
9164 2151 52
2737 5435 94
7773 483 47
320 6044 70
9534 1773 50
193 8835 32
3813 3281 26
390 1917 39
8750 2904 36
3012 2195 39
2726 359 97
7333 5754 91
6810 9753 2
9340 803 54
4657 101 2
1806 7747 32
974 2289 61
5774 1495 51
2046 3778 20
8838 7784 7
7610 8058 83
4824 2147 87
8042 1876 87
9493 7888 47
9669 8055 95
3923 7342 94
471 9678 57
658 456 55
19 5768 87
6459 3941 82
5502 5482 74
6733 9711 33
9090 9313 75
2523 1347 30
4279 7319 36
3389 8479 28
9675 396 65
2188 6511 63
7980 7268 49
107 6477 40
9798 5212 90
5599 7862 90
2153 302 27
3359 692 29
6349 5844 95
1624 3113 73
553 2743 100
8042 7246 45
6549 4312 68
1502 2985 27
2684 8072 2
452 4900 90
7162 5522 95
7074 7489 61
9324 8201 66
3448 23 60
5146 7607 44
1741 661 19
4498 1518 53
29 3807 85
9204 1260 48
9725 8057 43
1571 4132 10
7686 1555 82
9137 563 16
5153 2644 84
1952 3741 70
3404 9738 33
9250 4619 40
1634 4726 86
206 5048 92
