205
1184 2881 57
371 7820 27
9363 3926 17
6693 590 8
6771 2017 71
5684 5867 74
4336 6267 44
6293 7776 95
9701 9125 35
5741 5290 84
736 4670 37
4968 3860 74
314 1506 40
8904 4358 77
7367 617 61
1294 4107 61
1450 9104 80
6622 4439 10
3312 5718 73
7220 6064 55
1901 9430 27
2048 7048 54
8750 9019 24
9660 5196 81
9399 7447 83
3494 1315 39
935 3450 91
2716 2381 15
7253 1836 31
3976 400 9
6574 7801 44
874 9203 71
2712 2148 14
2362 4799 23
2864 5054 7
2581 4588 23
2242 2713 25
5068 5093 89
737 6414 9
7958 2897 32
4383 420 99
2722 7620 56
5784 2743 78
8792 8992 15
4038 5171 38
3521 6078 25
409 6139 93
7958 4411 71
6352 8424 27
4938 3772 5
9474 6320 41
4275 161 15
1897 5253 54
1035 6121 21
4504 7573 71
1022 3484 50
9797 9783 26
5331 7093 24
6563 8983 90
2855 5979 61
4181 3456 90
6678 9591 60
1799 5828 86
5692 1329 24
2906 3496 18
8354 5810 78
2997 3615 4
8617 4030 43
7337 1814 43
9696 348 9
5137 677 81
1263 141 47
3200 8954 29
1565 6539 10
1526 7854 57
211 1454 92
1736 3615 36
3258 2034 25
2503 3335 66
7865 85 41
2429 8207 30
2163 859 94
6519 4735 33
5634 1219 78
5450 5286 23
6541 9685 49
2812 2480 41
419 9763 57
8776 9162 100
2291 5360 99
3952 5951 23
5799 6328 55
7208 3226 21
6657 1606 67
1785 7079 17
9048 2469 37
2095 4358 77
2690 3020 60
3337 6226 9
1977 9197 78
8370 2816 40
630 4714 31
392 3369 95
1846 2701 63
2162 9585 95
5127 8680 32
4208 6461 46
2015 1911 53
5146 2813 82
2750 2906 48
5082 2486 24
6258 6144 50
407 8075 94
5312 1997 90
1784 7371 34
4280 4861 71
4920 4255 21
5806 2291 23
9331 2419 30
2803 3754 16
4663 6250 63
9053 491 79
9494 9755 34
997 6891 9
6662 9203 95
8338 2213 73
7147 1511 92
4644 7782 100
1405 8247 66
6754 7925 97
6677 3550 63
3148 2129 8
979 4446 13
1288 4214 95
3885 5840 45
6740 8520 56
6380 479 1
6071 3393 3
369 139 89
3077 9394 15
8723 8439 39
1746 6782 8
7946 8766 4
8072 662 2
3960 9893 98
7369 2811 69
749 221 6
975 616 23
3691 3817 20
1191 5899 39
1477 342 59
53 4392 65
4889 9485 3
7961 5121 75
6031 8145 39
8441 3964 80
3895 9139 69
4032 1820 99
1334 6126 29
3113 4413 59
5982 3681 25
7898 1973 76
5024 5211 76
8699 8769 47
9062 6825 9
8509 9512 21
4137 2645 78
9905 295 23
1142 3117 84
5797 6592 99
1919 5584 42
45 232 97
714 4787 19
2352 854 31
958 9929 96
2402 2620 50
3094 9909 48
55 1643 35
9181 2700 15
2557 5307 100
3403 5323 42
2943 9876 73
569 705 38
8210 4294 59
2600 620 72
3935 5671 61
5616 9531 94
4203 2213 19
4051 4946 10
8404 2707 9
625 1123 63
318 5954 14
1768 796 64
4979 5940 50
1299 2114 5
206 2357 13
2002 9770 22
3182 376 73
6963 2605 2
2229 6098 79
6376 6755 80
1674 2444 55
8290 4613 98
2879 6353 23
7625 1386 83
