3358
321 133 548
579 905 908
45 715 307
117 221 488
861 671 919
81 544 891
305 253 451
493 644 704
5 539 279
933 507 704
621 495 627
117 693 197
7 299 843
971 353 116
785 783 841
945 753 799
69 939 833
905 25 97
778 637 780
935 137 384
372 366 606
569 761 26
731 111 617
525 159 81
681 321 662
1 549 9
557 276 657
901 177 864
883 801 761
267 834 346
289 42 571
801 247 608
189 243 51
88 473 386
49 581 74
563 679 700
249 41 366
703 683 393
215 621 308
961 522 741
15 845 929
443 804 154
437 311 121
391 693 426
411 601 1
376 961 533
761 551 809
511 465 627
649 321 945
141 237 576
717 591 823
825 831 663
581 419 289
825 801 1
77 861 9
411 607 977
801 190 845
828 26 497
308 721 177
573 881 86
626 729 374
881 877 531
921 713 487
191 441 159
181 415 183
843 515 94
6 846 262
29 784 459
91 521 293
256 89 121
241 343 593
671 683 651
881 670 51
918 81 289
7 751 78
753 397 462
635 454 181
771 846 263
146 915 238
833 413 751
38 289 336
1 401 201
161 901 599
422 161 477
576 287 999
265 37 512
331 70 556
960 553 854
392 459 153
815 343 317
767 465 255
894 925 53
636 819 851
306 421 165
641 482 447
621 942 401
369 457 41
120 981 87
946 223 513
761 857 921
493 776 473
313 724 141
821 205 765
751 375 449
481 776 671
631 61 848
381 257 316
801 689 631
700 361 893
256 597 992
577 446 33
281 761 36
45 528 57
341 889 965
981 951 289
674 571 778
569 57 705
329 293 228
677 145 545
898 981 53
618 285 216
782 145 443
86 637 133
653 970 824
376 656 201
869 977 429
161 549 249
911 151 259
801 633 357
511 426 881
922 329 121
713 325 56
837 902 769
923 257 125
56 891 596
249 992 896
531 501 732
491 429 451
356 334 316
391 931 25
427 661 313
957 733 119
881 657 856
361 128 543
910 1 833
553 47 906
596 9 895
921 831 387
794 685 276
550 572 633
657 351 305
422 169 493
774 669 523
781 511 359
105 240 359
849 365 244
609 839 638
981 505 297
361 85 632
37 621 411
39 147 461
241 566 262
401 637 462
501 673 927
59 99 249
241 891 249
547 82 139
618 365 721
305 126 243
19 73 201
603 928 145
71 605 873
169 708 559
751 692 610
252 653 689
858 415 561
91 933 155
401 585 587
1 301 980
291 689 381
561 761 617
101 51 701
209 141 373
181 735 259
501 477 36
6 517 306
969 163 787
647 426 799
53 935 681
1 96 964
51 389 278
45 558 720
19 341 197
121 222 221
1 967 105
406 163 751
390 541 549
436 122 917
381 767 713
959 991 71
415 301 102
273 65 419
749 171 409
949 775 639
720 162 231
351 19 614
214 849 641
804 302 107
226 129 60
481 999 321
417 340 489
801 294 657
297 725 251
41 122 281
357 540 665
409 116 121
521 431 399
193 151 671
289 361 157
180 751 799
143 324 571
941 793 436
840 401 881
109 345 981
787 677 201
237 371 445
471 928 521
33 770 237
535 573 788
901 228 629
888 121 81
901 83 944
785 195 925
441 721 93
457 81 673
351 926 385
9 294 781
597 93 273
194 823 781
804 69 376
753 146 845
1 937 265
967 401 329
837 845 801
479 848 613
873 11 368
460 792 77
222 446 540
497 419 1000
976 251 834
117 16 301
233 286 723
409 877 401
943 960 541
570 668 569
512 244 185
646 98 193
131 35 480
861 788 915
401 115 237
373 901 319
945 716 205
889 565 665
174 99 511
673 972 301
209 511 311
929 441 413
357 809 726
893 181 765
696 897 801
601 996 459
889 817 942
178 561 349
867 971 473
861 563 82
351 781 922
953 769 825
697 122 250
165 115 145
665 313 841
487 397 721
119 608 156
353 676 939
541 501 136
121 715 723
61 695 896
101 349 669
685 955 727
881 317 117
969 967 762
5 341 51
25 887 891
508 753 270
665 991 305
891 429 313
764 84 846
658 223 29
561 409 229
529 985 681
341 224 737
994 289 173
226 413 373
897 935 767
733 769 377
611 233 607
189 191 537
49 745 25
956 299 321
617 669 688
846 873 131
505 885 21
341 708 955
73 152 176
21 749 475
536 277 421
191 126 981
203 581 449
203 412 446
451 749 115
138 704 622
809 265 182
531 545 806
259 520 143
548 669 781
986 33 41
776 821 365
302 531 659
533 777 311
645 716 245
100 593 846
911 944 881
153 501 197
509 846 168
494 473 906
157 346 13
971 265 116
814 761 728
35 55 42
611 597 651
129 219 840
238 478 849
97 661 556
601 141 719
927 11 349
789 737 595
3 971 609
671 201 401
139 51 77
873 633 56
467 159 605
111 705 331
427 619 716
816 897 785
881 254 685
581 757 321
255 798 489
606 275 929
214 220 605
152 780 481
549 570 481
521 245 228
211 1 97
614 487 993
747 569 149
278 619 685
423 501 989
831 911 751
91 637 348
923 201 607
753 151 217
495 517 392
675 408 576
20 272 411
21 602 995
273 570 355
402 555 426
289 701 163
883 179 593
350 881 201
121 617 365
226 241 410
901 503 95
444 815 626
695 161 299
312 573 951
65 784 967
329 831 587
46 52 871
357 953 329
161 641 986
524 51 967
736 451 73
895 171 458
351 453 930
681 393 311
511 646 96
291 77 361
15 745 7
385 218 307
326 468 241
126 714 819
3 328 572
107 315 713
91 648 801
381 560 201
589 829 933
311 291 196
281 766 445
985 130 239
851 704 365
381 257 93
516 379 580
39 306 925
607 422 519
385 883 209
471 707 233
123 509 86
641 12 671
305 15 443
105 873 513
801 952 797
24 535 601
737 570 929
153 27 293
193 331 668
995 901 959
856 322 836
937 619 383
413 381 124
49 463 253
677 324 91
781 919 305
225 817 273
1 198 667
189 217 681
189 193 285
390 381 223
703 383 389
586 35 297
773 826 313
977 480 252
615 181 324
481 406 907
558 970 417
209 547 813
59 1 87
545 233 896
427 349 501
391 40 843
204 615 749
159 577 801
193 126 439
942 665 745
605 986 337
945 203 206
361 987 350
959 701 875
301 631 683
101 701 183
617 946 241
657 793 975
325 785 73
817 76 559
46 110 777
826 601 897
163 506 136
561 73 41
109 772 946
197 501 579
401 29 801
834 837 577
881 106 803
361 501 185
321 164 59
969 705 301
601 773 232
834 217 380
637 745 691
607 71 637
336 876 445
781 269 371
115 341 693
257 777 473
701 243 244
729 673 56
461 852 821
24 97 76
281 200 951
536 673 373
764 840 525
316 790 305
365 740 616
641 751 63
241 136 45
853 529 949
821 945 493
883 997 345
749 346 141
550 41 621
61 82 973
861 581 977
628 615 727
351 233 345
151 857 253
587 841 85
871 889 637
81 604 777
232 241 501
301 631 403
744 465 321
61 113 316
669 801 61
339 866 541
621 905 595
137 446 6
211 801 593
783 58 303
153 784 108
205 226 326
751 983 19
669 686 700
13 236 590
765 23 921
157 449 809
355 245 605
741 613 553
657 501 49
725 81 254
10 159 197
401 881 126
605 56 843
265 501 189
951 487 630
141 901 626
871 401 167
527 163 960
937 376 521
766 136 615
821 225 852
471 226 48
907 755 697
356 505 421
193 957 597
809 33 514
525 997 681
140 290 825
113 833 321
801 61 817
864 255 814
9 465 764
609 945 879
617 181 827
596 66 13
699 501 316
759 28 391
371 947 711
788 483 840
561 981 209
925 681 218
758 369 693
925 315 257
435 426 103
401 827 748
554 289 677
189 889 521
231 316 611
960 794 193
723 701 547
401 493 637
801 75 761
4 993 941
171 825 963
759 296 261
5 86 456
874 939 569
961 441 797
576 361 601
661 45 789
601 581 108
233 741 863
795 365 5
761 553 369
383 351 935
986 101 98
519 971 930
885 103 861
73 857 6
129 233 821
616 399 366
521 867 971
201 507 951
377 173 376
549 416 889
25 321 103
612 410 270
421 185 631
845 1 36
154 561 216
876 870 654
193 481 971
647 34 377
647 584 749
991 838 982
11 876 64
630 869 753
668 107 865
851 345 681
61 733 425
273 777 112
260 111 659
833 201 633
159 555 566
110 274 713
726 660 225
105 664 937
769 983 157
183 841 814
7 198 71
873 615 104
341 42 566
225 721 999
210 1 998
561 65 591
664 105 101
209 953 411
141 751 575
101 745 338
291 283 831
377 517 927
597 81 583
277 205 935
913 931 965
305 382 750
177 818 277
502 897 113
671 877 451
41 783 232
609 771 674
459 1 319
466 373 801
881 241 817
706 231 581
785 737 225
431 320 425
451 363 49
802 433 737
763 926 194
915 505 45
309 609 407
711 50 817
584 723 663
247 904 1
981 316 248
676 469 425
1 21 613
540 312 695
851 941 381
701 441 617
961 961 557
867 322 465
843 719 88
651 211 329
925 841 258
875 461 549
353 881 82
901 224 200
769 693 993
121 729 356
35 297 85
661 651 15
805 379 611
41 451 136
969 867 793
35 25 399
52 915 901
797 876 176
649 570 137
427 681 703
105 626 292
649 349 849
869 769 465
409 175 739
697 145 214
243 263 903
925 471 801
917 561 409
90 771 606
327 71 374
279 582 887
833 291 317
661 522 719
577 153 324
823 977 855
9 673 165
391 907 333
720 388 327
522 591 837
724 620 313
873 701 211
681 49 803
694 822 810
1 561 341
751 121 993
640 486 811
738 156 1
361 596 787
27 281 682
829 893 441
417 981 389
121 106 128
623 623 435
945 61 709
941 257 989
91 769 644
431 913 321
449 721 741
751 201 721
410 601 103
401 686 141
941 486 555
501 835 837
1 401 625
874 565 101
541 819 92
937 905 165
912 882 761
667 853 1
655 921 290
968 373 361
496 860 421
953 898 577
539 169 944
789 1 574
44 877 801
449 196 747
261 401 481
741 621 161
281 546 812
107 397 117
244 743 259
781 51 236
609 276 383
271 561 261
500 249 801
591 961 305
302 921 276
257 500 566
731 457 801
625 985 606
751 29 380
129 937 921
343 309 441
125 826 615
417 151 730
799 25 571
785 777 191
701 901 199
251 101 923
1 892 213
911 949 670
469 778 674
441 101 692
965 9 561
191 132 143
88 933 89
169 281 548
649 969 687
749 968 71
695 946 173
121 449 881
128 209 681
785 499 197
99 103 23
846 900 985
791 50 171
161 295 27
200 593 931
332 963 601
651 74 568
909 11 230
323 456 714
471 153 73
657 289 815
901 737 603
621 601 905
658 430 501
739 105 256
946 301 781
591 865 301
641 905 658
844 25 329
556 65 751
386 473 461
479 867 93
601 333 392
349 306 888
552 407 329
241 289 405
381 817 751
346 129 149
594 883 489
641 764 41
521 109 369
431 380 967
868 777 982
693 721 657
330 661 281
529 353 932
793 261 81
56 202 397
863 353 807
473 281 395
949 306 793
972 988 70
951 717 538
327 57 866
151 156 187
491 985 929
928 935 751
535 767 228
149 877 852
420 385 182
541 693 177
700 561 73
241 45 803
546 871 137
632 51 29
951 633 689
313 857 108
816 241 191
765 263 457
669 636 569
329 25 265
801 785 209
209 686 521
58 241 114
777 569 1
746 667 487
757 515 732
621 342 521
895 285 501
841 841 716
349 485 869
153 409 81
291 471 745
1 111 157
867 345 948
501 953 543
537 9 1
200 692 475
1 147 608
571 9 941
975 341 145
599 96 204
503 257 96
363 755 513
249 741 392
328 565 741
135 838 97
701 976 584
905 748 629
149 801 881
865 159 726
838 265 37
955 985 211
169 337 544
841 769 517
348 152 391
249 596 161
361 996 7
353 436 497
182 409 259
595 377 881
5 101 289
262 882 621
583 387 497
16 921 837
676 729 269
625 1 933
157 541 990
277 985 825
257 88 957
323 153 277
426 694 421
976 291 397
731 503 779
836 658 89
897 595 79
529 831 430
316 399 261
902 511 865
359 488 521
579 478 113
654 378 487
270 829 279
241 675 735
284 517 531
341 362 195
556 501 197
157 605 219
239 422 561
362 311 201
965 486 651
763 669 609
651 207 916
561 709 659
553 465 537
16 801 612
519 28 219
297 749 23
226 889 378
591 660 141
851 385 951
277 419 769
631 739 453
65 409 425
988 393 17
263 283 375
102 513 491
879 501 593
3 357 90
511 545 91
661 202 75
600 651 836
380 755 747
313 521 790
825 381 89
846 701 481
575 287 672
445 903 296
54 965 991
355 236 170
677 281 981
165 785 915
94 346 151
481 272 769
143 353 490
422 424 710
236 633 601
297 817 985
809 249 337
849 739 299
537 801 214
114 535 638
33 237 953
113 221 217
111 589 636
217 385 183
237 912 201
482 45 242
625 757 270
664 821 823
536 537 663
717 319 378
241 447 93
46 191 445
611 401 785
209 385 180
857 736 1
401 681 749
785 81 921
921 870 315
541 233 371
952 571 542
401 593 465
886 533 377
131 627 176
957 554 323
627 202 955
970 177 941
995 976 183
801 215 203
360 960 865
461 553 181
617 689 97
160 750 81
817 981 745
369 817 541
236 617 325
673 971 21
724 746 17
126 853 715
28 903 477
741 371 461
271 529 253
295 561 519
361 634 451
490 969 537
627 759 417
701 749 645
101 177 101
186 216 401
695 691 721
417 471 580
756 849 948
187 140 161
289 625 208
807 181 658
142 641 649
11 273 643
569 121 41
381 867 901
104 73 957
526 206 412
471 709 848
681 249 533
413 91 465
716 505 962
734 949 126
213 212 45
425 297 38
47 343 238
987 553 759
551 518 103
199 21 453
768 712 807
692 425 665
175 301 258
713 461 449
735 76 905
201 664 783
69 293 982
265 109 553
41 129 369
61 189 127
1 305 551
191 896 169
282 441 673
783 325 24
277 453 816
397 522 533
928 279 561
399 681 517
786 481 11
835 537 833
56 639 317
29 696 944
488 248 329
158 990 665
761 129 881
417 189 548
370 901 183
666 107 970
152 257 275
926 108 526
554 612 159
835 216 957
893 249 114
469 526 589
197 315 628
189 334 915
662 681 184
485 879 523
86 793 867
601 802 9
573 83 465
289 375 506
8 87 968
911 933 75
358 249 97
111 157 78
219 605 304
586 689 543
646 298 73
457 133 563
29 189 417
673 577 241
168 601 753
255 599 809
1 417 104
744 501 321
901 248 287
144 73 640
651 787 266
310 775 385
728 794 286
146 451 89
563 560 254
238 946 152
892 493 127
836 761 647
5 861 589
748 115 401
771 797 607
127 31 327
719 384 537
756 127 722
311 385 389
404 721 557
455 953 987
222 900 897
381 637 275
849 197 749
194 973 77
445 631 201
929 177 871
125 35 225
887 940 829
331 599 345
761 686 857
621 608 65
889 221 751
421 701 304
501 885 161
509 932 185
180 286 617
353 816 829
503 536 451
989 965 648
84 801 635
897 846 961
61 764 861
637 233 771
305 129 313
976 869 115
857 751 659
765 441 1
1 431 456
951 815 47
975 663 365
697 297 31
417 86 16
834 753 648
549 13 781
751 201 585
557 235 951
306 8 880
927 896 256
419 437 904
569 361 335
165 965 591
217 801 31
383 167 803
497 428 413
174 219 263
839 937 126
169 51 245
429 81 691
485 528 339
855 785 931
517 641 301
428 823 335
826 225 171
784 707 954
651 181 273
238 281 609
798 621 281
664 149 559
705 937 841
535 300 413
576 1 761
433 659 118
770 681 530
674 140 785
295 161 474
373 231 652
105 65 968
111 601 827
299 590 261
241 180 133
376 120 457
621 379 285
108 631 41
449 881 609
703 276 393
379 199 856
589 659 786
726 464 661
113 545 476
537 193 501
736 437 813
710 351 793
265 465 916
779 422 365
45 835 368
257 921 391
161 636 239
999 353 649
449 821 689
301 581 260
393 335 782
26 81 328
173 611 121
703 306 174
773 851 21
534 716 608
961 935 645
682 251 809
166 689 601
903 713 641
43 98 230
676 911 642
94 233 328
20 297 149
529 657 806
161 227 709
910 107 693
533 897 721
361 911 757
717 928 989
921 262 505
665 409 36
891 352 665
928 184 841
323 143 413
531 459 938
743 81 701
921 561 929
771 115 553
153 585 336
401 971 549
789 751 151
516 121 493
461 503 397
239 802 381
759 397 351
706 631 1
943 249 913
671 197 528
661 851 597
73 849 861
465 683 332
461 751 617
446 141 527
330 652 461
7 35 601
881 737 151
689 601 803
601 224 169
343 235 521
985 515 233
182 126 815
701 93 1
681 949 499
101 125 511
293 461 737
666 611 895
827 401 574
1 771 913
451 320 268
861 886 991
483 657 307
592 247 257
713 389 537
285 471 361
939 529 821
833 761 907
329 665 862
121 531 788
275 153 517
217 241 779
251 217 746
680 913 20
303 861 385
78 401 801
709 609 265
581 61 307
509 493 738
345 403 545
654 981 913
939 15 801
577 497 287
689 922 281
721 749 1
342 913 881
905 917 583
729 735 65
781 498 384
689 621 89
241 501 811
339 215 361
376 646 157
966 9 653
444 171 699
493 997 889
137 933 859
731 201 548
189 381 645
765 320 62
446 804 856
333 451 304
876 861 889
177 398 499
376 643 143
401 10 872
45 821 391
864 226 801
469 5 650
329 751 940
825 398 53
253 547 804
51 988 126
751 933 881
817 791 56
709 208 93
839 169 569
529 619 439
298 645 72
977 585 721
429 198 178
217 895 1
728 417 1
162 817 485
403 211 748
401 633 657
795 643 355
585 657 157
801 661 144
777 689 738
411 921 913
949 236 712
96 156 416
250 240 691
617 577 752
551 793 458
565 710 461
177 561 510
681 17 409
447 709 309
575 536 693
145 755 501
15 209 801
749 937 736
708 969 937
893 973 909
301 441 341
189 941 981
230 912 663
628 136 881
507 821 751
49 120 863
21 773 325
617 770 280
401 157 510
71 561 962
681 824 666
325 953 561
161 739 733
376 657 433
97 553 53
451 893 431
1 886 355
290 389 104
396 923 481
945 995 513
239 657 341
236 139 86
221 202 553
551 177 721
369 284 186
501 291 921
553 437 141
696 513 419
805 981 347
946 167 441
533 135 276
72 73 869
297 262 637
920 194 916
33 393 403
604 1 241
192 361 832
385 521 91
471 291 371
332 721 241
361 101 921
417 821 662
401 477 669
816 771 409
1 889 853
456 669 821
857 749 419
577 395 553
689 555 78
35 787 565
677 927 781
409 401 825
47 611 385
796 541 471
1 89 733
137 477 737
103 387 651
1 524 333
41 978 153
960 81 557
145 288 461
391 921 451
53 263 19
561 586 831
401 5 128
183 821 220
656 597 801
509 159 821
721 917 30
1 475 186
33 151 261
617 978 561
593 31 506
333 162 7
583 756 789
282 657 371
601 700 105
614 227 705
185 445 733
936 749 194
100 565 466
101 506 880
709 581 625
829 571 393
641 161 116
583 81 873
241 681 765
401 643 496
68 226 23
881 926 439
865 313 441
101 138 999
485 541 663
49 942 643
161 421 272
405 493 687
4 771 41
920 569 241
976 700 411
833 771 965
829 954 146
573 264 953
268 961 748
61 21 391
350 241 156
251 461 74
741 30 969
182 809 731
909 50 120
157 609 767
203 349 36
693 936 19
553 845 133
616 121 911
344 501 579
301 340 109
441 265 361
269 376 702
991 626 59
149 850 613
729 486 313
223 706 577
341 161 391
856 201 241
737 829 417
760 529 531
601 718 701
701 737 568
920 676 906
461 184 961
359 640 4
705 181 593
489 285 963
451 251 673
35 181 307
481 46 195
16 843 858
405 201 764
245 538 532
867 667 758
69 678 183
665 481 791
753 77 953
921 756 276
291 441 961
161 633 491
857 39 468
717 741 496
151 528 626
285 977 481
251 401 385
617 81 497
561 553 481
986 499 641
141 9 589
651 685 591
585 191 521
464 915 649
977 741 917
967 21 37
187 937 166
240 24 771
627 431 376
504 401 825
937 492 797
849 870 66
858 273 771
453 920 663
691 671 94
997 385 479
56 381 194
41 632 9
327 1 245
256 796 399
2 293 497
151 861 80
65 610 805
173 481 290
801 44 973
72 451 271
791 898 537
975 441 439
247 385 88
807 549 567
426 765 626
145 665 26
553 351 755
693 256 11
423 186 81
573 53 648
14 771 200
611 897 881
836 249 481
791 145 348
787 793 1
54 536 871
201 769 193
374 123 111
497 501 121
148 689 218
121 286 846
11 259 389
841 955 62
551 577 349
201 41 464
441 241 121
905 351 781
801 773 277
725 569 23
521 839 579
607 993 171
833 353 257
611 265 481
95 687 659
121 284 231
381 479 320
948 153 653
932 706 344
365 825 47
448 705 153
141 493 788
441 633 901
827 321 829
319 649 793
195 23 531
196 165 313
601 157 653
481 206 663
90 709 983
249 905 809
543 639 963
873 6 705
153 73 529
857 724 633
586 481 437
915 853 631
966 646 945
773 857 183
545 651 619
361 694 471
425 693 41
318 461 49
293 745 63
191 632 752
676 380 533
33 250 73
491 507 606
231 3 201
68 338 201
684 961 576
687 201 61
285 111 989
761 311 986
219 71 25
776 588 147
501 980 167
741 101 621
651 552 345
687 776 276
472 41 431
195 128 201
811 921 275
441 184 413
931 529 369
526 489 558
705 658 125
533 439 77
369 876 498
251 121 609
201 906 253
201 33 35
31 498 75
931 201 3
375 565 737
509 365 246
879 525 806
785 471 749
205 854 651
948 995 473
895 929 197
409 456 9
73 861 873
441 263 243
486 297 109
385 789 561
841 976 867
841 125 305
269 385 38
201 671 107
881 193 281
129 200 193
476 801 886
36 383 330
656 189 425
256 26 993
209 141 636
877 430 973
481 833 780
657 553 681
413 1 465
685 281 197
296 404 647
856 961 315
483 265 603
89 661 17
345 831 161
633 969 573
911 793 65
77 5 285
405 121 713
181 701 25
341 272 454
625 795 451
249 224 725
471 785 78
114 962 781
1 979 284
373 713 962
361 181 921
87 498 737
741 601 497
516 419 508
705 385 505
609 790 249
625 393 633
306 246 441
265 686 929
927 183 28
381 911 207
225 671 217
101 365 487
593 219 221
405 888 207
289 656 989
668 511 427
571 315 567
617 895 881
694 20 991
349 361 732
626 221 384
746 618 208
431 793 851
686 351 161
826 126 32
644 765 613
43 662 65
496 681 9
723 653 783
560 51 733
440 473 751
73 275 681
819 353 891
541 153 1
176 963 311
573 701 850
273 704 566
601 1 405
593 567 584
213 733 638
701 383 743
401 478 520
61 354 205
321 208 441
261 801 921
330 33 759
465 501 665
755 286 611
185 231 993
797 361 47
929 981 231
985 130 33
879 716 577
406 663 401
779 791 361
341 753 572
223 863 276
169 214 976
808 674 845
61 387 560
201 705 711
481 630 941
201 82 367
473 877 526
789 153 883
918 151 560
523 373 332
282 960 476
931 713 31
745 483 511
811 175 281
71 251 768
278 41 787
163 116 706
186 608 166
706 856 551
313 901 731
696 830 786
526 253 199
557 848 11
931 113 826
416 483 731
389 237 181
735 851 979
377 411 901
905 846 890
781 196 825
21 147 499
89 117 869
501 341 639
43 877 865
605 719 12
413 618 639
201 576 601
9 577 10
741 786 617
861 253 232
253 239 651
559 449 426
476 65 844
800 567 114
625 917 436
282 731 204
841 761 128
267 241 961
121 596 718
499 681 97
596 1 603
793 21 460
263 837 663
480 4 425
605 516 41
921 481 503
231 292 933
709 432 585
705 913 657
953 771 774
501 227 670
193 829 985
347 361 225
129 351 737
522 589 709
351 1 851
346 491 469
601 47 576
102 649 511
331 655 281
62 59 417
880 749 414
491 376 941
579 21 756
484 821 865
783 897 687
233 853 911
693 626 651
326 105 801
953 852 581
828 689 911
358 225 373
233 137 463
793 815 225
834 241 170
192 153 533
647 643 471
387 282 721
530 454 967
36 237 31
876 304 521
504 951 269
771 767 481
268 97 862
587 609 81
230 109 896
471 767 294
741 714 451
895 701 924
143 85 521
969 189 257
295 451 645
501 813 225
45 658 226
731 583 865
693 765 836
737 574 17
293 281 866
210 753 501
288 37 391
937 788 401
460 425 299
951 777 81
969 473 177
114 877 954
721 376 54
251 111 804
729 193 82
388 81 735
601 527 901
397 521 546
695 739 845
231 384 26
73 656 147
761 975 613
719 899 463
11 241 61
533 289 641
56 746 563
276 61 399
129 883 705
393 909 108
901 780 15
131 560 641
628 801 87
689 576 267
505 397 321
477 79 696
901 872 81
489 841 777
883 585 852
892 353 737
193 235 411
179 835 732
603 919 225
823 661 11
726 801 400
507 127 959
626 21 863
333 298 216
485 272 649
792 293 501
433 7 105
89 261 671
711 57 655
551 151 419
821 129 361
649 541 156
501 537 871
759 97 201
541 417 138
483 821 97
793 245 17
567 942 751
291 163 254
762 9 653
693 505 488
929 1 461
249 737 341
249 933 965
871 476 715
755 351 53
520 281 745
907 441 261
822 116 822
776 806 641
959 289 641
985 157 251
361 569 377
751 778 633
452 453 441
472 693 956
193 801 27
206 942 351
602 163 671
463 1 25
581 861 66
231 873 376
462 326 402
585 661 835
829 177 741
43 711 454
919 106 157
401 788 529
875 277 537
861 532 929
920 725 407
93 541 465
541 810 601
925 331 251
505 557 961
101 675 353
691 901 621
27 225 587
185 286 307
364 705 837
257 257 746
451 868 785
639 721 379
961 421 491
29 673 226
21 846 71
720 460 697
497 1 121
561 809 81
626 336 637
949 997 33
111 997 49
205 359 81
861 905 97
837 200 621
573 426 657
832 793 673
34 617 672
65 391 984
757 598 306
689 37 212
713 681 401
275 146 114
969 847 189
665 88 236
275 750 485
981 239 401
261 376 801
118 537 701
991 411 910
765 740 703
325 986 62
857 221 217
946 396 65
377 901 589
417 953 52
419 681 41
537 469 227
781 121 973
317 265 813
493 94 903
826 457 613
993 421 129
690 46 876
329 937 491
126 404 777
477 668 217
894 638 761
795 447 141
481 723 928
573 358 553
649 482 541
811 908 641
6 542 201
421 361 517
172 87 845
237 164 265
870 1 233
603 401 513
52 37 795
261 616 125
701 767 801
761 878 229
497 919 369
908 904 994
29 771 317
937 281 383
584 545 177
506 753 741
826 289 911
381 429 236
166 169 976
387 88 61
889 139 209
313 360 243
590 519 510
469 409 42
532 562 314
173 355 497
674 669 370
981 331 406
937 161 729
81 187 403
800 61 285
697 154 581
418 357 357
682 1 121
124 321 981
353 489 962
81 291 962
351 253 633
206 102 271
110 257 311
23 967 1
249 883 937
513 956 985
723 621 373
245 963 925
676 889 919
805 595 1
131 961 32
984 421 211
361 721 803
176 641 65
95 831 577
226 720 441
651 403 652
27 854 3
660 760 989
749 81 81
93 701 926
801 737 191
848 913 97
18 681 861
579 998 229
551 865 143
704 646 8
841 821 554
459 913 657
899 616 529
891 803 641
834 53 903
654 21 196
386 619 407
901 841 737
781 508 521
937 65 954
567 209 771
76 281 241
1 71 362
787 523 371
917 601 401
137 521 701
665 33 684
197 637 561
460 175 329
835 529 345
405 691 45
883 704 465
765 251 601
609 377 249
473 496 523
461 465 251
1 753 705
401 447 351
878 610 56
861 933 921
139 946 942
647 269 465
193 668 101
505 85 974
975 626 383
29 541 791
851 530 900
969 283 703
575 446 971
777 30 763
669 582 781
650 121 441
626 283 433
617 166 181
753 1 551
837 235 677
141 336 403
759 427 456
882 741 313
193 1 575
581 881 962
993 483 179
137 993 697
753 425 576
897 213 381
361 441 5
61 472 905
497 145 555
396 193 269
181 981 789
513 123 457
629 978 931
977 633 313
68 466 102
162 468 943
855 1 736
822 9 738
241 503 849
131 377 99
945 236 421
921 81 151
230 256 1
335 626 305
651 746 609
381 321 527
407 141 727
315 389 747
356 531 225
41 986 986
230 683 651
651 927 476
771 821 441
497 881 72
98 11 959
185 81 1
211 181 383
759 225 891
993 591 633
958 545 321
356 301 119
878 801 761
81 965 729
533 309 269
49 571 288
611 115 181
109 111 594
961 611 663
21 923 811
461 301 863
265 817 529
511 545 957
881 681 289
642 780 445
49 712 129
223 751 233
668 204 245
377 249 257
551 501 612
150 291 16
765 726 351
806 507 6
461 304 583
905 672 991
675 257 85
824 253 456
999 963 539
217 99 879
49 556 289
150 953 961
79 139 53
25 603 847
545 767 53
506 57 647
11 534 56
33 751 246
381 930 465
305 656 286
326 180 937
301 283 857
898 753 941
431 506 434
289 284 211
297 85 801
379 301 473
125 125 841
96 801 361
972 374 746
649 253 987
321 799 751
709 361 185
8 809 72
33 370 551
369 556 391
931 1 833
835 345 276
925 167 101
881 123 109
331 561 671
609 73 657
977 445 137
697 857 138
146 821 333
721 537 645
826 851 951
257 983 485
381 931 144
506 107 688
137 809 729
559 406 771
787 184 341
825 63 227
121 1 63
633 189 129
49 193 91
573 445 955
59 807 837
903 865 497
44 965 903
95 351 881
641 741 276
557 219 195
533 505 717
269 237 349
385 161 587
597 927 162
241 411 429
735 701 93
825 513 184
145 913 777
777 665 691
457 394 795
709 286 901
995 596 665
689 706 929
521 820 8
414 225 193
751 29 801
825 989 105
224 514 180
619 451 196
801 602 144
753 625 821
21 49 377
344 449 321
153 531 308
546 747 926
980 751 189
876 235 963
129 53 109
615 552 171
142 327 480
601 249 873
181 105 801
225 941 713
149 157 81
450 336 847
81 268 463
385 97 12
660 281 288
889 843 461
326 20 144
308 917 335
374 709 833
126 458 325
973 826 152
764 105 521
401 506 293
115 764 715
669 970 287
912 438 25
641 445 381
601 289 601
749 383 76
416 776 206
583 109 766
432 841 8
561 568 697
869 324 821
73 435 529
899 699 397
673 681 633
1 745 441
717 712 536
297 145 257
801 521 218
98 307 431
936 865 62
846 488 381
760 231 229
917 747 234
751 521 430
661 113 901
280 981 449
989 381 785
905 999 871
608 269 898
788 945 635
135 369 269
787 17 457
567 546 1
803 741 816
701 802 618
946 231 369
91 121 501
941 193 289
561 943 991
744 896 229
281 656 152
597 351 61
785 358 451
669 531 37
696 765 545
493 706 991
431 941 473
73 751 21
801 264 321
251 531 669
941 153 903
459 679 881
175 351 129
215 59 333
921 278 847
536 971 919
693 767 636
824 881 185
617 350 571
836 703 360
24 341 357
506 11 676
651 708 577
405 876 297
81 65 998
737 161 185
187 361 456
643 31 816
995 763 689
393 930 705
105 732 317
251 726 881
81 801 937
889 245 427
421 273 239
811 465 101
415 580 991
675 517 501
133 942 31
941 363 633
546 585 510
401 48 757
241 361 253
239 901 589
706 87 423
561 641 729
81 2 385
561 361 785
381 441 941
73 721 402
408 181 543
308 401 690
480 48 263
230 871 223
346 516 481
529 965 603
253 196 115
602 770 309
374 977 736
489 441 601
131 147 125
181 51 791
887 91 423
92 442 326
258 893 465
729 605 277
821 447 100
449 781 355
431 577 976
329 331 637
607 456 349
217 309 857
971 113 917
1 153 776
543 960 699
51 431 187
407 841 569
1 113 73
953 711 545
968 203 81
32 816 801
757 281 296
785 435 820
963 289 342
701 225 52
201 940 306
455 655 119
705 813 435
33 61 536
441 801 657
289 941 667
931 105 993
809 677 801
222 711 184
906 713 866
926 507 731
5 676 24
786 501 235
369 750 644
363 929 759
441 151 461
105 402 651
909 228 171
277 214 876
861 171 319
519 154 959
89 357 393
805 671 529
392 627 593
43 451 888
926 422 55
789 281 877
633 817 389
352 243 292
870 489 403
251 25 967
664 317 65
641 225 581
230 611 881
481 403 642
70 305 521
872 743 740
623 749 695
541 108 814
201 331 101
817 901 923
713 946 277
111 961 817
681 622 649
611 807 944
936 519 71
849 741 545
641 52 901
921 926 337
645 397 101
776 411 437
33 676 311
409 805 335
771 301 301
417 885 769
972 933 961
138 201 225
971 272 377
693 951 101
105 921 849
241 801 969
481 738 286
701 301 226
141 65 641
831 891 387
651 478 254
231 65 557
401 962 837
341 168 570
597 136 791
651 406 456
333 867 476
456 638 441
389 955 399
825 273 551
85 586 921
695 501 476
273 261 71
487 697 461
305 741 844
9 217 511
971 521 823
319 901 961
251 393 131
447 1 412
601 509 219
481 679 515
609 16 441
116 63 351
869 134 219
9 996 57
775 73 826
5 180 741
474 681 63
376 539 41
667 437 121
301 317 909
197 701 382
742 281 774
841 903 313
121 543 159
927 677 801
332 333 448
845 135 201
769 627 277
904 841 725
181 91 549
951 651 526
896 81 49
506 441 741
751 233 140
174 265 401
31 297 349
362 456 451
294 193 659
201 419 852
345 746 598
1 293 873
493 804 343
551 147 983
851 785 502
449 973 51
601 289 41
374 209 754
414 635 696
63 106 305
821 326 720
233 149 514
976 839 889
326 819 337
77 202 251
307 150 451
589 96 856
737 686 117
552 305 833
568 335 609
541 251 131
5 677 535
241 761 776
549 239 919
136 481 893
953 841 426
493 281 93
181 277 751
735 997 307
464 145 623
381 521 400
101 91 862
319 805 937
329 576 225
785 826 493
441 881 955
651 493 413
91 799 201
221 93 611
241 905 871
48 509 667
485 719 961
201 871 36
584 636 785
781 611 376
922 21 342
627 385 221
468 401 841
741 530 721
125 401 691
546 413 661
501 289 991
196 199 903
351 561 954
286 357 428
529 513 363
105 54 51
257 225 551
356 247 201
329 821 841
996 111 458
676 81 644
347 161 705
9 815 251
673 917 287
25 721 783
847 233 946
725 741 97
417 911 181
777 65 429
551 469 810
204 261 250
716 527 937
121 326 961
151 793 357
185 606 167
976 153 734
801 297 228
702 192 268
895 421 427
441 875 483
136 919 321
255 389 24
595 73 575
481 706 627
281 883 601
47 197 517
749 273 321
981 55 445
549 572 577
45 689 593
911 149 769
633 281 550
25 358 917
285 557 971
945 840 781
845 521 608
645 251 353
695 120 53
356 946 521
426 796 819
217 223 419
1 493 477
807 603 172
341 176 605
231 473 443
551 77 764
15 730 677
347 423 317
955 881 121
341 969 41
3 447 361
209 43 642
431 304 958
147 5 681
77 631 985
897 921 1
937 895 580
461 635 552
348 202 351
286 507 851
9 625 773
521 665 593
489 361 701
523 148 141
357 720 77
455 554 119
113 601 701
657 37 425
851 129 636
1 525 613
993 201 345
500 141 143
201 817 56
433 751 433
565 371 865
961 835 899
530 734 464
825 765 929
928 193 357
743 726 545
401 297 141
166 417 773
568 985 81
441 221 670
341 129 821
296 621 541
236 670 132
766 147 317
813 505 417
49 286 426
843 1 161
977 103 865
57 471 953
801 601 126
161 6 450
313 977 601
265 456 673
741 221 701
779 542 716
412 551 129
229 11 129
611 297 964
107 535 283
392 949 617
917 1 468
960 291 904
983 383 41
48 201 873
961 603 701
861 488 776
15 907 373
620 876 550
605 829 313
288 347 309
397 901 433
5 456 113
673 668 113
941 501 430
911 681 822
492 215 444
521 625 235
601 419 791
109 563 793
561 617 121
596 77 341
931 303 746
729 741 168
65 769 430
471 657 696
971 137 27
17 797 471
506 805 309
706 537 553
5 737 308
129 506 649
831 72 811
769 834 985
234 743 478
821 631 801
297 369 719
1 243 86
245 542 333
342 611 501
769 768 299
107 969 455
28 817 139
895 132 111
421 546 641
681 385 19
623 633 48
81 888 547
556 361 601
90 17 441
937 293 1
684 523 337
431 494 401
777 541 826
431 65 393
447 569 739
506 506 361
326 141 281
637 21 945
533 185 557
166 91 101
801 226 934
268 329 827
670 881 455
213 833 295
683 251 184
302 770 410
298 145 49
73 812 389
597 431 715
123 609 219
154 267 166
831 57 943
468 650 67
551 741 709
431 516 657
661 702 382
73 160 821
393 781 436
912 139 721
305 965 551
801 486 757
921 622 311
741 248 695
985 511 776
90 661 582
606 799 486
113 356 571
37 711 501
149 616 113
375 364 249
385 197 617
369 275 424
425 103 396
551 25 327
752 431 63
121 544 517
361 252 137
681 16 253
573 473 40
294 342 681
951 378 89
141 136 250
265 76 936
694 285 649
769 583 853
589 66 651
694 301 557
303 563 977
321 19 759
776 857 221
672 505 6
601 535 503
261 751 469
649 343 147
809 971 947
113 251 635
161 229 857
317 417 52
194 906 742
183 387 568
38 617 841
653 268 477
167 921 707
105 61 181
805 281 733
876 181 406
741 417 521
265 842 231
125 279 139
201 496 409
885 490 971
464 401 261
839 953 457
377 309 353
881 653 463
811 685 995
881 571 181
885 190 339
33 153 601
87 259 621
485 464 525
611 921 905
749 689 376
97 101 435
855 341 27
251 201 29
601 91 986
927 577 357
865 481 813
10 605 83
278 741 557
839 721 970
601 149 276
1 341 881
209 471 271
251 303 71
151 733 1
169 923 701
185 995 329
301 437 41
265 501 507
141 119 901
290 15 751
296 796 555
872 867 821
89 376 25
637 756 582
383 110 369
990 176 442
673 628 422
711 349 145
216 113 491
265 393 33
504 442 488
129 497 431
701 487 405
76 297 801
457 696 581
915 749 417
139 989 721
111 745 789
327 861 207
1 613 309
222 791 14
547 246 102
105 41 205
87 901 441
220 598 498
924 153 200
366 301 991
399 257 619
495 633 308
259 921 865
79 869 889
841 891 534
596 751 627
613 714 863
331 454 961
990 261 683
793 122 57
996 464 95
891 69 515
331 841 929
753 185 39
465 947 329
197 220 105
41 939 551
289 231 760
321 381 433
130 601 393
749 401 281
501 209 101
949 291 5
201 539 381
245 309 109
576 917 47
902 16 689
621 973 641
601 809 931
920 596 351
592 625 269
90 698 1
135 772 996
801 623 98
901 670 31
201 736 189
417 581 141
357 897 451
11 737 556
290 570 653
767 659 15
241 385 458
704 701 622
668 157 407
281 561 71
439 353 143
308 73 161
536 513 304
47 222 809
555 207 523
391 399 497
537 251 745
774 504 589
666 408 574
101 916 176
871 495 683
601 101 901
745 21 401
121 612 136
37 991 693
921 993 33
97 728 641
701 41 981
905 695 841
145 653 425
633 441 771
91 285 190
773 771 815
451 966 965
688 1 431
806 948 733
399 281 801
251 701 256
391 458 221
635 281 585
801 730 753
582 193 233
561 577 185
819 196 726
636 761 822
70 257 113
651 809 81
316 901 584
381 261 267
539 409 783
361 987 916
853 417 949
201 969 65
485 581 638
166 385 421
944 228 763
765 976 847
129 671 1
201 900 635
556 973 786
547 970 233
133 153 81
433 737 871
93 601 257
881 801 201
548 269 361
937 625 203
378 983 886
116 601 557
995 241 336
801 21 873
81 198 632
969 3 420
835 957 97
551 61 579
997 691 183
460 123 48
529 636 181
803 881 441
923 459 219
673 16 576
46 797 297
569 285 175
641 601 649
493 737 295
879 97 161
258 92 917
136 145 349
501 765 9
879 746 553
291 501 1
430 811 935
919 511 586
771 749 710
422 677 309
662 831 825
169 1 551
117 41 472
416 651 108
401 345 775
49 337 511
986 654 681
901 286 914
131 809 393
973 153 873
831 849 327
585 733 785
257 685 231
965 39 176
596 23 919
641 777 361
217 208 386
627 561 331
371 873 227
556 42 865
221 193 737
272 956 793
607 247 856
169 623 527
551 152 17
777 521 311
905 532 167
676 932 451
611 145 3
169 6 193
567 605 372
113 241 291
29 187 980
377 351 761
785 199 691
478 446 681
425 481 105
341 561 313
205 327 161
351 889 533
91 421 57
791 723 167
921 856 341
530 34 841
529 51 846
152 273 379
503 885 581
883 843 777
774 426 9
101 497 806
975 33 697
625 641 73
741 797 514
1 122 226
889 957 181
997 870 340
311 481 185
317 241 227
97 296 251
151 753 449
711 238 183
938 916 481
345 970 776
401 149 386
497 919 289
201 333 131
128 602 901
864 458 274
516 281 681
996 917 177
581 265 113
996 497 381
863 387 813
189 38 214
288 641 981
117 764 641
801 741 821
1 110 677
73 105 791
361 62 727
226 270 993
908 351 61
81 741 481
509 997 950
541 321 741
743 846 101
555 560 901
617 197 1
971 399 959
615 586 555
321 897 344
773 413 971
9 233 671
825 359 738
876 913 129
526 941 221
342 219 63
7 794 481
97 961 288
644 184 934
777 456 321
963 835 494
433 405 819
866 236 397
817 953 431
977 251 521
185 905 544
814 669 622
571 423 337
696 815 592
430 841 601
519 807 853
775 411 586
683 731 271
161 6 168
235 653 479
215 826 539
191 785 776
251 401 97
127 185 766
433 958 763
409 31 165
317 581 152
549 945 101
451 901 346
113 870 987
601 762 345
561 805 1
25 501 497
505 624 831
159 765 361
687 203 353
277 778 595
449 93 989
685 715 401
851 707 748
129 125 359
826 345 234
205 396 146
776 10 381
257 11 369
186 934 809
33 180 281
346 952 319
287 603 301
640 517 373
361 709 546
582 124 921
769 986 607
581 537 913
474 285 801
756 697 571
679 168 266
771 333 796
281 787 580
215 716 368
578 993 369
811 119 399
719 649 843
219 251 701
769 825 505
813 977 969
433 250 1
297 395 299
169 241 240
201 901 859
410 651 956
845 533 960
499 106 976
945 481 192
700 603 526
853 931 244
210 351 90
237 441 51
555 550 997
716 187 897
501 141 9
537 841 431
272 923 801
493 853 701
241 107 651
259 814 941
974 295 431
1 120 741
41 136 371
99 411 31
751 241 269
913 281 350
1 131 296
260 715 216
129 436 25
27 161 73
308 292 989
366 59 826
821 846 93
936 454 561
365 601 933
933 513 265
457 381 670
593 297 751
965 615 274
988 778 193
121 785 541
1 419 845
588 261 868
831 221 702
953 161 6
834 925 859
313 152 81
981 305 204
378 648 792
643 821 153
963 293 776
429 661 77
251 969 393
143 273 633
369 155 695
655 969 553
217 761 126
669 457 762
481 396 60
851 21 739
439 243 769
839 980 493
882 133 305
821 214 177
111 969 595
961 307 514
795 676 702
409 973 691
148 385 122
44 945 936
443 421 281
160 697 741
145 626 649
881 916 809
8 441 879
621 670 976
106 632 546
21 761 931
81 351 343
415 401 682
601 11 231
301 475 881
769 408 306
667 717 358
225 281 431
51 797 401
113 581 805
271 330 736
97 139 562
57 480 385
224 376 261
349 953 129
513 585 230
405 51 657
894 341 646
601 513 331
253 1 234
751 351 616
172 191 939
263 705 381
257 401 565
131 1 221
451 394 811
229 173 625
201 151 734
141 391 213
841 866 826
325 721 860
809 104 463
702 1 263
626 749 579
785 677 756
619 661 57
457 301 581
563 240 894
449 552 265
297 721 601
657 185 411
690 344 286
859 861 113
355 765 821
306 749 661
319 211 671
211 465 629
529 693 61
440 379 854
209 353 689
986 171 473
591 713 58
526 343 761
869 797 393
129 629 791
923 481 185
701 321 630
361 381 178
637 513 266
539 6 801
379 188 114
701 241 383
647 621 967
454 401 662
247 783 491
341 91 225
921 237 665
425 281 567
219 761 475
804 697 861
53 858 313
491 601 341
356 745 151
380 849 573
127 771 567
419 547 849
275 134 207
947 948 586
741 149 582
541 645 164
617 306 457
57 461 261
520 837 581
343 426 551
16 706 650
305 337 705
731 120 821
73 811 169
133 785 794
781 77 129
335 358 456
177 789 617
77 589 502
204 191 705
221 692 161
711 561 939
974 222 144
721 781 771
198 167 281
156 914 881
946 356 161
351 945 271
384 126 461
265 981 900
559 99 401
412 667 746
69 621 6
969 147 639
845 626 837
697 546 657
448 904 561
555 81 691
893 390 208
886 739 261
181 259 851
409 144 290
136 903 758
412 728 341
297 169 516
329 497 713
109 129 639
96 996 459
539 497 337
957 323 660
481 381 961
658 796 948
669 813 872
606 713 604
933 751 758
667 816 829
52 129 520
287 241 475
421 466 841
551 55 851
549 337 153
235 229 613
576 603 679
121 934 869
561 461 984
339 257 579
673 289 284
489 905 1
513 201 249
521 376 821
251 851 525
477 306 653
562 542 471
613 21 604
499 70 509
31 837 751
726 621 882
251 258 353
