3743
643 969 835
401 569 289
276 657 610
259 121 281
41 901 110
129 705 791
865 1 653
641 391 959
337 145 673
217 20 711
769 118 581
231 229 153
375 535 233
331 8 377
763 491 271
759 687 493
711 421 345
202 752 345
109 261 187
853 281 945
877 903 809
455 237 265
651 654 225
116 863 257
501 413 617
602 836 961
941 693 746
215 401 97
547 977 336
441 161 401
371 786 541
1 797 1
1 826 520
129 899 103
111 269 194
921 669 669
909 17 689
661 705 301
189 306 302
711 81 477
597 213 141
465 845 821
523 918 893
496 669 641
173 361 619
665 646 126
271 216 497
857 801 765
450 717 873
305 721 520
805 355 721
305 265 639
589 17 594
689 181 110
81 501 433
821 129 479
625 185 106
791 473 266
41 895 140
396 977 313
266 644 649
389 309 227
891 381 13
917 829 757
769 757 15
691 666 592
993 273 749
897 521 453
476 477 735
517 174 249
416 437 772
795 793 9
731 6 757
981 201 413
813 525 461
701 928 818
858 215 701
685 761 541
783 135 491
216 883 617
570 508 447
945 256 223
712 633 753
919 555 448
265 211 717
362 950 267
377 921 609
91 649 597
458 993 837
537 57 577
805 274 606
26 65 61
529 251 101
713 220 409
313 96 649
37 254 829
323 719 619
653 859 73
785 897 820
521 505 749
953 665 786
81 345 309
727 828 271
206 762 671
226 550 415
299 874 959
351 891 699
164 946 675
441 76 717
833 401 856
257 649 436
563 413 426
237 851 991
433 841 591
585 758 687
444 27 237
689 921 477
541 300 241
927 590 317
196 498 147
71 305 472
21 791 639
123 496 717
605 61 787
371 537 451
946 55 421
498 670 369
876 229 739
945 199 240
623 945 905
176 797 654
302 381 357
761 669 823
265 945 361
246 121 505
881 233 397
245 387 1
669 911 857
466 201 649
145 829 499
761 394 751
1 658 101
821 181 807
341 156 267
559 546 601
925 259 511
347 369 729
529 801 937
393 444 271
528 409 957
201 721 7
369 249 361
247 321 976
856 316 417
881 1 595
529 401 298
973 201 441
876 426 245
485 301 848
409 627 342
657 364 314
681 393 417
939 951 340
735 945 183
129 755 527
911 201 291
9 365 258
618 39 936
641 997 41
733 100 121
201 703 81
497 938 686
776 923 83
105 335 69
339 562 745
357 907 564
33 119 138
529 709 747
851 237 937
266 157 245
328 609 982
849 751 539
685 61 58
341 544 311
841 845 596
477 771 857
241 335 615
745 779 561
201 599 779
19 401 121
76 438 681
345 641 801
534 851 577
436 500 753
969 625 385
620 851 753
156 469 598
501 224 793
326 329 841
146 749 669
367 765 451
716 703 33
831 916 967
867 491 1
257 376 257
89 129 341
961 601 601
801 120 662
117 777 513
72 225 76
1 481 81
601 978 267
831 326 721
1 481 553
279 497 607
441 877 809
995 198 909
105 401 5
681 260 273
878 837 661
780 453 868
161 407 847
781 737 321
985 226 825
501 421 131
497 835 218
529 819 226
161 513 691
477 956 81
623 617 651
649 361 61
161 681 712
309 127 273
980 343 835
501 797 349
405 341 801
41 913 945
913 561 233
241 153 684
13 863 569
320 265 241
33 97 671
897 81 921
942 274 281
769 921 55
949 776 349
121 401 801
97 449 289
856 951 277
391 983 245
909 141 573
278 893 521
265 401 617
73 777 725
293 266 673
705 59 907
272 268 201
31 526 53
996 501 259
305 789 71
201 304 313
25 137 297
984 101 279
549 33 347
391 909 473
782 1 63
521 119 813
93 777 81
939 889 291
229 35 777
163 99 157
734 573 454
621 361 585
322 651 841
173 89 481
961 376 957
463 745 319
65 768 523
377 393 109
673 927 561
689 336 175
621 892 712
945 577 525
181 247 614
666 129 153
46 891 565
86 141 101
165 251 666
397 587 81
873 531 23
965 711 791
669 396 193
91 708 457
553 981 687
921 386 681
553 156 706
960 396 586
877 951 461
691 85 3
399 401 431
386 769 831
501 561 590
748 423 393
956 1 671
581 747 221
585 162 586
423 951 324
852 969 304
901 793 601
980 881 141
761 126 582
165 1 421
857 44 741
671 259 901
961 825 7
736 852 231
593 29 222
217 569 103
673 394 263
198 751 801
301 612 398
274 269 533
809 961 241
77 547 551
236 403 697
701 401 223
801 531 726
501 273 265
95 145 618
349 100 281
153 791 815
151 581 301
976 181 627
619 37 567
797 817 949
513 1 377
387 408 553
553 773 853
505 852 107
175 905 21
344 593 610
301 726 7
81 159 1
13 826 481
301 15 810
885 477 819
860 953 81
650 947 41
911 601 222
227 569 114
101 231 276
493 129 166
539 136 46
178 321 451
679 419 661
176 201 389
751 523 631
931 592 999
731 447 116
728 821 921
405 907 172
244 435 301
932 621 941
687 3 359
393 761 677
921 17 11
69 941 996
121 1 276
365 732 268
835 881 823
953 841 886
351 414 221
566 481 369
385 172 105
501 761 441
633 594 557
337 901 193
713 333 471
371 953 86
113 985 101
241 737 395
101 386 585
261 339 881
73 681 870
241 441 958
995 123 601
832 841 341
705 797 721
241 387 611
241 481 69
225 293 513
535 666 263
157 921 997
231 587 81
641 151 641
811 546 374
215 207 341
303 380 628
923 653 202
129 534 513
281 442 63
9 946 178
529 412 78
546 893 51
841 376 625
881 681 361
857 311 81
137 393 961
923 834 311
990 804 286
754 167 885
561 555 290
301 781 373
627 347 457
986 61 169
301 425 655
109 753 305
105 439 659
757 973 686
367 758 707
488 721 99
383 553 65
313 421 899
79 765 641
256 783 563
241 897 407
58 583 891
745 807 933
591 200 495
317 65 156
177 388 465
107 369 762
984 451 306
483 511 856
531 77 425
493 761 737
214 969 77
251 333 1
71 133 921
377 988 153
441 656 686
81 753 396
692 869 887
317 220 547
977 343 689
835 245 791
457 243 657
843 856 400
534 841 251
609 278 829
241 773 713
881 616 641
644 106 901
386 239 501
246 1 301
176 716 622
313 379 54
561 537 201
433 65 267
306 228 728
35 939 107
211 909 801
217 929 801
670 179 20
139 293 746
51 185 982
374 10 265
696 823 965
85 350 581
561 715 176
593 866 709
768 870 925
401 961 375
118 109 119
689 847 516
662 927 653
403 501 721
1 721 256
713 338 763
65 703 121
854 494 796
971 751 968
675 73 184
52 579 666
402 681 775
586 71 1
401 582 488
807 104 721
788 41 755
779 549 949
33 372 891
309 93 576
21 661 481
71 503 698
445 17 868
289 901 281
449 516 913
793 525 397
96 583 279
92 186 646
576 209 159
705 112 79
692 124 113
457 813 975
278 489 801
691 956 459
996 429 363
873 123 854
466 532 351
616 201 961
881 251 676
737 623 573
180 311 801
965 719 656
852 953 729
992 986 93
653 585 65
352 960 617
431 596 12
667 413 809
716 163 325
839 169 631
733 125 431
673 933 768
698 781 365
439 918 376
837 126 397
553 979 937
697 847 941
831 267 941
898 447 226
936 931 489
761 353 591
867 371 876
786 145 928
121 351 245
113 693 241
80 124 497
87 833 769
787 545 358
819 463 383
61 427 249
822 1 198
305 386 360
186 627 737
736 288 941
267 721 676
431 251 193
137 785 914
251 651 626
589 641 36
725 905 825
405 919 697
383 247 775
737 261 785
523 193 221
456 904 11
81 197 609
251 734 881
705 80 984
555 85 288
775 32 21
171 301 869
838 1 493
37 561 991
951 783 1
801 440 893
113 737 603
281 911 376
778 626 490
551 228 41
761 876 268
569 121 981
160 533 594
801 321 883
973 765 551
681 893 81
685 744 657
985 71 935
450 998 449
484 699 921
103 838 63
231 216 691
526 91 469
610 113 791
341 209 761
646 755 339
920 426 251
951 527 905
761 241 693
349 607 288
71 321 851
783 749 894
99 635 731
100 745 317
197 847 855
1 525 257
237 17 229
634 57 321
817 234 141
969 636 587
429 985 263
231 989 239
493 889 349
257 261 81
516 907 563
201 645 166
869 129 465
570 937 25
211 691 899
885 749 342
327 982 523
353 447 61
1 851 548
387 137 545
1 467 781
85 751 973
621 787 539
825 401 895
523 707 737
593 169 501
973 352 21
836 271 636
801 6 101
26 468 233
667 826 71
363 510 569
578 761 177
981 33 418
410 956 789
861 903 758
959 162 687
256 903 695
569 337 49
981 601 409
336 171 21
630 703 109
237 457 1
763 616 131
695 183 281
321 489 451
745 202 823
904 525 489
981 273 431
69 710 909
521 290 817
201 88 21
172 101 435
535 173 445
449 137 745
277 896 413
147 697 137
757 627 499
557 613 203
697 851 626
911 481 557
196 251 723
523 993 860
441 953 883
861 983 687
606 108 731
769 211 365
717 95 407
65 369 479
272 149 447
87 236 165
908 855 270
513 784 245
881 625 867
229 873 3
903 461 951
729 27 176
262 257 793
322 781 232
551 971 689
541 436 960
196 858 55
59 786 101
313 156 73
805 765 580
855 145 341
370 488 581
492 527 961
844 437 241
262 873 91
489 151 321
995 151 781
211 79 455
662 1 153
151 881 633
341 601 335
8 365 302
541 357 793
518 61 953
185 653 101
926 416 3
497 435 301
927 149 81
842 121 449
478 621 713
449 670 312
645 297 941
66 641 575
421 690 123
959 787 945
847 945 210
73 853 40
491 49 469
239 297 881
456 27 178
331 319 708
617 121 217
967 31 233
770 62 721
971 317 663
825 701 598
809 241 301
781 203 34
661 728 193
701 169 911
389 67 226
97 489 985
133 443 380
186 168 879
137 526 387
110 900 523
817 527 97
151 414 545
163 571 449
876 401 571
521 505 233
645 534 793
81 681 200
651 444 14
1 441 71
221 821 401
662 691 751
909 566 97
61 247 477
711 28 701
921 351 436
273 779 465
761 510 981
411 561 812
845 31 201
826 913 103
945 295 936
948 526 517
945 846 481
927 169 895
399 337 121
303 785 441
705 335 258
105 277 377
209 319 339
397 799 729
459 953 7
457 673 165
363 611 865
388 801 877
283 222 817
544 101 561
227 217 433
785 135 550
253 186 823
977 413 216
985 821 401
659 147 341
175 795 605
462 149 769
308 21 83
659 460 689
825 228 956
59 569 41
601 180 949
773 939 104
521 969 896
252 838 862
552 676 599
332 814 335
485 198 143
41 215 303
223 589 209
350 533 889
371 485 373
637 739 83
881 527 611
469 282 968
53 81 605
532 689 471
904 996 161
962 679 325
391 721 343
66 751 891
403 794 276
121 609 147
305 522 767
262 702 553
1 887 577
541 751 749
229 41 881
345 457 985
577 315 698
906 202 471
569 96 816
760 661 26
113 617 389
588 808 843
666 183 92
926 625 353
737 705 466
629 142 977
993 982 351
301 566 265
518 336 117
552 906 965
833 337 116
906 721 479
337 341 725
257 28 151
276 351 832
539 703 925
153 961 981
829 865 777
657 187 625
585 831 961
166 626 553
581 911 245
76 181 630
841 167 665
437 669 526
491 831 773
731 385 493
905 138 110
217 431 545
177 241 781
361 789 573
54 428 211
797 869 791
493 271 875
641 329 791
361 841 601
976 881 577
711 591 121
671 504 159
127 201 806
776 953 795
301 710 529
613 271 267
797 321 361
401 168 908
417 681 713
701 481 917
493 385 865
51 662 753
906 610 761
42 61 607
58 549 213
961 747 411
913 456 121
464 760 646
857 665 444
216 585 641
943 976 401
706 707 257
513 490 447
907 511 916
742 515 681
227 941 365
443 753 13
129 301 926
345 235 581
183 230 74
729 973 817
529 85 769
113 987 285
181 410 381
461 373 423
951 105 151
946 391 969
553 557 315
485 503 877
639 175 585
772 321 181
886 593 268
563 473 50
416 699 76
5 314 86
26 938 901
535 507 541
281 253 869
79 37 13
827 769 481
957 915 891
216 497 147
181 470 97
839 712 212
375 108 998
912 361 590
813 189 597
417 201 203
956 151 801
173 243 171
746 546 225
361 751 156
351 737 866
280 661 488
622 72 555
61 81 721
201 937 442
765 857 365
199 337 325
771 640 483
341 427 257
539 120 816
553 761 936
93 400 840
801 122 949
29 89 844
61 529 466
137 436 925
312 241 206
941 677 381
897 897 149
470 287 307
561 179 661
916 526 817
349 712 241
993 1 809
759 261 561
865 433 4
798 321 681
241 981 681
633 301 680
683 359 801
397 383 209
187 479 641
369 471 683
53 471 741
747 721 93
251 658 655
109 714 386
481 714 769
669 957 333
885 170 459
999 486 761
113 196 892
409 784 431
606 197 67
305 13 875
21 530 865
161 252 104
273 459 345
793 749 296
57 819 600
315 957 834
240 1000 793
746 938 453
354 39 801
39 713 73
877 100 123
981 196 501
625 302 419
673 537 873
767 673 615
817 761 917
756 431 341
577 768 929
687 393 452
681 844 801
76 882 489
69 571 255
147 331 455
718 193 546
170 267 341
155 951 873
86 537 591
618 638 721
526 449 443
281 204 873
311 126 86
751 880 509
341 851 287
757 342 621
325 625 110
785 701 553
745 77 917
203 89 969
367 73 1
399 419 667
636 988 32
676 501 761
174 201 533
718 889 391
311 993 106
211 586 793
123 210 425
193 1 474
793 617 201
994 380 433
175 789 29
897 206 201
292 45 668
77 392 227
889 665 425
826 161 296
769 489 225
801 242 929
639 111 751
953 551 454
108 265 146
334 821 215
899 649 261
596 917 604
962 149 547
699 365 237
584 575 261
161 815 148
497 904 41
641 557 545
376 895 289
887 457 827
609 393 963
853 113 314
653 393 634
181 638 1
508 481 109
178 981 3
613 449 710
601 508 325
850 239 289
116 851 649
923 877 224
313 989 398
931 494 424
543 351 59
741 379 641
36 997 311
705 409 231
581 169 975
491 529 240
684 653 811
394 361 125
646 781 451
293 9 159
921 133 267
811 585 923
241 783 86
81 601 986
93 165 103
571 668 65
585 958 641
283 812 801
301 1 765
251 241 241
257 737 555
545 687 1
773 545 281
551 326 825
653 237 777
735 41 677
669 211 321
671 879 951
222 561 967
137 440 11
245 413 147
865 430 546
393 591 173
505 361 291
761 705 685
501 51 593
333 201 697
64 886 239
511 351 451
937 909 265
697 255 125
657 967 965
387 661 73
263 705 798
359 761 801
261 959 361
389 993 423
231 251 115
341 311 413
275 91 817
476 233 561
173 745 1
793 199 701
541 213 725
768 481 964
633 666 313
60 216 871
673 809 125
235 241 435
401 37 681
393 973 731
661 569 349
273 175 617
369 686 441
773 913 416
284 769 277
113 581 991
731 401 45
589 844 314
603 622 111
789 922 908
576 989 309
305 718 641
641 925 775
115 489 796
64 701 833
409 74 9
615 778 659
616 289 501
331 737 193
43 508 385
731 201 437
712 743 306
351 633 518
356 870 240
785 221 153
91 231 23
521 496 609
59 664 451
656 949 970
319 9 13
687 1 825
801 541 626
801 785 969
457 951 295
949 656 297
91 409 97
1 512 317
518 681 81
431 69 501
349 281 311
265 501 849
15 55 353
101 235 275
735 51 314
712 481 937
313 413 455
771 716 951
531 266 646
913 741 921
705 754 115
81 207 643
81 5 336
969 943 87
319 327 481
577 881 993
155 619 343
49 87 273
570 139 817
920 321 143
169 357 841
817 165 364
294 913 521
953 151 824
681 561 229
668 1 451
777 748 58
586 514 131
73 434 172
785 573 823
657 899 577
146 211 641
856 776 690
989 220 640
113 333 185
815 433 1
951 540 697
86 652 409
407 906 476
321 17 210
220 81 314
457 479 153
718 937 225
833 694 614
393 205 939
481 78 509
559 391 489
893 395 733
81 397 873
413 811 153
576 426 499
755 493 451
327 251 881
157 394 201
889 567 92
22 901 585
539 787 1
695 381 710
344 233 641
421 209 505
501 969 777
573 809 379
593 803 487
213 36 113
793 789 897
525 826 801
195 801 881
415 905 909
945 115 508
617 381 486
311 641 896
502 68 251
321 200 220
153 169 257
223 12 505
493 257 471
613 785 706
579 97 868
221 761 745
689 671 947
41 365 251
163 231 256
381 531 376
841 422 663
227 931 873
29 691 78
321 530 472
257 46 97
717 121 91
526 931 411
251 641 609
665 701 649
993 627 333
281 961 481
38 373 29
960 855 274
1 196 823
105 421 425
234 501 191
249 633 826
532 421 326
232 334 231
307 684 673
315 211 189
511 102 537
405 787 815
974 553 436
243 456 194
71 113 257
701 272 796
957 541 344
415 613 449
692 266 723
951 623 35
77 441 26
593 17 360
481 983 802
841 425 961
355 724 466
593 231 957
564 169 112
969 573 376
831 309 779
463 995 779
529 757 861
521 276 777
810 305 881
100 809 633
576 365 107
911 855 904
969 862 623
185 277 1
796 161 193
349 817 89
373 497 333
188 61 353
377 241 305
678 688 241
61 433 961
931 341 706
479 939 57
941 805 261
270 504 619
470 949 507
55 181 969
611 361 471
801 76 161
772 17 205
553 818 285
401 80 193
184 798 561
913 741 161
591 349 140
681 431 559
787 881 38
761 401 185
917 251 121
442 381 771
1000 697 945
719 438 856
406 663 517
569 993 208
399 452 687
821 242 393
451 97 526
505 169 765
553 929 361
242 995 984
301 231 126
919 958 1
288 397 701
663 667 673
263 911 381
683 701 397
53 21 241
397 16 780
781 749 877
389 770 772
30 541 144
437 598 713
176 121 383
746 761 673
833 469 153
602 281 269
921 476 173
821 181 321
723 465 517
521 241 449
952 828 951
769 703 231
961 669 792
521 142 873
443 893 681
881 774 686
627 81 617
891 151 186
821 99 425
224 751 153
461 765 286
805 237 91
530 329 281
945 137 817
161 961 351
981 341 23
353 921 681
362 271 278
1 716 522
4 524 401
623 321 939
769 957 341
841 903 101
185 226 965
21 451 721
321 766 443
197 551 440
778 442 807
801 333 573
415 953 329
182 650 993
985 200 801
123 587 434
357 145 851
719 305 897
246 381 173
111 141 932
497 985 621
1 300 242
529 861 497
187 521 906
687 457 19
186 855 583
993 939 838
801 954 969
575 697 753
633 561 173
576 331 305
439 137 337
261 15 806
849 180 351
491 471 411
756 433 707
217 797 201
857 795 281
511 401 694
9 14 101
4 375 149
206 487 281
727 899 281
708 825 313
482 921 611
321 769 941
904 343 110
996 851 396
401 877 661
270 391 902
121 431 621
946 349 451
560 905 337
999 25 370
701 921 171
266 837 627
65 1 601
945 309 239
126 521 351
372 282 537
880 163 164
724 826 622
49 771 501
442 515 79
957 76 191
851 136 259
991 841 860
553 349 955
869 789 401
321 498 821
352 81 815
796 119 371
33 167 805
297 565 931
956 367 377
793 890 35
139 301 818
780 33 258
737 321 731
297 281 863
590 370 717
805 173 435
821 101 641
337 886 445
249 805 941
478 488 929
381 36 433
593 315 81
261 976 921
440 675 421
376 217 651
181 641 218
596 889 137
623 13 277
610 796 712
489 745 795
461 123 577
503 674 136
681 771 581
597 137 926
820 208 419
641 656 241
333 409 681
969 933 268
417 321 73
861 885 151
38 46 842
317 609 550
181 733 595
181 461 351
322 656 300
181 31 206
393 889 151
161 659 31
706 395 993
807 715 249
205 391 357
872 81 620
183 320 531
721 430 301
95 485 851
740 297 341
877 89 769
51 476 471
166 503 993
931 664 467
352 976 61
272 513 975
921 73 777
538 675 531
953 676 691
907 284 932
36 99 675
152 601 503
465 886 428
621 337 557
551 375 435
641 725 664
37 846 9
997 932 935
897 237 877
753 392 745
433 216 679
57 609 401
901 165 331
431 731 331
877 460 650
265 221 109
477 76 597
161 948 401
542 483 9
227 205 179
729 270 225
421 757 153
811 743 905
13 630 561
921 999 155
876 801 625
381 206 241
605 671 909
12 282 33
281 201 54
499 301 101
116 381 226
881 991 193
793 295 991
899 79 441
807 291 423
257 378 241
833 383 609
941 596 241
121 601 729
78 42 693
167 571 469
297 937 425
909 406 69
57 7 801
858 172 787
942 969 701
87 601 462
81 951 364
836 289 633
536 778 841
781 121 596
698 391 657
335 341 969
1 761 51
823 261 499
251 345 491
611 221 544
656 705 205
57 269 855
151 621 195
1 659 836
349 83 209
969 890 189
854 340 984
21 757 193
180 769 689
773 755 1
785 753 981
47 65 351
1 479 683
921 881 401
414 241 479
961 957 390
915 697 921
841 351 371
537 593 949
981 819 315
574 711 484
225 737 685
704 78 451
9 177 376
514 125 761
759 719 793
919 777 97
925 183 331
937 735 518
683 183 646
689 831 676
514 743 261
841 615 539
143 836 965
82 51 451
79 967 935
215 683 497
56 722 855
184 437 481
225 895 527
251 781 713
437 557 201
994 479 90
529 470 697
885 557 191
809 937 493
305 353 595
477 736 567
427 77 345
523 581 556
217 268 35
969 221 361
785 24 209
851 12 601
97 719 425
972 447 507
879 553 276
961 759 314
210 31 693
736 541 511
586 38 703
841 33 625
51 43 1
941 193 481
361 913 201
641 801 339
9 131 125
887 357 919
239 151 843
621 147 793
49 20 745
991 831 835
465 730 579
553 611 364
573 861 603
97 217 845
91 399 147
950 589 97
699 721 5
998 289 949
838 441 447
257 565 441
545 165 49
301 705 81
352 179 273
875 721 761
801 441 1
620 1 431
276 206 961
601 255 739
111 861 87
653 601 589
441 437 537
756 202 889
778 715 371
450 625 978
889 76 576
741 882 349
521 597 321
476 661 180
411 908 101
836 981 241
577 396 86
130 442 641
669 27 4
527 653 701
280 403 769
633 807 951
463 545 685
151 487 586
271 965 741
49 229 731
99 961 166
751 728 733
276 863 605
425 1 393
641 185 591
161 126 265
467 601 494
477 809 656
647 593 950
956 263 439
516 119 226
681 473 361
177 689 728
481 786 51
74 781 103
53 618 825
13 931 883
34 625 501
145 366 961
241 930 1
25 278 473
541 873 731
937 397 583
21 36 556
912 225 670
123 561 61
865 851 961
95 964 959
687 467 401
521 269 891
341 531 947
67 925 522
873 593 995
577 589 199
725 913 451
827 625 847
576 781 89
636 527 293
199 801 861
838 690 368
461 607 531
647 377 201
629 9 897
337 961 241
221 361 564
201 497 671
435 463 499
176 229 755
56 89 353
365 345 501
333 37 351
154 393 247
101 929 898
532 590 941
76 51 648
317 803 651
55 311 805
1 241 579
685 45 157
696 784 361
661 350 281
372 809 45
20 112 204
959 847 616
385 962 976
777 635 741
787 116 555
361 178 297
765 626 281
956 885 365
927 163 940
16 203 551
281 361 209
225 439 355
543 653 613
281 989 167
428 185 155
83 728 129
416 853 805
27 316 526
322 382 517
212 721 229
131 301 112
593 861 921
661 105 602
564 826 133
552 937 698
969 405 553
401 241 861
808 376 587
751 252 765
961 241 851
757 157 421
915 585 645
393 233 23
971 197 437
265 31 291
386 856 440
526 331 133
961 361 325
291 365 346
444 841 681
347 832 881
785 349 111
301 281 895
395 801 576
644 401 285
305 131 616
68 962 946
241 262 329
86 830 286
557 273 776
783 591 639
381 785 426
223 49 192
847 666 719
393 41 282
356 689 33
601 78 471
760 661 611
461 797 738
717 115 679
561 517 200
751 1 124
372 845 892
993 705 217
600 964 998
259 425 141
999 492 101
813 117 660
165 105 809
495 651 105
757 601 77
457 571 856
302 961 253
539 213 789
833 637 421
246 181 879
21 774 517
262 601 173
237 508 881
793 89 801
576 241 540
153 265 577
245 991 743
92 721 241
810 139 35
790 111 113
984 338 153
618 961 629
403 963 37
193 558 483
860 145 127
37 665 511
705 269 736
1 355 995
697 915 100
581 663 763
76 731 945
598 355 470
671 229 370
799 861 256
661 441 111
527 941 63
469 151 936
303 827 876
651 97 999
909 598 801
409 666 994
6 801 619
965 569 647
431 401 964
251 665 663
537 191 297
333 196 371
61 759 271
165 507 602
391 8 761
181 699 203
251 399 856
351 186 635
376 125 716
760 201 238
115 321 345
353 87 777
437 593 201
186 151 820
181 321 821
497 81 592
839 992 340
876 63 441
967 73 281
971 229 553
501 257 995
537 993 751
961 651 414
709 431 661
509 538 147
426 141 81
701 621 76
853 669 259
445 417 251
777 615 132
474 35 441
231 225 406
561 209 439
842 51 873
133 881 501
943 219 356
930 683 573
491 212 86
901 907 491
726 474 351
17 141 651
77 5 791
651 345 286
49 31 97
217 393 990
477 614 891
406 101 501
221 463 126
741 114 626
346 577 181
905 34 809
913 397 966
236 581 27
829 532 943
891 948 521
601 81 751
961 838 561
826 423 965
456 293 773
273 473 1
355 116 821
333 389 395
809 443 241
147 108 771
923 522 649
417 809 401
400 869 693
905 98 854
339 690 109
205 541 286
593 563 882
793 829 825
204 180 491
895 195 411
341 421 286
827 61 413
11 511 721
381 116 903
113 961 233
188 658 784
739 151 229
516 173 701
376 226 498
201 799 166
907 523 782
203 434 661
473 665 880
589 69 95
994 845 442
847 601 926
77 826 881
891 259 141
287 81 401
251 690 888
586 261 387
849 751 61
57 178 437
601 799 634
341 409 126
843 576 11
121 130 898
414 921 717
745 73 145
537 897 161
801 526 831
859 313 489
455 381 513
480 793 41
262 246 705
953 457 625
711 233 926
846 617 225
411 26 125
881 501 561
845 826 362
84 276 702
189 377 649
805 621 145
161 271 631
866 241 965
601 917 415
259 519 701
873 241 771
535 891 142
205 630 169
751 303 988
121 31 285
430 149 986
566 961 951
729 937 481
926 997 315
969 481 541
621 106 21
601 497 407
465 421 286
353 971 305
876 572 309
980 549 213
530 75 808
217 901 851
153 419 391
929 763 931
111 809 726
923 825 968
114 387 126
449 374 648
441 155 521
89 935 873
388 128 811
381 970 759
897 693 61
141 452 305
817 267 736
737 693 161
49 241 921
877 121 254
217 681 633
908 501 389
422 285 581
421 875 801
630 28 515
63 92 499
390 275 153
825 683 187
137 809 260
661 188 521
261 615 931
1 501 561
416 233 871
173 251 825
881 431 226
241 369 861
356 825 892
663 361 65
631 356 603
769 49 85
890 16 489
781 531 949
159 349 761
512 441 306
843 71 951
740 241 175
347 931 311
101 709 551
721 565 718
920 379 181
163 811 260
822 48 341
416 713 857
351 391 310
422 442 55
673 145 456
166 118 313
205 601 789
510 701 385
627 201 759
223 36 717
573 467 881
991 155 1000
9 601 981
4 327 51
505 669 682
873 925 977
951 579 856
96 621 506
71 906 318
51 21 720
364 61 699
21 11 171
681 129 515
328 1 841
968 141 725
484 481 281
296 270 9
103 591 851
872 489 469
933 946 523
143 177 909
691 485 793
476 42 15
804 559 446
511 846 76
463 313 999
281 857 145
501 277 647
214 705 861
643 219 420
561 741 557
448 718 381
931 797 701
245 273 533
735 857 211
658 405 37
321 989 969
326 821 426
740 329 457
321 219 197
621 669 585
5 279 178
229 905 41
288 199 955
501 434 1
1 193 414
325 391 394
560 179 891
273 617 129
321 721 796
76 102 617
611 851 806
969 891 857
873 849 561
450 596 397
937 327 477
810 83 581
67 33 591
53 968 608
367 127 777
581 837 677
440 399 691
113 221 281
356 253 541
901 851 21
343 974 953
877 177 849
144 861 761
311 369 751
81 447 343
919 65 753
831 767 85
461 889 129
961 653 201
491 360 617
401 617 945
959 761 3
209 439 321
207 7 541
209 531 613
817 126 139
681 641 873
261 78 416
374 153 881
251 377 71
777 629 74
821 163 877
657 883 296
962 871 535
713 51 371
911 105 577
751 57 246
76 496 186
667 265 355
493 721 3
642 647 377
619 297 945
869 961 26
441 217 811
9 385 376
250 857 509
241 781 771
585 951 451
626 761 621
517 953 667
651 293 125
628 685 207
11 553 853
941 673 839
221 784 581
941 211 643
377 452 867
551 71 869
452 174 929
57 211 773
34 176 641
901 973 121
257 257 69
880 878 960
729 761 465
693 575 689
395 121 625
777 69 486
489 66 649
273 536 555
405 596 193
361 561 445
695 57 105
888 713 501
287 1 923
191 757 144
580 342 517
951 641 336
265 813 515
521 949 686
836 65 471
911 745 490
815 224 969
465 946 542
391 609 201
473 433 292
807 701 503
995 201 251
297 418 443
81 923 877
369 229 725
135 751 153
535 749 709
341 969 221
478 711 121
793 41 501
834 461 695
487 946 605
208 561 242
465 859 129
261 114 825
320 761 652
256 571 221
802 145 470
801 506 250
721 497 283
508 169 829
602 925 769
429 601 241
284 136 540
497 687 561
496 617 261
593 631 431
32 489 24
73 179 566
510 529 591
101 753 473
114 811 831
313 953 706
914 355 518
750 465 630
750 445 375
782 277 376
201 55 915
899 729 845
729 701 121
191 765 495
659 81 961
373 945 261
669 917 739
869 872 741
603 26 321
871 761 79
763 266 596
639 1 701
337 973 811
556 10 551
478 926 921
226 757 584
903 659 881
404 413 155
355 559 503
335 92 270
275 376 329
327 199 752
911 641 171
823 961 785
327 265 221
361 191 201
246 63 189
858 681 623
647 751 127
583 873 61
409 665 891
257 689 972
674 47 116
952 623 786
916 961 331
649 963 271
483 981 41
285 899 691
721 549 542
77 116 737
89 482 815
719 544 81
278 596 800
237 101 574
257 29 971
739 305 39
516 99 716
776 26 457
736 337 42
308 841 585
881 676 817
521 961 796
185 321 264
961 941 402
81 585 854
218 201 663
825 719 549
451 745 221
592 269 446
442 599 53
859 18 291
619 94 701
875 695 217
633 124 393
329 576 265
968 832 332
331 186 251
469 142 62
905 817 104
161 322 393
301 525 208
657 274 701
353 101 529
649 406 705
697 801 9
924 496 596
309 901 504
921 391 353
969 927 756
185 459 446
331 27 449
879 250 304
593 801 301
582 409 157
1 926 761
1 191 393
509 481 161
170 851 801
771 729 370
184 23 727
621 138 657
53 881 267
625 481 391
301 567 117
858 424 441
287 728 449
199 577 977
683 771 275
817 283 641
634 976 537
721 489 466
593 322 913
20 182 523
336 985 64
441 717 626
695 161 836
35 95 830
349 561 805
497 605 616
801 611 149
708 780 489
822 307 56
625 16 668
106 911 473
921 965 143
587 145 137
108 941 295
17 921 793
884 111 345
916 501 729
924 631 843
974 865 981
611 489 847
176 412 397
471 334 138
993 665 63
611 641 851
469 799 57
653 1 835
1 585 29
161 868 473
651 921 129
301 761 496
281 828 516
329 413 947
373 49 187
571 209 661
956 215 857
944 175 589
826 337 506
585 857 719
604 153 21
475 261 265
523 961 666
790 241 273
488 871 1
371 701 697
108 309 637
725 641 641
961 232 723
935 101 745
827 251 520
261 596 769
159 676 264
391 711 434
718 267 819
735 670 735
673 705 106
713 477 615
101 643 371
455 376 96
501 945 852
541 561 793
393 475 41
783 200 121
977 975 401
911 869 761
381 201 131
761 381 321
931 505 62
167 461 183
401 871 291
145 708 709
383 743 366
201 201 686
951 710 205
909 891 567
1 11 713
530 717 238
852 163 656
417 127 181
235 101 556
601 758 581
521 438 493
621 141 881
119 458 706
881 721 58
381 321 1
207 481 423
865 563 736
705 961 771
984 485 303
385 541 971
21 145 851
191 29 851
310 586 66
977 51 591
233 511 797
393 361 101
571 151 36
680 345 112
87 530 121
19 427 626
514 284 671
212 81 630
613 641 844
527 413 726
199 254 348
637 481 433
445 361 828
949 881 86
356 690 765
767 25 533
773 501 417
513 760 907
398 497 486
333 687 81
801 277 4
97 643 841
358 442 181
249 400 321
947 445 745
444 916 653
521 459 821
759 201 129
227 503 921
66 897 352
126 191 265
753 227 957
985 630 851
589 346 345
773 121 593
853 180 993
120 82 345
146 170 255
183 741 579
511 841 641
599 439 17
251 991 475
81 201 466
819 283 227
537 241 524
32 763 589
331 883 957
576 913 622
289 131 541
840 771 463
587 26 145
681 259 56
352 634 561
3 126 477
457 703 787
401 201 329
275 794 4
451 402 381
102 609 881
929 801 945
219 246 733
380 641 413
436 289 511
417 929 495
969 675 772
471 779 561
516 41 108
369 711 877
41 761 55
917 101 341
960 329 353
866 989 731
20 337 960
791 836 957
949 444 999
818 230 376
540 649 785
741 93 855
25 689 257
965 68 981
358 374 13
101 844 919
555 210 761
125 987 25
429 869 983
585 884 245
431 296 757
786 761 213
101 481 371
171 575 719
197 26 197
813 26 492
329 981 441
665 697 154
121 829 779
731 811 456
169 751 625
344 209 337
929 351 364
397 725 51
833 548 677
384 97 926
81 471 261
844 581 633
153 16 537
449 951 849
777 891 711
811 941 531
648 496 403
253 183 109
527 477 425
305 841 279
451 756 731
545 385 292
652 349 321
582 463 562
525 60 413
486 689 158
433 206 577
505 803 911
961 96 741
427 716 427
41 426 690
515 871 915
1 199 175
611 266 863
365 235 1
94 732 277
941 365 393
821 299 173
813 981 925
727 361 410
137 510 797
878 271 913
817 979 547
691 801 969
781 1 232
906 681 561
508 685 339
883 48 161
951 691 881
185 685 377
53 675 586
595 678 473
186 265 461
3 923 549
121 951 821
627 11 985
823 381 565
209 439 393
389 689 205
9 95 185
457 161 825
225 561 169
791 613 223
733 569 401
763 541 631
976 623 49
273 390 187
392 426 521
79 866 249
897 990 505
25 721 55
536 418 376
929 821 896
736 998 323
49 927 677
604 353 441
683 279 604
473 554 143
253 771 793
35 317 417
378 226 777
97 169 57
11 601 805
476 489 242
562 171 499
247 395 117
833 905 845
400 227 821
611 605 985
881 128 531
109 401 537
761 1 851
835 475 1
449 13 693
969 669 270
337 341 45
209 135 717
767 568 731
377 504 828
698 32 621
670 453 860
697 831 644
921 429 361
986 261 633
489 271 625
815 73 417
541 521 809
675 306 376
321 799 451
811 226 431
201 673 176
559 941 341
680 802 26
965 82 163
190 657 601
83 977 721
346 921 297
384 531 114
200 816 996
63 1 609
63 361 201
707 485 407
987 65 213
101 737 193
568 628 109
23 369 211
225 949 641
729 451 887
331 96 211
121 713 349
749 441 153
467 137 177
73 951 227
229 501 507
53 849 590
661 827 735
679 209 406
106 961 28
731 953 816
691 986 401
169 392 94
58 881 885
211 151 865
927 669 197
545 281 823
577 965 35
959 481 981
817 519 709
984 655 926
585 661 421
190 45 273
161 161 479
679 37 977
149 601 701
696 876 645
430 508 451
393 554 241
439 91 721
756 500 670
1 505 1
186 961 945
613 584 110
534 253 405
556 853 726
557 385 171
580 563 261
306 864 467
122 446 587
133 322 125
621 746 733
760 59 615
331 561 833
681 69 452
161 684 769
713 625 714
591 649 221
581 241 166
845 483 501
125 425 721
621 101 601
357 790 215
638 969 757
111 309 271
317 397 435
201 203 945
351 761 551
529 1 99
685 91 136
516 881 176
190 1 741
913 441 1
496 77 625
753 951 801
501 377 957
151 617 737
667 143 320
849 191 693
78 114 738
539 929 917
151 353 611
371 226 689
865 515 1
323 12 353
937 541 117
449 465 825
95 534 901
128 572 895
856 261 211
229 763 398
895 509 421
941 501 833
160 733 233
925 486 105
195 376 1
864 529 247
751 370 301
227 397 408
920 705 275
483 51 185
245 143 961
1 451 673
991 409 835
174 403 93
969 207 557
41 949 152
537 274 301
821 84 81
201 421 335
587 921 171
323 969 751
431 365 845
671 633 353
801 505 351
721 924 57
294 321 556
196 983 81
363 796 985
747 637 355
399 573 6
21 221 969
676 614 126
379 588 465
481 817 769
911 944 451
981 744 957
793 89 203
721 981 677
483 117 978
837 357 751
613 93 313
964 313 851
431 241 262
617 619 886
11 680 163
736 991 866
841 161 79
44 771 967
889 945 321
941 464 737
461 131 379
697 692 88
566 801 497
384 519 271
1 921 178
719 256 761
731 561 703
486 382 470
18 751 336
561 871 869
249 779 128
356 812 542
122 821 571
436 951 284
225 43 501
159 731 685
937 265 257
473 767 212
713 491 841
325 871 289
681 165 321
473 281 207
341 771 855
709 201 669
735 841 804
735 441 533
512 869 933
761 811 307
173 691 136
404 73 705
966 601 354
13 392 1
757 833 101
428 956 110
143 545 65
693 777 681
497 697 336
296 246 108
319 585 85
126 39 477
133 97 133
958 134 615
508 551 200
25 441 211
672 57 987
207 333 770
585 441 241
209 125 876
661 566 1
793 771 378
705 371 596
761 345 441
161 13 75
163 701 790
126 3 309
177 646 359
621 69 9
53 254 151
264 229 689
663 821 56
781 601 1
325 13 461
685 551 346
897 9 854
601 531 229
779 589 213
121 38 251
193 97 757
353 849 247
15 937 364
257 109 161
769 849 767
607 264 961
638 101 288
737 121 399
643 396 325
689 527 936
146 767 621
711 844 511
17 989 912
324 240 491
610 432 989
451 793 52
899 320 271
355 779 175
113 107 509
115 618 420
721 337 889
329 325 113
821 854 882
379 51 175
965 617 153
301 558 470
35 977 931
23 245 827
754 959 287
1 41 771
463 762 317
967 481 521
142 214 534
205 621 761
49 447 601
19 201 17
672 553 106
678 848 681
161 33 859
626 817 23
897 413 889
895 84 862
656 595 557
951 135 629
185 318 279
609 185 761
915 826 19
828 491 960
389 835 517
843 202 326
934 880 561
661 849 776
761 453 479
45 585 677
439 126 781
466 664 311
172 813 59
614 589 931
409 882 553
60 901 168
337 667 336
313 868 451
377 952 145
365 661 352
71 241 641
346 502 813
931 553 438
276 729 242
501 917 801
765 263 151
476 281 465
777 656 790
105 341 661
921 632 41
857 275 33
767 884 937
921 267 201
409 524 893
849 779 293
301 95 913
857 65 521
751 801 195
861 418 25
44 761 936
777 1 617
367 997 48
371 13 169
149 861 663
720 606 341
156 73 601
953 54 378
301 132 126
809 819 297
881 865 425
351 121 306
801 77 177
771 988 725
101 611 142
301 346 616
565 757 909
641 143 185
593 183 979
290 1 27
401 318 134
466 720 325
76 838 302
341 416 761
429 232 503
973 589 169
211 281 585
441 997 961
313 111 161
803 221 257
601 708 21
126 459 496
162 163 298
111 381 505
395 121 804
935 189 299
901 1 21
412 219 633
501 759 467
49 155 917
137 968 569
329 679 143
671 581 841
233 960 330
181 786 436
602 461 521
268 893 809
601 850 297
549 971 777
380 191 641
889 167 547
101 1 535
873 111 161
159 779 976
188 751 885
601 486 907
677 929 803
226 193 411
504 76 797
896 313 171
583 513 399
94 211 659
133 635 291
201 827 65
681 988 688
392 977 625
880 461 881
143 356 523
310 341 601
102 221 721
49 233 81
562 441 402
641 618 521
677 611 913
771 406 713
121 661 306
406 503 104
957 201 337
345 676 729
137 41 212
433 493 936
87 405 97
101 150 78
539 475 513
161 441 811
1 181 408
387 141 771
580 672 272
351 685 771
188 217 52
761 460 257
156 255 500
695 912 493
489 951 131
501 101 975
490 605 305
645 473 905
857 217 449
797 146 894
721 545 33
1 837 95
984 71 281
179 969 931
633 57 167
326 421 361
377 159 359
265 65 161
393 188 691
221 185 240
775 151 981
173 421 717
366 348 701
46 345 95
215 567 209
569 273 81
465 231 641
57 97 81
681 665 249
882 264 261
928 129 481
755 121 682
153 245 786
553 396 891
558 437 514
787 31 1
171 610 587
480 515 693
226 752 491
501 589 393
605 862 521
876 561 76
482 261 760
161 857 231
201 740 428
869 844 253
143 251 543
425 233 133
64 761 767
222 501 721
647 751 201
255 711 654
849 929 112
631 826 601
971 758 132
583 20 501
956 755 129
973 420 546
190 601 195
507 460 161
80 353 771
200 611 57
311 577 889
265 406 257
368 320 589
119 350 361
121 666 147
75 101 318
807 676 391
681 121 176
451 751 629
421 658 661
965 509 209
988 541 943
50 35 891
146 750 377
820 556 361
209 977 245
153 26 701
401 864 685
887 461 328
700 947 701
857 755 173
711 515 728
566 453 139
890 735 271
936 21 256
753 151 191
383 321 83
681 813 242
291 129 669
281 157 540
603 166 21
67 633 851
26 201 151
697 999 26
811 193 349
564 256 187
217 867 241
31 690 251
972 991 251
258 551 180
201 299 215
1 813 581
937 654 209
479 700 305
949 281 976
449 30 121
505 894 505
337 923 93
271 108 1
521 901 299
586 366 571
378 556 129
51 961 281
895 195 577
384 38 516
65 787 713
426 599 316
436 470 667
890 531 93
375 13 283
805 670 814
901 529 729
107 776 634
553 41 993
247 449 363
267 391 793
323 76 881
47 785 641
185 688 461
579 225 803
561 723 346
281 386 773
449 1 426
432 673 921
169 91 1
501 995 921
413 457 825
4 654 139
420 705 272
247 41 903
881 473 373
265 336 897
177 321 111
489 809 400
833 201 610
476 573 361
2 206 105
481 393 861
905 281 214
859 121 101
885 221 476
851 829 251
13 793 871
893 99 265
838 393 461
364 817 238
393 195 751
485 533 559
417 516 966
641 76 252
247 868 996
501 169 497
393 756 597
761 13 726
213 785 799
601 817 339
94 557 81
337 305 496
976 969 403
925 652 261
476 701 327
281 127 603
693 676 476
681 379 981
921 247 495
513 687 143
809 102 473
495 911 579
689 352 829
156 787 31
346 290 240
81 877 493
122 531 981
311 557 793
723 336 141
502 921 101
311 349 211
401 459 841
741 591 421
803 701 241
997 929 73
417 349 929
741 980 853
211 931 258
726 251 104
165 936 556
908 253 801
776 401 705
477 901 991
441 843 165
3 269 449
236 106 141
476 381 531
857 289 667
296 461 641
692 8 331
161 631 314
677 637 438
713 361 441
777 183 289
95 962 833
385 958 619
987 946 217
191 441 273
457 505 276
26 427 259
396 17 649
86 167 503
841 19 85
701 161 825
637 7 743
595 601 57
389 251 366
288 636 917
129 691 517
651 228 44
33 859 461
701 751 105
181 905 76
545 838 373
316 849 337
610 352 731
399 447 145
1 63 911
302 413 821
309 949 855
765 419 377
661 517 364
873 951 554
591 601 518
347 376 561
681 214 909
841 541 533
126 651 681
781 1 572
671 901 793
952 530 143
465 56 171
995 241 82
609 461 853
453 113 767
773 101 725
831 769 281
99 89 991
306 795 211
523 136 701
877 45 647
533 169 437
61 237 985
985 377 580
381 194 461
896 768 894
401 989 53
809 469 905
780 707 973
46 314 675
576 986 491
457 105 266
856 809 193
195 627 567
861 217 280
351 929 3
705 709 121
854 753 814
777 578 769
502 303 45
459 160 241
56 681 447
959 849 435
677 240 521
734 395 851
281 777 180
981 485 201
641 955 967
391 183 481
521 286 772
568 319 381
249 788 501
741 425 467
462 621 414
151 1 355
580 395 301
519 969 166
309 401 497
513 428 561
389 801 124
49 761 633
497 961 425
849 530 689
236 393 95
111 661 701
261 949 431
996 85 310
881 34 793
815 481 164
737 44 20
933 411 395
246 101 581
409 854 340
126 251 616
253 198 551
631 62 621
923 889 443
881 209 227
9 651 629
401 73 184
583 226 889
121 735 577
861 446 221
697 187 41
897 97 571
561 57 169
34 601 297
79 246 841
745 179 510
491 429 500
761 286 116
211 51 570
116 555 641
997 505 393
348 311 155
641 881 938
198 25 206
469 864 967
439 125 829
937 773 961
31 461 309
591 479 941
740 430 297
371 833 476
453 665 75
305 421 661
185 862 641
687 833 189
377 549 310
82 149 161
69 169 1
926 330 797
405 369 298
669 549 673
606 985 673
356 960 426
593 474 751
858 863 161
141 805 141
601 368 725
209 797 821
936 120 161
597 671 329
254 597 57
228 1 849
351 189 883
183 636 341
729 947 81
244 979 621
784 531 636
751 905 471
349 757 450
190 899 33
739 665 801
311 401 71
53 892 561
297 815 956
441 463 851
797 46 242
125 657 457
625 101 966
621 569 981
965 181 840
385 834 681
85 537 551
729 513 120
49 511 669
997 39 81
473 177 801
25 518 257
945 542 266
234 961 525
681 92 781
129 795 739
457 992 526
445 47 696
125 432 697
703 465 111
36 710 85
563 553 6
291 269 319
616 331 814
217 44 81
426 696 601
549 629 21
249 773 801
465 806 28
96 721 657
981 321 201
666 473 111
713 176 1
611 301 777
297 161 876
777 239 406
413 541 889
987 882 53
27 821 808
780 281 17
571 922 540
641 836 247
1 329 518
226 317 119
753 31 785
522 52 97
54 362 815
330 49 909
9 531 553
209 622 961
491 5 883
778 291 283
961 148 477
902 801 206
619 85 689
233 821 699
591 977 345
371 855 285
436 703 291
551 825 223
80 153 353
473 691 661
161 474 472
591 501 269
736 130 729
432 488 860
911 67 171
231 531 470
547 681 881
846 476 683
61 33 896
11 551 917
226 691 329
607 753 97
161 494 325
49 257 193
369 915 940
677 281 961
171 857 343
181 101 729
772 761 697
391 93 421
433 225 337
983 88 557
468 889 36
644 885 366
577 481 3
825 391 217
321 151 679
797 222 553
961 233 319
816 651 481
724 205 586
151 611 681
753 306 369
297 817 425
321 157 593
232 803 531
896 213 421
367 585 951
794 497 201
721 870 761
1 757 81
98 816 571
960 157 801
376 731 563
758 961 921
46 81 681
1 40 389
320 524 827
620 849 657
513 61 369
277 548 89
921 122 35
854 341 894
809 35 941
71 810 773
791 426 908
762 158 401
330 399 951
675 919 336
325 846 123
368 909 399
558 830 521
793 689 426
788 421 261
500 841 124
681 457 587
6 338 135
682 469 617
1 835 659
742 505 753
835 261 766
981 601 761
101 929 301
353 926 586
365 641 901
693 151 896
205 205 91
366 612 829
112 701 951
238 308 993
105 801 163
451 571 609
173 187 177
258 869 705
251 826 795
4 45 55
67 993 345
299 489 154
963 919 951
225 119 169
17 71 910
423 483 321
401 461 401
361 689 537
191 962 263
791 250 370
331 404 563
991 917 381
302 673 671
312 62 985
261 81 561
312 534 681
931 65 238
991 367 881
341 948 933
577 916 497
239 632 640
681 676 201
200 601 396
510 341 976
45 354 475
89 1 165
729 116 153
273 420 161
181 561 217
441 433 801
921 89 605
301 623 331
475 139 929
979 521 353
881 881 217
715 709 51
877 811 511
86 641 268
105 951 381
796 701 361
233 589 917
541 87 421
507 566 71
353 838 625
974 958 102
1 913 921
121 437 895
281 817 495
164 248 927
237 27 1
703 625 92
640 577 983
153 59 946
211 149 557
17 656 266
48 391 673
451 629 746
483 510 930
841 961 1
37 717 863
252 501 728
153 849 626
565 271 511
995 756 465
636 161 225
398 465 258
789 321 356
566 913 392
429 33 211
312 185 461
429 151 734
913 707 833
581 377 460
25 383 285
785 749 29
921 363 541
711 998 353
488 471 679
811 145 78
608 970 16
265 817 329
707 519 201
251 874 97
81 777 588
857 637 421
60 839 77
781 501 693
802 7 723
369 446 495
225 8 143
489 417 509
181 714 105
483 41 25
207 869 81
529 425 467
696 513 461
725 841 9
254 519 313
673 649 276
201 25 341
749 11 993
578 393 267
313 821 921
131 611 368
409 271 451
861 785 993
613 359 116
129 116 272
216 231 145
149 153 762
449 575 737
821 50 691
486 214 201
361 655 196
341 485 697
889 731 535
596 679 612
131 669 933
881 327 713
925 21 15
587 881 953
362 289 155
831 121 826
346 49 565
489 601 846
861 582 508
985 769 194
458 739 675
723 21 926
291 41 134
591 908 537
930 414 582
266 221 323
125 665 739
705 81 668
872 749 921
701 494 485
890 380 731
746 273 531
860 469 385
319 148 511
253 159 420
859 665 952
348 583 405
702 982 11
665 681 611
165 343 601
128 549 591
448 791 861
209 636 107
857 317 949
157 931 911
894 639 401
298 863 769
692 957 217
873 495 191
239 866 913
870 535 845
253 901 472
896 465 289
787 126 987
940 696 110
673 393 577
170 862 597
513 554 501
631 268 4
446 957 637
681 581 851
122 535 804
751 955 905
617 290 51
601 993 593
677 946 116
806 258 801
313 810 287
387 199 825
801 651 261
901 801 435
85 119 451
741 845 286
676 641 85
189 303 961
440 337 691
281 382 1
921 701 481
437 29 537
945 151 569
295 101 861
321 759 929
607 261 817
86 956 855
601 141 189
116 601 281
721 7 111
39 517 546
321 951 926
161 823 141
607 205 509
297 945 401
329 479 922
225 657 749
111 241 217
536 818 231
293 761 77
640 953 936
925 304 235
839 531 641
264 953 745
317 791 404
161 427 704
59 429 125
175 511 373
225 669 421
856 735 873
103 205 239
950 64 185
141 873 491
521 753 720
533 51 541
699 852 481
593 586 697
729 585 21
181 123 491
375 978 331
713 752 852
820 721 464
721 563 939
71 864 751
341 181 751
429 639 96
179 182 341
203 597 365
100 763 740
851 309 137
261 673 756
479 241 273
501 917 537
255 889 296
721 297 299
151 447 351
81 765 456
551 164 421
