3252
569 354 151
1 591 467
57 993 708
350 837 931
123 793 442
613 881 593
701 89 561
261 515 191
356 481 93
669 216 771
103 593 201
543 721 389
905 86 256
803 441 61
849 1 562
817 141 526
413 761 781
361 11 178
361 539 481
286 26 941
738 764 744
476 341 518
888 241 824
49 280 324
361 157 676
951 801 729
889 315 501
911 257 46
947 132 707
481 197 553
697 880 851
739 735 998
157 817 623
969 286 641
900 225 672
917 524 139
559 937 560
715 781 302
981 241 801
181 378 417
201 225 706
105 1 53
901 181 137
231 366 937
336 281 617
241 341 298
269 521 804
979 641 385
432 377 611
552 93 793
825 201 57
901 928 334
457 669 745
511 577 443
507 53 791
989 414 111
647 675 80
636 825 801
21 257 939
241 781 417
291 703 660
839 307 497
681 445 431
1 925 21
555 967 821
541 949 237
241 941 291
141 625 662
705 453 431
742 786 929
369 325 741
537 717 25
899 251 490
361 754 16
551 131 585
277 609 141
357 624 263
491 185 991
352 16 211
510 49 561
101 771 911
975 449 575
944 111 699
99 419 755
331 845 403
126 937 331
163 781 137
85 549 73
726 366 569
131 401 545
161 64 617
437 271 705
145 526 35
921 237 561
591 697 81
331 229 901
274 585 144
510 787 246
817 451 290
727 431 391
100 801 846
423 217 497
329 541 969
281 194 63
171 677 799
356 561 349
569 169 209
161 337 525
699 509 681
673 297 681
321 348 657
446 65 545
393 761 591
126 21 131
821 463 441
346 111 907
105 149 885
936 520 729
283 105 741
881 822 362
451 215 961
777 574 283
700 473 925
396 269 736
488 149 97
585 801 485
545 309 667
16 705 751
818 896 885
432 209 497
971 933 256
130 535 995
801 757 257
161 20 355
201 311 677
596 421 871
163 297 401
931 641 967
328 230 760
905 45 480
501 641 391
519 409 913
201 402 417
326 913 615
117 145 193
776 814 16
113 980 619
151 932 416
174 737 689
641 981 893
657 816 717
697 569 402
189 77 961
329 413 451
993 72 493
89 555 345
251 61 661
459 648 784
432 531 333
725 985 81
303 97 896
993 501 740
276 811 641
41 269 39
857 421 295
674 767 314
63 488 169
317 556 193
125 267 841
161 280 853
201 17 213
596 953 53
750 629 326
552 665 759
773 937 721
325 157 431
9 134 201
855 329 613
995 339 946
401 277 19
774 351 781
888 235 64
601 191 343
389 395 269
351 679 171
545 411 919
755 525 857
201 981 379
141 122 522
424 55 491
905 204 111
146 321 865
480 503 316
671 81 89
169 576 1
401 425 187
701 555 946
301 707 359
373 891 979
113 959 693
853 21 591
937 901 376
650 157 281
610 697 376
206 227 201
109 759 977
393 395 137
323 489 411
419 769 101
392 84 167
633 993 257
566 705 441
677 715 717
53 751 113
102 261 876
297 361 851
90 95 330
387 717 996
509 612 685
621 903 141
219 313 709
933 681 212
265 91 266
146 626 379
959 273 89
771 104 3
297 17 613
381 411 47
670 980 536
119 781 897
517 319 574
327 531 956
336 298 511
109 693 62
497 13 637
297 71 265
111 498 840
433 769 411
781 801 732
556 846 653
751 620 261
955 615 531
611 861 481
27 601 925
265 779 387
171 821 453
89 942 857
147 577 901
557 403 585
938 989 541
913 729 355
876 823 513
921 229 251
489 356 491
385 366 85
482 61 893
63 961 65
973 717 805
929 889 380
539 268 95
577 851 401
841 623 123
371 473 157
942 761 781
897 478 968
983 469 425
585 106 647
475 524 816
797 647 437
25 223 465
821 391 841
369 331 900
701 841 409
271 729 917
937 576 756
97 189 841
591 589 45
913 641 165
817 111 442
734 669 977
249 256 406
669 516 657
706 581 273
65 19 836
631 926 587
787 206 283
179 823 140
651 224 889
225 791 345
301 841 729
529 34 76
403 845 361
389 290 331
976 711 334
597 327 232
404 843 785
387 589 236
706 472 521
719 277 721
501 49 965
441 793 861
731 193 51
183 329 971
461 321 715
967 301 245
586 19 709
441 859 737
681 241 801
480 7 985
681 421 781
255 121 497
73 231 621
69 827 502
816 16 201
263 453 492
561 513 214
406 741 917
68 453 481
345 754 549
852 993 420
109 293 359
15 241 257
627 181 843
456 903 161
621 441 231
317 241 251
711 745 512
1 993 223
691 893 225
44 119 888
1 813 33
77 180 379
631 101 741
625 611 624
433 681 106
744 516 333
247 651 151
961 193 461
558 345 582
313 591 534
587 653 826
801 326 501
259 876 319
701 728 900
942 176 255
437 670 706
377 469 781
275 841 701
829 689 553
135 327 917
199 754 589
206 401 257
1 626 761
497 510 681
271 852 914
845 71 797
1 146 441
286 876 717
501 658 319
887 468 408
841 572 461
166 447 45
817 931 983
404 384 80
381 501 721
636 249 248
616 335 962
693 393 177
677 345 976
216 188 901
781 745 811
801 235 129
230 585 999
587 881 376
922 578 1
319 881 377
981 713 496
103 925 347
217 637 825
980 78 11
47 641 137
513 618 929
962 621 411
741 909 695
95 841 555
241 449 345
826 213 392
676 601 447
82 233 600
93 329 113
398 906 411
887 389 81
22 985 948
381 779 761
252 281 502
635 271 225
836 655 37
747 891 638
411 561 107
907 930 186
308 65 93
726 881 317
633 876 41
899 966 657
911 891 961
23 927 135
825 721 876
973 963 291
205 653 770
289 209 757
696 510 241
407 401 202
440 528 501
313 89 198
34 911 193
361 985 501
940 281 353
905 791 671
951 159 201
764 387 113
81 413 616
251 201 626
362 1 443
143 686 17
783 10 182
683 8 956
333 166 721
777 671 933
464 287 701
137 681 880
737 1 341
385 220 556
979 430 85
184 741 457
103 537 641
329 513 865
345 667 19
285 443 153
480 743 311
787 228 121
169 585 489
581 434 776
387 369 28
601 761 797
772 321 216
912 241 841
5 313 901
761 365 259
534 329 913
81 581 561
416 217 521
395 901 139
921 585 136
877 803 781
732 581 844
286 814 591
559 264 281
951 793 31
738 132 491
49 741 381
907 389 201
943 221 249
238 126 15
1 203 145
33 41 54
67 49 424
112 9 233
921 689 552
717 293 902
501 89 501
731 621 403
985 101 969
855 860 401
899 736 601
703 607 51
991 102 857
457 107 37
503 881 637
187 341 794
386 427 601
501 776 297
561 273 101
550 603 633
726 5 57
621 641 465
821 21 965
785 481 81
719 942 836
481 489 592
265 647 438
777 593 25
242 905 461
41 521 785
371 577 565
55 433 393
834 625 109
371 576 217
674 976 793
2 35 34
313 783 433
357 433 65
66 801 406
528 611 642
454 969 191
515 331 135
153 931 681
785 327 377
971 770 257
858 825 849
289 721 755
311 736 841
58 927 441
739 346 181
117 561 271
429 296 127
545 501 8
859 951 887
321 769 277
401 332 553
148 123 491
136 368 821
845 711 369
697 708 722
241 519 766
215 524 291
704 853 443
693 376 275
837 720 969
943 857 249
761 816 965
201 701 705
305 963 201
763 151 697
123 789 646
652 541 521
253 161 208
785 531 217
269 551 926
173 913 94
771 176 101
764 837 398
381 553 213
457 381 768
667 265 857
813 783 898
299 769 429
726 835 400
417 545 928
726 264 561
646 535 225
246 641 653
1 884 481
71 563 927
301 311 185
743 525 461
453 573 224
506 785 796
478 385 97
242 905 789
401 158 649
801 481 726
869 741 401
653 517 847
378 53 397
756 261 45
233 489 105
837 996 39
929 581 341
971 503 501
895 377 190
301 233 725
521 57 15
1 677 782
821 257 88
73 101 901
627 24 781
672 853 606
408 145 121
841 701 451
658 533 25
809 293 73
533 81 997
401 695 312
61 631 125
813 677 741
239 337 257
47 184 817
511 561 325
561 806 896
81 501 277
127 421 265
261 411 391
86 901 170
521 18 261
851 129 513
493 613 313
641 953 826
17 508 241
5 9 356
991 577 833
671 665 560
867 317 248
682 697 372
737 901 711
531 249 883
65 827 871
684 629 385
705 444 346
89 901 173
441 633 744
226 433 867
681 858 278
327 851 269
24 351 777
345 491 332
232 835 753
818 303 159
881 643 108
971 815 59
369 121 213
551 185 46
886 9 750
111 199 91
45 867 410
22 25 596
831 273 159
11 534 159
1 201 240
966 881 217
91 801 105
281 364 347
969 667 369
93 511 203
897 233 75
779 604 514
505 126 271
233 553 585
121 621 286
343 199 435
985 640 639
165 476 353
182 41 57
386 501 75
105 901 532
435 832 59
596 593 551
230 719 701
514 112 284
801 71 15
686 185 17
461 668 833
791 451 393
199 921 587
801 774 345
15 737 238
116 501 159
998 401 553
795 701 934
577 257 777
965 833 529
827 817 949
64 513 811
507 697 246
121 112 561
149 770 585
441 688 471
681 903 221
45 937 965
565 458 811
373 516 305
161 697 314
649 126 713
965 115 524
310 882 894
962 909 853
6 143 377
37 309 505
676 398 671
746 49 513
27 229 761
1 51 9
653 577 429
85 799 951
480 607 465
351 711 101
76 921 529
798 809 825
821 361 701
448 526 953
286 443 720
896 177 413
29 58 361
281 725 94
931 826 276
710 148 588
996 417 20
809 121 437
239 501 73
534 71 282
401 249 805
401 513 905
517 432 95
913 216 101
989 796 901
811 181 496
351 839 385
835 405 193
238 596 897
296 717 475
344 46 507
128 737 797
619 233 446
238 202 153
55 529 123
121 441 768
290 946 503
951 301 560
49 977 401
276 886 981
787 476 677
850 17 766
783 831 437
306 209 544
833 477 991
89 856 326
370 202 715
31 253 986
601 789 14
451 269 327
679 361 287
169 951 585
281 734 513
421 173 336
528 508 801
889 731 969
741 25 502
889 321 507
71 497 249
461 307 971
61 441 901
515 901 201
938 214 521
697 829 3
41 328 773
836 489 542
596 966 801
639 25 817
941 169 207
141 65 923
927 753 511
826 273 855
213 201 71
593 580 1
124 961 333
157 193 933
317 938 743
369 895 568
601 603 89
681 665 519
542 73 811
846 453 957
287 786 856
971 629 811
379 330 581
275 816 701
33 959 661
302 41 1
425 705 757
627 37 931
897 31 753
109 297 477
477 313 560
366 157 647
576 837 151
109 726 86
469 573 601
161 433 361
675 798 25
985 345 795
1 945 841
281 352 961
881 189 71
605 476 881
411 163 145
994 489 521
117 843 231
265 401 631
660 179 323
221 114 205
497 252 201
705 16 160
457 769 926
233 161 85
211 402 779
853 641 441
517 556 441
681 801 613
430 19 727
861 301 293
604 53 777
33 625 285
898 741 945
629 851 131
199 673 991
205 499 369
567 107 553
518 247 661
771 426 489
805 255 163
249 959 542
941 396 917
255 231 461
832 151 361
217 161 825
19 821 826
473 671 225
199 141 117
624 586 7
915 884 247
260 893 235
345 801 361
761 406 831
685 255 261
1 65 311
860 95 561
973 543 383
499 73 974
905 1 407
105 769 741
345 839 911
988 531 375
477 976 897
867 887 817
161 438 9
570 671 451
601 760 251
603 257 846
11 567 759
785 181 293
546 321 821
977 206 133
665 340 601
849 789 901
435 408 663
975 235 621
422 348 831
977 601 265
886 850 217
255 597 458
5 61 761
736 473 854
857 105 518
545 857 585
727 41 271
609 386 977
137 182 885
875 201 57
575 951 1
491 931 63
871 749 193
966 729 301
313 761 78
53 271 692
957 712 605
71 274 22
969 400 827
61 128 361
490 495 965
402 824 403
959 169 973
705 83 85
751 338 861
271 905 356
151 426 240
486 97 705
328 860 685
265 781 739
321 881 185
153 474 633
301 826 831
331 737 323
486 653 625
153 566 772
411 73 891
257 173 369
691 709 548
954 753 441
391 717 951
821 236 881
123 903 785
607 366 967
777 6 175
243 226 489
777 106 772
941 594 51
559 179 993
889 153 65
265 801 71
185 766 101
497 513 236
44 775 757
813 45 701
347 868 634
820 295 880
878 227 287
329 373 369
211 781 805
773 801 305
431 282 149
461 598 617
479 721 953
257 719 981
857 521 553
835 391 699
89 389 11
467 941 674
977 579 577
821 631 681
715 725 865
285 249 321
733 669 881
569 17 226
645 851 271
571 691 545
386 89 33
73 873 821
65 756 898
324 430 316
973 487 551
273 881 97
249 969 511
33 501 311
115 177 767
381 792 951
18 540 684
876 980 707
189 909 585
561 145 369
681 435 886
569 170 925
526 281 13
861 17 41
148 126 269
345 101 321
101 806 335
551 598 455
789 771 331
420 776 722
415 702 395
733 913 489
277 985 917
777 141 585
935 882 530
673 951 849
481 989 585
457 793 744
850 913 551
401 129 925
433 606 127
445 940 896
401 891 193
85 425 841
361 806 457
155 821 945
829 6 471
338 271 137
9 871 389
536 221 151
705 273 486
601 377 387
751 406 493
957 369 673
566 372 487
565 625 416
305 982 262
864 361 535
572 769 510
660 817 601
977 241 441
739 769 611
197 261 151
891 365 43
461 505 460
743 1 613
455 33 651
939 369 831
124 824 535
259 921 493
146 641 239
913 745 765
701 989 1
95 961 904
982 732 431
296 563 530
420 549 477
981 869 297
385 75 330
336 49 565
121 501 201
903 671 81
969 16 563
961 6 771
243 711 472
826 967 376
603 377 417
504 81 773
425 110 5
927 21 657
93 824 581
71 685 39
777 35 826
287 339 651
39 575 143
3 844 326
145 201 155
689 869 350
11 121 84
784 161 781
152 184 296
811 762 276
712 393 915
379 847 130
376 401 236
916 785 814
701 226 773
109 325 441
661 391 101
630 70 984
809 692 24
843 215 425
41 857 937
159 409 781
956 585 531
1 102 45
371 1 235
563 966 979
431 21 138
753 161 451
948 91 883
87 421 137
531 809 337
733 378 809
669 453 595
254 73 481
641 25 721
646 286 494
912 429 706
277 990 101
801 547 120
955 761 216
644 159 489
183 895 413
729 489 713
941 423 359
380 819 761
845 565 128
582 197 962
841 709 56
521 453 241
911 67 929
761 826 601
505 404 457
726 801 377
361 283 833
721 471 495
244 899 881
781 714 859
91 651 126
513 886 306
246 681 210
28 322 921
276 396 181
221 177 503
971 631 696
473 543 201
913 983 944
235 426 16
534 421 279
471 418 721
730 253 959
161 229 551
170 102 76
41 661 321
441 121 457
5 384 969
101 662 745
479 563 211
150 547 171
137 99 709
783 447 461
533 761 707
985 666 499
388 33 676
9 139 881
639 753 553
751 975 661
543 481 247
501 733 329
833 449 457
841 541 798
165 609 994
581 128 341
535 687 621
885 829 101
440 549 311
739 860 665
174 491 149
225 374 36
631 306 297
211 253 31
234 801 966
426 161 539
847 366 89
417 537 679
29 753 481
661 19 941
201 441 513
447 106 255
153 901 135
763 761 192
626 977 481
752 691 921
519 411 743
917 809 17
145 177 93
374 507 49
697 458 250
946 556 81
311 51 97
851 386 135
991 153 807
601 961 119
461 601 20
654 665 21
975 50 156
145 161 651
141 393 749
816 621 71
515 523 513
554 281 545
176 93 186
733 581 425
973 265 51
36 580 881
295 601 667
193 389 43
518 601 249
697 921 313
481 251 921
401 813 873
946 777 316
537 275 951
210 608 859
653 577 62
351 729 21
466 421 421
839 966 841
281 240 651
733 298 559
33 635 541
741 71 968
477 84 989
354 119 57
381 97 217
880 21 86
251 606 491
115 251 823
129 989 73
353 889 345
14 673 351
729 681 271
485 835 47
81 856 73
611 644 481
413 247 988
385 261 532
429 25 140
801 849 801
445 150 466
921 777 537
401 113 955
359 463 148
531 43 949
215 891 635
573 485 459
252 953 813
779 126 689
315 513 138
154 463 671
553 585 151
47 731 448
113 294 451
51 897 897
13 897 71
673 713 200
516 321 861
101 794 673
745 961 901
741 5 894
991 978 376
801 886 701
65 113 566
61 249 113
43 163 141
233 926 161
527 761 840
86 961 465
459 377 391
977 772 667
485 601 911
709 581 211
153 529 826
191 637 845
661 76 805
760 157 629
369 863 87
881 939 513
672 506 489
937 857 854
405 837 969
154 193 9
401 489 567
107 437 865
766 134 217
646 89 41
48 726 425
744 217 909
122 810 2
161 433 443
733 921 363
483 577 437
771 271 617
1 393 569
437 303 871
304 310 263
446 571 449
421 969 41
403 1 869
661 625 651
414 141 33
987 717 809
865 858 321
686 661 892
221 131 905
631 611 419
995 88 880
521 654 81
77 829 865
145 73 600
157 801 7
757 161 911
647 198 208
35 435 931
749 721 233
761 147 411
461 902 406
632 59 693
445 961 561
847 168 71
929 887 241
313 801 411
1 421 693
77 838 165
449 75 775
554 836 635
82 137 117
178 793 729
745 567 577
137 171 481
595 393 765
651 601 807
627 708 289
353 17 947
612 201 606
145 954 513
251 359 523
761 795 73
570 977 73
101 911 476
525 906 77
201 41 746
962 553 914
326 985 197
481 875 649
145 299 305
363 9 979
103 836 521
341 609 995
821 502 596
521 497 31
737 305 265
263 757 885
93 177 115
909 165 919
770 673 778
256 846 369
501 601 385
683 25 962
729 978 913
297 789 188
657 149 769
324 649 77
563 93 445
449 3 510
817 84 235
168 9 987
381 141 483
385 505 129
481 937 886
391 29 901
758 243 307
325 287 486
904 971 441
515 753 51
693 39 671
517 263 557
935 121 756
365 569 817
57 601 286
481 36 526
554 883 837
377 139 760
739 173 122
105 209 801
471 846 561
164 177 737
713 581 664
725 785 636
577 173 561
281 148 825
995 305 821
769 161 75
626 3 716
5 385 281
681 305 636
721 217 137
271 877 411
634 453 933
617 449 777
857 297 951
176 621 7
798 905 207
877 240 821
697 805 401
757 961 3
649 960 333
92 624 306
420 849 43
241 466 681
965 391 267
773 459 281
724 721 632
63 889 285
51 249 537
217 981 626
441 189 407
877 561 617
582 28 167
216 217 363
833 161 251
889 477 391
929 981 406
11 450 294
207 468 801
371 261 751
966 689 185
973 101 100
674 791 475
99 916 6
433 151 197
73 753 163
651 977 751
956 711 41
942 389 1
261 248 633
421 351 77
811 666 574
223 891 791
581 285 909
601 703 49
651 25 563
40 301 413
401 821 249
441 767 266
185 368 761
321 37 626
267 565 784
52 351 461
331 741 417
403 147 540
477 738 11
165 121 341
521 225 847
451 641 902
93 633 16
87 963 153
588 776 354
996 65 944
239 281 588
5 501 251
801 217 77
41 110 189
413 868 221
801 481 713
558 272 953
526 501 793
609 83 13
670 222 631
67 881 249
613 129 581
793 241 861
616 176 929
693 965 137
911 507 401
47 599 221
361 276 773
651 919 9
323 944 931
823 694 46
71 996 405
149 595 103
848 38 750
385 61 593
751 507 831
537 697 193
13 956 71
445 526 797
757 61 505
121 117 305
121 177 851
529 128 510
761 457 1
831 412 74
151 153 761
481 421 737
231 167 633
585 609 121
452 170 574
793 749 207
31 609 626
397 933 201
501 890 751
581 661 851
920 754 794
105 725 961
393 781 727
927 151 401
381 165 162
361 914 537
294 57 193
461 860 453
737 290 841
433 883 521
711 737 540
887 649 741
888 701 261
849 430 419
317 27 336
20 630 356
151 907 31
893 155 265
556 831 641
689 21 227
453 887 503
563 461 877
381 391 657
553 110 416
73 833 561
801 301 665
386 577 123
162 53 921
256 483 833
593 837 645
591 803 737
373 295 398
341 321 193
751 676 186
537 663 269
301 333 501
373 939 993
133 956 613
463 750 159
801 417 793
129 879 831
937 455 609
569 961 537
461 751 881
746 563 27
161 633 641
461 921 321
786 14 11
415 226 426
845 435 801
425 985 145
508 374 762
789 842 56
751 696 802
41 663 491
593 9 677
31 701 81
637 859 85
201 1 831
572 977 551
69 951 893
261 464 185
626 59 592
695 1 297
326 901 924
926 564 703
194 936 517
201 681 663
685 136 326
601 665 809
570 533 909
876 201 713
202 657 335
581 701 229
340 69 191
536 299 544
27 926 766
897 136 161
36 293 720
871 544 527
855 609 620
333 568 239
41 417 601
79 3 441
385 155 718
63 460 841
103 485 805
755 761 785
571 71 679
791 353 733
714 541 633
231 527 31
65 450 637
678 9 305
705 935 451
707 66 61
451 921 281
377 505 585
364 15 853
317 774 651
25 791 46
597 284 441
850 311 651
380 466 745
725 822 268
761 385 436
515 601 501
581 951 645
501 457 401
848 313 545
289 341 515
1 394 281
925 324 157
201 243 441
685 963 334
69 729 160
464 644 101
856 461 62
901 184 965
901 85 635
195 901 313
257 349 637
305 109 19
545 753 689
233 617 481
817 363 953
75 651 746
973 441 405
575 1 161
109 289 801
609 265 513
497 565 107
61 618 6
405 629 153
753 169 84
108 813 187
897 939 523
43 869 779
25 689 949
969 1 677
926 633 235
623 969 657
13 689 610
357 101 331
994 870 723
41 845 721
767 91 789
352 867 186
436 606 636
541 261 566
567 659 721
106 883 296
57 273 713
129 774 61
598 601 820
436 17 326
561 871 892
476 449 851
679 246 228
997 377 666
943 505 309
819 35 51
613 899 621
742 787 361
11 621 588
336 431 501
727 507 137
62 369 356
264 431 496
977 301 261
389 224 519
957 491 274
927 680 561
665 293 55
851 821 439
248 811 569
31 245 672
91 436 663
869 605 784
842 905 585
571 745 785
863 821 373
361 478 761
556 557 381
681 8 113
261 580 559
510 906 1
839 297 206
15 470 71
3 125 693
915 476 73
491 865 635
483 927 841
961 875 589
7 441 233
761 329 51
121 298 954
5 289 561
473 519 481
944 23 374
553 311 240
201 336 351
437 523 926
985 557 194
151 21 857
577 217 441
710 885 277
501 73 313
701 366 407
17 56 881
105 574 217
876 826 231
722 270 211
59 21 421
958 941 491
465 126 665
625 953 821
805 561 681
621 967 838
889 904 693
21 838 410
701 660 147
685 289 421
496 292 245
37 717 329
986 425 536
293 401 311
169 196 513
625 697 841
769 425 537
240 683 306
1 519 605
955 441 851
393 288 581
185 134 671
481 285 359
753 890 885
823 785 825
489 363 921
241 446 20
591 175 509
901 846 885
130 833 815
151 341 305
516 369 851
320 394 753
31 631 857
568 941 65
821 46 393
181 633 643
72 729 969
37 113 240
599 720 481
257 701 329
203 223 113
48 35 21
481 276 343
419 390 993
801 841 969
191 896 379
535 684 819
8 640 625
361 1 18
183 839 751
631 893 418
821 796 827
450 337 43
885 797 235
761 251 105
28 406 180
129 141 89
567 550 121
643 983 341
512 929 837
129 138 372
334 593 601
217 50 301
965 41 901
252 746 200
765 740 385
905 901 53
281 47 107
730 576 693
513 317 810
247 391 111
489 577 211
197 876 312
955 743 966
982 497 953
561 926 891
842 830 875
965 902 481
551 131 993
566 506 657
29 663 391
101 581 503
946 1 361
526 826 671
927 177 887
639 404 951
29 861 664
826 665 801
640 127 207
761 677 481
173 572 21
109 49 673
805 34 319
357 41 756
388 771 321
875 151 76
891 252 715
439 164 313
233 857 901
17 314 593
941 780 969
947 69 681
167 169 553
737 401 732
585 177 236
393 416 491
795 301 129
929 201 751
200 479 761
821 616 246
6 939 6
63 871 345
833 995 208
844 97 411
893 189 601
743 572 252
866 941 170
821 11 777
642 281 303
621 556 526
451 81 786
759 260 751
76 417 921
626 373 585
26 881 497
941 254 65
69 435 619
661 711 35
105 723 49
501 136 382
571 311 616
881 281 155
475 291 239
467 601 189
851 211 377
500 671 394
191 613 361
571 973 765
855 533 209
241 873 911
753 960 7
376 313 501
191 121 702
775 551 101
341 421 286
616 81 697
693 97 541
161 961 953
211 309 121
917 902 639
821 645 105
834 401 409
171 453 911
921 378 501
448 946 81
445 873 726
519 631 281
545 837 289
400 361 715
16 521 481
213 601 951
309 761 566
693 489 585
197 481 581
209 951 901
601 696 657
889 497 219
657 797 208
689 233 117
408 213 611
461 601 867
990 981 899
161 330 561
201 848 756
978 541 757
202 889 778
459 991 825
561 565 101
107 481 641
345 551 425
544 641 331
946 784 1
76 886 387
433 421 673
835 57 835
201 249 910
776 256 94
641 377 527
837 401 531
745 703 355
499 405 841
691 653 121
369 209 139
51 2 630
761 745 7
886 19 1
678 987 985
327 241 366
121 219 979
69 531 801
552 899 964
857 321 274
1 452 309
829 827 229
231 697 31
294 133 553
45 677 240
745 366 914
641 697 205
918 908 261
257 939 721
891 237 469
701 268 297
753 441 593
5 873 883
230 685 799
533 585 556
790 851 801
175 101 185
320 792 101
785 787 873
113 853 894
265 796 986
891 721 468
75 489 820
42 720 209
551 108 67
87 489 243
734 169 518
967 385 582
587 367 402
601 746 101
513 841 631
905 971 337
738 559 917
195 801 959
183 90 413
621 815 641
41 780 786
27 25 333
152 667 209
376 636 89
584 497 895
45 979 601
457 491 761
206 321 789
69 191 961
465 665 197
976 817 684
121 433 851
429 619 175
485 11 791
174 120 764
865 101 670
177 449 114
653 376 751
806 305 170
348 917 181
161 313 731
216 813 1
677 523 465
297 729 321
919 385 185
285 401 343
374 1 751
467 431 573
537 751 901
277 61 321
505 851 941
521 826 629
81 609 909
809 533 529
635 373 145
825 704 993
969 432 306
628 281 81
628 942 237
198 281 974
884 889 585
686 521 469
606 350 503
937 726 201
521 376 644
513 190 785
864 585 61
192 671 433
863 202 122
656 201 931
703 860 161
349 243 567
691 486 305
141 66 282
892 770 689
368 151 201
529 55 771
370 350 491
765 251 84
313 57 735
233 883 901
445 331 881
433 305 409
367 413 985
929 1 539
275 841 11
81 233 58
319 391 519
131 698 401
921 929 566
713 821 641
391 516 9
451 825 743
739 878 816
489 695 509
771 886 320
285 397 832
1 785 767
437 251 601
111 24 699
222 589 989
231 58 605
616 553 97
286 765 706
873 953 586
637 713 661
859 273 907
99 751 146
946 721 569
300 311 555
361 66 463
84 217 102
649 496 921
596 201 689
231 995 953
401 196 845
121 182 225
881 241 171
229 396 495
85 559 553
157 548 809
671 841 493
37 305 908
548 256 197
305 856 334
601 905 721
519 612 261
288 813 961
189 349 141
296 326 337
570 593 855
423 151 443
255 743 121
732 961 497
167 99 161
481 413 201
835 137 983
197 924 377
329 383 651
801 251 400
45 176 134
286 100 337
357 897 901
238 561 485
809 321 511
735 321 635
993 57 429
825 742 246
693 486 411
271 868 1
815 485 21
933 469 951
962 833 226
153 347 831
701 61 771
561 217 421
585 841 387
381 312 614
138 236 425
186 32 1
689 1 857
19 821 369
177 711 555
389 548 493
928 849 183
19 617 473
245 842 783
277 546 637
715 399 237
839 728 89
315 85 266
701 350 471
977 417 597
425 999 285
613 857 921
353 154 359
95 105 541
670 521 775
781 301 625
956 916 751
51 167 143
155 1 712
751 701 521
797 207 284
999 259 921
211 862 133
769 121 937
523 118 881
447 761 673
233 609 229
141 801 154
921 47 146
342 895 830
435 640 861
289 725 254
375 816 849
11 351 299
456 1 21
226 994 33
522 466 55
527 661 881
744 293 755
45 299 241
415 201 654
657 82 381
645 185 913
402 35 369
803 322 481
633 513 661
637 637 965
401 704 849
329 631 1
687 747 237
945 653 392
266 423 151
953 585 873
511 89 401
951 141 811
733 661 370
905 200 162
881 239 488
563 361 553
633 645 633
801 67 673
621 105 873
111 857 546
49 373 203
332 112 792
249 52 61
65 831 329
697 883 849
391 388 857
121 301 329
479 801 187
663 255 441
857 586 891
117 65 409
51 535 876
101 120 423
513 490 26
731 531 447
521 751 974
777 677 177
862 314 460
407 947 51
196 551 281
740 641 220
131 451 833
868 41 789
249 332 97
231 520 851
981 721 219
446 391 852
212 541 951
513 330 461
171 531 871
623 173 341
408 17 621
549 686 524
841 986 12
561 807 805
680 934 283
655 45 887
925 791 547
781 688 104
751 862 56
797 69 604
791 906 1
869 297 835
1 25 697
93 933 766
274 935 287
555 871 471
794 56 465
251 1 449
817 1 464
861 867 787
803 929 531
187 749 691
449 697 845
321 309 421
119 455 870
672 83 73
521 99 641
246 266 791
665 761 649
951 496 886
399 631 695
618 439 833
661 591 464
297 565 281
520 695 881
811 241 497
584 251 425
38 111 349
85 839 304
745 113 633
469 491 233
293 244 213
778 15 305
916 251 465
225 496 301
851 277 565
122 219 631
850 386 553
160 121 45
673 361 563
361 351 201
88 96 557
644 917 572
899 466 125
849 321 699
1 249 777
107 671 461
691 11 437
231 167 517
78 441 751
591 409 972
327 625 621
489 971 488
928 830 41
163 1 277
17 192 389
233 993 1
946 567 921
328 581 427
38 641 658
121 681 739
209 62 565
764 839 597
1 61 88
626 547 293
563 273 672
844 937 862
590 26 363
626 505 177
449 313 691
11 201 648
201 564 321
951 841 898
327 961 555
565 1 22
676 726 355
986 323 475
633 297 891
753 361 681
690 241 931
192 20 19
267 688 621
301 126 412
925 169 713
128 307 329
501 441 545
859 913 137
97 795 376
593 427 561
763 903 399
658 829 810
476 347 49
285 286 409
289 176 827
620 778 713
935 401 31
443 489 31
146 497 336
726 103 125
782 631 670
376 241 550
161 870 1
39 681 403
899 451 79
869 961 544
669 469 217
671 741 573
755 880 300
135 934 726
306 321 705
761 601 796
74 763 914
997 931 942
333 881 591
488 1 761
451 81 697
514 653 27
942 321 180
419 694 865
931 111 321
131 265 170
573 1 371
676 203 285
874 477 272
996 537 400
509 553 457
655 795 335
111 463 516
939 920 908
841 652 377
541 321 440
617 421 333
822 963 177
641 526 837
961 471 762
353 183 385
772 435 481
581 720 247
561 781 588
567 69 335
97 51 121
601 816 672
317 807 641
922 237 781
501 301 353
104 276 606
426 340 654
843 683 841
505 23 141
625 675 261
317 413 433
341 979 631
445 557 261
613 935 99
737 79 913
985 41 137
980 113 709
651 911 885
770 539 277
571 206 911
73 359 361
201 1 918
49 1 291
721 368 897
459 620 419
127 518 649
901 40 296
48 9 163
496 6 837
109 785 777
777 831 501
13 737 655
627 483 610
19 867 369
831 61 801
481 883 309
555 817 871
785 853 121
705 577 40
853 849 537
769 601 913
385 917 519
831 239 593
495 987 741
226 375 265
931 585 484
392 24 396
818 955 767
588 633 441
113 281 865
491 966 601
379 516 455
781 641 318
1 106 188
939 991 100
443 417 207
31 245 730
751 48 681
801 266 113
513 213 985
364 907 331
200 953 476
866 601 697
417 663 185
134 841 994
381 731 750
925 221 703
341 82 831
701 776 19
231 205 785
276 141 361
173 871 231
15 97 822
361 117 221
509 121 851
126 796 61
865 329 969
571 901 637
189 431 535
817 326 899
103 875 351
489 860 941
27 919 565
409 557 561
677 397 511
936 49 153
421 141 705
71 566 827
341 85 170
40 186 879
944 861 771
351 122 851
102 152 135
217 961 981
233 253 437
1 881 956
457 911 149
913 566 521
986 751 996
189 709 773
955 746 896
875 755 914
541 301 492
169 407 729
96 228 327
801 977 965
301 375 131
507 543 201
703 971 713
441 390 369
96 544 841
111 145 442
501 695 465
571 836 342
541 772 321
495 307 373
956 29 729
542 289 412
161 170 351
468 24 223
963 349 776
951 273 521
549 18 188
821 281 69
600 133 75
149 138 537
537 956 57
845 469 817
565 681 477
180 501 561
961 39 869
41 291 704
305 531 576
589 81 21
701 497 277
331 287 985
985 5 73
541 733 56
329 751 209
713 777 744
89 829 545
829 369 66
276 65 966
575 69 617
567 751 13
561 380 611
681 625 681
348 481 27
4 501 449
601 91 591
449 561 117
811 571 483
865 1 947
500 123 569
609 955 182
92 976 385
65 860 466
709 587 299
921 269 967
846 833 615
347 793 161
339 217 503
421 1 591
673 521 406
851 692 643
53 771 931
21 241 972
71 241 251
401 1 505
119 825 827
791 529 376
551 106 271
252 906 393
991 696 127
176 576 849
334 895 743
549 837 271
287 102 497
771 172 513
171 754 862
805 281 501
895 135 601
969 926 33
927 541 641
905 129 563
996 159 688
306 519 85
653 23 641
212 377 561
485 637 980
497 994 383
603 157 720
450 921 693
121 405 905
301 361 293
376 678 736
857 791 342
273 762 377
463 766 256
281 86 241
1 149 484
221 186 929
454 405 980
82 497 681
21 326 81
572 901 668
762 209 881
515 241 283
151 212 945
361 536 243
773 955 215
697 377 757
881 924 169
601 551 227
425 473 889
167 796 931
549 160 670
367 689 436
610 753 145
741 497 269
425 262 323
459 81 791
611 584 725
411 149 441
601 193 576
585 512 746
523 117 521
609 701 57
569 521 421
509 817 200
195 921 228
612 391 68
593 36 503
693 779 785
307 915 360
371 831 213
937 709 188
587 447 791
476 116 439
679 626 271
145 603 239
423 497 896
842 669 801
301 529 305
681 491 741
722 389 773
153 160 850
532 751 609
991 871 943
798 777 106
111 505 617
561 5 61
804 707 439
470 711 57
526 11 46
360 251 174
569 496 631
26 209 293
931 401 697
17 197 801
865 5 995
77 671 485
561 376 950
61 551 641
229 153 43
773 66 299
92 921 254
41 818 325
134 559 201
14 427 63
1 816 287
851 211 326
713 211 851
331 180 276
475 987 723
108 497 765
526 49 993
426 81 627
765 509 597
826 99 177
931 785 95
717 52 225
951 661 185
997 869 181
724 881 902
440 441 195
41 688 809
133 92 291
350 121 51
593 877 65
436 80 706
929 333 533
618 753 826
271 910 750
372 281 688
96 767 873
301 561 501
153 49 669
690 209 420
561 800 542
557 293 841
513 151 441
616 223 41
282 449 350
401 49 671
955 669 301
646 351 755
241 521 697
861 313 325
561 81 1
11 215 809
516 133 289
305 994 981
445 379 513
16 853 408
281 887 817
908 684 225
301 381 636
571 431 117
655 591 361
110 298 816
53 711 911
1 99 698
951 346 609
995 671 444
69 713 901
921 881 337
291 514 405
857 855 21
258 229 539
997 269 321
147 878 625
541 353 677
65 47 703
137 435 651
947 105 950
509 530 644
337 700 733
793 561 41
313 61 736
40 45 565
76 27 517
5 573 368
889 23 841
671 381 506
161 159 676
401 531 833
766 651 61
982 857 986
651 387 991
715 289 809
709 802 443
16 393 131
592 565 982
872 846 743
647 651 361
496 466 67
899 913 679
927 901 380
732 16 331
222 580 401
881 313 6
813 341 541
542 581 888
639 903 654
641 689 180
344 801 326
115 405 401
809 412 203
609 672 651
926 921 393
625 473 217
749 943 187
15 441 321
332 165 359
721 279 716
900 360 513
293 569 917
231 605 1
817 420 185
272 509 818
87 596 785
464 131 312
166 243 181
793 617 779
49 339 46
995 609 40
180 931 694
376 219 773
211 907 573
307 633 281
291 71 237
63 147 774
489 313 761
465 537 901
720 801 967
876 395 726
77 616 699
136 299 332
309 558 661
163 873 233
361 276 301
345 739 825
260 829 638
351 138 161
107 845 535
759 324 423
633 696 171
617 526 855
921 244 601
809 964 201
271 51 415
105 681 554
362 439 465
40 485 87
1 401 605
1 913 157
607 474 381
733 73 518
441 127 501
149 704 497
576 116 913
4 1 564
361 341 950
545 573 996
673 121 26
366 829 872
17 221 867
817 249 645
545 169 723
224 634 794
325 871 388
710 157 851
589 86 521
951 146 378
149 313 841
601 876 571
871 713 506
441 13 966
41 885 238
833 57 125
379 149 421
449 641 554
803 441 1
244 511 44
953 729 196
367 300 853
755 900 337
13 51 398
763 979 408
121 713 453
161 118 525
233 731 577
327 517 1
801 278 684
185 519 37
97 751 925
321 320 946
710 487 760
741 343 132
947 193 461
256 211 969
794 635 341
473 355 577
241 141 140
1 1000 442
234 743 405
701 939 91
723 569 341
771 406 285
133 301 43
847 642 393
501 609 723
838 731 691
737 481 426
593 121 355
61 836 315
301 694 901
449 786 190
537 929 241
25 691 289
994 915 369
569 281 302
945 55 305
881 149 393
370 545 854
953 353 732
609 177 283
544 204 986
289 319 525
463 884 871
489 183 597
761 142 203
177 996 17
316 897 805
907 41 321
609 561 101
1 411 106
381 273 79
851 861 961
429 731 855
371 347 231
131 569 649
487 81 977
437 505 961
865 661 745
470 151 817
641 1 129
332 886 705
949 814 41
61 141 653
961 999 481
781 569 676
669 372 863
501 73 821
851 481 418
612 737 324
641 735 109
541 604 421
801 907 641
962 570 179
824 919 599
648 649 222
436 60 781
841 129 131
670 736 189
513 57 241
301 416 988
45 187 41
251 92 255
392 972 801
548 990 545
644 216 851
7 201 919
65 251 953
551 206 227
126 696 131
377 381 353
741 154 557
593 871 351
21 951 623
11 149 876
381 25 523
1 576 293
499 578 541
913 793 745
477 791 225
268 847 155
961 257 193
346 127 689
683 505 256
786 170 465
149 849 371
796 625 529
202 2 220
361 113 257
581 81 809
329 605 265
231 533 825
327 772 637
625 506 646
397 173 281
841 544 557
981 776 51
316 734 536
88 311 105
758 681 25
49 541 799
83 241 251
83 113 305
509 913 9
652 471 465
36 977 129
801 203 668
215 131 501
832 452 902
195 341 857
735 902 351
199 921 289
726 330 597
313 957 167
713 488 628
337 381 933
41 325 121
87 961 334
340 991 571
164 459 801
456 573 527
186 505 596
747 601 311
85 171 739
261 119 249
226 868 665
777 868 731
733 903 487
421 647 386
806 625 809
831 151 884
201 391 169
978 96 703
800 941 777
713 693 997
473 413 751
799 845 759
739 986 409
250 965 586
859 407 347
953 201 715
7 637 887
417 246 341
579 281 991
331 121 531
917 266 650
759 300 236
926 501 588
279 53 153
251 516 233
853 14 417
157 377 229
469 729 545
521 681 988
771 601 441
104 789 643
487 686 521
924 141 816
991 435 544
191 451 460
936 964 814
721 181 801
203 515 753
330 474 1
150 671 545
305 881 783
393 642 365
353 908 521
651 587 757
728 843 557
805 495 405
233 17 511
521 793 732
681 643 389
776 65 279
554 331 581
782 469 497
199 973 199
753 752 33
678 641 567
421 425 73
177 489 405
535 737 133
886 963 393
967 719 849
857 273 783
884 160 3
532 68 817
632 389 557
845 621 858
129 836 345
821 281 689
228 893 191
562 101 41
537 789 322
154 17 629
100 701 73
501 397 163
537 553 369
546 285 907
751 721 461
351 81 597
944 692 273
817 767 376
653 901 669
216 494 692
109 133 504
713 2 501
315 845 161
129 347 11
441 575 938
686 297 951
919 541 565
596 1 721
719 889 601
517 985 535
71 911 953
528 380 313
867 439 81
809 409 305
789 253 82
912 447 193
939 641 201
809 379 143
930 738 301
671 617 337
728 217 521
361 142 461
1 162 217
201 171 823
417 820 213
427 703 551
337 406 537
660 569 589
896 889 52
719 589 553
561 60 301
893 319 245
791 827 818
633 963 328
623 470 89
30 277 569
315 139 576
36 150 377
813 536 357
604 796 477
831 451 741
465 486 825
29 937 241
891 251 879
741 841 672
290 506 45
894 786 971
15 749 226
81 31 501
641 586 969
393 295 993
916 129 193
321 251 489
531 811 295
517 275 991
681 5 131
727 911 571
793 622 413
633 782 889
265 685 329
428 343 573
153 1 417
760 303 101
914 597 401
501 491 176
11 896 953
607 913 936
763 325 856
708 406 651
706 145 172
641 302 475
26 36 9
351 869 839
567 329 87
128 645 526
414 323 426
726 917 830
924 641 656
44 685 401
463 129 63
571 1 401
544 521 225
89 323 449
1 302 74
101 226 649
421 868 986
711 199 522
401 993 531
813 589 993
885 769 131
697 958 893
227 877 324
125 960 77
951 21 431
164 729 801
673 71 26
698 291 777
899 727 135
671 761 585
810 161 641
949 81 851
151 1000 167
63 169 653
963 906 520
598 267 453
305 381 571
603 657 39
550 310 425
49 901 481
289 993 855
161 475 643
993 241 211
507 476 475
33 393 613
829 845 346
817 957 259
136 617 753
167 459 911
891 672 234
301 123 183
377 103 197
983 688 514
987 631 401
511 451 97
566 315 8
434 785 356
361 277 887
673 831 145
739 512 647
409 89 456
673 425 66
561 27 507
873 847 251
986 201 35
561 41 845
82 989 587
326 609 632
993 169 723
435 249 926
383 185 381
331 304 886
583 751 501
695 451 877
773 727 675
711 779 351
209 559 101
361 801 403
206 111 276
416 504 13
224 373 167
565 951 972
995 701 169
707 995 366
694 261 333
719 51 425
428 265 886
335 121 371
725 187 497
921 913 111
725 861 177
411 377 497
477 934 205
145 450 2
362 131 437
920 886 885
21 161 531
701 771 404
601 357 537
57 433 475
304 146 725
897 793 823
289 345 855
602 806 921
129 393 111
637 753 992
329 381 414
169 551 881
576 492 253
201 72 665
351 196 457
598 627 951
833 603 763
137 286 491
181 103 321
369 32 469
341 751 761
419 461 561
877 56 975
561 61 723
977 501 1
842 99 867
601 176 114
316 81 291
810 597 585
46 255 713
177 683 601
393 529 482
359 85 668
731 701 683
536 13 236
221 888 681
753 266 34
585 78 452
509 664 97
882 181 321
536 350 33
616 821 801
905 457 969
565 837 950
441 837 75
311 625 872
405 709 621
833 905 731
979 553 41
273 36 455
101 941 5
185 191 340
223 625 230
77 929 361
247 777 341
466 738 257
964 95 201
875 213 681
641 12 876
465 441 788
953 119 749
617 781 21
814 501 391
77 59 546
245 905 621
809 211 241
877 327 254
738 135 989
790 291 487
406 39 613
421 95 443
873 655 429
736 141 411
596 801 753
136 739 655
993 756 529
871 669 169
339 719 985
791 546 265
401 895 1
348 168 262
851 418 710
924 398 391
482 73 297
343 523 545
608 787 131
157 857 731
377 421 791
876 138 697
563 883 119
36 836 750
341 786 245
993 3 531
571 715 511
590 73 382
115 541 520
289 529 307
25 673 85
697 117 409
396 531 915
913 220 843
837 379 169
781 151 121
229 961 257
121 777 553
113 184 621
393 577 317
73 619 601
291 791 551
337 147 177
21 89 337
81 513 941
471 689 423
721 341 907
172 301 665
935 5 817
600 356 873
536 408 297
540 359 873
207 717 605
89 873 351
534 987 921
651 942 873
669 244 523
637 330 513
121 774 38
517 171 115
641 305 171
751 974 179
441 137 366
131 773 527
271 601 335
