3864
623 941 648
547 896 23
241 625 619
803 927 13
327 906 827
651 710 680
621 884 876
993 26 606
997 897 597
226 801 553
151 566 79
42 386 157
329 947 659
335 417 342
501 589 303
657 341 985
255 689 966
66 298 501
656 65 929
470 748 401
370 161 155
51 601 26
709 402 14
251 265 983
177 89 551
15 561 29
553 482 609
331 975 339
961 851 857
973 912 76
318 162 561
989 99 176
51 923 929
745 328 844
501 522 222
613 711 71
399 521 341
645 19 80
121 783 281
383 297 522
207 327 987
253 815 361
355 299 867
601 152 933
641 505 754
85 901 329
257 928 367
380 361 476
512 881 16
229 193 569
169 506 121
609 613 926
264 809 113
860 893 869
916 966 437
11 2 345
551 90 757
446 491 517
401 281 338
975 177 57
733 101 804
976 867 831
166 237 424
409 647 844
247 41 193
38 821 889
957 416 977
541 295 917
29 99 935
389 595 781
68 612 126
609 491 755
911 173 281
403 961 561
157 345 881
638 293 820
537 97 656
189 383 513
741 137 805
921 906 494
97 653 949
425 859 115
745 281 751
159 215 336
594 111 243
497 40 396
985 787 561
709 669 431
226 229 281
435 557 141
282 561 769
363 740 913
144 608 573
161 129 861
577 385 571
789 361 331
929 229 17
953 723 979
469 333 460
606 807 787
841 482 299
670 480 345
140 465 121
264 159 307
553 993 217
58 439 201
761 561 153
204 626 586
121 465 480
233 113 295
381 873 981
785 325 586
611 115 925
709 397 560
637 791 10
921 225 316
526 961 337
9 677 501
597 121 569
881 131 847
673 571 87
744 866 413
711 226 639
351 879 219
964 266 451
225 575 375
961 617 997
241 305 981
956 271 131
631 424 667
677 266 840
975 31 301
138 233 385
480 569 113
501 187 377
452 788 873
65 987 41
185 966 494
127 401 643
277 59 246
471 151 683
349 268 810
656 381 424
311 541 170
393 463 434
65 289 833
995 483 1
501 721 651
710 224 780
161 271 107
958 966 321
602 130 463
546 983 441
851 201 821
360 617 733
724 874 881
127 104 889
105 765 218
316 696 283
369 479 265
23 188 913
536 850 301
401 729 129
857 877 855
141 612 439
454 297 700
652 516 652
949 601 713
357 121 367
699 457 281
78 451 96
327 201 479
903 729 471
225 339 463
891 137 46
51 4 349
214 681 803
464 489 311
561 279 236
830 36 737
993 29 675
179 536 493
893 533 126
865 891 817
987 182 692
201 321 195
481 69 1
42 961 247
813 923 501
121 936 798
168 575 820
479 409 601
297 73 607
401 93 156
833 9 971
893 731 69
101 519 833
41 13 633
919 801 61
832 466 687
701 400 455
641 996 208
985 468 282
393 948 913
645 97 191
961 841 539
607 301 737
311 590 314
397 869 801
721 428 841
187 601 639
601 585 457
566 289 651
337 324 542
17 203 977
959 145 915
433 261 53
665 701 697
549 421 847
206 889 45
807 571 795
889 152 663
63 231 743
494 571 621
401 301 22
751 841 939
935 701 581
802 48 201
441 593 891
121 538 677
992 145 276
874 701 405
263 533 335
767 391 567
441 768 423
359 885 407
577 987 289
491 184 761
859 243 725
969 810 191
857 62 367
75 441 87
631 622 927
553 777 41
689 209 245
230 905 161
246 497 984
636 521 641
553 377 213
361 696 763
581 942 337
47 810 17
36 156 825
478 529 285
985 61 563
771 697 231
184 801 249
491 547 488
774 301 265
729 101 17
711 401 517
462 61 751
779 298 677
923 679 461
405 865 737
265 477 785
279 805 468
379 564 5
113 235 229
871 979 750
620 915 870
791 271 537
467 469 701
463 456 729
93 876 811
469 609 807
353 611 826
471 881 137
441 505 691
198 77 1
961 283 393
411 36 139
305 25 561
501 33 794
960 457 193
523 465 929
171 121 83
755 33 323
409 273 965
615 373 851
325 705 541
51 831 653
405 985 421
31 373 291
956 649 787
737 293 621
693 21 374
623 927 566
367 221 796
991 879 817
549 786 972
187 73 363
827 83 704
1 961 893
781 661 107
684 25 730
881 529 331
581 630 939
148 559 523
146 281 381
511 289 143
698 111 337
665 42 280
622 251 783
201 437 189
341 113 133
11 98 943
107 440 967
179 326 736
390 259 153
551 797 513
871 162 500
219 236 257
107 733 133
728 48 441
720 4 881
107 967 909
501 89 351
780 250 856
753 401 207
691 677 667
753 817 611
57 71 697
1 923 225
281 967 529
859 626 837
100 785 263
447 437 351
917 899 454
995 848 177
786 18 421
876 744 235
325 105 385
931 561 473
664 251 799
201 649 605
946 6 830
932 560 921
713 982 689
860 865 22
816 668 561
379 164 932
737 394 485
563 815 857
703 91 151
350 700 53
887 402 167
501 241 757
577 536 965
395 855 683
957 958 571
337 843 930
647 871 248
50 893 433
701 705 846
195 999 401
463 819 619
506 777 217
270 585 232
907 955 125
716 756 935
972 129 57
286 266 993
13 827 228
901 669 734
801 164 265
311 219 425
748 917 151
191 111 343
571 886 471
611 731 107
973 201 611
421 723 681
893 970 146
284 445 268
441 453 188
917 890 793
760 521 989
419 185 487
49 773 85
780 929 583
426 86 899
251 741 641
897 966 212
984 489 975
775 729 251
466 13 411
61 141 242
976 799 25
716 423 681
695 941 753
846 725 333
579 261 326
211 673 785
89 941 969
941 528 743
941 369 683
719 881 430
463 481 88
991 955 239
276 76 873
737 725 245
159 43 617
792 838 957
265 641 65
345 929 601
681 881 848
550 923 189
551 109 98
265 881 97
710 581 71
69 897 914
905 433 78
77 820 655
780 715 641
777 665 211
453 683 904
520 388 761
236 38 777
931 34 617
806 585 201
115 488 278
729 781 881
949 921 737
949 361 627
229 19 403
417 663 513
121 587 595
563 841 1
87 409 189
531 990 956
661 924 601
121 124 217
891 713 631
469 497 491
817 959 201
751 631 908
473 480 276
936 848 451
607 331 641
973 841 276
326 81 181
82 548 191
481 149 612
966 753 482
189 72 449
605 801 57
826 296 599
322 513 733
7 786 29
976 476 713
961 81 99
585 714 761
601 118 505
381 681 521
9 642 241
12 826 234
979 942 977
631 28 1
57 36 916
745 681 11
171 186 268
701 388 437
345 717 273
945 501 919
483 17 920
780 841 462
250 519 791
366 206 721
561 173 861
141 39 68
524 145 567
970 444 824
226 144 23
363 427 335
376 881 525
841 749 215
481 33 776
393 137 272
325 611 161
734 963 680
137 150 641
31 109 976
353 154 973
660 127 619
222 858 951
712 416 671
217 969 289
601 401 17
738 537 622
947 884 462
616 863 824
53 230 993
929 967 649
81 121 937
41 913 233
301 681 536
544 177 646
825 607 156
265 601 941
241 707 713
948 168 585
856 881 909
123 671 976
108 721 441
873 982 361
921 93 513
751 651 145
529 839 41
927 353 862
8 366 303
786 281 890
905 89 757
145 241 201
92 838 495
638 896 414
957 681 1
619 955 660
99 266 161
641 855 389
289 441 107
318 181 346
485 427 561
441 480 221
786 551 661
689 531 295
609 62 785
556 337 799
731 689 526
771 679 676
186 817 637
741 395 576
16 821 17
841 769 82
663 521 105
601 457 541
797 541 279
299 193 619
992 893 645
621 626 907
461 652 91
251 661 857
768 13 453
73 901 676
933 871 420
670 117 591
331 257 45
681 83 376
1 315 967
766 961 477
731 806 645
670 312 551
681 665 857
691 533 17
643 141 1
191 395 643
723 304 115
141 993 731
555 370 925
590 797 718
673 288 621
991 713 191
963 77 865
151 585 129
617 989 472
743 993 407
8 313 201
665 7 91
370 769 679
985 392 603
633 584 941
97 1 158
97 990 511
415 747 257
873 401 690
972 823 83
979 959 357
119 793 621
890 601 993
913 61 345
801 281 71
601 186 527
961 473 121
59 801 393
451 415 101
513 71 380
597 341 81
846 805 1
481 783 489
833 847 869
691 633 918
921 199 656
587 489 251
557 157 971
739 403 443
781 829 497
141 441 586
889 97 630
775 933 349
823 446 169
113 740 101
726 353 647
715 561 211
820 677 651
790 978 571
718 573 953
769 381 501
271 263 501
207 888 256
977 383 357
687 417 617
816 649 870
145 746 259
274 451 463
861 617 691
951 471 886
701 705 751
265 601 680
433 31 584
653 505 223
676 976 13
201 597 89
453 851 705
184 927 768
335 285 165
745 627 413
649 932 925
353 481 697
381 605 185
421 661 479
809 761 761
731 905 761
665 551 86
468 717 959
561 707 460
267 121 875
993 85 279
325 401 135
545 705 921
741 77 257
201 300 953
251 441 533
433 325 689
802 271 90
321 408 783
213 267 347
675 326 927
587 185 121
974 201 445
491 68 201
741 629 608
773 272 527
951 833 579
745 613 527
176 541 956
232 223 241
981 723 156
377 268 943
16 474 502
702 827 586
733 677 868
641 661 13
979 289 54
1 856 501
136 553 451
161 723 683
633 179 999
271 620 473
825 447 961
855 163 91
601 711 111
689 81 817
310 901 457
345 991 922
145 849 363
774 212 441
542 393 990
722 861 251
817 616 156
945 986 469
875 161 921
406 301 343
511 556 857
997 169 930
76 842 765
377 481 485
369 126 357
57 97 5
793 459 286
281 464 309
937 819 514
572 283 974
170 239 284
309 553 551
920 706 733
621 761 526
636 701 638
958 785 863
287 449 958
277 559 951
985 985 641
545 917 586
458 428 316
445 559 265
191 51 91
936 143 20
861 739 303
873 441 411
321 506 626
583 854 221
395 701 897
61 831 601
422 629 241
919 911 923
207 259 633
424 541 57
157 107 191
601 204 993
593 656 481
505 938 784
619 889 378
305 53 59
857 773 103
269 530 497
181 329 981
761 801 177
271 641 551
625 496 850
67 340 307
282 621 973
176 573 443
983 971 811
834 395 537
111 406 385
155 439 745
285 751 995
11 813 808
773 639 601
426 728 87
465 369 457
968 502 331
245 931 110
65 5 698
521 849 71
211 1 598
621 669 991
189 531 193
381 553 231
701 713 953
562 191 414
169 217 550
209 879 641
917 287 241
426 904 576
441 9 730
451 481 903
354 801 261
169 321 806
701 956 555
759 835 985
617 331 997
89 598 905
389 677 889
340 960 255
891 496 367
799 161 96
497 501 783
24 911 755
457 971 91
985 418 178
51 101 126
11 69 822
113 81 198
554 895 807
161 813 471
921 514 89
351 767 116
377 927 745
201 352 554
771 991 836
67 885 399
211 230 829
35 94 573
956 807 665
533 101 491
216 291 361
817 233 567
520 409 753
33 51 601
504 813 420
48 161 481
832 574 457
552 560 286
923 58 297
89 431 777
65 371 971
351 599 711
754 777 717
49 63 483
784 221 745
376 655 185
104 904 863
51 965 341
293 521 764
67 747 963
22 263 233
581 253 601
125 51 584
249 232 840
99 401 1000
745 326 457
136 873 873
281 221 434
369 957 211
451 898 385
574 425 81
737 237 397
845 956 367
606 785 71
453 517 885
816 766 752
964 49 140
897 407 545
769 121 250
921 935 913
813 911 511
756 401 441
862 176 444
851 184 647
628 737 132
131 66 977
273 786 561
5 326 793
116 161 151
611 287 717
321 279 441
54 285 751
784 827 101
951 380 746
801 329 427
683 815 371
169 721 477
677 17 319
901 161 315
581 131 760
943 638 179
626 537 337
1 708 385
417 776 617
497 723 143
381 556 58
83 91 926
826 501 226
201 960 541
650 965 201
691 497 277
983 588 76
334 749 346
417 837 471
357 142 570
555 261 818
561 75 141
50 102 249
831 301 201
897 657 245
673 441 43
129 160 681
348 373 222
823 402 864
521 937 801
873 645 593
266 421 932
193 757 649
136 976 665
423 420 499
721 484 489
706 611 808
747 345 746
721 755 266
741 701 869
161 353 157
681 168 163
453 621 545
941 449 601
889 561 51
47 447 217
341 46 51
227 605 381
577 305 540
584 645 855
1 301 440
887 986 662
51 49 753
861 133 994
331 359 140
587 337 78
412 543 445
953 965 657
381 169 146
461 132 346
181 601 927
637 727 123
16 465 669
481 366 418
635 400 812
69 827 299
913 321 905
377 841 955
430 745 833
581 912 865
122 673 381
936 669 777
947 469 553
222 71 139
870 140 424
53 519 929
831 918 656
315 51 821
657 401 991
269 81 824
349 732 993
801 110 556
577 793 21
317 55 581
173 289 305
888 625 817
966 869 746
935 713 89
801 911 525
969 837 812
229 276 156
198 769 121
823 585 831
801 991 435
860 691 11
961 564 133
162 206 625
537 361 962
929 723 435
177 258 876
201 589 836
57 511 277
895 966 678
835 456 661
705 303 941
681 539 155
719 861 756
825 601 501
461 671 103
162 324 937
525 973 551
171 217 966
503 434 81
622 889 179
721 713 950
971 449 473
496 285 433
741 993 19
315 981 735
743 193 637
885 521 528
565 400 693
665 97 183
21 737 251
330 707 517
945 501 241
820 495 565
365 499 233
833 986 639
584 76 735
231 134 546
602 521 201
281 176 641
554 477 947
323 796 47
521 121 231
909 826 961
276 100 921
369 618 73
553 961 213
9 822 9
941 431 881
241 825 854
191 751 322
85 356 761
866 706 221
977 349 911
191 305 270
985 502 471
930 944 19
199 631 781
989 165 814
221 920 721
113 417 920
725 721 330
385 716 405
51 702 614
172 517 729
457 713 401
225 182 241
771 51 341
106 751 947
919 117 374
486 745 721
705 67 850
829 523 486
681 17 606
337 334 61
249 939 145
977 239 991
784 668 169
815 976 587
797 388 301
553 676 651
681 279 521
60 403 481
383 136 813
641 253 572
557 841 417
217 43 433
281 490 311
222 985 993
254 382 146
609 260 209
334 409 26
410 303 191
926 984 807
41 751 342
126 995 819
282 531 3
830 357 901
797 771 989
841 585 901
926 361 690
65 626 629
759 573 666
345 869 865
789 591 275
169 742 3
365 957 794
671 444 403
997 46 65
251 951 477
313 330 869
551 524 553
690 122 629
324 236 73
255 381 1
567 851 413
651 58 737
460 257 905
621 49 407
217 697 728
513 329 596
786 1 841
97 957 355
105 53 325
901 323 520
921 504 234
253 81 296
321 902 657
201 726 570
890 981 137
976 353 42
819 901 175
821 951 369
511 285 691
474 821 259
873 305 201
109 955 877
113 74 178
53 466 879
937 675 341
873 3 797
304 235 381
645 833 491
673 801 707
971 171 401
313 3 697
63 741 569
577 301 389
825 361 115
401 141 621
657 106 785
891 513 987
389 97 30
351 151 625
976 138 903
961 753 289
21 254 817
184 101 780
237 651 561
262 377 561
244 891 331
13 207 659
319 160 711
455 875 733
614 210 701
549 953 983
747 837 696
302 916 599
822 459 481
244 217 235
887 619 265
943 501 835
441 769 79
705 839 241
395 736 981
901 661 986
441 929 600
586 177 823
776 249 677
743 973 131
478 894 738
721 763 907
239 425 383
185 395 740
575 857 447
901 841 616
641 845 185
229 161 941
733 601 973
303 727 356
991 905 198
570 546 961
960 76 824
801 236 571
596 188 263
202 210 527
671 78 521
597 881 495
963 8 563
411 626 295
376 17 666
839 763 131
763 365 779
945 197 296
645 809 736
93 653 441
605 39 692
857 781 723
592 381 602
838 756 755
401 601 241
76 801 383
828 528 228
579 501 156
802 909 81
933 97 86
585 216 297
997 751 33
733 505 365
281 631 321
315 511 569
368 629 217
393 529 666
626 251 881
505 131 25
435 785 939
217 97 192
49 961 173
129 583 829
1 81 932
325 153 24
181 847 58
553 107 776
581 605 967
61 961 286
993 121 349
584 241 950
87 281 823
131 849 603
849 233 124
816 235 753
681 195 252
541 401 767
493 107 954
161 849 904
15 377 461
76 931 976
969 881 463
737 333 94
825 929 217
511 49 256
830 951 986
781 468 29
781 869 753
323 226 1
435 610 489
431 409 729
989 947 469
267 295 489
955 79 997
86 938 577
795 802 967
721 490 281
346 868 655
454 406 641
511 326 334
405 191 385
817 161 577
954 958 874
841 351 961
483 791 78
81 33 251
265 601 116
733 901 523
61 801 681
982 841 728
118 567 503
837 181 566
756 860 959
679 851 313
881 353 139
859 987 97
153 749 721
893 877 164
833 447 251
86 35 817
769 369 291
179 629 170
135 581 228
441 951 429
353 29 97
281 341 269
321 923 712
799 661 501
421 390 926
4 205 337
123 569 562
985 104 87
577 226 262
511 949 153
678 361 645
217 629 797
44 21 275
645 636 989
113 607 731
693 351 56
751 98 911
183 731 384
266 986 425
908 430 427
881 203 963
469 177 993
285 753 185
272 929 237
638 951 821
112 125 137
485 431 926
815 241 431
255 962 217
829 6 369
300 281 421
82 870 876
813 545 905
257 344 256
721 748 721
689 981 45
860 345 51
761 581 779
409 111 654
727 225 865
147 881 483
825 833 949
489 843 41
519 441 987
317 595 118
341 553 941
29 153 973
346 649 39
609 284 601
126 421 561
817 801 756
438 700 673
559 801 697
76 369 209
521 21 277
297 521 117
524 720 935
651 829 706
176 265 141
841 403 433
201 264 822
725 713 801
451 343 265
323 751 324
641 433 126
45 633 249
861 396 357
785 81 522
225 965 527
874 634 191
951 57 321
277 726 329
289 173 186
161 973 257
785 805 621
858 227 367
841 997 785
230 41 201
293 897 90
479 691 323
1 744 19
601 461 871
691 851 665
523 236 937
431 212 901
267 343 466
760 321 133
329 480 391
117 405 185
332 627 662
921 681 881
135 277 873
623 645 476
81 766 601
325 622 351
185 936 301
814 776 241
590 455 194
921 395 861
821 555 359
97 433 335
661 982 497
473 381 973
167 986 201
25 253 391
769 313 317
286 50 128
121 341 681
731 486 291
950 131 119
905 597 183
361 409 921
126 955 751
592 619 785
645 851 911
165 825 121
331 401 391
538 791 485
234 817 369
334 81 233
461 786 902
583 641 455
449 3 820
885 656 443
457 669 705
409 919 684
481 891 49
966 825 372
996 806 881
56 785 799
957 635 15
240 939 769
230 42 773
887 737 323
651 644 741
937 601 31
551 467 474
501 317 719
271 3 496
449 81 397
294 33 590
223 87 906
736 431 990
515 618 633
377 604 241
249 525 577
766 505 26
534 889 151
711 583 601
781 450 249
633 321 41
624 126 417
39 63 689
483 61 3
402 401 850
949 262 363
469 1 678
611 601 676
791 616 911
720 915 191
201 458 870
224 81 31
649 251 818
859 99 885
801 997 408
272 1 529
977 264 895
863 123 803
265 761 957
277 255 969
649 989 37
261 731 288
146 866 865
630 179 374
205 941 779
878 609 377
581 591 721
471 759 126
336 75 892
825 604 480
617 417 345
121 805 124
841 734 706
704 705 835
22 121 675
672 664 579
445 446 662
667 298 153
121 195 306
601 101 869
523 15 127
745 735 665
901 349 801
585 404 875
191 501 55
289 997 773
397 601 617
847 406 603
740 321 932
788 401 353
233 112 783
351 521 551
301 871 720
993 125 649
537 951 627
632 957 264
237 681 571
417 459 390
216 826 149
893 381 827
361 953 444
319 569 101
97 601 445
770 241 905
183 16 511
265 966 811
1 113 281
805 821 906
381 91 285
789 325 1
761 40 801
901 473 525
967 333 731
447 251 299
769 581 689
81 105 683
397 312 714
181 769 620
689 777 681
352 333 806
351 917 93
905 830 817
616 317 3
841 971 941
41 361 451
309 399 1
381 703 57
993 850 359
372 752 959
115 603 43
271 526 901
211 587 222
158 181 265
771 561 814
298 521 968
825 714 625
463 853 817
249 3 833
925 21 556
191 377 283
101 817 409
661 505 549
321 641 859
587 223 501
361 125 951
744 327 484
506 457 481
32 307 776
196 97 585
488 793 594
139 750 296
577 217 313
652 26 546
425 28 981
545 223 6
409 156 320
433 35 961
133 580 941
619 501 971
601 1 569
22 1 609
893 949 861
211 393 955
690 339 559
338 57 501
465 510 271
419 378 101
401 191 729
929 631 625
449 685 751
369 339 447
953 801 49
796 501 901
623 626 457
974 575 741
183 357 571
717 161 373
863 449 43
271 539 800
291 945 685
119 657 260
441 689 590
151 931 9
31 41 896
529 608 891
858 961 721
582 46 884
527 758 219
836 331 88
505 705 421
491 646 561
797 904 842
553 189 894
529 599 879
913 645 190
459 775 831
17 555 740
153 476 489
161 521 661
771 777 266
896 319 953
343 342 449
561 83 37
449 713 703
101 151 201
317 417 665
481 241 182
761 687 424
976 19 14
941 129 173
797 473 839
451 555 873
46 753 913
129 443 145
691 371 641
139 351 525
364 844 465
765 910 887
201 778 851
371 786 908
137 344 581
217 696 397
322 124 239
233 776 581
216 554 432
321 337 9
943 895 301
805 621 206
259 372 65
421 491 33
874 477 13
959 731 297
607 287 419
925 385 390
891 843 701
745 171 465
126 960 161
304 227 396
708 61 112
786 151 381
873 302 352
121 278 196
961 181 855
801 717 121
831 406 465
902 709 101
244 327 238
821 61 776
991 631 728
871 402 681
361 889 881
1 866 789
413 105 190
971 727 830
121 425 213
427 151 851
251 726 812
361 375 220
181 426 919
370 361 449
865 305 993
75 793 29
537 401 774
29 349 463
768 638 365
761 949 897
453 791 393
991 334 45
437 876 139
417 836 937
745 927 553
604 861 209
71 731 134
207 203 213
149 463 940
165 174 857
662 672 779
232 522 189
793 389 811
864 977 559
712 409 377
266 1 745
391 181 537
675 77 766
663 657 906
241 351 20
881 31 761
716 277 461
701 881 639
765 180 81
759 851 871
206 766 596
382 57 426
45 291 283
631 513 725
81 361 199
273 154 272
581 253 851
169 99 34
579 89 643
657 17 841
211 101 761
287 321 422
832 589 595
941 524 565
801 121 566
411 243 1
941 365 954
373 203 93
116 967 981
817 711 161
466 453 382
214 855 291
573 667 540
661 268 881
797 618 175
251 545 435
445 57 790
549 797 736
589 201 526
406 471 469
361 929 287
641 759 346
969 673 536
348 914 284
571 325 676
869 212 804
545 760 881
411 211 640
631 797 813
97 287 811
897 866 201
261 920 39
906 379 187
661 652 466
193 447 418
251 131 627
762 126 213
673 590 122
886 573 977
95 825 379
409 158 111
809 881 369
574 239 441
599 411 897
170 845 841
361 265 835
309 339 213
389 391 293
981 861 363
876 851 797
987 383 1
869 472 17
631 819 289
293 363 361
209 229 873
201 812 261
241 751 901
790 501 745
957 329 463
536 346 205
281 421 233
185 801 775
126 859 673
731 81 345
720 871 534
281 519 1
301 817 273
445 609 254
29 965 521
215 431 566
189 280 944
246 33 232
781 297 833
903 867 162
639 625 49
151 701 264
259 766 945
555 789 826
161 491 552
647 343 981
914 205 986
937 876 558
551 101 67
225 969 673
235 202 242
509 421 689
625 976 879
926 740 673
929 361 446
889 693 521
887 788 701
337 943 496
51 341 399
59 79 373
99 391 105
180 391 165
432 755 825
875 481 307
692 56 701
339 781 645
723 971 365
556 49 199
707 973 793
385 491 244
305 105 809
778 681 981
299 313 577
516 177 11
517 720 818
169 741 201
651 237 509
893 781 801
529 714 485
441 812 869
862 176 135
763 709 229
900 181 93
924 881 537
563 10 597
927 621 621
781 777 819
391 313 105
181 819 126
841 841 303
825 547 840
206 711 505
580 567 73
31 699 423
725 761 896
455 880 353
801 697 727
955 953 848
891 961 721
526 510 407
497 821 997
391 677 601
321 885 321
326 478 721
665 798 661
31 777 919
901 385 692
43 357 104
183 323 416
635 529 701
525 249 541
657 985 926
301 227 386
268 579 351
129 275 713
661 505 337
941 326 921
929 913 180
478 687 361
766 374 749
573 299 64
958 738 190
265 701 641
1 729 666
649 841 641
333 1 113
212 603 395
175 51 91
341 601 961
501 903 751
535 395 206
281 205 41
501 721 1
673 341 477
1 705 147
215 203 241
553 69 161
301 174 29
393 414 296
761 519 76
637 225 126
244 851 833
237 241 169
621 157 239
148 130 438
417 501 831
285 39 731
433 649 900
868 13 61
331 516 193
794 193 401
781 257 113
695 289 297
209 953 690
121 732 705
659 811 844
536 405 393
316 497 465
381 177 471
133 185 412
874 217 26
409 822 721
837 401 177
557 169 305
389 66 981
207 1 223
566 737 233
346 323 71
361 184 655
91 447 808
601 491 353
841 356 405
905 171 410
281 707 711
925 260 125
36 828 201
593 575 606
591 97 977
233 400 97
575 345 237
121 737 809
709 201 613
779 686 681
868 51 923
68 429 606
727 176 831
821 915 210
998 453 316
201 476 671
767 830 29
98 901 279
742 51 441
988 201 989
549 635 475
921 416 505
787 340 630
961 741 230
673 411 573
43 228 41
135 233 257
225 281 119
241 505 831
384 937 565
501 246 89
865 822 481
330 28 417
636 297 418
401 977 278
251 202 961
538 813 708
981 385 880
403 22 806
605 638 31
311 601 987
902 213 686
656 563 591
512 893 433
257 800 113
319 601 753
661 376 135
901 337 601
781 9 777
870 393 863
333 699 230
436 969 471
451 640 849
653 611 905
41 41 1
385 321 233
531 601 503
400 233 207
961 909 801
1 371 501
249 971 788
318 811 33
257 81 737
701 817 273
379 301 113
940 319 721
483 831 921
201 825 462
71 539 501
41 542 415
421 889 397
786 501 837
936 330 329
575 517 144
429 383 718
485 942 995
163 25 97
313 297 287
350 697 427
276 465 581
782 301 917
89 697 626
621 453 351
413 142 61
718 976 724
135 636 426
669 881 67
36 261 38
673 100 441
265 883 883
221 841 1
829 853 33
578 1 863
251 81 313
313 4 496
163 456 312
990 394 350
981 513 172
249 286 921
833 675 485
295 505 17
505 311 11
401 27 881
791 107 82
961 421 667
12 21 21
609 476 797
584 65 660
929 913 843
904 382 885
312 57 201
777 723 57
477 405 642
451 241 856
951 90 313
801 1 481
979 101 319
62 253 563
88 951 567
213 543 337
889 351 697
889 37 992
457 307 707
34 626 785
881 811 504
211 371 813
29 207 701
721 32 841
579 491 618
376 830 211
487 841 647
682 418 50
301 948 788
889 195 113
121 275 496
521 540 372
678 407 901
80 106 566
77 950 81
371 517 976
585 117 482
835 761 816
356 801 67
257 985 491
703 593 540
551 801 949
842 673 387
833 972 399
816 941 363
435 1 947
907 572 396
607 35 946
592 891 311
169 39 506
745 105 9
604 333 884
393 569 537
445 236 547
921 181 991
349 181 75
296 257 645
62 431 831
1 557 656
52 743 784
401 723 401
183 851 373
321 448 259
901 11 720
227 769 303
553 705 450
188 623 46
203 667 772
841 431 41
329 459 961
551 956 445
521 291 889
185 263 69
418 25 266
401 74 581
951 845 101
463 777 941
777 531 523
608 777 146
529 774 265
977 351 912
969 6 671
767 235 485
429 209 761
140 281 776
351 721 381
717 479 239
919 933 561
321 666 569
425 881 397
478 31 445
826 463 954
93 941 241
505 225 299
953 681 293
425 926 641
241 395 863
803 50 841
841 227 45
955 89 461
261 657 101
924 286 705
497 119 825
427 1 121
266 721 882
135 891 101
391 904 895
33 189 84
221 956 504
473 801 551
753 711 422
861 536 561
423 751 443
789 315 15
297 521 746
447 673 301
886 201 970
865 94 165
257 257 924
391 731 465
703 865 458
551 78 378
951 897 505
681 321 534
217 898 74
801 432 602
480 286 391
45 31 55
107 1 827
41 451 761
867 741 69
560 463 191
541 983 881
804 633 951
421 251 319
105 183 121
985 657 873
269 551 153
127 887 824
121 481 553
608 926 627
105 161 555
337 955 133
720 556 797
121 801 541
350 53 826
769 505 689
103 661 450
786 589 448
91 311 661
343 513 961
525 705 601
217 981 969
725 555 717
953 917 111
435 275 78
724 990 79
665 454 614
691 701 256
399 601 851
849 825 129
126 846 853
311 876 765
151 801 195
59 231 995
397 739 7
641 619 761
86 291 573
191 81 761
251 251 971
646 397 33
797 105 414
961 683 141
152 801 1
228 881 661
1 757 835
318 25 705
163 601 520
622 633 505
275 501 596
857 782 264
663 369 101
973 37 233
151 11 709
223 435 985
191 85 207
308 311 941
226 809 673
909 651 998
495 147 919
7 329 769
601 481 293
251 441 921
200 241 30
841 286 221
783 863 245
333 605 37
657 569 1
203 248 392
841 405 425
271 161 637
363 983 1000
963 449 270
827 781 541
569 228 561
955 848 288
773 165 405
425 988 545
891 159 785
436 16 699
647 399 953
572 211 865
401 527 812
391 659 401
199 536 451
221 811 45
825 921 137
922 635 645
233 901 36
89 468 262
521 177 657
469 776 697
901 27 288
520 41 342
252 527 281
989 774 436
481 745 649
724 103 956
931 353 323
329 676 696
628 483 382
625 676 699
905 486 485
593 21 921
553 335 531
297 430 466
550 128 109
317 837 217
102 797 813
469 51 715
261 443 814
269 553 97
413 785 916
377 259 239
506 349 577
312 5 43
89 401 385
761 718 153
869 569 873
881 379 321
369 589 999
1 881 921
257 845 865
463 981 841
245 301 699
31 751 667
401 365 201
801 863 941
741 889 788
675 321 254
461 113 849
851 577 874
81 321 5
5 341 777
411 769 32
401 166 965
929 868 969
591 329 143
792 753 740
224 786 1
594 81 484
137 377 487
822 861 820
701 121 321
351 589 53
140 817 524
237 990 107
561 175 1
199 21 155
213 605 109
381 973 463
35 696 667
507 885 533
13 397 435
813 881 847
321 361 547
909 501 931
446 591 894
334 385 514
593 781 662
141 383 738
342 178 954
132 55 313
675 303 601
241 907 651
705 1 909
273 549 805
313 807 736
986 65 283
697 920 131
812 301 493
521 25 945
741 551 601
31 674 385
481 108 551
929 355 845
967 193 31
941 636 739
1 799 565
577 440 981
321 185 103
567 25 299
278 313 960
944 48 678
898 994 217
29 89 596
683 443 201
701 862 121
691 787 865
897 609 147
503 201 664
807 159 794
585 739 504
215 165 751
17 695 572
673 949 141
421 772 870
16 121 857
997 597 228
401 401 945
448 149 457
901 820 721
721 601 358
536 206 851
313 245 524
201 789 630
421 901 758
201 311 879
1 361 585
902 51 202
869 913 817
506 857 77
911 577 826
551 81 537
599 751 259
229 593 532
589 165 326
845 29 618
666 22 549
917 695 331
776 361 780
473 215 201
921 753 399
197 882 393
536 889 851
625 893 513
945 245 363
359 1 458
851 317 951
783 559 651
565 361 539
630 998 403
341 373 643
201 1 961
289 68 25
294 905 805
271 751 37
919 597 416
979 745 685
457 146 941
107 493 957
941 951 934
633 139 977
951 926 431
897 989 577
65 961 581
345 659 796
707 500 240
785 241 917
169 514 118
921 361 188
155 754 101
823 493 849
41 907 22
459 841 570
506 577 825
925 479 376
681 392 777
777 492 755
786 544 901
757 49 471
125 551 53
841 413 44
425 618 663
458 321 636
161 857 722
203 358 17
10 996 677
601 187 61
398 633 196
456 801 846
726 892 503
331 510 441
37 185 121
213 146 193
387 451 33
989 176 449
785 385 979
606 847 126
675 98 371
105 7 487
41 57 139
326 925 172
791 561 771
809 371 677
300 231 321
917 926 870
833 149 185
9 825 313
841 739 961
781 97 553
641 125 36
421 113 801
757 926 48
503 128 561
133 337 301
142 767 713
119 553 5
529 923 545
61 361 81
381 873 28
4 525 945
301 667 271
989 13 521
301 889 183
680 496 873
801 616 481
202 785 937
187 166 241
157 459 476
121 541 131
13 398 457
869 901 926
601 202 81
899 411 417
969 858 786
576 337 953
485 801 436
191 297 369
321 18 771
941 129 851
198 591 865
1 633 811
634 939 776
26 184 23
154 221 709
82 401 111
689 781 197
417 669 542
57 984 525
593 456 991
493 825 581
105 497 661
788 481 741
85 558 861
920 439 585
923 913 732
265 650 967
101 191 61
909 763 825
749 66 221
37 501 231
431 65 841
609 409 548
51 339 905
261 113 401
991 329 273
577 671 520
127 112 539
377 51 396
656 519 873
586 497 80
157 745 477
161 171 1
746 681 575
621 33 431
513 45 25
7 66 94
517 476 577
696 621 925
489 924 831
417 286 725
411 416 357
401 953 937
237 9 431
845 43 976
555 375 629
41 281 665
929 742 830
581 577 442
305 866 115
410 457 253
337 541 129
599 745 581
709 596 421
716 441 891
286 393 639
473 756 203
428 75 549
452 477 637
365 209 705
801 169 89
561 111 117
816 612 469
173 491 343
991 182 61
451 95 926
310 366 661
571 601 496
251 999 197
925 813 651
187 283 97
653 573 321
963 257 455
901 821 881
33 921 316
593 691 486
667 337 241
381 963 207
669 906 876
396 293 361
609 708 563
97 667 611
551 331 697
625 398 551
41 409 406
591 876 849
865 723 817
512 481 837
441 131 743
145 649 377
666 189 474
455 748 955
201 933 997
182 551 330
276 545 686
28 687 180
757 709 829
451 927 649
376 759 445
576 241 49
705 573 345
541 745 91
822 440 415
77 873 435
625 772 265
847 869 775
49 713 559
108 819 759
833 609 653
948 703 489
665 680 210
370 101 492
455 363 251
369 10 107
79 932 989
209 725 261
201 730 458
409 749 446
375 79 441
101 481 476
463 213 903
5 440 441
966 155 31
387 722 273
279 137 689
867 973 284
823 433 887
281 896 449
746 503 942
781 894 393
653 961 357
989 916 861
681 719 806
184 611 70
57 433 741
356 148 181
519 572 304
507 753 161
823 127 466
566 451 265
302 309 943
843 864 733
831 264 473
823 56 675
101 829 307
403 668 241
413 953 327
316 941 995
207 629 291
584 68 151
285 825 551
973 404 801
481 805 183
451 833 425
497 885 21
39 184 941
401 833 901
233 989 23
353 1 873
565 315 426
651 752 321
417 636 960
646 726 423
589 250 541
965 569 657
741 901 21
113 774 821
791 831 423
136 547 723
179 156 893
261 611 217
522 218 241
370 529 15
657 308 931
37 53 756
767 314 933
875 818 297
657 920 331
401 174 261
413 131 153
411 376 307
26 351 121
935 505 821
664 386 163
137 381 65
551 402 673
241 409 596
961 1 793
681 513 733
507 433 743
599 641 729
31 52 551
777 601 453
821 905 819
221 465 165
119 209 161
439 397 337
785 329 29
430 927 112
170 553 792
115 817 619
923 798 2
325 182 529
161 497 265
527 757 349
321 289 721
929 117 881
257 846 286
46 846 9
156 717 481
609 935 972
61 953 307
261 121 921
169 701 201
990 729 318
21 825 921
61 542 103
985 750 201
686 1 385
430 289 90
817 382 421
81 449 646
947 932 317
433 653 615
671 365 822
657 3 348
301 161 361
871 932 265
46 880 596
435 374 668
917 251 301
265 35 897
415 733 374
907 51 776
477 937 306
435 401 923
842 361 169
942 655 281
149 141 172
67 685 354
141 583 321
721 565 787
604 841 759
272 161 489
107 433 645
545 51 289
860 309 601
923 820 377
457 216 699
683 237 304
317 983 260
545 732 501
702 537 251
699 240 643
836 55 359
225 251 911
5 101 938
541 26 263
795 431 515
793 192 561
205 89 490
351 441 754
361 564 206
489 173 686
259 899 799
330 124 876
540 241 881
327 433 97
375 253 717
561 681 401
127 41 993
242 385 586
421 577 321
431 796 361
438 779 273
809 521 972
693 576 345
636 748 217
991 424 533
771 185 984
406 976 201
161 987 513
601 465 427
171 817 645
967 132 251
92 1 550
157 609 955
237 602 776
107 177 241
429 553 794
207 256 406
408 405 633
741 355 598
423 379 694
943 561 443
113 745 187
300 637 609
531 256 473
741 254 201
123 739 77
499 188 153
931 525 653
877 857 731
598 102 377
273 374 211
299 97 65
49 29 507
941 859 61
962 761 986
119 773 913
870 681 801
701 533 481
556 857 845
555 331 777
280 97 981
336 26 592
975 585 834
297 751 517
659 261 253
419 513 665
887 440 597
881 351 213
665 325 127
9 619 231
531 711 985
845 137 931
43 360 646
33 490 73
721 81 521
26 161 671
329 333 451
892 712 793
327 606 367
686 36 733
603 295 481
126 281 931
233 173 854
201 121 822
783 735 592
970 505 993
965 241 81
901 457 921
871 478 87
641 725 535
401 651 595
213 429 676
506 569 49
109 262 438
437 717 888
646 473 370
11 608 311
913 137 941
96 93 773
294 777 639
361 793 483
698 817 31
464 245 809
768 337 905
813 101 81
513 577 747
809 807 456
81 165 457
56 385 491
469 296 460
17 955 633
521 929 301
729 417 529
909 137 613
860 79 545
586 295 777
657 816 391
280 847 236
841 951 105
513 900 167
325 865 109
49 735 953
5 891 485
254 561 271
270 241 241
15 809 66
1 959 560
767 620 251
954 551 675
561 691 497
985 447 31
801 167 245
492 103 487
801 932 136
484 603 254
726 288 131
93 140 116
273 898 969
524 331 889
454 497 119
289 811 365
532 231 346
456 697 836
624 59 790
106 425 861
381 324 531
56 465 581
25 219 289
527 609 201
896 251 249
759 547 830
805 161 977
872 851 401
821 173 691
177 11 151
809 414 497
745 305 244
599 107 591
720 629 713
73 726 978
425 563 785
741 343 723
825 322 21
641 930 289
97 477 153
466 970 657
717 405 869
911 617 437
33 483 5
788 720 619
480 981 423
919 836 257
689 921 369
957 788 475
539 399 979
1 881 779
569 899 561
765 426 275
111 101 447
617 121 664
213 606 281
161 801 93
105 811 256
432 102 746
885 771 345
577 711 11
727 607 759
916 493 466
73 809 394
919 511 601
385 269 831
251 1 241
491 869 777
497 849 961
57 679 536
37 513 995
567 188 574
121 145 753
43 875 737
944 501 465
996 116 385
951 81 52
425 307 833
366 299 841
651 169 617
608 142 661
633 397 178
36 766 665
769 646 229
585 246 389
668 321 856
287 321 330
839 379 372
521 899 342
185 73 691
965 673 193
592 967 496
391 486 701
724 13 161
371 545 751
566 252 526
811 106 719
994 303 461
397 552 150
439 348 133
373 954 321
871 709 753
25 852 494
854 449 639
867 904 761
257 949 153
505 999 931
273 405 261
525 509 961
321 735 481
617 851 323
117 436 233
381 611 61
601 201 345
241 16 356
469 659 41
806 497 671
343 441 997
582 49 422
77 153 62
16 751 12
88 235 119
554 937 93
163 176 1
501 759 454
381 241 957
751 201 422
741 291 317
667 751 557
1 953 593
647 528 921
473 341 899
709 579 881
123 188 525
644 956 584
724 813 323
354 33 79
330 901 306
657 42 385
631 745 421
61 817 582
177 71 63
47 951 970
833 98 895
661 269 584
949 770 109
511 941 412
1 301 61
156 245 1
797 277 854
376 45 681
415 931 201
721 306 776
453 241 4
893 997 33
401 834 421
569 138 361
925 597 585
6 92 781
601 43 209
201 449 319
666 537 46
432 69 838
234 761 29
484 416 581
861 145 685
788 971 457
156 73 225
819 633 81
309 464 703
590 711 923
786 829 105
420 939 671
351 371 96
481 456 549
2 451 481
126 529 427
737 745 325
781 777 45
849 430 951
448 21 541
941 597 501
61 701 265
324 297 20
585 989 913
474 581 107
753 73 151
85 1000 757
39 893 308
458 856 623
101 757 111
135 856 553
437 131 19
760 185 971
273 289 987
149 35 491
318 549 339
89 171 723
175 11 670
415 889 989
153 915 458
813 781 625
106 361 465
452 200 569
467 440 793
262 913 606
378 779 641
985 823 301
827 973 467
65 516 165
1 631 469
324 569 232
1 551 481
101 17 647
814 733 990
321 931 579
546 735 925
409 54 231
325 158 173
817 801 713
197 285 291
631 853 257
146 819 431
447 825 675
59 271 897
864 597 398
38 881 994
127 45 721
218 956 913
213 729 963
832 850 455
443 765 569
937 17 226
211 177 783
410 337 45
361 591 643
456 729 499
577 721 801
879 908 418
697 856 259
609 745 657
765 91 716
336 703 435
41 405 649
787 569 561
881 49 67
549 784 157
121 996 513
576 915 508
465 976 193
492 521 84
723 335 496
716 201 864
462 573 3
376 356 969
477 949 689
148 89 119
99 207 903
251 395 469
105 33 951
226 601 694
311 219 1
842 345 447
115 215 864
145 941 473
305 865 789
569 123 221
483 931 941
591 299 421
720 567 476
199 891 89
301 501 732
909 109 367
661 16 561
793 761 765
762 471 451
941 517 667
270 734 821
553 201 293
818 841 649
148 776 219
314 430 301
921 901 11
630 752 651
720 702 643
425 987 7
59 461 401
1 739 659
471 769 857
659 115 291
377 62 178
501 451 7
681 486 601
196 201 593
543 35 301
241 254 51
489 466 581
407 101 321
965 460 505
876 731 878
476 169 911
351 600 381
42 100 489
981 71 728
11 641 685
673 987 881
291 698 553
801 633 736
306 319 995
541 571 309
105 585 932
545 510 169
41 656 881
917 33 177
121 929 56
466 129 689
1 376 797
1000 441 101
905 261 832
193 876 131
57 977 703
911 66 942
147 651 771
529 191 741
346 673 461
313 256 858
9 257 859
117 81 797
536 265 116
42 643 337
379 745 507
903 961 441
181 605 816
637 859 201
841 457 341
396 11 475
206 644 346
949 103 25
17 459 540
521 797 315
921 611 733
803 176 107
713 5 473
567 383 743
189 651 533
261 301 162
247 914 1
401 50 321
121 111 867
537 942 657
369 551 420
445 758 251
573 777 801
165 761 345
617 356 971
772 685 403
831 265 200
266 190 113
261 281 649
971 104 130
945 476 448
254 942 267
673 129 421
482 275 849
308 311 241
798 174 973
712 876 374
359 51 16
429 495 341
101 189 547
639 855 201
621 108 848
281 793 397
647 43 661
757 926 542
106 641 702
848 191 963
756 267 373
173 891 889
393 662 421
422 613 685
257 364 319
290 726 899
35 901 706
751 886 351
901 161 596
603 475 311
951 673 151
117 645 531
615 994 873
301 441 17
401 349 465
595 429 727
505 365 391
201 839 93
742 102 645
546 569 718
489 405 441
931 869 761
857 460 747
53 506 117
551 613 786
911 457 633
893 553 106
789 91 491
953 83 277
164 801 921
557 323 514
761 397 581
790 586 577
913 911 799
393 29 77
210 795 260
525 601 353
508 409 761
544 396 16
71 233 929
543 795 376
796 957 317
537 241 495
693 273 969
729 521 681
578 723 93
581 772 597
293 981 801
807 538 1
567 553 61
151 706 375
116 924 251
331 393 905
461 360 689
925 41 31
681 757 931
341 89 65
793 724 111
437 315 341
535 533 536
517 721 151
336 412 513
762 509 801
145 361 289
898 136 375
931 771 73
911 603 449
221 433 409
167 302 1
117 121 345
961 151 1
577 941 674
113 22 921
329 734 481
670 217 635
921 43 299
418 213 497
571 264 501
101 341 277
701 851 517
385 347 60
776 233 562
657 169 944
600 691 593
319 441 341
545 805 134
238 610 19
785 663 117
101 401 716
382 617 842
288 635 625
616 173 785
713 730 97
959 951 631
643 599 391
442 116 537
245 777 73
983 267 25
553 31 309
411 728 401
615 971 153
451 451 401
359 559 466
989 789 443
374 939 635
918 13 251
461 839 441
73 615 18
753 563 727
285 288 393
537 851 188
826 113 973
815 603 413
321 514 500
231 881 60
648 729 347
650 509 21
465 852 67
843 726 864
211 641 661
160 413 547
401 311 527
961 941 771
186 72 141
511 39 376
921 441 609
337 584 735
608 681 793
985 225 816
691 971 177
477 841 918
611 872 561
912 910 913
95 665 293
41 846 569
201 440 539
301 413 21
751 511 463
586 297 987
717 130 301
181 541 913
919 129 171
675 601 541
891 281 261
104 751 605
937 238 609
626 26 209
161 936 705
671 677 761
336 797 596
975 1 421
665 336 577
441 777 651
836 97 61
650 595 795
361 501 804
451 593 361
701 615 281
997 593 910
1000 881 173
170 713 441
277 901 36
577 421 152
1 201 141
82 132 127
825 742 501
452 306 497
803 87 571
929 857 385
825 333 631
491 533 890
766 977 461
843 820 826
955 537 257
501 665 349
569 842 416
371 369 432
747 349 618
875 201 497
857 619 43
427 556 161
178 308 524
957 539 531
811 267 951
425 577 74
831 303 66
157 333 785
880 727 891
27 397 321
936 513 888
97 526 463
609 1 530
209 361 165
121 160 165
879 833 596
186 73 113
153 589 819
245 453 291
626 735 864
176 406 601
451 698 205
331 466 165
736 177 901
401 455 636
29 545 521
573 752 465
227 520 488
577 902 795
737 933 984
489 649 371
711 409 282
329 489 548
657 939 641
345 263 245
799 296 836
487 53 331
925 397 647
80 497 841
393 791 643
655 777 313
678 421 514
903 434 161
145 35 26
941 429 179
513 56 201
574 609 253
619 793 65
121 456 131
131 977 313
991 143 289
821 897 305
365 337 461
901 336 345
565 749 671
793 155 892
1000 977 907
1 820 441
23 739 473
591 881 525
252 224 333
749 412 485
909 521 865
155 948 468
255 27 89
414 167 723
596 412 745
672 831 791
521 99 145
713 646 926
447 745 885
199 857 873
751 548 561
689 687 792
388 969 387
184 881 571
16 721 371
336 751 110
757 745 901
699 743 751
841 281 54
938 955 969
933 349 300
131 439 416
827 379 759
415 969 303
663 374 337
747 341 323
668 303 209
501 267 218
502 831 164
681 71 969
781 985 920
826 465 991
933 101 671
709 606 160
873 911 614
97 981 61
564 955 705
46 149 926
50 1 158
591 97 971
153 141 272
673 797 777
394 777 792
985 475 833
131 573 5
542 339 226
221 491 431
286 377 885
9 57 313
441 568 123
651 333 945
617 95 156
217 56 805
784 569 927
351 941 370
685 466 49
936 651 221
115 825 265
885 131 981
841 39 447
869 217 400
47 633 61
513 797 326
571 437 525
641 801 761
961 554 921
447 381 751
706 273 628
893 896 960
705 989 899
797 54 197
311 403 390
543 563 841
865 444 761
689 668 534
57 797 517
832 466 767
559 441 899
337 745 814
410 545 33
332 19 81
551 306 46
244 462 176
659 205 73
225 999 1
947 81 479
605 941 871
577 582 626
785 806 753
177 849 315
27 465 1
523 616 941
641 521 271
692 371 50
983 442 801
231 334 748
945 685 668
577 541 715
421 674 721
849 761 14
901 263 977
197 687 89
261 280 349
636 855 295
309 553 637
663 469 491
366 181 603
811 613 516
309 366 49
251 987 294
619 561 85
65 492 131
450 697 925
346 1 874
391 771 473
476 381 201
85 381 628
876 519 49
399 601 957
97 497 860
646 99 495
481 75 17
311 345 216
147 145 829
785 737 128
538 899 86
951 701 776
21 953 187
501 391 701
233 351 45
651 65 147
2 445 42
727 575 857
501 841 185
71 761 287
419 387 58
388 699 925
9 1 791
1 696 536
951 752 613
896 201 359
931 476 405
663 106 126
281 235 9
145 685 873
689 693 587
681 139 220
891 633 126
694 544 501
171 100 741
367 863 89
721 341 672
67 874 254
959 278 263
256 151 621
547 630 601
745 478 453
881 645 925
78 901 413
203 11 236
996 945 968
551 321 961
443 538 325
601 685 613
336 527 115
708 813 945
699 30 751
347 77 409
625 401 919
327 281 137
907 17 453
268 251 226
755 491 541
487 636 7
351 476 131
250 891 524
165 617 801
995 387 354
475 437 393
991 113 364
305 913 489
356 124 252
780 959 838
678 85 401
129 201 585
923 104 770
995 389 130
301 402 924
867 581 582
632 126 426
88 921 865
140 761 391
263 434 279
134 227 721
481 88 375
886 965 230
423 228 191
913 965 774
273 621 311
602 985 959
461 265 93
1 226 164
421 476 989
391 801 166
711 117 317
193 878 501
151 548 522
933 221 454
946 357 177
545 921 471
299 807 175
973 729 716
327 791 229
541 825 299
455 436 628
295 819 351
380 401 732
481 692 181
241 210 110
525 881 508
842 406 442
929 849 121
876 926 118
370 532 272
591 641 968
1 101 55
871 219 240
201 981 985
819 205 65
737 889 89
812 601 328
437 106 721
793 675 464
603 847 661
857 337 406
792 401 443
787 301 345
259 591 746
231 169 251
45 283 231
959 381 801
741 89 973
208 769 77
41 863 561
174 65 799
644 21 331
835 953 537
3 84 551
881 383 883
656 721 96
742 313 625
412 31 361
412 785 451
553 356 312
89 681 483
710 359 583
288 937 273
101 441 703
133 797 404
935 457 147
289 913 499
321 255 227
229 516 877
417 917 273
609 519 687
431 449 863
742 324 762
211 996 191
411 665 601
931 1 951
461 981 922
844 868 73
972 364 33
275 868 547
865 193 785
131 873 77
473 885 117
361 637 969
576 497 126
377 473 821
51 966 997
801 665 423
851 377 121
332 813 25
759 689 911
649 939 312
553 997 730
741 621 204
157 162 721
91 673 710
659 657 406
351 5 364
929 689 669
613 481 237
904 211 412
897 465 179
181 206 306
871 442 346
976 247 77
71 794 983
157 992 793
607 948 721
23 641 21
438 329 453
208 419 148
428 667 607
525 577 72
41 91 219
411 609 81
512 185 29
437 76 863
521 442 534
924 515 33
119 88 517
441 363 676
803 271 126
129 957 49
409 896 301
822 315 495
185 44 223
585 777 529
800 961 541
319 895 787
139 183 951
895 880 101
249 190 290
355 996 615
681 167 281
122 206 947
821 591 838
104 172 603
309 899 578
561 89 126
395 5 373
19 603 129
506 518 616
65 834 406
697 268 112
401 871 809
17 862 961
997 23 878
805 551 671
125 761 113
513 31 971
316 767 97
750 201 435
149 904 781
172 325 12
876 585 401
813 491 497
713 810 553
975 615 731
81 955 65
777 57 537
519 916 33
357 113 33
829 585 520
297 393 379
241 657 665
970 695 461
719 321 234
349 623 333
179 107 729
1 996 311
509 591 201
881 991 161
177 136 551
773 197 150
659 645 138
616 185 581
181 375 243
889 913 449
577 377 807
300 769 181
1 931 717
389 825 406
254 825 699
287 241 201
393 953 593
407 409 411
255 145 818
501 573 65
279 430 201
437 857 913
364 632 979
974 25 857
917 201 508
385 291 37
905 879 369
217 917 693
865 451 577
281 621 401
809 278 601
673 464 517
559 711 775
953 225 277
421 914 676
297 448 397
247 461 398
513 457 375
679 65 1
471 61 609
601 906 361
977 441 446
217 569 481
53 157 779
327 929 277
690 587 787
991 801 886
361 391 51
295 661 467
57 879 471
490 956 393
935 589 285
873 177 101
561 905 220
174 835 446
645 423 880
761 81 561
99 349 971
857 625 661
417 696 703
801 639 201
468 558 310
496 100 251
557 252 936
385 427 329
510 21 956
805 821 401
514 276 919
801 949 804
330 941 619
335 682 295
917 448 785
542 721 87
181 656 957
32 158 725
71 685 863
941 836 151
268 377 309
561 147 785
381 321 314
627 820 281
19 801 443
334 26 861
5 367 580
537 961 226
33 491 293
457 416 61
791 193 361
481 261 211
833 711 973
163 876 931
997 746 473
893 725 767
520 756 844
800 292 242
468 445 169
675 308 789
533 458 699
86 651 805
