3450
481 945 460
215 561 33
973 89 169
625 857 253
428 77 785
196 794 239
977 438 164
899 593 269
164 451 765
960 103 903
456 37 761
959 51 150
595 23 487
3 876 297
144 657 758
744 936 316
333 929 221
333 689 457
233 613 161
885 377 510
929 993 213
225 47 506
856 939 283
114 670 385
669 121 841
854 361 841
11 833 418
217 449 71
845 433 25
443 29 909
647 707 561
381 433 321
581 301 33
501 429 351
654 701 656
491 405 41
883 751 351
311 141 482
648 625 26
101 501 146
549 788 187
162 479 599
420 226 617
541 651 35
344 106 845
443 8 913
452 175 231
276 779 384
477 106 218
161 1 676
221 601 497
383 945 567
991 229 656
676 937 179
686 506 1
158 656 761
716 961 16
370 263 453
501 821 499
667 713 945
865 941 91
881 160 823
311 1 561
21 650 561
119 684 41
349 282 249
633 182 438
451 54 201
871 1 285
305 537 435
917 170 46
69 257 6
908 753 754
976 983 961
539 84 381
21 123 361
887 37 955
580 279 481
73 187 294
559 977 33
953 143 646
947 950 6
969 70 202
447 276 641
485 837 593
556 449 679
810 336 354
361 341 153
277 47 89
615 446 283
498 301 508
81 334 369
384 697 174
876 401 288
537 374 965
167 552 233
691 681 665
497 509 321
729 193 193
473 600 711
401 969 781
609 465 409
512 567 721
193 517 17
787 208 984
116 841 751
969 263 421
275 811 334
835 779 468
812 73 311
141 961 551
900 601 691
603 907 945
328 745 241
221 177 257
65 209 417
761 185 251
701 481 682
975 521 231
5 416 562
255 558 849
689 564 951
515 543 787
601 929 213
922 975 65
826 83 390
941 777 153
89 320 349
793 241 641
625 537 217
545 915 731
822 88 441
85 601 905
141 861 513
737 207 97
827 941 81
166 533 979
476 751 5
816 706 586
117 665 451
148 916 662
507 775 856
152 516 922
369 191 411
503 760 725
274 417 456
883 201 891
154 921 949
286 871 890
809 498 6
321 513 963
460 899 907
431 797 551
905 980 666
286 25 677
137 329 133
406 392 89
414 946 82
541 289 609
689 151 283
588 361 585
101 545 126
915 151 901
349 763 597
649 101 832
789 239 729
321 675 534
413 57 566
857 215 826
613 601 379
241 726 733
701 583 356
277 205 402
100 911 394
241 679 825
451 781 371
505 412 379
145 811 327
776 168 921
585 145 679
115 727 680
457 865 448
506 601 126
683 784 105
713 961 269
91 239 564
281 817 861
976 417 465
25 628 564
713 264 27
321 685 512
85 141 75
766 707 826
150 845 737
371 161 83
397 37 711
280 665 721
583 960 354
201 561 699
909 826 453
193 464 279
167 73 729
199 721 777
573 295 876
131 505 341
541 149 461
951 631 29
486 858 609
713 21 71
376 842 237
508 794 821
961 601 749
366 827 748
24 585 651
61 881 372
169 363 90
657 585 161
178 451 856
756 551 161
49 624 231
859 841 1
601 823 621
27 586 169
397 592 947
855 993 531
851 561 433
811 559 722
43 511 285
148 311 325
536 669 413
277 453 393
211 68 229
733 516 737
11 81 921
946 481 317
145 49 941
201 111 961
155 588 925
241 353 329
223 569 872
429 411 145
555 825 622
660 302 941
373 579 737
247 553 899
918 653 605
415 464 673
285 251 461
597 861 862
913 181 181
377 686 399
721 576 221
649 493 251
761 301 65
581 996 403
977 41 645
65 825 448
592 273 808
835 337 745
663 934 863
817 181 18
553 290 899
645 812 417
116 333 441
431 489 796
393 698 655
221 169 492
701 35 329
649 981 522
236 590 783
117 262 667
33 679 365
581 293 406
707 945 626
103 853 89
822 713 389
251 891 801
473 231 633
772 958 585
393 521 623
801 747 536
371 609 576
259 569 258
221 881 812
501 927 1
177 176 421
101 101 61
129 603 651
782 133 489
876 561 746
769 355 131
867 322 331
481 857 641
311 47 201
81 265 51
941 634 603
545 669 296
219 956 717
424 226 60
117 326 561
513 324 61
761 882 1
983 983 23
841 9 1
859 751 221
218 821 943
641 759 417
184 557 147
134 925 501
176 891 825
414 905 616
585 401 337
223 274 542
773 821 671
637 729 571
417 889 585
481 953 945
977 17 561
160 650 333
755 746 801
152 897 431
701 212 301
234 845 56
592 885 924
681 501 663
903 233 205
801 1 319
1 251 125
509 405 401
405 519 801
967 347 977
21 751 248
466 941 509
406 479 433
14 601 231
760 100 107
449 785 909
862 345 803
430 129 937
589 817 297
369 471 763
332 256 611
479 881 61
35 53 19
277 500 241
848 211 857
201 142 880
897 569 601
655 381 853
875 938 115
441 646 39
951 793 536
787 993 553
251 155 993
321 507 761
633 458 949
899 720 173
23 865 867
9 503 921
601 311 153
531 529 997
547 137 777
67 591 681
213 409 921
141 226 371
602 777 676
531 801 429
789 79 258
693 404 245
310 863 539
421 583 534
86 150 761
204 217 231
29 761 418
379 716 321
341 87 195
279 339 402
417 817 70
915 767 943
729 850 236
331 137 357
363 398 313
830 329 881
831 529 977
351 866 353
959 408 938
581 266 7
796 785 244
970 700 104
490 249 929
179 201 351
849 260 701
771 791 396
745 709 653
37 361 321
621 993 881
205 361 897
349 945 95
651 85 657
273 751 391
576 181 357
117 249 579
353 201 761
73 639 429
680 13 641
745 267 457
851 323 609
415 300 84
47 57 711
587 821 581
772 294 849
533 457 369
389 401 366
319 241 455
87 193 329
705 635 281
777 215 281
304 901 15
81 821 787
883 797 51
373 657 633
845 811 209
881 271 585
534 987 321
817 191 657
329 691 581
173 606 351
467 641 403
35 33 25
591 893 876
175 833 678
271 327 71
763 51 125
351 685 321
189 381 481
601 787 65
921 991 545
279 974 844
442 251 207
83 381 579
737 612 365
889 301 281
490 412 986
91 239 305
281 741 931
281 991 921
726 945 835
15 285 136
153 155 205
675 342 256
281 245 177
57 922 286
461 659 849
777 956 479
976 377 921
119 92 605
397 899 301
895 459 761
427 537 128
539 411 671
219 137 451
211 9 81
137 921 384
365 179 970
761 212 617
729 539 661
191 25 867
153 101 827
451 1 271
23 602 252
493 957 441
961 326 88
337 551 161
549 393 233
761 636 701
528 1 666
809 605 253
61 201 951
153 501 841
461 141 361
453 447 379
145 351 264
1 248 737
705 617 282
539 245 379
217 971 657
306 875 53
900 713 353
436 881 919
169 478 911
311 198 845
841 336 105
328 601 113
441 465 117
817 106 280
207 713 521
702 614 228
561 235 404
385 372 980
281 941 785
141 593 725
419 925 905
211 267 466
110 410 313
489 826 201
924 971 204
511 713 955
523 529 939
825 531 829
35 810 9
428 960 120
611 463 81
255 150 399
637 827 99
835 102 588
921 276 837
395 695 711
816 631 585
395 259 331
653 301 966
545 816 343
777 477 711
713 819 441
977 947 683
501 929 535
821 109 696
401 23 609
276 361 69
80 353 785
182 108 480
159 633 757
713 968 777
209 389 799
649 633 225
3 596 97
765 721 861
87 318 434
41 863 283
410 1 269
161 83 430
211 251 685
953 373 305
521 243 801
713 541 274
221 769 601
979 720 515
893 379 929
971 693 141
674 902 821
649 779 935
52 601 675
456 471 625
933 726 297
685 126 539
845 26 929
715 958 293
259 781 627
273 921 605
105 57 929
360 423 753
100 68 637
416 227 47
505 89 718
581 101 897
605 709 781
237 284 731
286 297 499
587 681 553
739 551 889
867 11 371
633 439 150
397 826 845
256 101 561
941 553 697
561 826 193
921 301 32
791 14 537
921 745 417
545 553 811
330 757 455
183 203 480
711 831 763
655 796 25
942 561 392
874 402 321
181 425 937
893 197 311
350 91 159
161 723 376
689 710 461
964 306 376
161 855 749
761 631 621
136 841 201
455 187 517
840 106 646
9 801 905
687 577 920
665 574 949
244 337 289
447 461 376
225 271 649
761 241 33
787 126 201
673 856 8
526 393 1
369 441 51
119 457 724
501 151 121
621 712 195
633 181 69
265 1 227
358 169 946
191 969 906
876 661 756
226 880 845
724 313 73
141 829 283
721 522 871
808 977 96
326 393 326
191 757 451
671 661 305
301 741 673
29 151 302
351 28 121
307 859 201
127 637 321
751 465 461
607 337 859
471 261 441
778 222 457
306 501 479
107 625 433
268 129 755
26 941 771
491 287 301
281 427 983
213 977 951
21 627 389
393 186 523
145 534 769
573 911 819
111 523 546
563 1 446
173 943 997
130 361 410
5 498 51
621 921 489
281 406 157
421 51 865
732 33 641
1 129 676
44 157 361
303 979 885
883 259 168
384 942 49
731 880 845
383 281 30
336 362 600
73 291 571
251 1 11
145 761 183
871 153 230
853 193 741
525 287 937
901 380 951
585 211 753
1 625 900
847 69 795
853 45 701
801 645 749
561 391 441
517 826 129
417 987 238
332 531 953
305 40 705
734 759 918
51 537 633
741 574 61
71 66 933
551 569 279
542 966 731
815 741 150
761 373 497
126 526 257
533 358 229
293 301 517
561 625 377
609 511 631
941 81 367
421 296 145
850 247 525
529 901 709
207 645 345
587 263 991
361 822 341
542 836 968
407 745 458
975 71 409
828 697 617
89 177 590
425 157 66
201 372 312
366 266 395
235 837 106
316 460 996
641 201 529
286 673 898
12 257 121
841 359 761
61 201 74
912 881 81
366 739 601
661 671 201
889 159 843
983 195 692
954 810 141
693 832 163
822 681 733
953 610 925
191 995 545
34 129 853
976 976 57
468 671 489
187 147 68
571 499 433
770 93 487
177 545 746
233 258 116
257 881 875
691 215 804
927 567 661
524 473 273
63 201 577
501 391 881
666 1 265
249 497 911
334 481 991
799 887 125
546 821 721
901 99 673
269 170 456
201 635 518
335 461 800
351 892 541
951 726 562
816 44 701
213 941 651
541 897 49
876 880 91
689 233 617
150 681 785
381 215 525
579 401 641
503 23 67
656 681 357
713 36 75
351 603 11
241 505 169
995 151 541
117 537 601
517 131 631
149 892 76
476 326 991
453 137 281
125 159 770
109 609 701
807 681 413
935 540 897
90 956 206
153 777 444
33 107 764
929 453 231
11 446 285
961 801 313
794 324 761
761 343 127
261 241 841
761 965 101
60 117 772
921 413 577
509 189 73
577 23 199
451 116 982
441 740 833
561 109 629
204 661 251
601 943 195
153 829 989
981 401 446
380 571 729
296 837 689
936 792 583
633 755 553
978 159 89
907 13 197
74 238 343
46 516 933
441 109 450
382 19 657
831 269 397
81 205 407
798 813 937
751 37 720
565 111 273
673 201 220
203 669 97
766 959 841
28 581 401
451 106 427
777 726 36
934 201 423
801 603 915
231 872 895
705 166 674
864 481 117
963 657 759
996 616 571
259 875 757
135 29 879
669 201 701
409 553 363
748 249 513
952 364 933
845 817 249
921 979 606
612 517 25
576 717 961
613 449 18
665 45 83
319 573 656
611 78 907
82 901 343
721 811 641
413 263 221
561 675 231
998 17 933
407 386 317
112 873 741
97 451 457
90 27 641
723 31 317
662 151 567
531 57 141
855 951 201
141 863 361
260 662 927
849 819 401
875 676 209
589 261 91
853 645 289
399 955 547
349 588 121
721 721 521
929 361 897
651 506 163
349 569 579
217 601 693
224 245 533
99 227 686
705 41 545
101 461 797
719 797 280
793 617 721
983 553 151
266 384 56
745 585 921
1 476 89
601 281 796
425 736 4
716 881 681
761 569 846
766 533 61
661 743 205
864 705 445
37 1 25
751 713 305
587 6 977
335 979 386
17 66 701
884 125 457
716 298 901
471 981 373
285 737 108
732 755 896
939 835 501
245 657 501
924 110 999
737 833 182
41 66 490
451 698 501
36 804 481
401 361 93
949 39 321
59 1 433
120 573 541
152 237 585
145 721 700
342 941 997
11 304 915
153 169 955
241 701 299
361 715 531
897 751 473
537 551 669
183 309 19
255 505 441
637 325 735
981 272 357
31 618 801
423 638 977
881 391 876
722 504 207
879 265 136
520 927 379
406 137 691
611 417 301
710 26 863
635 58 69
86 129 645
450 705 431
207 9 504
213 399 497
363 686 415
613 348 753
67 796 209
321 904 881
501 169 897
529 509 521
969 342 176
535 131 796
892 153 717
513 956 687
663 843 740
901 553 407
26 969 156
265 933 681
541 695 913
201 281 569
288 384 141
887 41 101
113 915 800
733 696 708
41 133 703
513 601 68
169 573 209
379 245 521
115 391 277
926 83 43
887 631 288
1 881 41
715 277 564
653 549 465
397 376 706
409 617 69
36 426 653
341 135 991
576 437 516
395 751 232
311 761 289
121 219 401
891 274 127
105 817 721
337 833 152
641 663 155
204 217 711
661 786 697
377 851 907
318 417 961
132 125 684
771 51 241
679 346 913
953 229 857
75 289 719
425 964 721
21 149 795
328 756 985
269 657 452
835 941 851
742 221 439
637 37 537
528 860 798
371 417 482
681 199 76
161 157 881
257 504 974
957 957 153
45 851 913
461 526 916
500 896 705
677 959 265
873 273 193
388 546 113
715 999 601
195 60 851
785 847 965
123 451 5
61 227 464
295 956 412
271 1 825
625 359 827
793 197 281
999 480 834
707 817 196
788 713 141
142 609 682
45 1 469
198 719 272
201 305 25
9 107 162
843 293 531
11 121 56
49 313 851
731 313 473
675 865 905
161 673 159
461 126 776
401 823 846
333 961 501
436 855 83
519 49 497
553 837 929
175 543 705
126 789 891
685 241 335
213 987 1
381 729 225
214 25 593
69 51 910
717 672 431
841 369 923
977 201 123
21 706 687
637 991 158
451 613 476
177 925 921
701 251 909
228 611 881
536 955 226
971 293 301
111 603 969
99 376 24
901 801 401
101 241 281
601 421 801
293 471 724
202 825 641
193 88 941
755 813 269
41 893 825
336 916 853
289 719 945
571 681 254
461 756 713
961 12 762
977 986 193
65 821 601
405 780 401
481 161 599
476 838 151
409 200 751
800 601 604
185 971 932
577 97 529
376 960 343
917 111 905
937 966 741
221 306 526
271 623 184
904 690 551
748 33 229
540 371 111
674 983 517
266 591 717
301 471 426
966 621 527
609 32 895
953 467 993
389 465 657
825 537 324
459 810 497
646 65 198
271 186 301
359 367 41
476 733 603
530 83 761
981 103 144
241 745 701
975 505 483
737 561 935
27 275 21
568 101 766
1 107 567
257 499 415
681 884 361
437 297 282
69 235 337
624 657 842
601 811 825
631 51 338
390 585 573
265 439 681
449 529 491
45 868 721
261 516 654
126 845 1
882 701 499
913 925 9
101 81 473
89 571 236
545 287 201
61 448 417
478 151 661
321 115 665
133 174 391
61 857 571
769 863 633
172 756 111
951 225 972
633 288 835
717 948 455
17 51 454
865 871 102
135 421 316
561 337 609
661 46 567
317 435 592
841 401 969
126 921 175
779 151 251
481 305 277
265 120 129
909 57 923
537 685 711
475 356 216
701 921 913
702 723 378
633 888 88
593 123 221
884 673 636
136 237 565
631 369 766
169 515 129
385 125 205
112 138 285
677 653 866
168 1 196
636 234 237
667 1 588
312 722 605
521 769 257
1 672 455
191 7 111
801 89 650
201 257 851
521 49 771
239 291 996
26 381 761
377 937 346
521 905 481
785 517 437
961 636 887
517 169 467
623 584 957
753 586 649
857 921 772
549 905 636
809 761 409
233 27 859
917 268 13
453 461 93
876 639 425
59 307 469
926 729 970
617 241 656
76 631 9
37 519 895
741 856 476
166 845 980
357 731 590
17 157 11
349 516 349
593 584 151
563 397 657
979 151 351
940 951 857
562 126 777
623 516 515
750 516 405
430 823 907
183 585 181
611 451 162
945 309 859
976 691 945
262 501 73
97 39 901
953 745 29
662 895 141
594 923 409
497 185 167
581 531 593
889 637 882
156 553 286
217 655 745
641 253 697
967 141 821
533 763 934
919 500 143
981 86 851
297 243 546
17 853 169
699 584 601
655 479 747
443 540 769
629 670 848
577 513 127
603 336 837
886 167 561
310 816 148
459 779 69
101 453 757
953 293 330
999 679 676
350 291 550
147 231 417
940 461 261
773 159 199
729 216 966
391 377 97
986 757 905
318 469 989
617 633 371
617 553 344
103 323 542
342 1 721
89 67 753
557 865 665
556 1 651
989 997 732
626 689 447
180 820 464
623 7 454
41 421 587
36 883 785
586 243 747
705 288 761
693 985 199
890 373 201
115 711 511
936 696 801
685 561 531
75 571 686
635 635 51
799 748 767
545 501 567
329 285 281
61 774 897
165 521 642
487 116 179
917 125 473
534 797 666
625 967 465
411 574 699
206 401 241
825 285 182
353 979 397
626 5 629
929 545 64
135 936 726
583 391 401
711 487 773
397 995 822
275 371 881
196 511 131
214 991 163
173 297 661
901 221 892
249 861 676
465 364 699
597 876 569
461 611 52
501 206 275
783 633 253
601 553 453
118 649 529
864 765 105
872 478 661
953 471 479
153 389 511
801 753 61
961 341 269
179 524 589
613 201 19
914 129 915
83 575 981
731 762 830
614 55 986
926 291 191
235 350 479
557 291 886
745 326 605
801 1 561
1 236 331
995 286 767
917 707 757
533 938 793
385 129 175
570 89 471
15 981 161
57 221 57
585 965 921
521 125 545
507 774 818
992 890 121
351 882 771
81 841 695
517 1000 570
689 1 921
509 541 706
775 385 701
772 774 517
681 451 401
898 702 890
985 741 489
795 163 241
337 337 178
713 236 963
240 911 443
204 632 601
791 641 337
321 971 226
784 533 593
611 177 616
553 946 545
601 494 127
809 623 982
66 203 419
711 473 134
495 873 473
571 945 837
371 636 388
791 191 481
699 465 415
841 317 15
896 754 350
555 181 989
821 171 306
451 801 217
70 877 536
93 744 537
607 431 918
108 389 601
801 257 193
109 862 681
601 671 578
368 205 615
77 905 113
791 724 97
720 241 353
689 766 396
472 709 609
231 574 218
226 643 604
741 519 152
373 649 677
233 305 185
281 114 763
784 695 911
601 115 834
466 431 373
405 721 350
369 69 340
276 233 519
507 855 587
607 25 501
944 147 779
54 115 839
360 213 611
310 879 109
821 37 121
576 81 909
203 663 59
553 88 61
745 798 929
761 239 49
926 801 899
458 465 81
436 426 123
73 986 137
885 158 248
577 191 433
401 85 657
225 442 481
26 873 909
501 949 801
11 441 785
751 134 189
195 30 501
785 501 241
131 809 475
345 441 662
997 362 519
755 818 411
641 81 53
426 47 265
846 283 1
927 25 171
156 352 105
378 121 826
435 181 931
913 321 573
971 732 969
836 397 29
709 881 564
651 641 841
366 891 800
37 278 981
169 752 769
47 401 194
212 419 983
579 921 157
1 347 251
141 67 273
25 511 608
799 359 509
176 551 853
451 201 698
975 301 317
597 977 740
270 141 89
841 297 611
473 609 601
601 473 201
187 825 392
215 413 219
901 501 760
942 338 973
281 3 25
801 529 361
115 313 825
559 429 229
143 545 211
149 51 769
615 905 600
743 252 33
817 305 965
910 441 950
293 501 449
281 137 821
916 895 656
814 681 371
945 649 857
449 181 81
980 985 941
421 681 472
441 176 881
909 401 977
881 648 681
729 397 646
146 543 571
27 417 17
391 166 429
841 722 908
867 19 905
165 809 489
653 447 567
56 251 61
591 361 901
919 308 512
745 319 882
151 478 821
821 887 389
307 699 924
297 64 351
827 610 737
113 767 395
301 42 74
877 981 162
466 9 629
241 894 435
657 543 241
965 529 823
521 115 575
550 957 841
55 954 422
783 347 883
901 178 211
293 161 69
823 801 386
90 426 311
73 541 689
72 425 185
429 279 497
784 615 179
165 933 225
621 601 33
441 117 921
32 321 905
665 991 305
584 67 199
57 573 389
61 195 81
533 250 273
227 567 1
186 401 668
949 41 97
16 641 427
661 377 9
917 633 64
563 706 499
321 71 291
479 666 138
137 656 191
417 345 671
902 728 333
802 213 186
853 859 899
317 403 601
779 211 565
241 977 676
225 1 557
101 302 397
701 626 901
16 409 813
837 505 662
43 315 161
853 397 9
726 501 80
771 472 844
489 395 367
577 963 117
229 525 766
951 451 251
445 201 570
387 88 31
943 269 567
816 698 161
789 440 366
794 904 926
360 946 151
809 988 796
497 206 289
126 831 481
663 601 337
673 847 311
726 657 502
219 701 207
185 171 217
753 829 377
161 249 534
367 226 353
885 851 921
149 826 116
445 523 769
599 28 121
737 749 471
681 969 292
589 70 459
249 867 807
880 181 131
193 409 671
89 761 491
746 800 1
82 93 289
301 176 593
109 117 121
753 425 735
796 907 889
499 101 964
595 127 834
702 60 552
725 950 605
411 688 721
268 225 601
380 191 193
293 889 179
651 251 995
801 751 90
135 190 529
521 33 205
626 685 478
827 325 473
176 1 701
599 233 777
885 812 253
776 199 905
865 539 443
527 909 330
889 593 308
889 41 976
753 941 577
201 100 477
905 69 439
481 676 361
385 578 657
702 419 81
887 787 597
685 645 485
281 935 527
925 517 641
57 477 503
60 513 745
237 601 141
661 511 209
92 325 447
59 810 941
942 422 593
841 181 621
945 207 89
921 550 235
359 539 431
223 501 769
357 601 985
125 793 982
961 845 542
381 457 273
979 573 205
701 399 641
921 522 136
537 761 147
77 415 633
641 404 741
216 625 791
606 411 551
961 918 561
559 869 885
479 255 352
937 236 862
955 842 725
825 901 37
711 382 789
25 354 851
407 167 336
405 199 787
659 755 981
139 151 837
977 441 397
389 569 586
867 221 673
497 441 219
119 865 979
541 873 325
754 337 190
941 881 209
457 756 293
57 32 661
569 426 628
771 601 211
88 570 421
208 907 422
121 475 381
201 33 693
625 225 729
615 887 821
506 711 713
525 263 385
729 823 1
635 365 371
289 951 113
921 465 473
201 542 505
649 781 873
941 547 751
559 13 819
761 940 751
486 173 513
101 162 880
787 1 868
121 785 51
834 347 936
991 449 261
987 144 551
81 895 461
762 396 48
385 273 761
921 561 561
271 836 621
541 579 474
783 987 463
449 113 825
714 918 606
899 801 785
329 729 346
350 51 321
301 179 29
54 645 817
206 897 633
827 847 948
136 969 301
992 181 493
609 466 371
1 653 789
331 561 801
591 99 289
593 586 324
778 497 225
380 775 831
562 966 949
323 705 677
153 544 929
997 76 289
526 299 29
203 801 9
615 445 437
46 9 375
257 280 905
975 741 712
946 750 267
813 821 627
121 724 889
906 969 206
509 406 702
745 625 257
795 373 817
751 636 911
72 751 846
101 967 301
583 633 165
289 811 697
500 281 475
313 533 521
506 477 759
431 360 401
26 977 729
609 437 337
575 65 416
497 771 957
313 949 691
606 665 826
801 538 311
780 117 951
276 301 205
511 498 421
707 161 203
667 191 289
197 654 941
321 713 393
6 965 51
314 238 728
879 523 41
511 496 276
913 711 211
910 275 21
177 497 41
280 9 57
501 431 357
179 916 465
990 135 117
471 241 505
516 901 585
611 185 769
687 948 639
301 185 796
121 730 535
721 883 997
137 881 843
485 481 833
69 133 849
421 714 266
951 473 401
977 700 753
681 465 988
211 665 755
56 217 352
693 321 529
89 23 278
427 28 225
768 717 340
32 61 621
915 897 341
433 556 5
201 231 337
856 246 272
859 50 709
661 41 294
499 1 569
535 427 573
789 276 124
220 831 663
167 353 666
931 167 787
424 556 826
751 360 497
100 367 201
516 913 41
575 641 3
216 681 329
253 102 301
41 146 626
383 679 359
61 87 46
331 229 541
709 81 881
49 505 985
236 11 805
797 317 765
801 200 897
981 284 437
681 668 518
873 655 921
417 746 767
294 473 985
4 469 425
966 801 253
717 812 47
181 741 889
493 921 111
525 497 597
379 10 543
412 313 147
313 241 445
799 159 665
421 630 207
121 577 775
408 966 543
521 501 887
966 971 203
986 66 573
381 529 533
497 122 485
361 929 773
358 717 829
585 830 617
481 231 473
456 955 673
958 289 771
509 381 81
89 149 153
778 600 335
409 601 97
826 651 167
825 816 958
305 204 313
687 676 803
859 918 427
848 195 373
292 679 116
501 963 865
41 901 521
345 448 385
834 271 69
778 265 798
99 332 383
54 869 594
15 786 675
601 903 673
24 924 948
835 561 957
35 361 77
121 241 289
673 517 153
406 333 893
111 459 41
513 323 101
551 189 871
362 169 259
571 73 449
609 81 627
881 713 521
225 31 397
913 801 982
307 941 301
151 880 408
370 833 651
389 63 161
426 566 896
361 26 860
281 43 21
391 991 506
937 77 749
420 295 221
577 807 40
285 935 139
454 849 337
157 561 676
401 611 773
319 591 741
849 551 871
317 897 934
867 429 353
473 237 186
171 76 783
265 783 257
671 734 297
54 288 360
27 965 783
471 758 241
421 831 643
545 869 961
947 427 229
120 391 621
501 107 746
867 611 851
478 542 482
496 389 711
152 436 833
327 705 445
97 457 366
721 881 491
263 693 436
883 431 241
185 441 443
187 841 323
900 41 927
302 455 659
31 641 149
609 721 168
660 305 662
379 902 819
220 781 825
69 852 186
437 117 713
71 763 982
276 3 753
731 397 451
961 248 594
679 957 806
721 76 857
907 930 106
347 695 53
441 105 611
773 447 525
909 468 57
698 72 142
248 177 619
601 825 909
335 907 763
421 201 801
375 605 374
123 136 593
113 873 159
25 939 798
201 51 497
56 939 345
435 7 889
25 670 756
717 446 69
473 51 649
218 373 993
424 833 920
659 151 517
854 401 776
305 611 661
729 618 326
441 210 275
939 201 499
967 461 792
447 343 29
163 901 130
762 626 1
281 226 112
1 3 701
753 146 603
501 699 141
793 541 551
35 993 481
341 725 470
197 351 391
765 73 953
181 16 40
401 575 265
451 360 556
640 65 689
711 988 106
125 533 969
201 966 510
977 297 965
866 215 453
19 73 712
801 721 151
413 271 611
553 442 945
407 496 79
703 777 359
444 28 215
78 941 792
217 217 651
27 669 903
418 273 401
863 709 361
139 265 505
468 302 919
891 255 405
1 581 961
293 801 41
251 945 601
782 861 877
419 981 890
141 410 51
147 1 381
249 657 954
704 211 253
111 219 361
702 213 145
866 902 665
281 650 97
981 901 361
753 288 388
625 137 419
985 194 967
625 465 901
711 533 921
211 671 87
271 301 411
339 680 466
80 21 836
233 399 321
242 307 720
826 889 25
45 221 277
306 425 761
963 269 944
228 273 121
957 21 385
94 363 317
853 756 417
863 409 121
213 725 18
133 992 761
877 723 653
463 841 917
585 113 279
6 977 566
121 424 381
991 446 403
755 633 469
65 296 385
145 54 513
14 840 427
526 713 68
737 51 593
441 500 872
1 41 683
201 881 101
407 1 952
437 313 706
633 751 835
720 501 405
945 289 996
259 559 169
985 549 237
377 265 25
806 537 505
791 349 615
1 671 921
938 385 416
671 241 782
657 603 203
798 393 478
433 241 205
25 681 251
945 122 408
451 12 529
179 615 443
893 598 473
714 921 681
91 93 671
945 611 793
297 157 41
539 307 546
8 841 387
1 710 431
37 139 1
141 483 627
94 385 401
491 951 155
758 515 97
545 625 981
109 163 666
461 296 526
79 449 832
953 673 813
156 465 366
251 864 679
511 196 629
51 869 704
338 247 901
681 846 801
89 157 481
760 241 341
241 881 145
801 754 811
433 691 557
266 806 192
945 397 233
24 601 361
777 205 349
990 727 665
475 126 791
677 876 781
756 470 401
377 885 817
501 546 457
505 195 101
740 206 201
293 719 91
736 65 535
533 776 800
840 217 891
616 665 531
873 797 21
201 917 355
967 531 455
41 773 611
51 501 613
53 256 921
956 786 981
809 449 225
911 441 393
114 161 177
557 429 982
121 72 389
857 156 93
834 781 996
601 241 260
689 777 941
176 517 681
397 36 595
291 877 749
709 645 121
277 617 545
1 363 65
279 946 449
26 41 137
935 263 739
283 279 900
621 526 781
537 817 249
224 119 163
365 561 681
129 817 301
521 501 231
203 701 694
649 614 349
657 5 632
825 185 862
952 857 157
273 337 681
396 985 102
845 233 71
673 873 423
288 103 363
327 849 199
766 161 259
585 121 721
737 641 841
461 1 952
542 873 381
881 243 820
105 187 457
597 407 11
515 100 527
661 785 927
251 155 901
105 33 651
621 356 947
705 901 41
576 721 625
941 417 897
72 338 437
43 225 386
818 474 781
462 533 136
583 993 57
474 524 47
676 17 720
261 485 949
631 355 618
851 177 981
689 995 825
499 396 471
401 418 459
867 771 753
556 800 547
809 983 26
721 451 927
135 861 961
801 802 357
745 797 1
397 193 313
106 721 721
130 81 301
640 393 531
881 691 151
426 518 777
659 937 337
521 489 757
807 751 943
394 833 588
299 667 787
657 718 637
121 228 447
547 729 937
472 539 116
491 76 351
101 591 687
204 541 206
886 933 37
861 164 873
501 681 477
803 713 83
41 415 113
277 177 442
656 561 821
17 796 631
435 179 357
425 201 597
746 278 969
657 17 817
961 829 305
153 286 641
231 807 3
881 441 599
294 841 359
601 441 233
563 833 251
51 897 995
317 773 813
64 205 371
411 201 701
83 92 801
993 1 815
258 548 278
906 152 118
865 438 78
293 837 1
233 871 672
562 503 41
676 745 245
751 737 96
711 377 236
297 553 34
461 176 175
81 179 463
709 756 585
33 76 609
151 989 609
241 6 746
693 249 26
111 256 455
593 918 773
641 361 570
797 499 14
78 622 572
394 642 281
37 571 809
545 241 621
989 875 654
751 891 217
625 711 801
229 907 701
371 671 681
635 169 22
778 881 133
294 251 347
573 23 389
655 865 732
641 291 91
181 974 754
996 651 641
103 225 817
12 244 430
497 406 189
657 150 385
721 74 688
931 891 171
919 601 711
569 225 474
565 878 459
347 11 577
281 35 791
501 928 81
875 237 405
617 485 783
720 358 226
754 351 69
851 825 557
651 906 865
567 823 456
321 373 73
449 292 161
529 485 321
391 732 434
621 531 593
113 911 841
671 193 345
799 677 461
625 721 205
557 701 1
287 487 663
881 261 256
784 881 769
221 833 801
600 957 146
33 146 590
501 245 961
449 137 979
601 93 73
941 515 885
511 299 526
41 501 1
351 769 106
105 771 526
865 801 129
201 905 56
959 441 555
346 7 145
673 665 241
463 688 697
779 734 893
716 261 563
352 583 709
534 271 383
444 101 191
943 493 217
553 552 461
839 257 377
265 573 301
71 129 324
949 1 643
945 329 791
505 820 765
171 62 92
361 795 743
300 709 810
577 245 801
297 665 458
1 641 609
905 876 361
577 841 785
31 313 745
411 333 799
311 769 367
951 681 861
857 817 199
487 189 401
881 695 970
751 49 242
205 901 67
157 177 167
178 545 709
685 65 561
273 351 1000
171 806 865
417 697 757
987 977 753
537 278 712
501 187 41
831 159 891
241 161 701
217 751 972
449 641 120
135 751 225
703 711 677
692 921 740
111 593 756
513 898 11
897 315 645
631 197 465
135 911 823
781 635 711
454 805 932
67 537 17
857 662 841
728 187 497
397 597 871
577 706 862
951 136 367
154 599 30
849 368 849
225 49 239
779 301 158
103 361 937
737 482 951
929 694 437
5 263 167
981 611 601
465 817 276
73 583 849
851 491 156
653 638 333
133 931 829
577 441 413
761 459 452
651 529 815
603 903 191
501 216 333
451 922 953
271 21 361
977 905 160
126 141 313
241 1 156
17 365 530
639 120 731
571 989 676
463 401 425
689 711 226
501 899 53
951 972 701
193 583 43
609 892 25
71 39 145
363 753 801
113 217 340
721 226 353
478 365 265
217 401 452
329 229 876
3 885 476
73 395 638
601 505 449
486 181 406
167 60 541
346 333 51
414 401 89
356 11 869
924 65 783
581 456 416
71 599 91
229 1 601
666 585 2
636 281 485
511 574 667
826 144 921
105 15 550
125 229 89
896 689 369
113 361 25
21 195 29
211 940 889
421 160 26
601 593 585
492 326 601
445 460 697
235 393 26
869 668 829
529 745 231
797 594 485
925 677 154
761 201 84
834 471 921
940 173 818
459 593 176
882 101 584
64 941 146
673 145 309
985 961 651
513 273 611
3 953 225
391 696 695
351 85 961
366 65 914
156 146 887
926 626 171
499 865 641
601 316 885
141 483 685
185 765 302
350 685 821
865 721 937
737 41 963
957 401 641
521 465 431
419 429 581
505 851 467
99 761 487
865 452 481
472 177 873
737 837 116
561 43 361
669 761 175
69 690 273
316 693 370
817 529 737
993 529 41
905 145 989
366 846 800
976 141 676
677 914 433
239 385 913
257 217 185
766 69 826
393 955 941
432 407 628
208 996 232
967 232 721
601 569 417
793 501 401
694 71 589
451 603 68
881 625 333
761 403 246
245 821 801
337 477 668
96 157 106
271 341 296
255 611 232
636 91 848
951 714 1
721 829 211
953 873 681
201 803 503
946 369 396
689 297 95
981 401 353
521 764 494
1 271 145
45 145 824
251 19 451
360 188 481
349 373 73
441 185 386
992 889 98
497 21 70
836 251 723
78 761 524
649 724 461
99 513 849
927 449 441
701 40 371
741 751 249
913 445 636
388 675 825
931 404 649
178 336 613
527 887 241
513 252 953
417 121 393
461 853 201
670 289 363
11 819 171
553 581 609
560 422 185
231 451 641
917 231 501
169 699 610
642 995 401
354 293 565
501 201 703
641 401 723
669 761 171
629 968 394
231 774 828
299 958 861
701 363 627
53 321 585
839 914 233
723 97 853
625 821 901
656 401 197
63 187 913
267 626 455
99 870 379
252 254 81
113 951 501
841 511 677
511 467 767
521 849 101
18 881 701
136 161 858
703 340 101
258 901 951
199 839 308
6 930 201
57 569 731
661 431 851
533 912 661
929 124 996
294 418 23
860 790 31
205 277 287
392 426 320
625 696 876
281 687 891
747 355 417
959 537 173
749 31 136
844 321 81
8 791 851
969 140 161
108 25 193
231 717 461
231 643 761
181 579 969
275 195 190
135 676 813
211 936 313
21 47 770
915 493 567
519 841 401
337 645 285
605 33 629
97 526 57
301 825 111
209 151 262
576 478 991
715 461 586
259 505 601
264 307 826
937 470 100
833 544 869
424 1 751
841 573 507
227 568 851
981 397 233
482 176 589
136 576 665
159 301 241
690 129 227
457 641 777
103 273 897
6 385 196
161 541 321
433 261 49
535 35 967
896 1 451
371 82 571
403 657 244
902 546 125
303 676 732
745 704 850
236 181 201
81 922 491
803 715 601
777 1 573
291 846 835
578 716 701
836 291 103
385 171 597
924 593 853
979 692 470
612 74 473
41 419 97
841 241 51
729 3 221
353 901 155
171 664 186
389 741 251
671 369 591
333 822 177
229 9 585
55 606 809
60 815 41
977 202 385
401 311 4
527 341 777
156 321 775
33 693 601
61 901 153
354 430 825
701 187 859
21 160 421
844 273 27
81 919 751
391 547 491
726 313 851
607 177 276
402 611 416
991 825 699
877 363 317
451 282 489
37 86 203
129 323 89
551 103 837
169 425 176
357 515 569
833 475 843
232 969 25
784 285 214
233 126 457
921 605 139
301 961 751
6 595 601
793 185 601
813 502 283
276 841 561
170 40 746
300 401 237
610 201 834
836 435 325
753 487 209
357 403 713
666 408 603
473 501 730
930 965 481
529 435 13
1 180 621
35 386 381
365 151 781
741 201 312
413 103 429
5 121 793
666 203 378
501 55 847
601 901 641
622 11 681
201 853 521
1 553 293
181 961 701
997 173 281
741 821 331
981 42 952
459 951 111
481 875 546
633 67 534
653 101 791
956 497 17
436 201 554
684 189 433
461 939 45
126 618 909
861 346 527
114 681 313
841 6 6
637 843 252
727 215 471
694 73 841
353 993 797
481 541 305
201 635 281
265 231 413
693 925 741
501 245 376
265 917 176
467 81 923
175 983 881
417 401 670
873 785 43
96 801 58
369 201 39
681 111 525
976 542 925
120 301 11
243 647 1
2 951 353
325 87 926
761 991 195
257 1000 296
69 879 25
985 471 381
372 313 268
663 951 93
293 721 593
631 93 881
621 262 21
129 716 381
153 672 713
279 33 411
213 251 278
270 651 677
948 265 101
193 773 692
593 641 707
715 409 181
513 547 401
677 702 157
193 11 321
926 811 809
840 309 133
333 955 761
47 7 201
701 568 405
101 267 21
286 549 535
547 833 501
107 207 873
862 921 946
789 81 385
625 995 817
625 866 441
541 441 941
197 901 507
689 71 928
977 978 773
321 213 162
483 501 701
545 392 636
76 81 304
609 666 713
241 243 796
761 661 76
241 721 441
833 81 603
732 899 598
890 283 315
425 933 621
593 379 277
401 421 85
401 622 168
721 509 191
881 177 809
229 39 701
178 286 281
687 221 639
701 747 736
314 529 676
857 67 513
205 577 281
185 488 385
61 301 487
969 486 415
206 286 861
371 309 233
921 177 801
605 554 677
976 562 367
454 505 951
121 492 503
735 521 877
401 233 769
33 557 409
861 951 383
269 81 741
56 83 996
946 483 417
953 830 818
441 825 297
537 889 607
49 285 601
611 485 1
876 221 160
945 321 332
1 406 577
607 565 851
597 573 127
797 398 961
385 815 574
385 457 213
272 223 23
101 401 869
521 402 637
551 776 121
987 635 481
991 393 833
733 549 981
141 328 263
356 41 227
81 1 636
908 713 321
511 409 857
331 185 893
605 655 601
114 265 819
421 802 644
105 928 678
945 185 169
881 241 653
765 629 889
814 537 221
411 861 497
933 79 629
765 261 397
493 82 209
683 201 906
386 67 711
837 881 990
777 174 841
521 745 369
417 407 986
853 861 790
629 986 729
684 746 954
81 977 616
273 945 535
916 769 872
293 23 561
313 776 161
216 553 905
427 61 451
836 626 803
891 361 931
194 851 124
509 913 921
421 391 267
821 851 209
459 905 101
381 349 565
683 832 121
705 749 291
665 326 625
941 537 189
153 471 980
751 270 281
377 571 17
389 872 65
401 959 870
965 747 381
101 529 833
633 433 793
877 655 757
974 207 129
489 285 250
878 441 661
691 601 809
975 861 235
856 901 456
264 806 501
989 5 723
631 865 471
877 2 85
425 259 156
785 247 181
129 315 669
249 41 473
6 401 706
341 221 1
413 411 206
16 251 737
379 282 457
301 665 411
935 301 889
567 391 226
662 263 482
167 949 587
121 732 14
105 839 813
103 618 111
414 551 751
188 771 305
55 817 969
909 955 676
345 451 351
180 561 707
41 521 165
562 425 427
653 925 164
750 906 5
835 663 907
221 1 785
633 519 521
285 535 283
931 377 633
921 353 71
476 137 502
211 957 113
701 110 689
636 780 526
771 949 83
481 617 15
610 815 59
775 486 841
991 273 141
765 207 57
115 706 897
811 735 220
721 282 994
510 304 823
49 51 405
123 518 461
21 451 865
869 721 861
584 181 37
165 670 473
505 871 634
148 121 786
633 577 777
979 549 44
356 437 701
617 449 597
449 497 873
333 527 160
432 337 883
809 346 407
915 281 531
485 714 945
251 517 682
969 49 80
344 301 174
548 184 591
732 241 598
147 811 626
750 637 561
951 45 597
626 993 513
361 521 486
164 611 941
397 512 865
640 521 897
17 449 31
817 275 417
374 134 961
343 521 910
996 276 593
837 9 617
940 833 194
463 433 861
1 941 496
506 456 681
149 637 458
401 11 667
425 211 155
771 651 301
429 180 164
888 901 177
497 849 97
314 423 197
945 241 373
292 853 511
224 409 673
689 609 516
935 377 943
154 321 333
835 665 69
251 427 880
81 543 861
471 345 618
16 315 273
982 426 808
838 651 731
822 797 351
381 961 692
269 873 929
112 721 976
261 884 645
157 983 701
69 481 705
564 511 825
337 159 33
993 551 349
717 826 878
301 601 331
825 751 921
417 648 773
916 121 210
655 106 969
169 981 255
846 1 655
32 945 5
301 707 717
439 705 275
351 205 428
751 969 265
700 593 601
555 505 20
365 353 805
249 473 394
923 865 63
875 897 177
433 761 968
657 121 894
111 804 491
692 596 617
625 445 769
961 276 912
156 166 493
464 602 579
894 963 505
596 113 689
589 840 137
185 345 91
556 673 145
541 126 641
89 507 781
141 471 651
229 111 640
639 891 475
721 350 69
900 476 956
226 455 866
488 921 793
889 237 639
512 481 821
687 201 606
977 311 889
769 372 873
383 767 723
693 917 901
246 195 318
839 391 696
10 417 242
322 25 981
316 827 874
460 29 174
33 94 901
599 166 569
95 601 11
345 345 141
199 815 64
429 29 646
241 851 657
577 231 63
821 871 916
137 399 61
689 941 407
591 593 673
731 339 910
961 625 343
775 379 815
67 79 137
649 865 777
689 341 966
353 420 917
595 381 859
827 630 973
225 516 955
898 975 616
421 241 206
322 61 629
385 308 681
761 260 117
185 477 601
639 241 601
137 993 521
399 431 533
849 391 435
101 193 601
681 530 141
359 278 321
633 298 228
869 692 434
701 106 581
975 151 321
991 7 141
509 513 264
561 801 273
76 897 653
297 729 761
109 801 811
129 381 546
827 572 661
945 537 497
185 145 169
369 663 201
111 153 441
229 815 61
260 151 65
25 710 953
789 506 765
578 451 929
583 862 675
81 55 457
669 457 479
97 533 424
841 795 449
961 177 841
401 982 649
485 594 776
771 683 257
976 825 306
443 285 583
654 996 198
624 485 206
21 943 16
889 453 875
660 191 609
801 669 585
343 379 488
681 126 81
439 671 201
526 920 310
681 247 803
496 751 761
899 846 281
19 591 549
346 775 489
501 610 167
1 676 149
371 480 714
121 354 85
937 636 681
805 182 347
376 6 1
513 189 488
436 651 793
182 568 723
409 821 189
647 199 641
55 4 714
881 517 777
100 318 151
259 250 649
144 918 649
121 962 601
633 545 461
855 761 793
73 414 126
277 801 688
821 453 551
579 810 782
145 311 251
417 523 676
751 471 171
181 973 26
329 549 753
696 789 842
581 945 777
741 549 510
33 321 425
615 1 435
596 820 781
41 345 709
363 841 826
187 361 541
580 761 351
67 876 1
170 906 545
445 767 648
601 731 105
425 869 709
261 623 181
201 625 651
87 121 929
788 801 289
521 395 406
435 22 664
687 522 593
908 829 667
189 119 13
849 119 705
169 493 969
471 241 449
832 149 305
800 781 789
590 317 794
184 123 841
401 589 98
863 981 581
257 373 119
601 328 873
158 1 779
701 353 697
137 189 417
513 283 982
751 309 43
889 287 999
401 177 86
781 749 919
446 375 401
879 373 141
115 711 641
713 761 774
121 81 321
712 991 19
701 981 326
901 806 347
929 931 598
177 85 851
537 14 222
979 737 885
51 529 261
837 601 34
665 521 757
145 424 929
137 453 169
838 375 796
247 825 921
951 601 959
641 321 174
889 808 985
214 359 759
800 409 1
165 431 791
903 958 555
68 255 422
521 41 345
951 456 363
91 347 597
551 976 277
338 927 793
269 528 77
501 489 196
997 249 800
636 879 897
197 665 396
1 87 843
713 696 1
965 357 857
896 310 877
665 273 205
157 22 721
617 332 226
856 125 726
484 401 705
421 137 584
583 555 276
5 213 369
546 954 389
719 481 369
526 849 58
76 338 181
48 698 101
545 385 855
151 942 568
806 301 411
761 561 869
453 311 960
664 961 53
933 183 123
429 31 887
841 444 536
871 962 349
201 551 751
428 9 517
460 922 737
225 833 988
583 225 750
581 121 331
639 763 897
121 121 741
700 449 529
811 286 246
561 231 477
12 451 702
275 994 67
259 937 785
425 81 361
489 605 963
579 433 666
185 537 1
833 995 433
891 741 51
505 795 513
803 103 351
315 937 977
586 687 506
63 393 36
772 66 775
976 48 575
981 265 1
822 234 351
805 213 511
209 259 863
838 638 245
470 16 325
13 585 21
913 275 987
98 283 441
741 471 930
19 242 785
557 681 694
281 36 750
985 141 636
981 709 293
231 501 59
487 269 433
535 537 183
876 730 671
439 113 673
971 111 895
357 356 561
577 101 860
161 358 319
94 823 547
841 343 239
877 237 589
537 681 969
861 537 662
507 296 121
915 811 893
765 347 263
621 931 169
780 742 234
145 501 73
869 133 305
593 189 621
151 273 322
954 129 696
621 697 221
657 800 45
445 426 985
387 735 818
545 873 633
77 763 556
273 809 208
141 729 554
641 495 241
229 865 721
470 125 59
481 780 17
993 977 921
849 425 245
353 401 169
611 17 261
561 297 531
125 579 761
981 205 189
986 731 289
441 896 976
269 441 293
23 393 921
290 980 567
563 405 676
753 947 487
801 249 537
597 5 868
441 721 605
265 725 305
701 110 676
841 309 600
891 413 421
137 343 97
81 977 681
897 888 526
52 665 257
778 893 669
833 81 931
493 160 451
433 665 77
155 481 381
209 61 562
740 751 377
76 547 511
525 39 175
786 609 771
393 681 739
496 1 843
757 503 631
296 609 441
413 855 661
567 21 191
857 436 521
257 978 669
126 137 983
293 189 715
886 517 65
950 933 776
493 567 133
401 841 505
117 216 85
481 367 481
65 729 889
815 398 839
751 623 937
369 536 650
991 401 959
737 796 324
983 337 759
111 577 841
637 265 836
318 766 973
161 375 589
981 782 584
228 681 564
611 191 777
291 434 909
105 375 985
52 851 479
866 16 465
70 729 361
735 474 49
62 641 864
545 58 773
889 723 287
372 721 352
201 601 401
732 751 875
617 21 775
373 935 228
371 13 574
