3261
362 221 769
121 335 785
797 766 313
915 729 980
796 509 468
725 405 890
979 376 81
925 435 369
691 967 161
83 339 455
105 974 771
337 216 786
203 150 257
326 680 833
499 761 465
591 801 884
640 59 965
370 687 921
821 445 613
636 537 17
891 696 297
581 17 249
961 521 781
601 422 377
921 193 268
669 141 686
101 773 941
827 217 982
980 851 391
628 715 238
723 729 401
355 107 553
881 908 117
836 113 765
127 947 25
341 521 712
1 687 365
91 65 833
311 226 481
417 109 396
553 196 199
929 129 431
988 939 801
681 749 226
960 201 165
243 5 751
885 601 896
273 762 571
615 687 316
497 279 787
339 519 253
221 191 921
653 718 360
899 461 883
51 356 374
952 45 696
969 537 503
823 230 342
626 575 705
145 848 486
566 425 981
361 229 398
661 577 91
633 383 87
836 285 301
563 425 15
891 624 41
721 861 148
911 651 401
765 698 33
813 41 463
843 592 96
261 722 647
666 862 531
685 664 4
949 451 189
131 19 97
257 35 576
945 41 704
829 261 156
49 441 280
678 257 7
503 627 192
257 853 381
970 139 103
481 893 139
869 209 396
322 39 244
927 6 519
582 372 311
529 287 281
769 441 133
589 511 622
601 765 763
251 36 225
221 317 776
662 837 923
469 21 13
97 461 303
721 883 66
109 29 841
197 713 78
821 362 468
761 129 97
811 549 941
669 273 901
95 226 957
265 265 56
551 299 661
506 153 377
401 270 581
431 554 696
635 907 793
521 321 601
385 332 876
470 169 635
187 246 745
491 385 177
417 577 866
308 525 289
831 101 426
947 941 267
201 847 853
624 72 911
159 49 317
581 565 224
839 755 481
845 601 828
709 93 901
843 389 879
846 513 421
857 193 584
741 913 647
161 423 9
751 783 431
849 897 143
911 205 157
225 33 601
373 313 27
544 201 881
857 369 711
465 355 401
223 801 903
663 349 665
595 349 329
622 531 41
673 497 213
630 216 118
217 1 771
305 783 1
965 170 149
491 245 593
715 624 954
711 71 401
539 931 663
161 337 71
921 926 212
936 202 659
553 659 301
169 27 818
663 153 707
281 881 421
793 738 113
105 83 281
841 952 954
273 797 313
205 171 121
631 891 202
593 469 949
425 899 443
117 165 676
29 375 923
985 149 717
225 103 501
384 901 53
563 875 521
68 259 319
831 661 196
766 921 409
843 941 570
72 961 189
829 729 129
321 213 888
598 480 553
609 513 101
695 265 603
249 409 1
269 94 689
66 529 721
224 427 661
604 481 529
41 421 991
57 257 200
689 157 31
353 51 471
661 440 652
830 765 303
257 776 201
93 387 465
501 230 420
121 15 935
377 2 287
464 905 633
786 878 831
777 881 521
185 316 695
101 647 251
481 771 529
890 483 889
931 365 305
221 765 239
751 537 831
261 413 685
233 765 390
839 529 97
145 429 826
61 919 351
354 477 264
401 34 641
731 993 125
602 777 576
17 388 288
91 581 546
913 814 617
466 706 185
401 531 236
513 261 306
125 281 837
961 801 84
56 436 537
831 881 696
545 301 865
511 799 464
737 376 65
179 726 46
577 7 941
441 881 226
227 87 465
881 674 930
115 238 182
881 166 486
461 639 950
333 720 601
935 643 699
441 261 713
517 905 175
869 223 691
865 889 509
481 301 837
501 939 197
400 501 11
66 393 191
81 559 435
842 844 239
681 565 873
941 603 268
194 599 558
166 201 570
237 544 151
139 465 820
189 491 251
751 295 391
396 150 579
704 513 415
391 312 903
401 955 783
385 929 727
321 741 761
991 281 926
191 21 610
641 495 255
551 359 151
985 125 361
849 211 961
633 276 522
415 596 96
143 66 764
425 819 761
579 271 171
21 481 877
587 891 553
645 830 949
76 441 321
554 591 775
880 777 502
916 456 173
69 86 625
301 675 691
417 47 516
987 692 496
146 633 344
65 706 36
297 985 281
716 561 633
761 372 969
801 944 713
445 434 161
929 862 698
161 903 537
959 669 771
985 677 256
85 542 938
183 853 459
626 35 555
638 957 859
455 849 233
92 561 481
592 737 336
328 500 595
98 491 501
974 846 857
553 864 9
554 297 589
941 288 321
362 125 401
69 449 945
734 633 521
465 369 436
200 372 917
21 48 81
567 561 649
31 4 401
843 358 251
747 41 887
650 976 393
1 253 814
785 221 561
678 753 889
7 769 821
961 521 994
651 417 251
265 306 576
887 807 925
994 105 381
481 899 33
897 247 509
183 693 466
576 289 871
184 313 551
65 161 891
491 707 1
643 377 138
944 361 977
41 194 121
506 777 316
582 211 208
321 80 233
501 66 631
809 36 707
911 614 805
169 301 961
501 664 233
387 197 100
116 265 926
131 720 801
576 44 410
431 257 321
349 31 787
385 1 940
661 215 273
521 705 636
639 721 108
237 881 868
903 19 614
457 21 563
673 287 1000
84 597 439
910 506 201
969 703 603
185 995 293
887 313 621
97 723 801
145 781 505
380 985 651
825 713 565
1 216 105
348 196 985
813 579 461
393 931 411
401 261 884
15 185 344
215 341 426
913 906 937
913 151 12
777 245 579
309 81 835
185 562 150
665 249 912
999 721 99
549 945 444
861 565 509
97 297 249
936 171 519
581 505 931
267 232 797
716 185 543
956 376 791
271 562 726
995 35 255
598 623 833
137 578 529
101 695 981
883 771 559
488 928 429
281 132 29
409 481 1
731 825 943
840 105 449
783 89 927
53 401 381
945 363 145
61 393 747
433 142 151
181 151 481
247 19 425
860 261 695
175 78 521
601 302 207
814 789 781
451 551 961
651 441 530
365 838 732
867 304 945
951 565 99
597 940 921
158 517 961
966 933 781
221 601 655
802 266 761
161 346 885
745 809 39
465 159 321
139 560 193
57 251 392
717 719 721
61 827 197
81 691 511
45 251 342
90 626 161
771 711 793
639 949 329
137 197 707
551 924 176
65 1000 407
714 25 299
875 858 82
436 111 36
313 846 501
721 876 239
717 518 111
294 996 93
881 393 909
201 988 189
241 862 612
58 781 767
873 493 293
621 201 321
896 531 54
273 126 501
687 385 713
821 900 297
19 217 806
450 701 585
600 393 571
141 801 556
812 573 873
939 493 407
905 681 955
167 761 506
321 320 606
151 713 337
531 469 49
726 459 317
962 961 637
761 801 21
652 137 544
426 497 650
2 63 471
621 451 407
33 353 719
823 801 131
207 715 409
641 298 547
211 67 89
169 788 264
907 117 35
923 749 680
201 854 433
11 341 384
803 639 819
378 825 793
163 384 16
346 521 987
542 861 585
663 331 257
177 249 195
306 892 715
426 877 86
961 505 585
361 145 819
422 661 452
545 189 828
545 647 401
521 471 913
267 844 615
403 121 500
601 876 809
423 277 241
369 935 861
501 453 504
41 25 874
85 43 148
1 808 351
444 181 453
980 159 770
926 344 68
937 201 869
285 343 169
873 289 877
796 77 934
150 93 493
20 711 291
122 185 261
347 601 157
741 719 889
36 181 991
216 749 690
801 229 973
561 187 587
103 327 37
298 325 461
546 700 825
789 545 761
745 858 825
221 219 835
811 392 113
767 801 176
841 313 265
479 36 733
941 19 81
676 861 328
1 510 65
655 781 52
589 753 841
832 49 457
831 57 201
843 319 403
477 891 328
640 227 381
407 85 719
237 473 97
945 759 659
644 251 129
841 716 388
741 313 798
95 906 693
900 589 446
329 710 161
838 201 761
459 855 777
920 357 643
756 811 449
826 258 187
223 763 473
807 247 59
538 631 125
923 257 582
596 413 861
21 729 581
851 253 261
733 165 663
313 170 369
926 669 254
351 961 417
11 51 51
297 961 901
777 16 994
969 1 108
21 563 731
488 81 935
147 281 289
141 793 469
307 834 731
174 121 682
753 517 259
931 661 305
759 501 907
651 89 631
757 141 761
215 673 501
121 197 841
447 921 745
289 905 321
921 345 583
629 631 829
1 505 179
453 111 376
911 745 1
102 875 216
906 281 119
322 289 561
406 841 793
801 471 896
666 384 385
21 48 592
790 643 649
295 373 996
113 601 995
319 372 465
130 839 21
211 361 763
829 785 274
466 593 825
681 801 579
169 573 476
361 154 866
411 627 807
731 157 809
977 221 936
587 205 115
621 721 129
496 411 813
393 905 353
209 811 579
787 169 529
557 957 433
533 150 729
341 261 121
551 901 775
704 683 737
552 836 986
224 893 758
341 708 801
751 156 401
293 681 90
13 521 401
711 1 767
521 257 261
41 673 731
282 544 265
535 171 571
290 919 673
33 496 631
461 605 376
674 234 5
106 251 582
985 401 819
841 1 90
521 353 856
651 978 416
296 836 71
73 897 671
377 761 187
501 751 155
433 29 885
489 361 976
684 741 903
57 947 857
517 65 289
243 639 867
968 75 441
529 389 717
361 953 907
905 289 561
455 923 909
949 851 149
409 150 229
699 351 479
745 534 690
73 900 515
785 960 91
698 729 529
736 926 122
177 581 707
167 641 591
997 733 945
401 591 721
741 515 679
449 133 601
887 205 104
463 510 185
621 221 486
981 489 465
481 751 647
565 673 181
401 981 824
236 565 606
652 819 177
778 961 343
187 457 372
316 486 433
961 737 474
321 1 173
992 334 710
445 461 12
341 126 469
417 531 156
699 245 682
552 891 298
254 899 381
954 821 573
362 861 344
547 679 843
721 129 137
701 516 273
660 529 49
361 146 287
121 789 509
201 374 901
931 589 941
977 801 917
157 961 45
126 911 590
441 573 247
829 303 197
85 955 401
571 241 207
769 623 745
913 171 533
51 160 476
137 24 558
697 69 657
665 9 736
413 729 113
295 281 525
769 301 63
953 793 707
439 376 793
151 621 174
634 90 763
961 149 327
113 955 339
722 225 529
131 937 563
172 617 809
413 677 641
529 785 647
526 461 472
804 239 32
13 691 629
827 214 7
941 533 797
277 761 600
141 321 357
974 561 899
568 577 160
281 743 927
162 173 91
709 696 512
73 483 867
851 369 821
103 761 609
435 233 591
681 651 774
11 221 57
543 501 9
629 24 441
458 693 189
316 153 569
29 551 883
361 171 939
169 719 863
781 221 63
937 737 561
465 447 329
820 617 510
81 84 900
599 257 91
844 793 971
261 363 487
813 974 189
85 441 428
230 350 43
604 401 961
449 401 231
376 531 261
848 917 521
249 27 761
941 429 203
29 306 469
621 631 381
541 529 932
169 603 183
377 462 401
235 134 131
376 987 696
479 458 809
265 511 556
107 111 801
121 681 469
192 273 421
123 75 1
164 776 910
609 777 248
447 911 185
705 482 423
808 353 363
905 911 438
446 806 466
95 680 321
47 461 561
651 208 252
332 262 826
941 699 116
631 324 57
451 765 431
595 765 529
697 265 273
167 948 433
587 881 581
511 465 481
781 321 457
1 711 93
19 351 637
473 445 895
465 476 807
441 877 864
517 93 497
851 27 269
443 960 796
129 41 302
377 42 341
16 601 109
353 685 428
404 438 479
193 737 845
241 321 409
481 496 960
734 980 367
641 93 662
511 349 429
537 301 126
774 751 724
87 176 601
289 339 360
993 59 599
829 554 65
657 321 337
509 780 829
942 705 841
467 42 281
483 596 409
897 969 201
157 787 99
965 726 342
251 997 105
782 727 349
885 985 237
94 79 184
597 113 255
909 56 989
769 57 893
821 997 861
111 170 41
377 446 409
235 445 931
973 661 881
638 523 1
641 709 65
801 335 191
841 52 297
509 201 361
825 247 951
736 705 326
605 720 801
17 535 731
4 469 601
559 368 930
631 501 447
92 471 945
101 88 212
848 467 418
824 101 371
393 700 147
152 559 955
555 599 393
227 949 803
522 188 201
881 401 489
589 617 661
814 586 531
747 503 581
321 337 509
270 214 571
233 771 103
301 467 178
551 151 1
761 371 535
210 277 191
705 81 46
958 342 285
957 17 761
855 425 371
681 193 336
985 690 438
112 945 105
177 179 842
401 127 25
621 337 119
548 430 896
491 613 631
431 149 1
6 95 281
65 761 83
98 251 716
211 344 101
859 101 851
378 70 662
8 305 757
1 696 41
885 871 725
1 981 815
382 917 490
656 687 788
301 11 286
253 211 801
586 641 716
621 96 777
923 760 673
324 467 945
512 1 21
709 568 167
889 1 802
902 997 571
961 862 676
481 594 749
861 457 389
695 287 324
505 609 817
176 526 417
901 653 273
664 41 241
283 601 751
924 105 897
803 129 833
596 325 81
59 261 421
631 241 161
1 801 871
417 51 501
26 249 316
889 640 873
929 193 63
141 760 211
597 25 597
501 71 96
526 909 68
273 169 401
494 498 141
484 806 457
307 505 569
361 17 239
537 242 1
181 745 707
892 181 253
451 726 109
186 104 685
429 805 889
311 9 801
799 875 106
497 667 249
966 206 650
984 445 660
926 654 453
136 745 493
464 471 381
429 217 291
305 585 441
373 433 857
551 801 227
813 857 281
756 701 566
347 688 10
67 706 719
221 1 939
201 812 167
997 971 981
889 381 356
451 129 861
631 811 833
555 557 81
168 713 785
999 951 7
437 225 745
664 842 837
874 636 210
725 1 476
637 401 761
410 857 573
499 865 92
263 689 721
71 531 253
465 495 49
791 41 767
731 584 700
551 341 953
414 195 861
561 51 826
321 891 304
964 997 32
897 315 159
713 247 22
219 467 821
915 371 441
947 609 561
252 344 280
225 897 232
245 873 599
988 139 94
445 513 782
93 937 937
537 401 762
337 106 433
386 121 485
739 113 307
550 601 817
341 58 734
119 968 581
569 817 201
932 729 881
873 252 105
125 776 527
93 233 389
302 862 619
131 249 721
9 619 801
669 512 131
93 331 748
296 312 503
261 787 156
993 676 361
436 929 180
863 892 751
120 765 49
111 835 669
725 823 386
149 601 621
553 473 33
489 489 173
10 150 753
489 817 937
293 71 728
639 729 251
801 539 201
265 199 46
245 513 841
927 399 345
425 833 761
356 707 653
625 760 103
591 277 485
997 157 942
676 749 838
329 87 831
527 361 577
65 89 1
919 985 561
769 313 241
921 889 666
280 341 32
161 401 123
489 634 201
685 82 33
68 235 286
557 26 155
879 105 611
530 363 936
691 573 570
136 11 45
461 241 413
334 601 796
553 732 626
45 944 881
481 575 601
420 876 69
116 805 463
611 783 289
281 133 16
609 271 6
109 489 727
671 337 983
399 806 489
721 600 887
746 217 331
246 892 303
452 21 324
291 121 693
676 594 614
177 995 731
676 1 984
449 763 528
51 609 615
185 897 329
166 9 416
56 621 927
686 1 353
82 747 675
189 782 695
348 991 193
745 304 51
263 541 461
666 293 661
997 929 404
901 663 866
651 211 18
614 585 676
836 921 41
465 773 201
458 349 401
776 29 711
421 528 692
571 941 1
651 589 279
219 512 646
869 963 762
247 343 752
125 568 953
71 95 583
561 491 889
957 970 491
345 701 457
149 588 123
686 477 107
121 851 114
825 15 593
407 338 939
753 461 732
696 443 321
771 425 879
970 347 836
159 883 514
311 236 113
459 847 161
181 605 241
966 185 711
556 905 93
873 496 361
406 449 761
806 873 873
467 77 167
356 993 713
981 331 506
710 891 434
772 905 819
785 225 167
851 921 144
734 500 201
971 985 738
647 252 348
910 971 186
715 957 375
861 467 245
454 926 21
993 81 787
200 226 761
185 241 615
577 339 643
703 1 547
340 929 239
825 721 41
392 821 299
665 771 121
931 394 689
186 381 673
769 66 576
393 601 313
27 801 893
459 569 893
521 713 28
862 611 652
985 944 263
825 343 217
945 557 793
48 697 449
985 439 185
1 184 809
641 826 708
109 361 410
918 793 313
57 317 289
601 286 499
377 269 453
213 556 699
197 67 301
65 871 261
251 833 950
33 997 876
41 878 513
603 319 437
381 831 593
244 134 993
44 228 639
76 236 109
897 609 729
52 125 945
477 630 77
73 967 585
473 811 686
701 465 369
897 696 984
505 771 229
76 21 220
85 975 761
863 803 853
188 356 489
491 717 537
311 271 601
751 751 665
806 625 863
911 875 57
104 197 588
691 511 930
642 768 113
221 181 698
691 597 991
141 281 611
848 101 886
161 581 871
189 251 953
331 281 845
431 293 963
805 961 125
81 65 697
621 89 101
676 149 635
251 762 646
171 976 333
896 884 996
21 929 824
361 809 901
789 175 145
131 861 475
685 281 676
626 893 196
701 59 465
305 691 104
189 897 68
8 731 833
191 66 501
117 278 209
961 881 921
831 857 263
322 201 81
438 75 691
434 945 911
817 905 737
217 228 546
131 875 908
105 865 766
71 807 265
131 189 597
825 457 549
15 879 571
241 233 413
355 246 752
236 365 481
731 341 411
108 868 889
843 621 589
591 161 381
521 948 385
974 869 916
113 545 522
448 179 151
55 121 209
95 911 814
325 493 661
901 791 525
451 793 541
317 692 617
839 354 111
737 678 539
208 161 185
214 69 89
565 421 454
51 865 101
929 868 519
205 825 976
474 23 801
368 691 187
441 882 41
597 285 709
721 383 741
981 61 351
81 377 827
633 295 586
883 211 803
456 949 701
469 487 141
481 253 677
173 913 985
761 972 77
138 101 912
824 326 953
477 237 569
101 857 460
291 365 326
650 171 888
266 83 465
241 42 664
401 489 539
851 239 821
209 400 319
929 731 217
581 865 886
617 6 969
666 569 726
791 45 131
992 481 896
601 303 591
433 859 341
856 353 670
891 187 17
521 52 973
45 113 649
395 231 199
767 441 65
286 804 944
815 997 809
388 181 773
169 643 654
21 750 151
1 379 444
483 701 519
481 246 157
761 145 265
660 1 501
345 636 369
633 89 649
121 801 441
842 721 212
561 31 639
717 333 493
501 999 540
733 966 137
922 697 311
169 516 257
676 876 421
307 851 118
581 341 721
14 508 302
59 376 437
166 471 591
758 637 211
481 811 465
785 731 25
171 341 81
137 24 959
426 449 185
511 337 813
470 325 361
979 569 721
9 115 689
1 9 738
225 545 983
598 233 401
83 878 835
13 268 153
406 236 515
699 34 444
587 433 621
801 129 428
567 595 433
121 866 342
409 886 501
496 151 383
741 957 409
285 641 671
141 21 879
311 613 516
406 105 107
1 388 781
1 171 481
869 973 681
926 321 295
521 221 513
429 894 202
197 921 461
353 625 230
834 589 221
65 50 949
621 985 374
425 577 260
424 794 361
26 359 562
551 209 557
565 461 873
712 853 169
605 621 216
376 425 357
471 401 646
805 113 828
1 81 47
557 835 799
340 901 961
747 401 148
651 629 304
419 796 991
121 535 637
845 826 486
171 41 571
529 761 63
633 799 917
732 769 265
415 860 385
287 379 709
6 546 309
505 193 801
397 286 493
817 525 173
181 560 801
746 825 645
921 791 41
161 376 161
287 725 461
63 785 881
761 121 689
350 937 49
646 706 330
889 29 561
428 773 481
459 563 961
424 318 165
167 208 605
768 537 887
433 223 924
326 669 851
185 630 227
101 839 384
51 14 121
388 409 298
768 897 557
5 101 209
677 841 545
158 236 224
633 769 357
537 289 394
921 159 945
648 569 595
37 513 361
41 508 585
175 814 397
917 153 915
146 901 251
229 896 316
121 617 891
922 796 449
788 879 97
649 134 146
37 583 665
87 49 730
532 361 886
26 39 90
89 197 681
675 265 201
806 913 363
69 491 626
851 67 873
276 109 254
121 614 907
453 145 433
5 659 303
801 913 987
39 773 884
127 891 167
881 439 568
65 657 201
155 661 969
898 920 391
997 21 616
618 529 416
736 844 823
403 491 591
115 326 651
297 849 726
516 251 821
985 176 131
687 885 418
931 737 863
849 769 521
654 429 561
689 897 169
123 764 525
497 329 651
649 159 461
901 201 428
153 561 951
213 741 329
785 201 111
256 485 996
521 612 548
269 646 153
593 899 833
711 529 521
351 839 677
750 345 721
961 743 992
531 689 812
813 466 447
619 865 593
786 481 537
313 209 25
301 977 696
883 355 696
197 141 279
953 999 570
521 345 505
46 121 761
205 49 386
328 635 232
885 753 288
395 763 758
617 985 438
1 241 721
816 181 656
676 347 44
361 577 497
269 313 125
316 1 441
850 155 982
317 902 1
603 245 95
882 621 543
226 316 626
38 41 626
207 911 203
823 816 637
342 587 976
389 23 526
854 617 649
545 114 132
213 173 476
393 60 1
793 11 822
962 63 226
885 713 721
211 611 54
193 985 283
677 166 157
657 417 853
641 197 641
166 746 573
113 285 933
191 680 981
165 219 318
556 909 776
373 79 158
156 641 761
401 659 315
203 121 5
747 593 346
653 225 411
946 923 332
869 271 827
441 689 451
105 682 451
455 263 793
135 433 385
951 870 567
3 889 185
581 785 1
961 441 631
458 263 431
434 226 211
84 515 247
717 285 526
649 751 56
590 161 621
689 553 800
990 369 27
281 94 527
175 137 229
268 341 689
68 241 7
224 176 89
188 433 592
201 644 262
269 976 389
634 51 481
97 829 961
260 97 465
76 521 965
601 113 81
985 785 481
209 101 629
991 147 219
715 761 491
161 273 209
537 569 59
597 11 477
931 551 526
561 676 65
431 189 300
109 193 209
621 893 429
647 77 339
846 447 81
742 601 726
166 446 673
553 681 385
581 751 65
873 951 748
576 23 493
731 145 151
233 540 912
201 471 785
875 690 875
357 341 721
680 698 96
207 81 323
749 130 883
470 434 89
489 953 997
901 87 44
677 288 577
737 722 581
911 23 3
116 257 508
289 57 70
401 594 693
1 356 286
881 128 429
73 411 48
81 301 237
855 454 969
715 137 493
689 300 721
951 861 929
389 53 233
139 557 999
662 441 720
439 591 163
769 86 16
354 136 361
625 425 923
199 201 443
818 769 753
801 844 945
925 509 52
423 269 285
21 53 466
191 443 937
406 63 361
96 999 721
233 669 533
898 705 851
993 297 311
789 401 385
121 771 448
1 357 333
801 609 214
639 681 289
585 44 825
929 501 845
947 233 706
641 467 9
861 473 883
459 424 185
903 955 781
465 441 61
783 604 201
572 360 512
23 1 861
345 922 905
679 921 821
210 107 486
902 521 233
183 36 357
461 433 49
779 311 100
791 364 467
941 341 265
935 561 581
613 47 611
313 601 674
209 59 671
33 154 82
729 341 897
9 422 853
126 52 161
737 90 378
715 571 11
293 446 731
673 126 847
420 153 506
398 470 922
845 787 829
505 163 633
801 868 440
509 321 725
566 765 34
436 627 162
425 187 476
437 881 503
500 951 405
327 596 171
977 160 644
671 901 862
598 427 801
945 539 565
335 417 448
29 151 48
271 581 57
276 259 233
925 301 261
771 591 86
879 1 962
599 561 972
205 657 401
263 943 279
370 113 726
71 853 429
941 136 88
1 785 539
414 51 692
200 662 33
121 601 914
846 677 473
730 629 815
324 364 174
317 829 857
645 435 938
863 996 887
523 721 865
658 595 633
521 113 453
338 132 846
170 881 809
186 271 51
439 921 441
67 949 981
641 339 677
199 419 669
269 902 540
521 949 421
791 201 976
57 779 961
358 745 945
45 73 757
421 41 961
247 25 591
221 141 81
535 481 423
277 945 214
476 167 881
149 221 980
937 785 609
863 943 951
381 658 353
295 214 169
727 597 31
541 861 201
65 121 201
263 786 441
753 461 575
89 497 832
634 951 781
41 37 296
873 32 525
496 91 319
339 1 552
849 513 381
415 844 401
955 696 851
269 293 735
271 629 913
381 685 128
263 921 319
941 311 326
400 153 341
937 427 561
201 168 749
35 773 307
732 601 913
506 9 257
697 781 773
651 523 359
922 643 425
688 756 92
945 296 545
731 755 55
192 999 45
157 911 605
391 144 643
366 29 771
333 381 796
267 892 411
149 713 101
601 316 735
649 801 477
805 481 447
921 576 753
305 459 711
543 775 561
397 184 287
756 13 989
558 982 841
71 988 105
43 159 655
993 398 739
545 96 486
397 721 431
649 984 283
184 509 887
26 689 521
755 944 99
531 797 493
945 193 501
293 856 889
25 619 71
201 987 752
9 146 305
441 780 209
754 40 633
521 121 377
607 424 941
65 469 775
465 357 997
461 840 827
321 297 201
544 401 318
24 675 209
497 269 746
615 726 799
393 817 351
740 952 291
50 751 969
713 77 211
689 295 895
807 210 389
534 951 761
276 185 557
69 138 871
466 605 673
160 331 207
185 82 585
529 166 561
467 585 26
216 425 653
568 721 809
300 38 151
911 845 241
388 593 202
791 781 813
153 622 251
601 605 946
974 311 637
754 575 601
481 491 633
947 891 429
191 849 376
925 921 181
742 811 589
257 326 20
590 545 171
499 53 53
461 313 677
313 541 395
849 729 625
773 97 826
633 103 959
192 645 589
951 921 205
855 809 412
461 861 548
487 368 279
89 338 176
49 529 666
97 197 615
874 6 751
901 220 293
402 426 345
481 255 659
375 593 692
151 146 703
785 565 46
543 301 33
1 713 5
637 851 617
584 810 257
271 923 266
103 889 243
581 625 823
994 249 237
361 71 937
913 680 657
310 477 25
837 909 17
995 849 629
749 609 656
25 251 756
732 731 745
381 697 471
681 753 925
837 881 548
971 569 348
181 729 938
945 55 233
621 211 951
333 833 916
631 615 161
849 961 412
341 855 581
473 729 169
409 361 346
535 711 987
318 992 119
281 361 280
351 526 501
937 681 716
381 593 601
687 693 801
757 233 949
365 627 127
837 265 233
191 701 235
215 332 432
753 657 801
471 445 150
913 29 741
860 201 788
581 451 401
625 634 745
995 801 861
473 354 921
650 526 341
16 841 801
803 240 83
965 271 49
790 972 801
581 201 711
547 97 846
376 521 313
139 233 422
204 70 679
851 121 224
333 765 900
620 223 431
113 257 449
41 78 877
466 451 401
606 41 201
129 255 826
195 753 709
545 541 826
283 916 1000
851 670 897
551 301 915
81 677 533
676 69 473
440 855 771
173 785 841
481 909 307
945 662 816
17 921 86
273 537 751
833 121 217
994 196 625
876 795 105
924 880 826
255 620 621
371 663 49
921 500 579
279 863 361
330 555 837
380 665 753
121 321 517
785 441 742
375 601 947
995 207 509
421 801 273
33 206 316
454 361 901
934 205 757
723 264 917
817 129 493
912 87 613
471 975 611
702 631 73
742 143 556
714 71 831
784 35 938
426 353 945
1 617 701
26 665 997
901 870 441
121 431 465
647 141 966
388 86 109
377 301 649
971 513 723
405 341 655
893 705 737
197 931 571
968 949 640
145 69 667
247 741 241
663 273 774
757 801 189
839 251 404
257 92 213
961 637 692
160 117 791
257 655 843
201 523 787
163 406 985
625 801 979
222 877 601
857 952 101
587 592 945
565 827 729
665 430 235
514 429 687
11 370 67
197 9 41
201 550 490
471 200 481
961 901 666
507 355 249
97 841 53
621 902 537
661 761 33
346 708 528
883 739 595
982 797 677
641 445 881
876 127 51
501 281 523
351 93 768
886 649 89
821 81 172
1 861 801
281 361 557
251 601 371
849 987 674
565 924 994
205 481 965
49 591 345
96 521 167
9 881 882
846 776 351
803 692 491
241 261 486
111 761 113
865 436 185
287 385 635
693 485 617
115 641 847
905 137 819
222 335 151
145 199 969
283 522 189
948 769 523
480 897 637
801 881 737
955 935 737
781 465 766
909 789 623
313 933 457
617 287 505
389 972 371
468 219 626
281 385 785
849 821 573
140 667 750
756 815 51
131 211 547
181 921 425
372 138 888
597 428 981
16 141 501
637 387 775
1 715 119
549 676 473
701 569 679
515 293 841
436 543 883
11 697 21
993 733 153
837 831 564
79 594 702
559 17 869
905 595 87
963 306 105
321 532 470
355 661 965
459 305 977
676 583 1
426 251 7
941 553 482
1 892 985
646 107 109
632 325 318
90 775 171
761 873 736
597 317 181
205 197 545
717 255 951
434 587 117
497 885 91
321 532 211
176 783 482
276 881 670
821 570 821
271 673 448
585 622 451
681 761 791
571 737 781
686 479 78
361 311 553
881 633 647
251 420 633
920 121 643
968 717 673
27 733 869
244 426 466
339 641 591
355 338 470
30 661 879
505 969 71
433 73 749
992 262 34
178 483 856
247 797 176
587 844 41
547 561 671
559 432 208
80 381 213
663 602 529
185 305 217
737 897 116
361 485 977
210 861 873
273 327 35
390 167 996
981 697 671
233 859 941
771 676 841
36 409 829
785 733 479
421 705 881
534 835 729
659 338 393
517 5 501
614 457 635
145 668 865
832 785 673
681 791 175
645 927 160
908 917 691
655 839 644
519 370 773
605 683 965
445 685 152
191 225 489
457 219 358
31 843 681
928 801 905
848 351 1
137 881 545
310 770 773
311 329 585
60 551 856
855 317 761
800 457 621
926 457 176
876 566 482
951 801 297
796 272 409
407 497 113
352 830 660
411 687 793
375 783 251
511 373 377
415 151 261
769 674 973
641 107 746
699 837 918
877 344 279
497 191 773
931 804 151
241 917 361
829 41 815
401 762 834
529 753 15
881 261 851
11 243 929
261 926 383
361 170 441
281 690 905
611 110 518
113 999 451
1 311 15
901 611 875
718 559 739
377 109 716
873 600 783
893 77 901
959 985 41
919 467 894
761 129 313
776 667 869
449 635 533
326 672 941
729 591 337
611 130 151
251 697 601
60 369 305
993 945 465
721 921 713
108 123 921
9 481 801
125 541 693
652 811 811
618 630 641
801 457 779
481 934 533
656 455 395
374 980 616
530 571 117
457 21 113
121 833 908
810 625 253
401 637 317
768 361 731
800 501 135
868 958 67
689 529 273
176 651 698
913 451 749
68 34 301
936 293 32
21 281 695
409 941 747
126 517 825
841 821 47
898 235 561
847 921 592
257 904 49
453 886 425
1 17 665
531 901 985
752 41 933
137 281 502
81 849 157
108 708 425
641 926 1
811 409 651
577 731 431
590 794 246
201 341 43
851 521 941
817 11 834
97 712 377
634 265 183
217 37 735
554 361 379
26 221 415
699 237 701
261 343 425
111 525 722
795 571 401
103 866 705
161 13 569
694 731 247
143 901 786
480 281 827
880 68 401
826 907 249
194 728 831
313 324 26
73 145 90
82 404 993
320 875 841
109 683 706
801 187 127
733 889 129
37 776 210
880 293 240
999 301 61
1 385 761
167 904 261
106 321 910
853 7 181
221 87 881
321 269 986
290 89 666
468 197 868
591 159 989
857 487 869
578 826 475
362 433 559
461 21 92
901 641 31
337 315 83
280 137 501
489 581 131
257 111 401
921 865 801
176 928 646
937 361 609
736 781 505
333 851 233
467 893 27
386 921 113
376 649 103
914 22 586
846 356 917
421 332 823
423 481 764
321 4 243
781 376 750
809 665 607
831 111 91
50 615 61
270 661 405
394 753 725
617 601 961
465 981 251
869 495 241
271 413 73
770 899 719
637 666 226
969 469 411
35 51 697
617 605 756
395 869 124
216 889 881
73 461 548
896 206 70
265 11 485
696 105 470
216 701 525
918 491 486
857 567 713
121 145 440
671 335 601
25 644 649
731 342 676
261 605 879
453 637 46
761 825 937
768 2 161
919 417 1
159 476 687
650 990 616
423 341 945
14 195 329
913 598 521
988 406 23
801 329 181
307 841 906
550 296 167
945 537 221
403 922 409
567 139 611
175 831 451
436 651 673
341 665 137
485 217 47
954 489 29
231 871 558
61 80 669
665 533 966
934 483 257
829 737 166
361 355 577
465 409 185
876 7 656
10 959 769
857 707 449
551 957 314
234 811 998
166 951 288
217 727 897
699 321 651
685 946 519
553 513 777
851 301 181
556 949 531
871 713 791
303 481 49
77 940 246
681 67 610
121 865 301
895 457 401
161 916 365
633 776 478
239 157 852
585 997 936
829 353 57
851 783 61
610 201 201
839 63 51
396 566 945
911 551 407
921 691 841
878 358 141
741 545 197
297 393 233
881 171 329
983 457 468
47 907 235
409 221 901
411 719 940
179 877 637
150 322 276
571 623 762
93 581 81
987 683 623
89 253 37
461 628 833
537 713 113
794 901 71
1 127 550
520 89 139
59 69 269
643 331 663
173 751 206
417 651 667
642 857 358
406 873 49
926 276 517
353 889 389
1 79 282
41 855 616
155 660 881
806 901 311
191 255 889
737 979 753
112 459 1
682 756 501
971 587 821
331 497 677
337 137 718
667 165 421
611 97 475
61 921 571
889 301 941
399 333 761
836 231 997
489 361 768
451 201 121
173 699 519
324 875 53
505 295 692
273 894 51
379 21 245
705 921 691
6 951 599
751 305 401
661 985 761
825 145 103
777 109 256
397 183 962
893 512 231
521 561 210
128 841 185
725 209 73
937 646 277
385 393 311
503 57 561
973 866 805
66 445 618
205 579 751
234 206 380
469 1 283
277 401 643
871 915 161
749 246 491
331 379 329
865 73 608
967 877 264
409 217 990
261 303 609
514 750 681
74 233 261
462 802 423
128 625 587
113 601 748
1 970 460
545 99 769
431 651 277
116 171 576
905 841 573
633 821 540
281 621 751
353 377 799
729 234 628
107 881 573
973 161 540
661 881 549
506 719 3
42 722 577
913 457 404
711 727 741
167 727 217
904 814 316
915 901 857
534 376 206
89 301 250
881 93 5
855 477 407
353 713 771
513 365 69
185 719 835
273 521 411
49 456 989
581 435 39
6 371 597
25 281 661
651 775 731
317 715 769
651 557 375
479 969 465
287 200 801
451 161 585
353 12 399
583 552 657
518 918 961
630 346 723
347 71 93
776 455 739
734 491 627
146 97 181
929 301 532
431 847 476
381 446 81
901 257 702
862 603 3
386 600 473
865 911 265
141 845 121
601 827 795
205 185 408
315 501 885
593 803 801
295 427 204
413 278 417
817 265 325
269 723 363
396 877 79
677 337 481
555 351 9
234 617 721
251 613 711
304 193 796
171 107 1
830 648 441
661 201 414
938 837 1
265 571 141
361 786 471
607 113 431
691 325 305
361 730 47
273 769 929
92 366 117
560 533 410
873 509 563
999 649 36
5 405 817
177 933 170
145 153 869
225 439 286
925 889 455
362 39 653
74 942 283
315 36 81
491 286 449
997 342 793
86 896 736
313 624 372
249 543 971
337 929 506
789 1 484
725 822 913
865 767 491
797 997 221
321 953 298
969 329 941
123 106 476
501 835 105
729 969 562
533 808 553
536 681 209
19 789 83
987 491 985
556 761 489
793 614 187
711 123 243
83 96 413
12 365 171
735 761 813
165 101 229
796 498 701
64 601 727
710 991 876
801 172 249
717 607 765
352 506 784
161 524 849
429 173 998
547 501 907
716 501 55
795 269 273
331 601 489
2 869 53
467 313 21
573 851 853
353 945 117
457 273 473
331 481 310
553 537 257
167 977 921
61 963 9
251 646 967
925 285 893
196 671 981
209 73 633
678 543 549
781 99 292
777 791 351
917 976 345
355 434 589
557 675 691
514 641 121
601 673 866
711 661 582
601 95 513
201 451 963
516 249 241
681 351 1
276 525 241
1 396 197
576 911 681
285 216 552
683 15 291
7 456 849
231 776 404
139 105 991
656 921 713
701 163 201
489 664 15
61 105 27
937 585 333
61 326 376
931 885 681
43 275 748
56 689 56
4 51 796
225 681 665
37 634 681
211 848 331
679 810 908
928 793 964
837 925 226
809 376 937
891 73 509
385 992 483
778 954 395
773 33 123
736 841 804
31 679 25
9 713 1
923 705 565
940 426 84
361 41 685
357 776 56
861 345 401
476 423 749
566 369 16
8 249 226
907 485 161
942 217 173
741 809 143
441 775 803
381 801 437
153 835 26
506 554 597
47 611 547
19 916 589
209 167 626
625 652 732
551 469 183
966 41 425
488 729 431
476 97 301
809 261 925
347 751 251
481 167 405
7 166 603
729 97 551
201 365 975
729 539 715
825 88 928
807 737 939
764 621 925
59 349 145
477 741 361
449 57 364
852 101 965
497 806 801
30 146 657
248 731 711
449 347 683
271 660 951
849 329 816
208 369 993
175 873 536
76 660 461
990 881 576
37 453 415
320 711 549
229 136 97
599 379 777
81 320 341
473 816 349
391 797 183
131 594 266
636 253 701
176 517 65
27 61 481
92 721 141
101 983 195
145 525 285
569 80 247
337 212 937
661 36 368
613 401 71
641 311 133
557 605 301
165 735 82
308 707 326
457 789 86
206 393 877
731 67 513
323 841 594
681 176 385
755 101 489
801 354 725
711 526 560
921 441 875
159 265 199
401 631 521
845 409 141
121 241 475
553 887 339
978 462 611
593 679 618
367 636 222
797 565 449
317 951 35
673 657 9
961 987 381
605 241 734
493 692 90
469 641 554
976 473 677
825 25 97
945 253 507
86 887 855
681 833 343
753 31 406
371 249 1
844 650 57
161 609 561
84 737 305
801 231 189
425 103 357
396 582 420
561 496 195
571 315 474
511 856 495
578 973 427
675 441 201
341 113 401
876 626 901
607 154 374
701 747 716
762 637 255
471 659 925
381 975 409
551 339 897
535 690 901
79 861 887
257 73 76
899 981 179
23 201 99
312 965 231
562 425 736
226 449 176
374 637 955
761 433 462
357 110 773
801 618 617
615 401 25
958 436 456
111 361 541
834 812 286
141 798 363
514 11 140
701 81 727
83 669 397
961 162 557
867 819 321
281 889 697
36 326 994
381 529 373
189 67 237
42 218 753
983 397 737
290 801 20
997 491 891
392 294 53
94 486 424
192 401 591
833 827 773
59 801 299
741 696 935
222 281 107
414 665 949
16 193 695
522 887 941
812 491 864
265 639 993
538 518 125
1 877 506
562 574 349
191 41 61
380 431 275
629 717 703
425 321 121
435 235 686
689 513 9
121 571 441
727 709 702
135 105 39
571 453 64
260 126 459
616 853 9
16 241 705
331 765 569
287 681 717
776 817 327
911 241 451
449 761 498
613 705 585
900 204 951
65 976 178
721 173 626
421 633 674
731 161 133
972 161 501
313 41 749
189 977 446
261 971 496
858 633 549
101 617 703
633 589 426
177 381 849
10 981 933
326 773 970
71 1 407
321 319 105
144 925 473
309 839 145
689 809 614
319 999 737
43 10 807
497 976 419
367 975 855
496 59 663
981 949 833
456 181 57
546 859 41
918 482 173
721 289 341
327 773 801
376 650 501
574 895 617
535 65 539
672 53 492
833 289 226
245 961 230
985 731 861
967 898 189
352 591 551
777 975 762
753 876 723
300 789 509
621 714 31
741 785 881
641 305 21
619 761 265
929 852 213
966 768 705
969 653 601
835 81 651
385 696 631
849 7 819
929 906 981
865 521 193
949 833 607
483 99 521
152 423 1
195 392 879
72 703 305
145 826 457
837 601 993
28 475 691
653 26 15
171 749 103
429 945 393
241 577 889
442 89 736
216 919 841
365 724 341
567 893 972
878 106 67
19 636 511
889 89 96
521 650 165
849 595 595
507 145 667
509 416 151
358 671 297
785 916 1
878 503 33
545 871 681
804 811 11
837 733 561
473 461 29
888 721 313
101 321 961
981 269 591
618 457 523
36 61 521
565 131 831
441 950 561
350 221 601
569 851 185
160 873 662
447 101 360
281 325 453
773 111 521
734 901 748
298 517 351
663 451 611
961 833 676
795 403 721
181 370 471
74 201 361
121 528 825
683 156 933
528 665 663
336 153 979
786 340 651
643 493 865
407 218 645
31 290 453
73 591 34
774 419 358
913 755 721
559 945 201
485 476 647
951 66 690
719 739 966
228 615 381
48 667 697
381 343 706
692 519 457
497 708 865
499 418 853
458 586 953
965 671 857
523 401 816
671 246 160
973 765 221
139 355 405
887 157 37
597 777 469
229 541 767
993 451 271
241 590 248
113 621 869
336 351 689
131 793 843
746 871 619
489 292 313
652 214 251
28 761 209
979 245 1
145 279 490
765 89 555
719 848 460
318 340 737
585 494 813
906 919 857
206 672 996
681 724 272
426 85 426
593 84 983
933 271 373
194 742 746
761 355 232
51 553 441
351 301 271
37 11 644
537 966 128
121 681 536
368 405 582
248 777 959
81 357 101
146 15 899
977 48 559
167 513 633
595 901 646
971 86 329
274 982 412
579 570 505
979 650 749
671 745 215
225 33 862
319 409 735
921 871 277
997 619 531
485 760 815
263 807 216
295 693 518
817 453 799
895 611 761
279 321 830
404 963 359
387 753 736
905 464 549
898 821 665
357 703 53
41 129 545
651 123 961
451 274 820
501 633 501
805 797 16
614 329 953
799 301 429
219 201 503
176 897 608
706 559 5
471 806 119
149 91 153
793 863 635
353 200 801
715 605 762
41 196 273
899 465 312
665 661 247
616 933 269
771 481 389
506 863 597
386 666 51
473 741 169
985 375 471
693 610 403
825 481 891
301 285 281
337 285 876
610 148 421
821 72 225
466 881 771
77 276 1
520 497 699
476 889 936
356 681 551
126 931 3
177 605 233
501 935 51
744 102 47
153 896 393
319 175 961
675 408 753
917 495 20
505 121 661
349 889 953
321 807 533
21 389 630
481 407 887
161 817 85
723 725 429
577 701 361
744 279 190
959 359 589
41 71 341
352 249 937
317 681 245
733 44 681
761 627 876
995 733 806
128 328 88
397 188 51
881 251 773
476 881 213
827 956 830
365 145 735
888 109 991
601 344 165
937 681 481
986 446 163
326 885 321
889 896 731
695 194 767
441 61 69
69 901 965
801 116 689
45 481 581
501 585 161
981 114 948
944 7 925
36 807 276
609 146 468
500 377 945
503 678 134
511 127 87
561 213 401
877 641 141
383 581 326
162 947 505
502 630 271
411 600 45
305 321 833
585 918 95
164 405 544
171 2 736
486 858 739
439 171 158
323 85 833
350 881 975
941 995 825
867 401 445
401 831 751
245 507 66
829 90 461
508 517 987
101 899 431
283 906 589
162 770 106
827 726 50
409 385 881
233 409 689
767 881 941
99 596 328
462 695 468
311 779 761
557 141 423
649 533 241
481 833 681
761 907 577
658 126 189
397 363 442
341 753 876
737 770 37
993 190 989
640 576 321
965 91 682
642 869 981
757 481 761
233 953 635
581 875 361
425 893 281
405 937 701
64 964 382
463 61 86
709 948 181
465 441 319
181 626 31
70 544 796
198 265 945
257 3 571
624 999 651
41 867 66
401 321 849
875 756 177
161 655 117
481 247 531
219 147 967
925 637 917
841 521 875
721 663 233
955 509 438
676 285 232
948 185 835
977 723 898
26 960 401
233 239 613
232 529 451
569 41 753
644 681 641
46 229 257
856 529 961
105 608 771
891 759 147
246 831 449
245 801 777
751 377 679
513 582 291
396 529 495
418 123 617
1 737 151
129 5 493
580 997 17
696 479 161
126 376 451
492 681 369
801 291 185
751 325 201
243 571 750
747 719 936
203 401 249
984 419 914
233 686 737
817 31 76
521 789 636
541 731 983
981 1 289
831 801 451
803 576 681
656 861 316
305 238 451
971 806 949
617 649 51
219 893 67
187 97 503
473 445 675
315 551 481
889 161 789
518 655 136
715 853 881
264 473 257
66 737 441
569 65 951
57 33 681
424 645 859
895 321 241
845 689 585
163 85 126
57 426 759
126 833 993
989 502 441
125 137 926
105 529 225
851 37 431
591 741 359
144 891 921
668 609 713
405 227 987
673 97 809
17 675 573
542 769 679
290 31 1
739 371 829
406 725 257
314 974 469
