3770
961 541 889
846 320 971
929 79 769
181 125 907
369 468 745
478 91 443
656 105 401
537 33 5
972 27 665
716 841 491
785 681 567
35 409 933
425 41 271
472 426 425
195 931 839
896 899 257
472 31 54
997 641 993
531 133 993
414 597 431
651 97 821
341 51 545
86 885 111
305 301 680
421 881 127
878 23 977
413 83 808
290 25 267
241 502 849
51 411 656
163 706 113
161 713 641
473 633 885
997 911 605
141 965 81
938 501 691
121 363 771
344 549 685
563 891 566
418 91 665
737 651 161
375 69 601
950 471 569
285 949 690
480 333 974
157 135 101
221 142 725
733 176 424
323 43 556
122 791 171
957 408 114
829 377 273
635 517 425
251 825 921
169 869 229
207 641 853
913 852 948
673 977 573
711 621 53
55 109 525
829 688 383
265 499 211
26 761 398
592 84 39
479 301 120
893 743 467
201 1 197
409 65 701
701 349 913
25 509 753
307 417 766
977 829 921
711 742 385
263 695 309
857 121 161
87 239 343
573 457 598
381 264 533
891 441 548
438 341 333
495 572 666
881 593 613
201 489 849
561 363 867
573 653 125
693 518 241
733 166 791
325 176 266
809 411 935
901 813 545
968 411 826
701 969 589
809 521 301
137 465 316
914 253 628
723 183 371
17 389 437
259 239 881
851 627 554
141 786 251
582 155 931
465 761 525
441 203 311
429 697 737
52 281 981
219 537 245
739 880 661
224 465 501
619 691 47
996 405 353
336 271 69
977 97 776
305 705 825
871 8 893
605 146 778
901 955 276
433 705 826
638 481 251
105 687 977
857 961 481
161 127 791
927 601 33
177 701 201
137 201 741
785 1 213
901 53 199
113 705 953
528 751 441
753 417 657
26 89 811
9 896 799
769 953 1
459 611 233
501 353 62
201 909 341
931 995 606
69 831 750
541 449 831
537 125 865
31 227 807
149 141 164
477 29 901
793 159 133
281 701 656
165 781 736
758 473 481
481 205 661
681 965 451
379 201 141
927 23 608
850 629 826
745 389 946
53 234 79
760 236 185
194 131 585
179 13 176
327 296 441
824 843 848
217 929 761
256 822 906
210 601 659
957 920 733
777 465 452
45 797 681
889 869 21
777 279 441
745 530 533
263 199 597
491 677 477
907 190 633
364 907 368
429 57 91
687 55 721
41 249 181
782 191 901
985 126 911
111 660 629
483 86 280
941 897 320
69 226 401
311 641 383
101 596 127
226 841 266
377 625 47
618 301 345
917 73 714
491 495 609
958 811 851
794 215 935
686 761 993
227 481 93
751 717 67
896 544 860
381 382 837
235 953 389
505 9 561
664 813 961
469 721 59
73 581 239
769 337 41
481 754 197
109 905 903
563 409 491
947 81 801
225 701 716
929 969 944
905 883 365
197 967 366
90 916 851
505 309 629
191 513 611
131 751 27
259 911 963
763 264 321
439 801 41
161 301 724
31 773 188
701 33 815
33 489 899
481 637 826
695 925 307
293 962 976
790 291 352
825 628 351
845 837 221
121 201 293
873 773 681
431 351 220
940 511 835
134 451 216
351 17 256
76 216 821
33 540 327
426 100 249
381 657 281
936 1 45
410 983 819
834 909 136
511 231 697
269 376 548
617 737 711
73 553 825
797 305 769
739 601 987
331 477 752
243 389 305
780 907 588
897 479 733
896 486 306
422 351 616
391 131 437
51 92 653
825 901 257
647 498 936
546 351 412
381 106 377
225 633 457
819 843 444
428 769 841
792 841 69
17 473 631
619 721 605
401 811 591
193 405 673
235 951 199
769 325 482
76 924 358
625 819 407
761 897 281
247 786 744
777 345 673
604 885 969
305 173 113
41 733 893
73 476 208
319 479 563
369 716 992
122 778 831
238 437 942
654 998 839
373 476 113
17 241 841
205 666 101
393 132 237
418 169 401
169 746 656
373 249 443
126 989 660
771 797 775
403 978 921
729 697 761
705 652 889
103 984 72
339 736 601
615 815 524
328 910 829
27 361 173
568 857 87
561 816 571
881 781 257
377 289 923
35 159 19
281 588 462
321 1 813
471 935 33
505 353 702
571 245 201
606 987 222
31 471 711
432 211 787
165 971 140
333 792 129
469 105 339
913 385 728
411 511 746
729 345 30
1 943 52
58 711 586
127 903 81
101 739 965
134 921 904
149 561 113
609 5 11
751 812 961
421 681 671
141 896 849
245 433 536
201 65 446
41 262 985
451 642 149
177 956 985
119 241 937
281 709 691
17 836 341
61 520 677
827 377 505
246 325 357
346 138 502
197 565 113
935 657 637
135 712 481
499 997 825
485 835 243
360 477 331
969 937 171
501 426 73
572 957 247
105 741 765
601 460 933
2 749 148
899 272 268
531 238 601
657 361 675
701 569 721
269 153 674
89 824 673
301 169 231
823 988 857
316 904 936
181 41 221
529 385 597
201 137 729
613 445 345
439 181 573
141 326 297
473 511 111
426 897 970
991 801 495
495 320 459
711 637 611
1 885 821
501 40 586
737 457 833
731 406 421
649 957 634
89 149 727
929 95 377
437 472 602
745 831 549
832 926 703
629 57 502
354 501 49
699 297 11
239 753 17
481 646 113
305 409 657
419 846 431
286 437 438
267 115 211
413 310 339
138 986 962
885 251 681
994 395 47
591 222 936
727 801 683
888 657 37
176 371 361
449 761 255
870 689 346
1 511 940
435 81 281
549 431 493
616 191 391
631 905 957
973 411 401
416 869 289
706 581 569
325 471 236
519 823 353
522 598 249
546 787 247
847 454 371
589 874 681
963 361 496
864 601 641
389 749 361
411 966 145
671 659 777
121 867 23
144 597 501
985 513 216
770 116 769
741 577 840
281 313 756
626 554 201
381 926 361
297 294 21
122 849 699
673 924 339
705 881 242
15 658 109
529 982 991
922 21 797
1 843 405
985 301 377
218 340 402
931 77 137
821 111 137
626 307 651
473 530 683
95 86 657
796 829 681
146 426 446
521 163 1
489 769 681
851 603 549
126 901 213
873 801 689
353 671 204
845 339 526
526 393 811
715 51 293
57 862 46
9 755 581
962 491 441
935 881 995
754 410 528
104 382 655
161 141 511
241 407 407
561 141 546
251 363 401
81 109 693
301 239 399
97 341 545
193 742 911
486 147 841
881 496 121
841 801 38
611 818 742
183 201 105
817 361 814
71 553 861
361 139 359
274 1 615
977 49 645
531 22 305
193 501 992
216 641 48
737 395 170
761 676 487
911 545 835
697 109 267
401 841 925
823 742 857
401 980 138
397 542 939
830 572 361
233 207 493
629 727 600
100 737 161
442 317 885
343 441 519
808 699 441
637 468 657
951 123 299
889 511 631
655 294 501
561 281 976
707 375 486
523 409 575
473 151 198
144 717 301
96 801 70
221 277 977
933 729 981
119 712 601
912 793 115
441 329 501
955 661 980
425 753 457
869 429 339
217 26 881
795 191 368
99 472 945
481 159 53
168 577 953
833 587 274
852 153 105
181 731 349
799 579 868
961 394 313
501 429 296
401 125 281
301 577 761
651 581 73
983 774 572
753 823 961
921 680 398
884 825 396
401 933 581
605 126 326
82 321 279
901 60 614
342 517 31
863 699 310
951 73 1
291 669 813
736 147 619
657 913 233
105 652 241
683 169 720
385 297 867
951 66 551
721 151 729
593 860 796
553 266 245
498 622 905
983 108 616
113 505 923
885 125 901
287 805 876
143 391 596
457 139 600
473 961 844
846 901 345
441 289 340
369 871 571
810 473 141
321 271 101
353 151 936
466 233 832
893 566 153
246 760 5
241 621 509
833 283 131
601 129 966
699 351 297
741 656 601
851 955 612
742 665 589
323 687 113
449 839 653
491 653 90
481 111 81
521 565 414
627 626 336
85 877 539
985 361 975
699 463 105
501 386 17
345 861 68
121 341 55
250 177 915
177 766 255
801 650 676
409 553 139
227 827 339
881 904 248
6 91 541
17 150 519
109 801 795
361 233 170
896 91 67
597 737 570
609 427 373
649 209 391
20 316 241
717 363 567
759 513 732
561 505 995
601 541 552
809 471 639
705 707 301
326 911 131
673 471 596
761 245 861
273 805 649
973 145 673
15 21 737
253 203 251
503 357 273
119 5 97
348 541 831
481 921 529
217 941 159
161 995 261
929 727 611
153 409 687
798 193 349
965 513 383
894 268 206
481 899 721
475 37 291
51 186 375
465 983 369
469 516 682
77 297 681
937 401 261
1 17 573
401 86 624
756 34 209
647 961 471
131 589 50
365 713 733
221 325 715
337 434 321
241 221 865
763 68 626
943 51 707
385 941 177
561 509 330
401 211 551
901 341 45
761 987 896
19 601 125
277 649 771
81 549 719
180 751 169
373 925 311
968 853 73
309 671 32
126 961 23
609 423 170
620 499 121
479 91 115
249 431 180
614 636 295
261 581 51
161 211 813
669 561 17
687 166 315
242 637 741
84 245 343
240 527 683
369 449 789
377 871 364
665 97 861
505 261 721
577 116 640
22 385 697
767 932 9
311 845 751
721 726 224
281 237 353
977 906 965
540 897 515
298 126 605
795 1 941
167 496 453
1 793 497
551 517 885
210 1 39
85 217 59
863 81 961
449 185 233
297 911 95
955 283 30
537 857 431
171 91 610
923 829 633
754 817 652
249 186 939
613 281 975
434 177 604
409 832 236
105 249 26
125 614 513
786 626 931
29 445 560
511 31 162
855 911 297
95 501 552
876 16 103
121 321 180
701 171 89
101 461 452
951 188 81
41 134 166
377 561 707
437 699 442
745 481 89
389 346 498
333 526 134
581 318 470
499 77 366
593 940 143
933 841 121
71 575 401
451 881 509
503 293 657
891 919 217
721 639 987
551 773 395
756 887 821
274 209 545
943 201 69
802 608 925
217 255 81
599 197 208
586 817 142
486 423 634
233 540 421
25 873 880
465 573 585
41 913 281
352 262 969
76 873 273
873 676 729
449 257 201
251 513 765
321 193 745
573 373 366
201 977 506
331 389 265
197 549 313
207 551 937
313 761 973
751 728 866
177 216 436
229 698 376
651 997 301
845 405 961
951 191 971
829 325 953
51 286 131
392 167 893
242 469 233
876 237 958
728 796 267
175 46 301
385 141 801
511 413 464
229 608 764
714 195 188
233 426 736
871 97 541
320 57 495
585 288 1
251 252 461
571 394 593
19 6 818
961 701 257
589 155 777
321 251 668
137 918 786
445 751 853
818 469 469
822 249 557
193 567 761
456 315 817
900 15 876
244 96 769
650 301 731
190 230 485
417 628 919
834 39 23
739 796 271
922 961 877
907 259 729
822 559 215
465 185 912
796 280 59
371 276 463
953 863 705
297 152 311
101 278 725
533 983 145
314 324 507
553 151 158
211 931 115
246 149 931
201 647 59
877 673 450
601 925 325
117 826 20
213 5 439
698 241 755
235 17 211
745 349 767
177 71 538
780 501 161
436 711 489
437 697 365
301 201 721
901 137 42
300 301 505
717 298 401
994 969 320
838 925 620
153 380 361
945 530 357
901 168 69
441 486 791
51 411 811
859 236 335
161 635 584
296 391 726
241 772 533
524 224 546
473 295 153
711 437 341
381 825 328
787 85 859
821 465 792
401 9 656
23 3 704
829 937 446
671 827 325
811 889 124
288 779 645
126 746 363
603 905 873
323 197 761
921 411 619
215 381 351
559 231 251
496 841 645
43 159 649
177 724 311
736 936 781
211 497 703
777 233 721
161 359 640
629 571 876
41 831 626
425 810 813
481 577 800
195 791 657
927 507 701
855 626 814
251 251 852
537 641 817
951 201 176
503 87 399
9 903 707
636 101 493
839 345 701
49 828 521
888 623 45
728 244 265
601 858 558
665 461 53
238 377 929
265 722 341
943 781 235
361 369 381
340 276 617
437 384 759
765 149 867
849 81 261
460 81 781
465 381 881
57 273 411
527 101 209
415 525 281
1 606 725
903 837 909
389 469 663
304 235 49
485 966 239
1 806 433
598 31 671
189 733 969
125 251 210
17 758 568
901 716 313
825 51 921
347 232 521
846 435 703
30 427 737
331 365 217
946 50 871
275 786 825
401 995 729
263 921 181
513 644 793
847 261 668
95 881 21
679 261 169
837 89 1
17 533 566
698 626 921
761 801 249
741 987 57
211 551 717
969 344 316
813 164 169
466 863 705
741 594 410
712 129 112
421 70 251
911 336 781
131 102 505
254 664 593
63 145 431
873 496 705
725 894 424
82 393 125
149 135 599
721 765 139
804 429 886
1 782 751
37 225 373
675 16 235
397 399 190
58 511 863
436 163 581
71 513 616
688 217 739
385 247 341
881 393 817
581 133 794
971 684 406
1 735 947
833 329 959
446 561 811
626 497 81
873 935 667
976 895 708
762 81 626
594 401 1
771 397 681
449 829 601
869 561 477
465 585 145
501 794 181
821 621 429
981 712 948
157 187 125
761 519 180
791 574 551
237 89 292
541 349 285
738 595 25
761 516 556
834 1 641
398 761 51
461 569 569
793 211 541
906 776 305
586 107 942
721 771 499
165 631 933
878 1 216
521 323 784
781 293 531
599 389 767
909 728 665
581 657 376
955 640 17
557 739 733
183 577 75
211 207 596
321 601 554
863 289 216
719 236 1
360 231 761
120 581 394
286 92 168
529 449 401
243 933 887
251 641 747
576 881 470
286 823 551
464 969 245
66 881 401
905 201 409
703 153 921
312 147 977
500 131 698
955 299 97
211 929 57
601 397 691
338 743 457
458 720 377
267 459 251
957 90 651
191 861 373
577 876 177
449 291 828
989 495 301
77 128 771
975 597 533
856 689 620
579 206 331
241 785 24
83 617 135
820 53 991
389 641 201
81 773 473
303 77 748
452 305 305
89 343 641
705 397 81
995 797 205
456 465 321
863 624 112
779 665 510
221 826 385
800 191 846
401 438 915
518 131 609
25 33 689
12 595 729
280 57 409
386 754 241
313 177 961
869 965 61
322 849 785
581 585 686
544 991 63
231 273 643
185 969 857
747 567 253
225 474 189
126 299 310
197 879 715
61 801 549
697 817 531
755 244 146
51 1 768
39 621 717
964 299 745
417 235 189
875 271 401
929 906 797
518 65 738
257 671 969
641 121 161
729 513 45
77 137 713
351 663 881
977 59 635
951 171 641
61 911 191
541 815 887
877 437 329
75 301 1
107 81 241
561 881 700
609 673 207
446 477 940
26 391 169
786 251 841
846 601 67
369 261 596
26 756 841
209 684 876
102 461 57
433 743 496
955 223 233
437 200 301
938 841 363
833 457 161
921 545 970
386 647 1
153 1 601
825 921 416
999 506 706
389 201 209
841 367 447
481 311 660
969 135 89
311 291 801
660 677 217
329 297 31
17 173 513
897 757 693
841 623 821
985 582 189
327 759 515
921 387 869
252 33 401
628 536 314
724 665 766
651 568 815
853 456 937
243 957 770
631 441 381
909 507 133
233 401 819
153 789 225
634 332 87
65 485 929
906 909 503
575 540 369
1 513 172
266 146 441
146 709 430
907 79 869
49 401 346
139 585 876
601 274 156
668 736 521
459 641 201
505 505 353
51 689 133
85 167 567
391 757 684
776 183 41
949 225 671
471 61 267
133 441 9
356 689 223
349 305 295
825 741 701
753 503 263
17 809 19
849 913 43
191 254 257
441 865 401
89 678 546
747 736 957
813 340 881
162 891 275
676 622 906
431 81 721
845 921 345
81 63 105
279 921 691
943 645 989
489 115 601
921 563 772
569 142 801
497 675 62
515 329 867
501 501 933
513 61 33
221 231 676
520 183 710
576 29 403
618 951 149
621 35 328
160 758 625
409 1 26
161 321 675
84 94 830
935 939 560
271 638 863
295 1 240
701 939 442
276 957 778
926 637 41
114 427 903
250 867 236
597 85 161
503 999 551
841 856 175
464 501 591
599 378 449
393 721 423
61 190 633
913 17 379
161 527 67
401 949 751
894 9 526
1 281 721
451 881 999
211 677 617
317 305 721
21 21 561
659 989 199
885 108 584
177 332 206
559 409 931
369 65 964
201 721 179
265 289 825
43 769 941
605 791 929
681 156 49
649 651 62
106 514 61
403 519 249
289 349 361
122 337 361
889 71 169
984 991 981
55 991 397
847 457 333
174 847 4
264 617 156
665 369 977
741 598 925
657 543 137
553 741 452
379 81 233
686 217 61
660 273 12
189 617 533
746 419 861
73 708 996
227 877 901
141 841 57
541 131 225
229 521 809
531 729 302
701 919 1
129 505 389
647 36 553
386 291 123
328 221 479
185 289 501
965 369 849
675 549 753
641 823 905
673 251 335
239 273 65
976 791 902
921 600 440
981 349 601
920 267 277
719 289 633
135 542 919
991 593 136
6 942 929
16 441 881
241 515 101
588 249 43
172 427 745
33 605 351
833 959 317
331 930 495
435 181 795
387 873 696
673 41 253
67 598 691
121 470 241
284 617 444
153 546 147
157 601 984
421 353 909
95 97 431
316 617 563
237 549 477
440 196 702
981 757 172
653 745 801
17 626 189
404 221 857
275 621 766
846 470 466
785 116 161
585 849 63
201 244 736
616 574 226
487 113 88
721 976 431
41 529 845
173 251 617
579 289 905
945 232 881
77 509 857
449 137 319
761 753 513
921 157 955
5 889 151
389 895 789
109 776 497
817 895 236
75 339 729
85 329 337
969 892 696
769 153 502
481 386 51
764 341 305
17 351 184
976 886 289
591 361 375
113 145 129
471 820 12
326 568 1
605 841 726
921 375 759
29 291 134
398 865 592
917 700 857
465 281 20
983 713 281
617 306 453
435 515 783
339 960 103
998 739 875
45 506 621
381 816 981
281 503 601
527 973 321
955 646 742
281 81 761
798 741 451
627 721 249
702 761 812
219 301 673
639 108 207
281 641 895
691 985 247
9 586 55
451 798 201
345 899 305
991 593 819
334 873 921
547 345 151
51 49 249
21 736 351
899 41 471
177 941 965
36 451 286
331 316 919
753 213 101
240 89 905
541 556 858
485 465 617
496 401 961
587 284 376
764 469 26
628 513 997
861 384 333
564 505 845
921 145 999
161 305 505
530 496 879
485 241 363
601 529 441
838 306 717
121 793 841
833 185 647
238 670 625
443 833 1
937 305 426
13 321 501
369 765 233
826 811 665
751 291 454
214 646 351
251 965 617
797 883 117
745 631 996
585 506 726
260 601 391
393 229 978
447 561 931
249 359 105
624 222 476
641 179 597
621 665 971
830 741 91
97 181 449
202 385 232
93 772 699
513 51 661
226 262 438
356 267 161
689 684 243
459 585 991
109 241 369
582 371 658
284 877 960
465 5 398
635 661 683
226 361 816
883 236 233
917 596 975
856 625 289
852 401 487
225 204 465
79 451 778
886 947 621
369 678 504
657 386 203
137 993 799
497 669 72
411 359 457
52 246 709
691 335 565
676 397 961
657 263 809
648 433 971
193 865 745
200 935 371
297 907 883
941 771 699
1 377 153
741 361 281
626 995 576
937 132 959
303 147 541
401 308 865
11 757 367
831 289 820
742 243 576
111 273 981
46 810 879
176 246 713
533 227 801
895 633 93
1 98 265
847 951 169
176 241 751
989 158 211
786 604 881
995 247 403
617 35 801
141 141 898
149 621 361
326 766 610
396 161 960
758 630 119
948 633 273
868 197 679
641 167 689
381 833 793
579 751 939
701 223 401
15 667 737
544 761 22
689 60 242
225 866 41
851 515 237
785 792 665
711 849 251
393 513 584
517 751 951
249 777 95
933 567 291
780 541 161
965 761 257
971 283 923
36 594 593
530 872 586
751 305 256
391 25 271
386 153 641
89 765 288
181 441 1
765 225 177
661 101 377
21 31 29
309 260 40
533 647 37
766 25 595
315 321 746
209 169 132
728 1 36
437 25 401
601 729 30
901 501 451
825 289 265
45 593 453
592 4 900
967 241 388
761 385 381
376 373 926
959 311 518
489 625 613
415 799 226
701 778 495
346 991 825
857 105 53
518 97 981
681 946 438
689 644 671
253 415 573
768 705 345
63 640 971
777 116 101
747 559 721
950 750 921
549 331 557
123 573 671
219 716 581
687 221 432
396 436 581
915 765 984
71 136 911
936 1 640
609 280 233
516 963 25
249 541 551
1 161 970
161 243 51
371 449 397
971 839 201
610 126 825
1 445 251
851 501 324
469 457 921
545 221 425
491 437 886
395 343 969
341 541 315
527 729 951
648 145 505
517 588 281
69 691 91
439 307 510
656 153 518
721 681 165
113 853 497
51 993 673
993 723 905
573 201 457
997 387 282
716 311 756
913 275 697
421 178 777
615 690 321
632 629 110
601 306 33
301 481 161
154 757 516
701 945 890
548 485 755
833 363 913
678 65 936
267 128 322
607 556 819
481 133 281
552 776 947
680 491 13
141 121 229
305 899 956
301 265 422
273 809 461
221 27 557
397 302 595
489 636 921
170 123 89
686 944 405
896 479 416
557 823 251
248 802 694
761 981 169
576 51 820
167 517 180
665 137 41
763 231 151
734 901 284
916 489 137
214 925 481
18 489 529
539 166 21
176 413 113
465 844 449
785 241 771
754 971 511
881 687 104
511 837 402
509 905 74
6 517 288
24 501 81
981 203 853
154 507 199
996 347 869
271 92 104
5 497 441
613 307 629
601 628 254
431 949 42
349 701 300
641 492 537
605 765 225
547 885 17
921 130 601
413 847 369
57 768 889
102 739 501
409 665 114
781 473 995
273 802 617
621 91 336
796 1 313
661 593 41
994 41 576
601 501 674
189 872 931
285 473 439
823 331 313
166 193 145
856 251 859
259 708 447
134 355 309
542 753 761
505 447 657
328 395 401
91 601 258
510 961 642
576 475 681
81 735 469
241 561 276
446 152 151
933 403 682
29 304 872
886 901 602
665 921 353
531 433 491
534 350 751
357 319 857
228 722 731
815 389 361
43 401 761
601 187 873
872 897 873
201 863 327
996 527 169
261 305 11
381 338 467
26 311 489
969 650 300
51 965 557
197 451 227
373 371 809
491 571 648
126 849 680
743 100 693
421 353 343
385 609 297
828 691 561
203 25 349
849 852 397
623 546 184
177 147 290
30 801 155
701 201 213
297 22 865
631 561 585
411 856 869
721 269 241
627 653 551
541 621 118
13 601 920
311 742 561
213 973 303
479 297 261
368 790 97
648 80 809
856 296 891
27 539 309
800 431 649
255 126 615
709 413 355
523 853 86
879 625 45
105 188 156
201 233 759
296 287 896
103 181 131
177 933 511
376 736 871
697 971 113
381 465 399
81 341 489
854 91 705
97 421 917
276 271 800
121 381 346
546 452 623
243 219 362
621 387 401
751 201 533
980 33 198
41 681 381
641 633 599
565 197 415
89 395 489
831 553 673
83 235 415
193 907 171
952 337 501
917 666 654
841 204 339
332 376 216
639 649 588
203 769 705
551 9 927
753 887 97
817 683 24
826 801 440
67 289 599
641 25 44
347 531 992
876 781 87
69 514 651
351 518 701
171 577 641
341 301 677
42 11 871
966 241 957
426 825 885
103 1 651
711 696 994
873 709 232
589 279 758
881 937 605
917 955 353
239 799 569
717 93 401
113 121 167
761 814 716
536 571 491
197 561 613
376 432 625
201 161 609
485 41 553
495 584 169
134 867 776
393 625 362
460 229 497
249 533 961
373 461 894
475 707 191
257 413 801
225 235 71
407 936 165
701 642 501
733 70 209
508 721 237
302 751 281
497 273 94
777 149 55
991 656 509
503 361 972
18 145 761
628 953 433
805 34 695
859 915 15
887 661 137
465 531 905
21 989 737
109 733 210
493 809 321
68 1 417
27 209 527
73 523 191
939 861 11
551 128 851
698 835 740
364 982 237
923 537 259
211 249 912
805 75 934
866 361 548
618 785 685
71 434 348
215 321 225
225 237 963
1 476 965
83 569 185
371 247 134
13 6 793
178 581 390
349 583 501
68 53 996
199 709 489
723 561 625
828 407 982
133 589 557
881 144 587
943 471 673
433 717 729
997 961 201
62 280 412
101 79 825
120 531 539
651 593 414
791 38 465
821 621 688
965 307 981
25 910 505
225 741 703
576 497 847
73 920 461
501 513 385
867 847 793
2 701 176
371 909 177
723 451 23
519 917 456
851 558 973
810 533 241
525 248 347
688 120 995
589 501 70
601 119 739
342 920 790
69 876 759
6 521 717
190 121 669
761 589 943
395 361 121
641 929 319
17 156 65
826 741 663
369 591 411
326 147 275
677 241 431
455 301 263
715 281 306
801 281 669
70 247 517
609 926 705
751 816 979
246 216 877
533 578 168
249 641 163
515 101 624
501 965 359
419 786 478
51 86 713
284 501 637
881 769 449
595 3 201
777 419 769
741 271 944
358 311 465
641 800 251
101 393 381
97 505 673
894 919 313
193 529 161
439 526 506
535 769 367
969 889 678
162 735 499
883 562 377
609 427 454
393 345 568
84 426 703
794 549 410
601 681 51
873 969 337
876 763 1
699 123 516
132 551 271
905 433 766
919 955 56
991 337 661
303 781 829
640 419 61
837 537 904
273 961 476
649 216 125
321 221 209
359 610 622
765 113 581
541 191 745
251 601 551
616 737 755
285 904 999
365 201 931
806 666 89
71 163 385
699 310 151
201 111 689
63 348 285
498 65 577
899 73 217
961 228 833
137 849 823
17 233 645
721 609 941
766 753 515
262 282 634
521 689 773
800 17 411
1 721 231
436 134 315
729 68 575
724 711 465
953 261 720
966 551 501
993 422 581
521 917 948
177 926 887
816 247 970
28 661 843
923 527 105
849 193 553
966 376 12
337 131 955
793 371 634
749 601 195
228 801 1
195 825 701
291 968 21
605 878 585
687 127 729
618 801 993
183 868 976
199 573 861
818 88 881
496 837 851
651 438 378
715 453 201
81 659 266
664 305 150
466 249 706
751 753 785
649 737 899
454 655 1
991 325 914
97 301 775
24 401 774
921 710 65
321 711 523
19 641 917
249 529 701
757 529 376
465 501 389
929 129 476
991 401 33
125 57 929
26 316 401
729 945 588
642 161 196
116 976 489
725 21 513
801 926 429
827 689 926
904 697 599
33 956 945
933 401 906
241 651 133
127 237 653
86 719 961
837 339 313
301 424 251
693 207 141
63 749 865
217 11 96
199 761 645
939 513 77
751 591 249
236 913 672
151 296 672
161 358 329
191 393 801
901 809 159
953 725 167
846 567 441
885 1 284
201 777 200
847 546 505
461 979 27
746 635 169
21 15 431
545 201 164
661 577 388
15 81 977
547 685 770
873 107 239
118 673 459
561 75 162
404 61 188
865 641 268
401 581 902
151 1 286
169 183 171
116 41 188
920 805 448
251 673 471
351 103 937
408 713 353
994 893 38
945 854 301
313 275 577
626 19 229
450 392 90
686 63 162
609 321 629
169 716 895
398 57 620
803 385 998
134 337 535
743 954 32
527 751 168
639 24 321
945 545 526
466 645 746
841 241 697
101 769 862
381 339 681
545 190 113
55 891 705
521 215 9
374 810 657
281 371 579
925 988 473
543 985 214
752 631 436
951 577 582
888 85 635
493 117 285
281 691 547
949 445 570
81 513 541
906 381 272
151 901 849
321 221 861
53 970 305
197 65 707
917 189 815
745 94 177
361 991 5
411 553 3
221 801 445
986 21 817
418 754 733
904 569 805
59 865 286
377 841 412
934 187 151
521 49 228
70 329 325
481 406 145
813 99 511
696 851 945
144 399 765
724 868 921
624 961 788
721 976 478
691 732 377
762 781 885
731 851 251
832 293 507
776 933 395
505 961 1
135 471 971
201 289 43
161 585 301
573 851 741
631 909 791
407 937 833
985 721 15
169 821 790
645 664 775
565 593 376
595 85 31
919 153 639
325 491 661
110 141 387
230 243 806
206 750 707
259 427 841
51 81 665
889 657 112
396 957 387
741 121 321
127 112 780
73 361 515
161 794 581
751 455 271
940 890 724
333 101 909
435 746 777
598 66 121
387 261 641
371 533 64
351 364 553
1 314 951
377 417 489
576 989 144
217 697 350
89 306 721
861 240 6
231 532 145
7 661 676
451 591 113
149 446 645
921 601 337
691 592 673
537 559 225
721 299 391
541 75 197
886 811 732
777 817 381
363 126 860
186 772 641
79 683 781
913 191 873
26 671 85
331 688 277
635 871 192
341 239 1
635 593 546
421 613 241
206 77 249
196 421 623
123 295 361
978 183 5
63 337 741
623 651 881
761 261 20
61 655 595
447 471 86
789 321 785
401 296 161
265 575 971
685 451 866
679 81 85
975 203 985
609 868 147
713 481 929
281 645 33
221 184 107
768 436 228
813 669 651
443 666 273
677 175 241
946 25 854
694 951 671
97 216 65
35 81 881
925 653 752
269 416 221
631 151 419
501 599 361
889 689 841
117 153 970
121 25 313
561 866 146
913 19 761
705 646 521
718 392 833
129 426 658
109 73 81
143 918 953
151 686 541
440 143 442
238 646 378
161 89 649
931 101 377
831 672 812
801 375 961
126 55 74
120 41 138
625 565 952
819 849 485
608 237 539
521 856 57
937 524 208
613 809 174
118 973 431
441 385 475
141 867 204
281 69 940
981 153 961
832 493 1
563 691 235
501 741 126
45 19 898
81 53 144
9 255 377
985 941 769
10 97 126
101 867 761
155 4 332
473 547 513
22 541 56
4 526 177
145 529 482
638 353 623
626 9 413
616 400 254
479 617 101
831 473 906
197 976 985
633 977 821
730 321 853
37 835 63
778 800 134
866 81 147
386 217 329
369 725 527
33 481 83
557 293 143
341 989 715
145 766 240
301 145 651
765 113 860
911 641 441
542 629 61
811 69 51
105 841 425
841 675 601
91 105 631
321 945 1
263 933 854
16 425 273
537 889 240
707 691 145
265 845 369
135 810 951
525 846 181
249 921 29
401 481 803
951 661 769
949 506 909
259 593 101
631 681 428
386 321 985
523 439 404
645 572 665
28 877 309
901 599 356
841 891 961
317 456 441
437 36 893
695 15 85
721 947 467
751 945 548
645 629 309
593 53 814
356 681 595
273 561 307
851 228 607
177 251 281
192 305 151
826 409 701
921 889 607
817 197 561
74 857 571
68 928 264
215 388 117
445 465 153
796 457 991
601 929 931
201 316 225
150 737 957
311 627 440
457 632 633
539 401 569
591 856 609
991 571 753
995 59 985
729 76 17
633 737 25
689 661 977
95 156 285
832 649 577
102 438 609
245 96 263
529 721 645
247 182 109
785 84 990
371 963 397
559 996 1
796 171 505
466 905 393
901 276 233
321 33 411
891 985 497
887 12 931
293 721 421
509 181 620
81 82 491
403 712 313
890 940 471
843 713 951
561 884 467
817 567 157
597 801 281
167 676 745
293 465 375
732 639 686
396 901 751
137 955 122
233 22 529
409 339 405
248 716 761
626 649 69
289 371 501
563 981 109
713 802 991
158 517 625
816 75 793
371 394 277
946 881 455
28 45 633
147 130 691
441 558 235
889 527 138
436 505 547
372 581 609
16 398 561
309 707 91
368 641 746
921 81 831
939 590 589
101 737 626
582 233 353
314 601 81
1 449 1
9 421 17
241 163 684
15 413 665
534 801 651
377 966 960
166 861 581
485 891 711
801 641 207
285 883 245
277 641 641
639 741 386
661 9 453
436 371 121
681 795 951
481 717 288
187 243 320
9 836 685
107 986 644
31 513 410
391 395 697
826 638 741
251 208 217
986 666 271
293 637 605
549 21 56
313 626 957
477 451 990
141 819 61
471 661 281
75 841 217
796 650 617
837 109 706
381 167 341
751 871 881
522 305 687
621 509 905
881 436 603
486 945 103
107 171 883
333 121 369
859 841 660
893 281 144
64 197 511
307 325 433
361 529 51
267 541 640
201 951 72
799 441 562
299 389 981
915 769 773
783 721 952
53 981 307
91 841 576
711 701 49
823 541 255
805 623 34
565 361 401
422 356 725
469 961 108
937 454 731
409 747 240
881 889 925
401 995 705
737 811 303
651 285 653
879 149 687
81 471 817
917 640 692
773 195 849
637 971 606
149 1 439
376 985 688
179 541 485
145 506 15
37 361 1
31 226 409
434 646 891
412 719 667
661 76 445
873 577 989
126 728 497
879 1 853
273 569 78
180 141 481
773 889 958
576 470 609
721 983 380
953 993 8
296 29 413
591 641 429
349 982 375
26 525 805
638 753 831
889 425 346
385 743 891
553 633 610
277 632 940
877 350 685
677 331 469
305 135 193
976 217 397
196 937 789
847 841 55
599 737 929
115 718 196
71 501 486
281 75 829
151 89 869
402 864 305
920 161 401
128 956 786
41 656 555
449 753 779
941 456 401
649 621 117
930 853 809
512 281 629
685 457 251
717 605 102
713 305 565
149 33 595
343 91 11
635 238 88
798 251 249
590 153 161
997 636 471
113 851 159
412 813 483
257 309 41
230 833 167
126 141 536
754 981 437
36 225 154
426 649 697
1 861 111
626 201 331
71 278 291
63 181 241
749 819 934
696 790 267
351 383 639
541 537 617
291 447 401
55 477 761
465 913 201
316 249 60
611 679 241
621 51 761
985 125 694
681 553 431
769 649 984
671 376 657
177 297 40
60 1 229
761 589 657
147 245 565
33 838 501
861 785 501
366 991 837
185 548 47
801 964 113
431 501 537
913 534 897
906 391 77
501 186 277
217 113 1
277 414 738
929 132 213
901 227 250
905 801 145
979 961 911
479 958 601
1 19 813
2 976 764
1 1 353
142 121 651
801 327 273
432 509 925
735 887 537
41 231 356
582 65 313
841 383 592
151 865 625
145 361 491
277 695 917
639 541 162
31 440 930
305 883 387
197 313 377
76 337 137
1 253 826
374 348 421
301 376 181
425 815 686
881 231 537
535 432 471
469 201 749
851 619 789
437 195 353
9 351 125
126 1 893
219 885 271
473 514 417
160 487 189
332 977 935
251 251 519
569 361 523
99 851 534
55 993 921
691 11 911
11 181 337
673 288 1
200 521 986
907 237 613
51 887 87
664 581 54
792 693 257
617 221 893
371 791 415
920 946 668
551 872 147
380 827 191
451 829 377
9 501 785
191 904 811
119 97 321
401 913 263
792 957 13
709 865 791
961 647 681
401 657 624
981 66 870
417 521 951
183 993 117
629 178 571
537 392 374
721 945 515
145 833 985
136 117 971
546 921 301
905 473 514
41 616 521
350 21 819
756 833 606
58 541 829
519 17 884
777 779 951
931 87 553
555 301 193
946 629 607
265 847 593
59 392 801
916 801 826
176 811 534
529 218 671
681 985 796
847 134 469
973 401 573
217 401 859
526 461 886
503 941 251
431 135 773
961 768 101
964 521 741
892 807 183
869 593 207
96 394 106
245 161 173
85 786 334
286 551 305
851 625 665
501 907 351
332 806 730
82 157 276
541 711 76
477 752 379
541 299 101
529 692 404
396 255 497
445 570 521
177 461 415
591 175 504
435 595 125
330 531 41
831 137 525
526 421 456
943 425 937
463 437 489
785 312 523
232 501 569
411 883 769
457 679 533
238 757 849
217 50 593
723 151 41
486 321 593
883 576 417
756 777 293
997 157 941
225 841 356
768 177 301
545 901 800
333 794 31
531 177 707
235 67 876
641 591 165
141 189 126
401 941 729
60 683 327
116 933 123
581 333 901
494 850 379
965 147 583
728 985 772
41 771 177
916 131 751
286 827 164
40 910 802
901 907 11
432 876 45
461 649 775
924 374 536
585 977 521
621 789 65
585 947 85
37 481 991
49 546 687
949 601 298
885 851 894
265 716 53
445 417 105
621 976 633
957 907 213
191 801 665
699 234 618
201 217 849
775 963 181
681 365 535
147 806 485
233 210 559
791 546 883
921 326 406
821 469 885
839 117 145
971 369 169
238 501 781
321 971 816
313 980 353
303 707 683
921 721 581
441 665 726
971 951 781
196 901 647
761 981 291
326 652 481
289 593 569
637 226 729
701 61 331
744 991 849
477 557 1
81 221 321
928 193 25
907 327 255
111 411 601
872 193 693
506 734 321
951 39 721
505 974 179
324 201 401
134 408 676
258 825 711
109 731 891
703 367 600
706 857 145
835 971 771
956 437 41
516 151 301
784 542 681
55 767 609
220 41 930
169 541 155
312 570 187
148 335 836
345 673 961
923 607 265
742 105 187
483 81 45
450 449 339
25 821 220
607 276 805
329 118 901
889 449 537
49 257 569
356 33 703
857 313 894
411 993 803
384 896 227
663 526 559
81 909 181
873 301 821
926 802 326
113 947 405
101 917 511
803 349 682
845 628 225
706 361 397
769 987 1
610 321 189
234 769 933
465 551 791
81 821 723
701 521 506
241 217 587
821 634 847
629 367 593
846 441 845
765 961 338
484 809 989
892 704 785
450 221 417
602 92 301
939 16 66
553 373 58
634 304 871
148 109 687
927 981 570
757 141 1
691 481 193
863 236 274
556 771 100
181 415 803
311 81 599
201 476 775
922 135 350
751 21 627
499 101 339
171 423 506
746 575 546
992 817 376
341 537 241
493 125 151
266 570 809
810 547 809
915 145 576
289 641 233
711 817 401
692 779 519
201 211 341
603 281 945
841 103 501
292 764 38
407 623 199
996 75 953
843 949 919
437 691 469
50 791 997
772 503 665
298 30 266
558 576 425
257 352 89
501 531 136
121 472 761
123 796 374
461 591 645
741 573 133
602 21 915
182 711 961
842 361 81
399 237 795
151 641 325
651 953 257
701 425 671
962 569 69
631 394 866
13 947 621
505 61 585
683 71 48
449 399 160
548 851 127
163 159 848
4 662 406
129 97 321
796 51 622
380 51 705
686 661 798
511 805 613
255 831 884
173 757 809
425 288 199
649 566 408
857 641 121
195 751 6
5 887 649
500 426 81
813 41 921
549 376 237
74 166 140
789 659 385
654 749 493
689 622 257
344 118 937
619 177 849
173 719 378
798 676 501
969 695 367
637 746 953
501 621 661
141 581 85
656 181 113
505 577 787
999 201 341
634 463 27
533 45 134
625 316 1
875 595 726
726 441 161
449 545 14
41 981 599
961 601 341
128 653 412
906 581 923
441 913 19
605 641 266
874 73 70
942 913 220
289 853 51
637 595 165
951 114 849
337 241 385
501 103 87
32 695 917
973 481 773
805 857 377
131 880 790
907 701 218
283 471 601
681 461 175
625 424 743
937 196 982
665 135 56
601 767 404
775 363 513
641 309 553
938 597 217
821 321 81
464 222 99
229 945 573
725 553 207
966 526 323
779 205 847
827 999 501
727 9 753
537 817 512
993 565 225
599 463 67
277 329 952
421 467 875
406 386 968
185 705 554
193 273 657
501 701 509
545 531 737
687 112 185
831 25 975
386 895 501
761 685 782
68 751 881
141 121 927
605 541 157
691 433 822
647 561 921
242 663 966
102 297 413
158 464 929
147 969 73
279 781 362
967 437 484
853 416 919
422 187 729
877 181 41
641 717 139
804 761 293
426 672 111
589 377 951
957 11 169
115 265 846
281 35 65
437 661 213
711 657 553
161 591 551
817 535 151
840 789 71
379 809 836
293 285 181
145 501 601
552 313 987
345 369 496
3 718 609
685 51 937
401 361 501
14 461 157
729 861 479
691 289 921
93 111 685
291 753 916
231 933 890
107 356 457
869 545 250
692 311 19
135 241 9
853 446 907
33 131 17
449 55 615
991 394 123
706 879 634
171 701 881
986 286 24
361 723 133
831 859 881
537 809 61
863 230 761
601 93 793
391 883 876
237 67 804
89 15 190
857 901 181
666 558 31
66 667 31
206 490 221
604 705 605
569 191 208
343 578 760
551 317 967
925 297 17
504 361 260
949 977 155
971 591 56
477 451 1
513 41 757
231 850 264
621 459 655
91 171 152
747 673 47
986 229 525
298 578 211
825 753 256
125 101 331
37 621 547
924 86 576
565 145 581
126 876 438
553 785 826
577 807 129
837 751 301
943 601 677
269 539 355
157 17 181
375 609 261
473 308 247
891 817 477
726 57 135
845 481 899
481 901 889
457 821 769
549 481 629
489 841 41
761 580 31
121 601 261
897 736 57
173 916 987
846 350 763
206 234 837
705 897 739
876 81 1
798 965 253
242 51 729
231 407 808
321 541 648
823 918 201
899 739 726
350 273 925
18 628 619
463 837 227
51 777 521
73 337 5
343 81 164
41 33 809
291 937 921
925 737 600
81 62 177
3 721 103
247 677 421
752 871 161
559 279 905
901 373 251
386 879 803
89 947 937
436 857 248
801 941 879
926 180 921
507 665 238
898 511 475
937 765 59
187 642 101
513 753 133
89 649 345
65 258 89
751 839 131
496 262 681
148 921 802
847 233 61
677 189 728
393 775 335
41 211 130
321 641 385
553 161 566
649 621 5
834 429 931
194 446 161
401 592 15
101 46 591
441 926 293
398 236 436
645 292 360
925 965 997
217 661 2
75 251 768
617 86 21
161 669 321
489 715 507
129 473 346
273 211 257
733 346 184
515 285 73
313 265 778
511 92 137
828 809 833
461 537 201
121 321 891
528 657 377
73 846 409
997 285 801
141 836 417
176 203 981
701 409 297
409 407 139
936 770 751
124 729 873
766 321 536
99 232 969
697 745 859
588 18 204
645 568 165
375 683 726
361 379 925
896 763 565
57 543 341
761 897 585
66 211 265
785 961 823
367 177 481
509 271 667
299 419 501
153 625 206
311 843 1
389 173 807
259 425 737
221 750 529
875 521 131
768 201 779
77 501 609
542 173 737
351 73 512
961 605 201
97 788 151
109 194 499
523 461 97
626 209 35
167 975 18
885 505 142
611 125 737
821 1 405
384 5 577
881 565 931
736 313 5
703 976 751
796 109 681
543 812 692
597 801 493
57 52 161
289 596 336
161 841 585
756 269 5
943 941 519
229 756 737
265 973 301
329 833 87
985 894 164
117 71 105
293 321 64
436 977 572
776 257 280
777 617 327
625 330 737
961 316 653
981 626 328
844 651 136
995 43 194
191 964 681
677 399 611
673 60 81
338 122 521
201 609 629
740 313 120
357 965 857
243 761 57
81 19 735
304 898 800
27 631 601
199 676 724
327 627 537
384 821 443
798 63 76
980 89 346
133 151 825
302 849 25
937 183 337
601 77 365
343 255 257
593 29 306
722 578 283
101 65 621
201 368 801
221 841 450
407 976 488
181 881 545
230 81 241
284 587 349
376 601 287
427 105 95
985 637 309
683 201 711
61 294 957
65 51 937
265 551 889
983 669 45
501 868 132
873 523 501
800 151 963
241 753 13
227 551 755
465 659 640
720 623 345
815 630 77
742 850 483
860 929 765
667 721 361
61 208 521
477 281 212
428 241 571
721 501 76
8 616 697
38 307 724
815 783 945
628 581 291
199 964 101
981 425 351
425 356 1
281 76 569
801 121 21
941 378 106
552 935 777
444 665 521
101 953 413
896 391 947
187 481 209
135 887 487
391 44 1
341 392 709
215 952 676
639 407 721
841 541 233
715 735 107
489 245 90
712 597 902
1 683 566
486 9 971
741 165 355
681 451 426
897 676 713
77 451 73
849 522 983
233 166 780
129 805 193
161 413 249
529 721 1
367 71 671
617 239 673
329 165 981
226 86 609
433 877 650
981 544 326
163 951 551
443 221 621
451 245 929
619 769 431
375 721 462
179 184 458
307 813 442
860 397 731
513 651 593
475 345 665
678 533 717
123 185 657
867 61 366
885 869 407
912 514 861
775 601 291
656 17 549
961 701 681
743 333 369
224 422 704
985 356 893
221 557 314
857 836 137
914 831 673
369 505 885
751 457 533
552 538 833
941 642 438
561 569 424
410 841 997
573 393 359
799 337 661
125 777 465
541 922 751
589 351 29
17 807 504
841 751 133
569 451 701
764 145 53
34 275 756
186 471 548
214 41 321
195 97 174
79 38 923
873 138 745
885 189 769
190 456 364
141 999 9
698 296 926
799 446 721
522 689 224
971 401 757
885 343 31
115 650 251
649 793 751
265 531 951
816 798 754
361 49 735
271 1 251
274 26 171
649 371 501
466 93 496
689 257 509
676 206 559
670 422 844
876 621 461
41 257 751
897 673 789
879 476 433
462 633 717
326 161 193
220 73 701
506 881 787
872 965 692
199 481 25
586 6 383
353 681 106
626 110 847
533 721 273
320 505 505
921 649 761
791 211 521
365 801 166
79 881 121
519 713 501
441 475 374
929 353 953
221 627 164
496 94 901
780 761 149
580 141 983
741 147 475
921 109 497
292 721 345
237 647 589
701 503 18
423 673 957
752 328 801
123 508 754
553 859 538
675 611 610
501 647 311
96 127 11
289 589 911
153 351 470
7 921 908
914 949 51
403 543 237
609 131 986
121 863 301
362 319 617
646 987 666
957 433 17
329 761 689
500 899 877
787 957 21
889 321 614
49 745 461
601 874 69
225 796 797
65 973 705
828 909 605
641 839 919
292 561 841
418 813 725
926 586 3
331 861 263
45 63 371
324 10 291
494 189 521
845 527 301
444 601 400
593 251 506
249 467 886
577 221 167
297 906 879
636 677 517
701 361 626
73 896 713
296 377 151
25 306 301
211 873 221
629 757 593
1 339 525
911 736 623
870 460 81
557 459 221
961 323 637
971 660 309
791 325 601
267 426 871
839 927 369
795 371 313
237 161 73
380 509 717
1 204 285
436 885 745
941 186 949
251 369 465
616 601 169
361 546 317
625 857 441
345 985 741
73 881 793
770 977 156
124 501 591
695 432 281
441 665 632
206 106 721
121 592 189
49 127 716
721 218 471
833 201 421
425 169 773
539 244 57
510 485 189
721 376 321
550 169 953
157 713 161
496 441 461
303 881 445
541 175 235
612 295 675
687 529 861
601 83 241
882 777 569
568 943 1
993 81 9
241 30 77
862 409 463
919 921 445
468 897 86
29 979 164
433 201 185
313 521 775
550 57 88
578 721 833
429 205 5
83 935 544
701 801 979
777 386 5
666 97 865
505 884 315
165 864 47
412 213 845
396 95 733
466 536 1
957 195 819
101 586 931
61 378 545
421 805 746
326 717 326
265 641 985
837 317 457
953 216 337
181 138 666
501 517 126
32 73 275
804 909 901
687 249 906
744 961 843
265 376 241
801 306 391
498 130 699
281 457 539
5 169 692
617 710 660
39 947 633
497 21 649
397 199 611
289 329 411
127 291 633
389 153 705
713 558 980
511 79 329
676 621 571
473 931 885
26 201 881
215 120 451
128 654 209
376 161 437
33 451 401
331 25 570
121 373 401
173 892 152
926 16 391
173 94 655
394 9 91
710 68 576
969 16 212
682 307 866
385 120 289
59 829 969
650 526 954
791 493 780
657 951 721
841 635 101
281 393 856
945 126 132
553 993 620
956 849 726
500 899 385
437 923 431
66 621 249
41 660 261
973 387 285
765 995 614
737 222 233
578 126 224
281 586 357
881 386 151
201 143 41
715 335 958
425 947 753
663 845 769
11 273 109
249 876 733
1 921 540
233 433 142
777 751 369
313 641 193
585 811 398
936 201 337
241 325 180
383 348 755
266 519 601
921 513 411
73 903 377
441 509 59
241 874 896
977 175 111
163 807 476
206 663 769
81 55 983
21 311 281
28 669 836
618 1 231
189 670 877
195 877 273
471 305 681
321 476 431
445 519 2
565 456 933
741 911 420
297 515 801
300 649 43
77 519 55
946 341 505
58 554 817
653 279 155
945 589 237
47 186 293
881 103 861
371 151 37
81 363 584
506 976 409
921 156 431
586 381 361
303 1000 681
628 829 153
888 773 4
424 787 809
854 485 889
853 135 651
737 213 549
556 214 793
687 468 103
185 577 247
401 28 581
31 509 976
371 237 151
331 625 643
801 701 219
265 641 334
105 529 653
129 523 897
677 391 649
65 35 775
540 661 926
569 885 651
21 837 91
996 977 159
913 993 873
847 184 481
257 489 456
305 611 766
172 84 580
577 144 369
933 493 779
456 311 409
721 656 566
569 17 417
36 75 933
763 284 491
803 225 341
306 582 109
806 339 379
137 300 477
121 946 249
301 131 151
281 763 371
805 584 851
489 401 719
929 191 351
859 970 656
316 309 431
864 81 736
253 986 488
368 241 601
209 926 870
573 965 985
689 513 177
451 145 553
169 67 526
410 961 311
606 94 845
81 76 659
573 723 219
901 606 785
408 823 260
149 226 508
766 746 901
305 741 822
625 451 455
646 149 397
715 761 315
813 923 611
323 165 717
423 49 346
391 242 759
976 481 73
611 197 401
621 834 1
354 370 202
625 54 122
289 381 897
333 865 331
281 87 39
641 472 140
118 697 200
605 221 535
711 403 181
49 907 757
529 9 1
361 37 387
618 102 175
303 89 266
371 637 472
101 626 305
867 46 583
844 212 481
337 601 746
738 431 463
761 303 991
845 183 889
811 461 193
969 673 303
801 423 167
76 304 414
397 967 990
471 448 91
301 109 421
411 202 965
854 708 264
630 321 821
403 565 457
276 261 977
501 61 466
41 873 379
925 776 27
459 805 991
981 621 501
1 145 157
425 259 569
919 171 17
607 493 25
105 659 446
136 65 868
872 231 693
469 681 826
946 364 261
841 777 663
836 41 377
885 701 545
936 711 633
606 145 721
948 907 931
91 124 757
801 681 81
806 617 559
551 431 979
357 801 897
51 502 85
120 887 817
602 861 385
681 847 713
851 71 769
176 459 931
692 573 915
230 676 485
464 401 117
537 541 969
217 625 121
201 289 574
881 621 228
581 29 937
204 953 786
531 374 311
95 541 376
481 707 896
641 117 473
939 217 117
321 369 53
609 236 81
452 679 200
573 574 821
401 702 175
65 411 325
841 451 81
461 501 721
207 51 861
725 385 399
1 693 31
886 137 660
265 673 31
476 121 497
442 299 401
521 17 57
365 545 553
948 107 21
561 381 921
303 697 585
561 985 246
477 834 501
638 395 771
51 998 389
449 969 982
777 457 463
477 751 205
341 831 649
556 593 361
792 271 51
521 537 29
843 383 679
581 269 667
326 21 773
754 897 801
461 333 155
846 231 759
250 638 335
321 466 751
357 397 985
272 484 185
328 84 565
261 993 881
230 1 681
273 326 878
557 441 577
61 753 361
107 541 439
603 577 105
76 941 221
351 701 369
1 190 113
821 249 457
591 401 459
398 209 876
365 521 67
933 774 872
733 92 267
769 845 849
391 576 441
385 515 634
671 651 497
41 847 38
101 711 227
411 773 171
761 521 585
424 317 761
329 331 41
377 971 209
858 717 697
733 601 556
365 575 626
877 769 1
