3301
326 31 810
121 352 900
95 897 53
911 885 211
889 305 620
599 326 925
226 617 515
341 789 329
668 706 765
247 349 173
989 381 528
577 847 201
873 695 178
971 45 425
339 492 56
853 1 849
326 657 560
922 284 505
521 783 876
737 361 776
329 960 989
177 751 691
319 567 92
637 961 225
845 297 261
205 646 561
89 417 16
431 317 265
761 401 16
745 865 841
49 551 577
799 909 869
23 702 895
735 833 537
867 969 701
549 857 155
671 797 156
225 971 49
65 961 561
897 481 891
935 591 713
380 821 137
274 21 320
265 385 825
816 473 651
161 727 941
507 751 921
610 355 685
597 936 707
489 828 616
113 609 853
323 265 301
585 606 397
279 170 921
843 521 397
346 649 269
211 466 693
418 75 795
636 201 466
901 615 145
20 841 854
311 365 33
349 305 176
401 306 20
625 786 937
858 576 981
297 725 253
871 181 481
45 36 547
321 105 649
585 249 429
359 968 116
146 851 881
766 651 117
581 461 777
250 491 337
929 859 585
646 759 5
269 928 445
9 891 172
319 29 232
945 973 80
708 295 561
607 465 869
810 466 657
208 21 756
425 484 649
833 619 54
625 572 95
77 538 685
574 161 974
901 71 41
210 648 425
209 411 807
465 636 441
816 991 969
401 401 696
297 59 848
541 759 537
484 773 33
861 225 661
600 870 771
594 663 73
26 269 989
86 989 251
402 809 601
905 579 680
425 33 401
477 245 136
741 327 337
366 501 409
233 856 856
236 810 561
200 645 851
840 36 49
121 181 669
961 327 671
471 921 167
577 999 381
126 223 208
559 586 753
505 68 401
306 276 991
495 38 937
806 851 393
561 971 109
621 53 81
396 756 231
233 761 961
557 951 121
715 444 797
441 56 723
904 106 1
721 153 487
553 433 813
29 621 201
177 1 570
351 189 789
521 901 23
9 795 761
651 329 856
431 833 21
301 721 771
13 977 111
605 358 504
776 263 319
915 208 376
893 301 241
996 233 193
526 602 258
145 439 805
456 771 39
195 46 805
621 491 512
745 546 609
176 381 315
505 821 16
492 243 146
1 109 851
833 320 65
434 721 601
481 130 805
340 253 648
103 139 779
586 669 323
341 35 891
821 784 331
217 235 626
49 106 513
321 714 729
475 527 985
616 951 75
506 969 249
941 856 758
791 976 295
761 689 412
365 901 587
205 636 351
341 121 758
408 219 41
113 113 38
79 851 757
521 681 916
285 42 337
878 966 103
839 201 233
743 686 555
685 489 397
193 496 901
641 557 465
11 265 217
881 137 1
441 163 673
787 655 771
145 263 537
21 661 39
801 745 907
787 399 697
116 515 529
539 496 644
57 845 420
242 336 57
869 771 784
561 873 509
21 596 949
545 481 751
361 233 787
949 617 607
51 511 60
637 589 81
977 957 321
390 371 26
85 83 185
569 441 355
195 47 953
54 797 501
661 785 317
532 969 74
989 617 551
349 419 326
382 381 561
393 459 945
431 607 721
678 411 277
905 805 494
153 493 61
161 995 955
72 840 140
564 21 489
762 917 183
71 126 83
151 837 460
746 29 52
825 800 411
601 897 445
939 201 397
723 962 687
371 673 304
684 623 757
276 803 81
65 161 919
928 509 531
584 868 256
673 827 855
672 641 47
977 127 121
656 593 135
357 449 510
925 366 745
850 521 25
883 361 89
636 570 951
337 689 21
618 841 277
97 151 571
490 695 991
185 71 99
921 641 873
153 254 451
913 486 189
755 501 461
774 503 244
359 909 995
577 481 113
776 273 65
933 177 341
459 927 158
481 101 541
985 65 537
176 71 501
833 961 893
817 62 421
731 551 365
297 845 105
896 601 804
165 414 228
891 26 968
869 221 280
426 5 105
633 372 973
614 645 801
525 372 441
457 137 473
665 153 481
941 761 896
540 611 912
817 311 871
101 999 953
73 41 249
995 41 681
949 921 211
301 641 5
921 985 685
537 209 105
601 641 697
664 182 561
831 847 353
904 577 931
521 886 218
306 501 713
927 668 633
701 298 601
989 445 395
114 997 597
309 541 276
383 780 365
261 261 521
478 269 713
161 601 842
862 337 569
326 701 259
83 260 953
763 299 261
107 33 757
145 51 497
79 965 453
416 355 753
776 761 492
307 911 599
271 611 201
451 417 542
292 867 905
685 212 738
465 656 786
770 288 491
957 751 462
371 449 506
334 256 988
17 577 871
390 397 208
969 525 615
841 915 568
815 137 976
541 499 701
911 545 895
877 207 1
281 477 216
679 523 961
741 362 513
816 182 513
37 581 621
867 480 57
973 846 481
331 835 553
630 40 473
306 57 785
648 881 241
241 681 10
541 75 693
441 81 511
606 831 865
11 505 81
617 763 989
937 843 121
194 633 227
916 941 694
947 833 447
523 405 981
937 420 315
267 636 265
958 832 464
426 649 589
335 840 85
381 27 745
670 877 433
194 467 1
41 990 849
945 567 686
59 1000 255
745 596 626
232 916 271
565 563 77
391 699 527
963 253 811
551 904 542
761 831 615
100 466 722
696 358 114
376 387 209
409 103 456
30 746 166
629 931 841
144 407 599
453 90 936
863 159 669
117 733 563
735 959 297
375 705 461
6 274 857
732 745 777
711 815 453
641 873 177
601 251 631
621 121 809
491 404 105
346 483 721
984 93 385
321 418 465
242 893 377
901 96 805
251 631 979
397 786 532
345 28 632
851 890 353
65 876 42
879 676 541
573 112 231
161 21 737
156 958 999
701 713 428
901 815 657
493 716 83
497 651 272
908 521 829
772 901 525
329 627 51
276 857 521
776 217 233
753 397 681
719 766 241
911 374 765
457 801 167
305 313 757
931 881 274
913 693 531
961 239 842
39 305 817
747 584 230
489 195 471
323 297 822
31 17 832
917 46 431
432 37 351
781 404 996
329 349 555
545 43 193
361 83 217
938 551 790
361 441 437
572 5 756
981 115 406
597 577 1
201 675 589
907 241 90
633 378 520
113 321 259
359 739 231
914 41 970
998 651 492
841 707 60
616 769 168
891 101 551
251 825 380
269 454 615
845 65 270
761 728 659
291 926 217
786 711 611
273 228 331
773 601 653
993 621 51
151 633 421
705 901 533
66 978 551
491 841 781
121 916 721
766 769 465
401 162 106
261 417 776
65 163 429
756 981 476
993 975 779
597 361 265
817 841 826
413 386 521
392 702 695
899 356 269
789 250 20
225 563 589
859 221 929
413 98 467
183 241 155
824 458 469
216 279 41
899 749 571
935 715 431
905 809 761
369 689 120
930 199 68
821 603 57
415 509 401
893 220 801
604 35 751
512 617 524
509 803 217
264 479 497
677 241 817
339 456 601
600 561 621
881 421 991
117 580 324
493 641 465
247 359 399
263 204 943
795 173 763
805 367 126
837 632 551
515 811 674
437 323 853
170 352 501
608 21 968
185 593 1
451 305 605
417 691 11
397 699 347
35 47 73
697 81 545
961 28 601
861 731 155
981 925 921
589 418 759
861 397 181
353 749 763
982 459 959
879 798 562
41 113 681
289 888 273
569 865 621
733 289 461
21 933 459
348 767 431
507 105 312
985 713 87
837 69 214
388 46 880
542 681 347
937 641 589
705 375 929
957 369 403
242 625 940
617 441 576
85 996 441
881 231 334
406 899 770
703 811 243
605 213 673
921 890 579
185 376 566
766 322 129
561 511 977
177 713 431
387 222 427
810 209 501
28 425 151
413 957 969
212 725 1000
457 331 33
153 881 933
730 45 441
831 199 745
137 801 377
951 277 567
897 201 911
881 151 113
38 967 356
709 677 517
281 826 911
412 873 211
237 231 201
785 591 205
409 330 333
734 451 232
924 889 993
621 629 121
225 949 634
976 61 365
521 969 27
69 681 217
971 553 729
689 641 245
368 681 921
314 309 176
513 141 882
445 616 745
595 384 529
78 178 577
689 956 949
237 33 255
594 210 801
131 105 481
680 532 151
518 321 29
659 621 461
448 297 886
465 921 683
159 950 981
828 819 857
50 126 49
129 525 154
692 21 177
213 817 897
49 388 511
665 749 449
857 151 753
81 561 721
901 437 361
774 427 922
889 801 761
97 861 394
478 60 501
641 671 566
796 421 565
444 197 46
286 441 959
411 921 669
879 16 1
814 481 105
546 269 391
876 345 366
6 721 249
813 401 564
579 561 801
940 1 934
333 681 439
345 1 988
265 23 1
904 253 201
563 829 117
22 361 109
867 909 772
120 602 469
95 441 201
81 171 384
537 341 858
473 929 826
501 331 141
809 980 494
877 944 431
792 921 785
359 849 21
648 951 502
435 998 993
861 386 772
234 306 161
15 341 346
345 754 685
335 126 561
745 421 773
831 359 376
21 593 117
386 377 234
1 917 242
9 453 236
149 37 445
805 106 545
479 738 883
301 805 966
326 115 462
985 99 771
715 933 313
407 329 621
596 965 999
45 617 281
167 49 740
801 947 977
751 633 511
733 840 856
297 951 357
501 695 360
201 857 611
11 749 946
136 993 975
239 820 871
790 367 612
184 521 729
41 45 105
457 798 85
777 651 328
849 321 402
481 629 583
702 873 811
481 251 984
54 176 141
353 874 279
169 641 151
240 701 503
567 141 402
881 731 950
477 428 354
231 43 65
877 465 609
932 921 201
365 18 811
137 831 436
173 597 789
851 626 191
71 551 873
645 737 61
485 897 937
277 652 289
737 605 908
787 845 87
841 341 617
895 497 303
352 729 401
791 289 945
9 277 89
144 983 265
905 415 701
649 369 201
371 267 926
562 16 21
593 777 991
410 262 171
577 221 601
188 849 309
401 390 507
402 755 317
989 387 55
58 20 81
455 771 747
318 695 101
974 695 113
662 201 746
597 177 394
351 1 361
774 881 573
653 315 797
7 329 353
352 359 611
79 496 642
441 269 845
977 723 401
433 562 857
655 471 661
541 81 265
733 456 709
945 573 641
657 977 281
976 681 901
885 439 996
629 621 601
801 453 841
311 337 633
298 799 601
73 281 772
362 246 386
732 219 755
593 616 486
813 162 261
659 329 151
261 879 961
516 249 385
57 923 718
120 9 811
602 921 351
858 701 793
921 851 571
825 315 351
845 87 236
351 61 21
890 458 366
287 767 967
467 84 951
769 281 641
493 176 994
135 331 593
809 717 151
761 531 123
601 943 521
107 601 254
321 577 436
821 755 238
609 1 849
689 125 637
233 649 513
351 608 823
535 633 525
835 274 501
471 547 369
567 695 181
1 771 181
569 601 435
701 205 81
445 241 706
932 89 993
880 149 795
291 101 108
972 873 897
389 505 667
185 932 886
391 728 609
966 731 158
351 302 945
656 915 217
24 467 111
181 529 912
317 528 75
143 983 205
983 835 709
676 597 590
57 933 699
151 957 781
447 35 1
587 681 906
493 451 551
806 168 753
835 726 881
434 69 953
856 646 462
892 169 905
695 593 866
753 481 403
226 154 461
996 63 121
761 241 23
297 181 21
921 181 144
485 721 676
326 506 369
385 383 617
451 51 21
605 981 952
537 192 305
930 763 741
524 387 535
105 601 71
389 476 337
371 261 745
335 305 119
105 795 17
121 357 133
309 261 561
25 770 946
885 897 325
121 641 818
407 931 869
571 113 725
591 504 986
527 984 641
741 297 19
590 927 655
336 701 213
51 295 729
1 771 221
49 361 457
933 535 173
121 383 991
611 241 563
473 501 812
109 931 59
811 265 465
69 828 453
311 799 473
497 261 101
633 25 901
689 703 633
523 306 13
191 237 683
493 769 657
833 656 301
505 441 321
957 791 221
906 959 513
718 85 23
716 209 537
866 773 1
876 216 14
637 653 819
681 821 741
301 17 736
466 12 351
991 988 201
98 888 565
597 597 369
877 9 688
701 773 881
439 412 346
919 222 556
563 45 804
95 863 389
625 141 979
776 223 342
427 952 237
981 749 681
945 273 725
233 281 441
701 461 866
120 539 577
28 739 209
641 28 236
41 216 345
79 681 574
228 296 788
425 355 94
605 465 870
970 721 369
906 960 916
605 689 345
922 765 943
76 151 401
210 835 240
766 941 501
801 713 401
301 773 737
827 756 760
256 966 955
101 958 352
101 344 849
984 149 121
188 485 833
391 801 191
951 401 897
485 381 877
841 889 693
576 736 161
409 997 137
561 346 962
647 227 192
833 6 854
880 161 280
411 241 321
231 218 659
369 414 521
161 781 488
225 401 521
201 941 969
3 331 456
681 258 636
817 679 411
805 321 151
341 97 907
106 793 751
913 896 465
874 170 2
171 697 623
501 713 853
65 313 121
883 155 656
424 465 485
512 96 633
843 25 481
102 519 401
279 869 136
73 461 377
10 419 803
177 129 89
75 701 881
784 185 791
359 693 333
201 963 831
739 393 595
347 753 107
735 241 181
502 251 368
39 867 965
739 716 976
29 65 381
246 511 260
51 776 744
441 901 794
511 764 991
964 729 261
548 689 237
1 46 41
369 365 895
169 736 119
835 504 71
231 61 869
674 777 109
476 793 535
198 1 877
213 625 21
33 415 101
1 419 935
265 453 491
716 395 95
241 985 837
966 259 137
903 617 106
709 710 881
576 613 905
1 953 979
541 1 106
907 187 993
689 321 945
338 985 413
785 213 161
201 441 341
361 562 920
689 115 244
793 946 168
176 3 286
435 651 706
436 801 821
241 695 385
276 631 954
930 721 414
449 192 833
333 753 767
695 641 905
231 763 339
151 555 52
738 430 258
117 289 241
61 381 885
771 820 369
117 639 499
453 272 429
223 485 123
776 209 785
61 329 759
261 689 465
117 112 475
336 255 623
859 551 355
261 701 269
945 861 545
395 29 848
663 917 16
128 97 21
973 176 721
119 828 375
917 886 905
249 828 1
52 730 139
699 547 105
221 407 185
681 888 941
125 241 501
933 223 207
897 933 765
121 761 934
227 720 586
509 530 110
551 215 469
804 496 26
821 319 609
102 876 759
877 803 373
43 465 25
826 255 421
172 679 461
870 796 33
15 211 635
402 27 65
161 1 309
251 401 384
231 669 671
623 568 366
766 27 277
441 817 89
321 521 272
991 428 886
241 591 439
241 851 616
249 289 365
669 885 222
527 469 121
631 986 6
681 961 32
515 556 715
161 635 813
36 422 197
351 109 369
193 23 233
186 905 187
965 377 361
46 321 327
851 456 896
611 355 537
977 621 873
572 381 621
518 261 713
201 689 992
823 433 889
860 331 161
725 251 471
889 541 697
577 889 940
381 161 234
705 705 111
40 901 377
395 105 41
441 61 457
461 329 445
322 206 641
557 850 105
745 29 979
791 87 711
606 702 531
769 201 281
66 401 145
96 794 1
432 547 703
630 816 841
871 116 920
742 293 705
215 347 385
649 883 141
506 549 291
109 4 433
401 267 59
953 985 785
753 284 913
361 243 687
825 51 43
1 293 479
965 191 35
201 436 901
537 775 401
283 823 245
832 509 932
811 971 129
582 623 281
284 557 651
481 810 233
996 429 106
429 91 360
287 237 911
641 977 393
701 337 481
117 982 686
221 318 121
179 333 841
883 363 91
389 317 996
177 280 825
851 737 589
895 801 536
697 617 725
631 441 475
935 358 496
873 57 426
241 669 611
669 556 390
865 281 491
365 837 762
624 711 206
1 951 749
79 268 625
82 6 721
293 161 961
484 787 451
871 251 711
449 662 281
321 343 981
541 473 630
257 154 86
791 376 723
58 257 161
14 408 813
337 810 440
851 785 262
975 1 417
706 695 183
894 111 453
392 344 901
542 165 760
141 85 296
707 853 213
399 719 953
621 563 557
593 760 413
83 835 480
873 209 617
109 714 921
289 901 373
57 339 91
701 199 184
321 835 949
321 512 201
351 510 499
773 333 161
248 61 249
890 461 269
297 295 767
273 709 479
707 985 529
721 183 417
33 699 880
881 671 193
187 717 637
483 900 216
580 713 937
239 336 690
41 782 351
437 817 84
57 401 593
266 989 401
341 39 930
161 749 745
581 35 204
19 779 811
921 650 646
981 676 173
501 783 893
990 327 425
773 11 956
259 45 613
545 321 28
595 146 244
165 220 775
61 749 681
51 303 965
485 307 93
77 851 195
385 666 665
145 737 609
331 665 161
125 445 363
557 898 356
633 778 276
931 961 185
630 721 611
145 317 137
222 19 216
989 854 761
289 100 870
208 596 91
849 711 57
191 671 544
819 349 195
369 224 223
313 851 401
242 415 881
879 209 851
913 953 729
301 821 641
971 945 677
676 485 101
465 681 651
193 77 233
321 526 681
446 1 625
841 735 829
640 45 501
989 616 409
447 881 75
208 113 268
242 477 586
164 951 725
619 439 665
841 301 667
271 476 601
616 633 411
757 535 147
281 556 371
818 537 111
779 569 791
801 901 337
373 337 487
203 993 273
775 314 51
216 22 55
685 689 985
619 157 989
397 785 481
27 628 593
991 312 444
946 107 966
23 543 81
849 721 801
101 773 617
473 613 471
588 717 593
968 569 531
2 347 481
353 701 941
401 373 447
985 412 569
81 561 721
821 813 308
505 851 65
597 576 593
899 785 433
175 77 361
119 951 298
30 976 753
641 125 728
217 281 851
118 881 773
725 485 126
921 477 872
97 501 337
717 86 197
317 165 888
585 217 636
302 204 726
271 469 481
557 825 57
486 106 439
97 673 369
75 25 941
51 561 313
241 94 197
630 962 85
369 33 541
616 621 885
321 533 367
790 28 604
731 437 97
191 553 943
369 604 175
355 351 712
841 929 617
777 708 464
943 896 299
987 937 904
145 701 801
551 725 541
480 968 3
591 673 572
924 622 793
833 1 280
751 273 493
201 113 49
728 417 585
588 641 761
961 606 491
753 326 700
715 436 341
601 23 801
231 515 93
543 613 925
401 361 236
945 401 599
923 50 1
525 144 917
965 398 283
693 896 463
945 927 929
181 955 90
901 253 786
737 929 785
937 212 725
226 977 851
776 23 241
306 421 170
523 646 785
939 217 161
489 547 741
471 38 533
886 305 686
671 1 641
856 823 407
425 643 212
481 231 851
572 211 369
986 49 105
149 231 147
581 376 1
312 751 380
853 321 706
41 777 117
581 921 940
967 185 643
830 921 57
757 586 3
513 569 915
301 223 922
314 161 470
741 801 997
841 501 577
873 41 686
31 57 945
466 702 540
601 551 54
761 603 577
653 523 735
631 496 822
810 546 906
565 693 981
132 17 933
907 71 111
709 743 106
375 310 291
761 59 44
826 223 35
921 325 811
556 769 449
502 486 789
592 5 45
345 916 912
295 101 793
881 851 769
214 161 169
246 827 417
888 819 985
243 920 258
633 934 246
819 734 37
436 111 121
307 925 121
984 89 187
108 125 873
541 833 869
223 592 1
99 228 219
797 35 576
267 331 345
480 217 821
524 901 165
432 921 73
741 744 846
22 501 147
658 1 641
984 386 585
876 976 854
313 621 801
107 729 505
818 383 358
769 433 587
567 537 873
135 571 288
449 881 136
961 806 701
643 331 101
395 649 309
443 671 813
927 327 1
791 31 781
829 921 401
665 420 394
530 446 595
911 376 118
697 657 997
20 285 43
517 327 901
1 581 949
989 625 292
569 766 49
201 61 241
682 499 145
499 335 401
376 665 849
210 295 576
497 217 515
705 393 249
489 869 393
661 75 999
913 751 401
887 821 225
406 591 225
849 141 411
87 89 601
488 85 151
173 721 253
833 648 901
801 271 723
505 279 543
633 113 789
751 642 531
169 629 273
57 153 394
537 231 526
545 649 731
709 402 525
153 212 13
809 61 601
235 627 471
763 795 3
737 45 909
895 925 129
47 1 29
377 929 801
381 743 385
211 145 626
99 99 224
796 551 208
607 285 193
920 585 53
780 470 771
758 937 534
624 250 849
924 838 811
501 301 40
305 351 321
581 201 376
306 896 137
641 451 801
867 861 556
641 361 697
496 833 575
597 129 271
177 125 739
613 625 947
337 939 121
81 321 326
443 206 127
14 14 361
701 501 83
101 313 748
334 586 388
505 376 982
1 947 67
497 439 139
121 260 127
17 377 411
573 753 301
391 430 532
459 983 121
554 939 631
798 209 694
361 303 921
946 241 716
256 11 959
401 695 927
925 897 49
149 779 321
639 361 241
612 441 689
727 963 177
771 344 557
369 497 794
893 289 749
653 57 541
289 321 453
623 657 525
455 825 269
193 89 368
337 51 886
600 641 609
545 613 417
901 751 752
716 355 880
881 793 682
362 181 243
676 980 585
475 786 169
894 211 821
432 833 81
529 437 357
441 359 919
945 828 938
826 989 243
127 515 761
321 130 288
385 478 956
933 467 473
985 651 955
9 99 220
761 221 856
301 592 979
142 465 95
979 983 331
323 669 17
415 61 486
336 881 26
408 286 17
356 856 675
515 751 389
81 849 657
777 561 169
956 680 389
363 949 677
849 305 257
64 341 601
657 177 589
731 233 89
745 817 481
901 783 135
157 182 809
399 707 271
726 345 56
905 91 406
236 941 611
581 749 975
609 272 19
450 745 415
541 509 601
754 817 366
969 541 945
661 761 391
492 598 356
321 134 126
681 953 159
985 593 876
17 616 181
885 255 191
113 307 341
103 796 41
177 105 153
913 357 145
201 246 526
793 961 272
396 191 753
272 859 721
907 33 981
716 343 708
281 26 15
570 97 289
105 57 45
81 619 401
601 73 249
573 161 876
201 97 705
481 727 154
43 718 892
5 897 863
957 568 745
793 681 841
486 248 561
31 268 151
297 241 643
489 831 441
143 619 356
711 520 1
436 237 495
501 125 495
727 351 349
768 696 70
321 389 437
785 835 821
1 401 301
909 851 651
497 937 634
476 61 608
105 117 189
253 425 283
786 401 415
65 905 566
327 443 827
795 10 175
281 318 494
481 721 686
771 173 453
161 531 73
61 936 432
559 700 165
25 75 889
937 739 514
382 373 749
166 370 479
201 937 369
93 173 371
781 147 21
33 961 209
409 75 821
259 544 876
715 291 885
921 393 941
656 26 927
981 631 607
401 463 980
330 505 169
377 81 880
884 241 867
243 544 161
595 939 587
536 829 325
217 427 881
76 355 316
284 935 719
249 559 621
398 749 731
89 916 685
801 583 33
567 812 137
75 161 721
91 151 174
126 237 301
569 353 501
321 849 481
323 125 531
101 473 759
953 981 307
823 931 281
648 997 626
746 569 941
495 358 816
917 399 731
837 381 615
319 145 686
218 665 313
629 126 219
421 361 981
401 705 553
665 226 809
50 770 669
969 961 973
38 220 947
289 361 621
857 359 981
536 911 547
605 169 163
766 131 394
876 953 929
778 928 261
725 154 977
811 65 113
245 791 136
458 109 64
362 162 988
961 457 236
921 961 65
585 749 548
109 665 547
311 97 305
238 366 312
981 81 821
476 329 525
853 1 361
974 325 809
401 371 989
142 531 106
862 801 20
995 141 561
301 753 861
537 998 929
485 345 115
206 401 127
928 621 601
905 145 215
867 611 491
242 671 857
201 64 785
185 751 25
137 611 57
427 218 684
893 433 190
921 249 894
295 171 347
386 969 649
157 640 340
240 830 849
296 161 399
583 446 461
613 863 26
940 857 389
969 483 941
279 773 485
745 832 918
133 966 359
507 13 472
787 976 166
265 189 395
195 913 851
559 322 471
15 467 81
766 832 63
101 323 715
18 215 571
637 776 903
49 937 579
225 886 889
510 791 917
771 805 945
241 24 977
581 297 103
165 386 977
966 351 701
666 281 405
481 909 441
961 257 201
848 571 403
269 133 691
823 825 969
954 343 105
501 41 129
127 953 615
71 628 185
961 891 306
397 874 121
884 522 496
826 105 909
167 717 666
366 521 45
604 89 378
976 619 163
479 493 104
729 65 337
833 626 966
652 813 549
706 427 141
721 213 906
989 981 980
993 287 259
352 282 991
433 500 521
639 276 35
572 400 410
253 73 911
827 931 995
457 991 759
47 409 581
373 137 241
413 233 237
66 761 321
375 151 973
401 688 413
317 807 394
231 748 5
77 848 711
842 80 417
901 792 540
111 526 49
871 892 914
787 274 673
329 527 831
934 81 292
399 921 521
905 561 821
393 691 888
7 913 973
321 245 669
391 919 551
726 1 198
51 371 557
224 905 649
776 671 319
511 91 835
485 821 873
537 462 65
935 72 556
415 56 261
756 433 655
33 381 660
452 57 646
151 818 281
62 881 56
686 409 901
885 741 849
525 873 601
513 518 21
473 627 189
131 42 836
482 621 809
881 201 149
527 961 316
317 436 251
105 878 701
569 582 458
101 367 981
96 101 833
633 444 258
896 896 351
741 673 983
681 296 901
877 93 735
37 817 931
981 97 661
791 59 451
417 465 961
905 166 277
501 538 917
924 436 151
513 983 411
751 201 819
996 633 786
309 453 209
310 637 379
97 495 385
639 226 423
452 134 253
777 831 260
909 746 676
73 632 111
309 865 656
877 865 605
34 41 409
420 381 800
265 219 17
878 736 194
712 426 25
437 919 153
875 683 347
293 522 897
831 579 617
255 933 453
216 914 935
505 334 657
997 555 175
549 645 101
437 401 251
266 64 461
871 122 881
624 641 344
112 129 9
133 433 889
645 750 293
223 841 446
25 174 881
373 615 29
321 626 67
939 344 604
963 959 219
189 145 961
981 561 695
445 553 423
842 295 297
81 25 281
963 918 353
83 157 981
106 626 929
697 876 901
808 811 22
201 171 226
69 511 481
429 948 55
293 809 89
305 941 439
576 390 541
896 533 841
401 425 37
433 655 370
696 454 63
369 273 647
81 801 442
545 777 467
95 747 455
865 537 561
217 793 984
63 958 441
713 545 82
447 561 811
401 994 702
851 69 793
153 481 637
713 787 991
265 553 913
269 830 89
121 778 181
313 986 591
70 809 351
348 226 581
649 595 931
153 155 286
641 806 859
459 927 737
439 201 937
897 45 701
41 259 903
45 871 428
813 869 137
914 729 359
1 21 604
217 515 660
681 105 275
775 971 975
407 961 503
422 371 695
428 578 349
141 870 481
149 356 89
746 509 361
441 285 456
121 953 107
354 67 840
530 98 329
813 945 199
336 505 913
631 1 425
101 802 621
89 793 651
894 872 961
577 921 193
625 326 316
531 113 201
812 617 35
737 823 278
886 720 705
825 807 246
11 853 940
586 925 106
820 905 939
161 259 976
70 921 441
749 756 987
87 601 396
551 426 721
941 326 145
559 147 121
634 993 45
826 657 928
384 857 127
141 311 449
126 640 166
119 117 549
535 791 529
96 346 544
843 494 916
832 333 57
129 12 149
481 93 33
201 795 376
180 471 991
457 917 697
711 116 881
833 689 66
364 940 721
753 896 526
601 172 281
443 334 7
536 569 652
929 496 691
137 831 209
322 801 851
435 519 373
769 773 663
769 585 640
503 571 985
54 601 501
1 320 823
41 559 585
1 940 925
573 729 681
377 549 617
304 573 871
111 201 701
154 721 946
846 211 517
341 628 439
894 681 771
465 883 974
881 898 391
970 913 301
209 187 173
569 196 809
466 121 837
11 706 946
373 161 951
750 252 373
317 81 267
756 208 297
220 186 968
981 101 741
321 829 759
377 453 201
375 955 975
21 743 441
153 836 149
972 833 483
477 881 905
1000 426 217
691 64 389
962 297 931
277 605 865
1 245 81
885 411 132
96 463 753
405 823 617
393 361 225
129 290 948
978 911 141
373 775 749
55 756 684
171 294 127
63 377 370
371 457 137
125 735 992
676 691 417
601 70 131
49 689 161
658 637 313
941 411 946
67 405 861
531 18 491
675 525 361
777 82 985
731 406 922
817 38 312
1 861 617
862 901 951
477 261 196
119 899 359
636 297 291
117 641 857
157 810 254
101 436 836
825 931 329
646 225 647
329 345 691
860 909 696
801 16 153
744 7 473
501 265 176
126 879 315
899 813 350
469 369 633
97 727 69
61 933 363
619 613 957
906 167 326
541 305 332
240 301 953
271 633 773
21 550 191
601 491 546
529 193 255
895 174 645
451 934 327
7 985 939
226 61 5
384 377 853
65 671 898
781 337 777
510 921 951
499 790 266
564 389 369
555 91 183
406 919 979
417 241 409
256 573 985
823 667 697
225 730 402
796 509 601
721 921 198
201 617 889
474 418 713
985 526 611
681 673 81
458 721 191
581 146 375
38 701 50
174 461 461
376 281 711
874 609 917
873 276 209
301 656 489
601 121 7
13 562 812
601 104 541
893 301 533
385 138 367
821 449 325
865 981 55
969 48 655
349 151 316
105 968 982
257 72 148
377 992 263
771 135 13
715 751 559
154 193 801
256 586 783
635 326 881
591 305 515
291 644 879
501 385 371
193 521 919
866 229 121
501 11 479
21 899 83
261 446 295
457 13 681
901 597 805
526 273 384
956 238 671
1 71 994
801 155 583
709 696 263
21 118 361
961 861 59
41 680 561
127 5 741
198 399 984
200 526 709
725 37 54
99 136 405
399 311 341
955 449 521
616 791 852
126 555 231
46 806 705
701 376 671
523 599 838
461 287 699
567 73 311
801 917 81
319 457 793
377 414 46
53 156 462
335 106 381
905 889 501
625 588 464
5 1 967
417 557 460
611 309 26
145 305 171
163 979 161
989 471 256
135 609 251
697 751 742
967 801 394
551 887 159
129 952 697
306 891 433
540 491 419
464 751 436
676 386 441
723 601 714
433 71 493
729 849 646
1 551 719
581 321 369
137 12 901
579 177 291
383 580 851
781 445 574
831 376 693
545 981 115
889 457 331
334 292 633
501 471 368
1 775 48
911 537 26
761 437 665
507 681 221
360 501 416
725 813 983
46 1 236
273 969 478
531 812 933
359 429 831
843 901 19
925 869 871
286 505 809
37 457 201
241 121 998
508 813 481
153 374 845
926 735 426
345 167 551
733 10 631
857 209 1
171 146 21
202 657 265
851 873 263
250 190 998
280 661 11
581 466 286
261 787 248
133 395 801
451 495 20
17 429 432
732 521 580
877 94 969
385 937 36
405 881 730
307 46 937
569 735 261
913 441 315
501 761 711
441 545 223
809 405 111
41 591 753
130 136 615
693 753 656
811 651 69
226 80 77
173 445 416
851 790 677
701 884 315
105 825 335
217 665 681
24 336 277
964 281 385
662 493 748
191 685 317
46 877 781
161 378 468
297 269 252
47 709 381
409 233 757
503 648 325
760 901 369
737 326 909
471 782 267
627 503 421
557 55 211
261 729 685
89 626 875
733 971 145
611 329 706
429 671 651
277 251 769
591 636 62
569 423 167
600 609 337
737 553 109
928 969 137
868 441 181
401 185 520
204 621 310
801 484 713
728 85 707
117 719 860
949 968 85
925 681 894
896 321 225
327 637 789
221 417 51
191 905 97
525 472 365
833 181 391
17 863 513
909 418 721
745 801 484
61 381 701
706 889 817
917 926 105
61 552 141
44 707 1
924 857 741
846 731 473
442 181 323
176 558 736
733 263 559
817 361 961
565 601 210
1 735 833
241 99 285
311 23 698
669 59 353
481 937 529
837 653 393
501 745 432
207 629 331
801 401 157
973 840 511
130 646 881
880 411 975
209 777 191
952 97 208
713 143 846
605 801 21
801 828 916
536 905 849
439 921 791
161 646 845
401 841 953
33 905 632
991 677 773
761 821 243
31 284 698
129 311 881
992 471 533
381 481 197
306 3 327
721 301 371
281 48 237
385 113 439
265 462 683
883 525 241
325 326 541
865 821 425
880 457 205
201 231 633
653 85 595
117 996 161
335 346 84
156 109 889
321 777 240
839 433 170
397 661 377
576 101 170
167 1 109
742 571 289
509 741 452
833 303 378
576 864 171
738 897 939
841 625 399
631 141 225
171 474 741
929 470 193
856 631 131
280 699 534
297 369 234
153 239 881
526 151 719
563 615 496
613 730 833
793 489 713
999 40 809
887 818 985
301 941 937
161 232 76
396 296 43
114 673 335
949 535 13
286 530 381
641 421 202
980 776 497
34 691 20
981 551 676
938 931 377
41 113 430
834 449 221
321 521 490
207 205 651
861 806 171
137 255 317
677 339 841
196 701 281
356 560 667
577 55 216
701 378 436
741 397 469
983 709 309
395 232 803
466 857 981
181 766 49
693 185 531
201 45 541
321 721 89
901 260 585
249 649 876
1 244 687
366 889 46
123 202 287
673 211 41
273 785 11
227 821 820
941 623 141
209 50 205
408 749 819
488 471 336
453 349 111
385 915 669
289 853 692
553 169 945
641 111 327
279 105 603
233 499 337
304 557 387
531 981 767
669 277 174
177 666 862
969 921 246
678 349 485
81 701 249
664 494 391
279 673 201
481 937 385
572 969 825
953 432 766
409 461 318
889 251 825
801 761 666
220 544 585
605 191 861
896 645 818
351 108 561
727 881 124
138 577 241
611 725 549
491 57 446
396 731 441
217 981 723
109 682 691
983 87 89
788 913 388
135 13 765
353 926 115
97 428 986
410 314 681
585 57 642
473 43 359
561 725 176
473 169 826
905 817 539
931 335 701
673 100 943
219 137 701
411 158 544
887 101 121
129 776 892
124 811 121
81 692 929
206 281 801
621 290 473
126 231 536
416 992 361
214 17 361
601 900 146
342 596 567
771 90 93
219 349 713
189 849 890
891 151 987
759 233 921
961 903 893
132 402 646
641 139 900
981 806 47
205 245 377
326 255 85
230 6 705
349 283 13
185 256 283
861 524 880
415 318 93
1 661 891
711 737 163
193 265 565
729 57 421
800 176 201
569 357 118
161 211 772
776 319 72
431 273 897
99 880 424
486 1000 620
163 493 745
881 647 755
81 387 497
191 289 691
196 497 481
131 124 991
748 849 276
503 991 665
601 41 885
366 975 356
991 869 331
223 545 240
215 737 907
617 331 837
361 999 792
532 949 99
921 14 899
93 377 309
445 333 38
60 961 151
41 717 430
235 430 136
872 101 733
661 955 851
234 197 690
783 861 199
921 417 51
716 715 413
211 642 495
911 857 992
662 465 759
153 916 80
364 501 191
691 366 63
401 263 361
561 141 821
377 241 979
329 509 489
578 105 946
761 621 681
747 501 91
608 408 369
441 454 37
515 311 151
857 601 783
226 206 921
45 465 905
125 565 348
839 781 40
222 489 909
665 489 417
139 865 757
626 683 133
13 764 861
543 713 711
462 461 932
479 671 821
713 601 597
85 409 161
741 825 901
812 814 661
753 197 26
801 771 569
465 587 609
208 484 337
501 642 652
101 825 326
561 996 954
203 523 136
385 679 951
441 109 254
254 842 466
751 651 701
460 137 209
440 126 709
957 953 861
337 693 497
776 463 606
805 511 89
862 521 556
167 827 289
673 831 608
927 767 733
620 801 248
888 403 17
561 461 941
416 26 283
913 841 829
929 326 270
777 481 383
413 956 639
225 612 321
163 365 281
947 926 46
907 806 921
507 41 403
449 481 446
455 305 204
301 512 241
969 361 617
585 159 930
522 857 977
492 676 277
821 243 533
477 49 529
219 713 786
151 25 829
581 983 251
565 282 221
635 725 932
291 687 741
807 539 947
1 481 83
151 853 994
857 560 153
577 801 449
168 981 875
129 558 475
46 80 361
615 935 24
771 933 633
270 97 978
259 673 251
250 661 181
421 1 134
931 321 797
710 176 256
713 67 983
301 99 517
925 105 811
735 251 71
317 99 545
982 811 345
395 633 772
400 857 61
11 305 753
781 421 555
409 626 492
763 246 427
435 923 89
615 495 259
855 73 205
633 826 446
694 171 891
421 609 585
781 286 630
378 385 303
172 290 879
633 697 137
686 66 193
826 641 527
551 829 115
941 65 543
377 332 751
361 463 876
459 921 233
353 486 463
393 536 185
753 8 169
353 59 852
449 951 61
940 927 532
509 832 916
1 526 231
121 869 656
71 529 239
815 551 41
372 167 80
741 206 738
376 968 676
406 539 343
661 201 528
265 769 766
196 617 515
576 420 163
273 625 225
670 206 652
745 129 91
972 636 756
207 370 302
901 405 561
500 417 696
741 905 566
625 265 343
882 912 814
341 571 34
181 341 761
534 529 162
797 281 801
857 719 143
341 783 89
312 340 699
852 193 995
42 294 461
173 81 625
751 501 601
15 330 876
341 315 321
52 218 775
826 694 534
958 241 168
377 60 161
199 10 101
769 841 585
681 554 546
697 537 600
202 425 392
893 581 531
53 792 903
76 841 265
656 809 276
592 339 656
288 387 721
604 513 477
701 111 44
546 922 625
561 821 682
285 251 993
167 173 488
773 544 449
933 911 191
506 99 189
848 693 210
173 845 801
486 401 657
406 891 543
348 339 517
261 429 301
301 473 857
157 345 612
207 79 889
942 21 898
229 703 60
211 103 141
777 279 937
837 815 303
873 341 811
810 849 841
281 426 481
361 139 245
89 824 796
913 887 975
651 765 521
973 802 124
673 81 195
813 457 430
844 966 696
865 785 501
912 444 97
369 778 788
875 677 201
501 621 229
846 895 537
1 99 661
41 912 248
326 761 433
587 889 236
41 971 316
357 688 801
127 763 169
901 425 325
521 697 195
76 716 503
839 571 701
577 631 433
838 49 340
689 834 649
340 46 651
336 381 137
918 466 315
100 507 569
291 465 356
101 651 907
985 499 359
381 968 985
52 339 827
383 27 721
1 654 513
521 35 428
683 395 915
24 613 501
709 131 9
581 629 517
451 396 339
805 785 821
765 235 956
211 401 512
1 483 107
872 581 326
297 247 361
146 705 169
797 601 853
569 304 601
585 575 1
889 59 491
17 433 81
695 266 369
64 800 537
504 901 997
861 146 117
651 201 505
851 393 269
563 298 951
427 341 955
251 395 344
448 13 403
708 576 538
441 321 465
346 395 607
844 96 681
929 404 745
697 993 714
749 922 535
994 741 681
555 605 572
177 725 903
731 111 15
861 506 513
513 335 3
865 850 267
64 201 55
438 770 422
223 781 36
104 501 925
368 39 416
531 827 569
700 148 247
615 811 649
361 853 529
736 1 873
545 451 787
599 689 777
826 983 107
639 191 493
541 293 381
221 231 111
601 457 539
891 44 801
346 949 860
444 457 664
160 761 415
697 613 673
537 537 108
547 545 485
185 929 751
608 601 291
285 721 705
449 940 787
440 441 125
478 351 390
177 278 341
171 41 51
813 321 865
81 657 546
151 485 49
406 767 43
649 757 922
351 776 419
741 361 226
501 606 581
263 641 451
55 707 881
323 571 769
433 201 361
401 683 665
189 711 201
425 171 562
49 911 88
551 87 756
321 16 209
123 107 404
786 569 729
812 521 289
257 118 625
661 665 469
321 659 201
457 19 505
179 20 317
81 200 537
935 931 137
401 751 369
576 41 25
373 696 111
55 951 849
661 805 621
561 621 829
161 525 67
841 941 281
301 681 587
921 482 26
496 726 776
961 601 1
761 447 142
781 66 700
713 206 413
447 51 517
225 476 221
833 716 617
649 401 41
737 561 942
76 861 67
755 125 769
321 213 993
935 321 651
663 718 751
651 799 689
153 51 901
21 41 20
549 891 952
74 201 147
501 349 241
220 12 175
153 353 741
193 250 721
649 508 425
769 967 885
209 881 792
473 637 907
920 841 969
689 773 171
101 559 436
537 407 230
153 11 793
251 376 111
969 46 329
176 489 569
89 596 183
73 152 341
658 811 189
718 801 943
431 769 626
41 977 201
869 489 92
135 621 801
165 69 701
999 96 374
361 221 126
932 841 93
311 89 621
1 986 641
777 697 353
237 115 176
831 241 11
873 751 256
633 571 241
406 302 193
729 43 247
783 801 599
620 621 94
917 393 651
333 421 421
121 305 587
201 397 547
641 608 81
308 417 754
343 181 657
601 401 910
713 535 281
423 119 231
208 121 396
863 216 867
369 138 561
35 571 753
297 901 796
946 591 821
275 442 329
821 803 953
527 119 840
701 912 242
587 265 967
281 695 884
288 995 11
299 161 681
490 717 636
871 15 901
225 627 265
845 481 43
15 601 673
841 529 71
881 986 921
662 546 319
897 82 497
997 491 239
205 970 858
945 576 973
403 607 322
529 851 785
704 949 959
681 941 877
951 979 417
824 521 269
637 837 293
361 321 61
191 101 861
741 281 836
459 309 961
542 955 636
841 702 313
466 645 211
793 775 104
743 901 475
81 133 249
257 379 793
246 821 369
147 30 870
859 385 889
501 231 6
111 7 513
611 798 55
497 351 121
426 848 665
711 933 103
507 901 937
156 801 781
613 513 385
995 381 380
741 531 93
914 216 720
459 31 581
849 601 41
630 25 443
270 207 331
510 25 23
385 124 963
925 913 555
623 91 861
863 457 714
353 72 303
659 828 857
434 101 553
975 427 961
929 627 423
787 921 251
411 159 257
637 554 9
251 826 294
301 468 200
701 387 421
57 402 233
221 612 474
487 143 971
251 737 731
756 721 45
705 431 461
284 820 201
171 676 761
445 761 861
498 641 61
760 226 9
945 723 801
791 712 216
341 294 571
371 802 606
848 357 493
921 345 221
351 533 213
183 177 651
204 341 333
970 933 207
3 645 214
113 626 831
101 121 699
55 445 5
989 485 845
869 1 971
641 348 338
761 54 280
781 879 591
501 849 76
973 796 887
849 273 483
725 495 721
142 356 378
421 957 545
37 299 271
589 905 347
528 841 283
561 945 753
126 785 175
505 843 914
865 439 439
830 537 531
364 991 53
657 445 347
137 544 161
284 569 113
228 303 457
321 124 182
279 921 379
882 509 883
297 773 895
38 378 961
77 441 861
139 995 806
951 544 899
207 161 976
281 137 608
567 213 181
541 443 473
589 121 769
797 790 789
9 586 437
277 201 621
509 167 999
809 635 576
991 261 671
49 6 385
805 941 61
721 741 129
41 591 291
304 677 781
4 37 151
193 706 826
145 769 49
859 593 16
537 737 13
33 65 656
675 277 519
401 546 325
553 278 97
913 489 82
294 551 571
490 145 35
541 901 939
711 224 33
849 369 7
750 710 470
21 905 617
251 661 464
697 606 152
739 921 126
163 301 446
844 915 117
553 671 567
719 447 188
681 417 101
961 301 240
1 288 577
295 960 301
45 69 131
221 224 875
331 785 995
349 121 603
605 560 338
248 433 923
555 757 211
435 236 739
751 41 665
403 146 360
385 387 117
881 945 207
362 994 312
711 814 729
957 806 20
373 122 889
785 569 809
801 101 97
801 689 1
801 866 101
951 251 775
565 886 231
265 667 353
331 742 946
3 487 303
75 681 481
421 287 281
345 995 216
101 747 176
17 313 365
212 561 931
791 376 931
153 453 359
245 315 217
851 373 398
854 43 849
920 673 705
447 635 240
611 631 56
961 41 991
417 577 301
37 451 219
384 201 639
521 160 223
96 545 241
541 295 613
457 436 740
406 584 681
648 457 408
14 503 891
493 281 730
601 631 801
753 219 118
435 937 383
171 69 409
424 751 545
396 876 661
261 821 673
991 122 281
169 522 183
617 778 405
795 594 213
783 151 241
661 855 429
353 723 125
316 697 473
451 179 986
651 369 227
617 129 919
813 978 871
441 161 281
57 445 341
141 977 777
79 473 567
721 481 497
497 924 17
159 527 103
925 547 649
213 736 545
512 695 751
532 441 185
937 346 556
457 327 848
609 817 125
205 869 904
253 892 469
665 433 361
243 851 709
649 272 31
356 549 673
145 369 831
231 32 421
85 383 382
43 990 1000
116 586 179
926 813 73
801 265 649
671 861 789
33 31 165
503 619 126
111 641 777
387 711 17
69 31 383
341 358 829
997 971 451
810 939 695
163 197 259
977 213 761
673 849 313
900 341 771
641 689 451
1 458 487
647 947 129
797 117 429
33 501 393
809 66 876
279 80 644
541 73 57
534 177 273
471 293 83
764 141 596
713 393 119
735 201 736
983 360 517
251 497 373
100 625 786
9 681 225
363 880 377
81 502 837
339 307 551
371 385 57
872 949 660
201 524 441
994 871 821
808 569 726
975 953 916
731 535 526
656 525 337
342 341 411
37 873 656
615 993 51
30 241 251
676 913 334
550 41 261
401 36 906
835 694 626
861 906 546
510 489 337
201 793 595
541 61 532
465 331 817
990 23 182
861 607 585
873 945 221
591 636 171
825 481 346
828 57 531
