3152
521 437 686
170 751 991
674 300 880
543 837 609
698 209 501
416 261 907
986 941 180
526 399 319
471 251 661
243 203 871
729 776 652
76 318 761
257 342 108
91 532 841
636 331 91
976 577 169
401 401 793
709 3 665
599 551 571
425 693 321
220 700 217
537 151 285
53 322 314
845 529 236
841 686 518
404 475 116
509 667 483
605 970 385
441 374 847
441 745 116
751 361 447
3 859 697
601 241 796
151 626 888
121 805 233
599 51 605
195 801 181
538 473 685
675 916 955
66 626 338
57 789 657
511 487 161
385 853 345
513 69 996
564 591 751
652 676 87
101 391 985
302 845 571
801 721 708
95 175 851
26 681 425
179 749 889
845 761 241
876 621 625
501 977 369
733 305 281
761 349 201
789 569 217
961 907 991
150 861 940
213 329 641
525 296 900
575 281 119
454 357 392
1 508 172
371 897 930
297 336 373
176 241 873
896 121 807
417 318 545
861 647 661
585 436 409
241 148 221
577 495 983
10 937 699
656 923 677
734 761 427
175 169 599
215 417 545
521 73 505
721 121 685
96 937 549
163 791 801
446 585 647
173 785 706
787 86 537
996 153 169
85 671 257
1 759 978
361 925 285
849 321 545
626 441 551
633 583 911
297 871 95
741 74 836
299 533 736
97 210 348
460 801 902
321 1 802
576 713 491
983 61 703
776 593 122
842 975 558
557 988 609
451 41 765
741 451 651
473 41 409
701 641 864
826 606 634
241 629 533
369 521 897
273 416 461
161 273 521
275 964 279
193 945 121
980 879 213
409 545 961
851 899 529
451 532 89
596 85 525
857 661 153
899 351 591
349 951 401
817 615 988
901 195 372
300 585 369
167 884 141
945 24 225
391 206 935
793 488 621
608 378 421
765 9 165
73 713 201
551 140 295
295 145 171
201 369 761
993 199 471
891 185 518
993 916 722
235 146 166
989 465 481
88 116 706
977 593 613
406 896 325
111 433 371
609 51 705
2 613 553
464 257 593
742 424 195
521 53 425
26 17 541
991 77 25
37 465 36
857 587 961
665 276 398
686 861 777
605 747 201
81 199 236
85 480 350
277 37 637
225 801 588
227 529 723
43 121 398
333 447 689
821 682 6
445 321 540
293 168 189
171 25 969
616 558 371
913 225 805
907 693 421
978 7 157
375 981 1
846 129 201
241 36 396
729 925 741
207 795 349
584 649 235
390 51 131
187 819 84
441 471 945
440 169 185
137 305 501
7 873 721
327 449 512
721 697 314
137 497 97
52 251 87
89 191 345
589 151 841
915 625 511
122 430 247
481 66 163
921 559 1
421 757 9
934 38 957
649 999 421
522 123 635
548 626 123
204 449 833
126 796 311
517 440 108
390 355 999
857 149 697
81 501 241
26 855 941
137 304 981
995 585 601
585 539 201
351 392 161
545 781 361
437 469 697
259 459 777
511 541 541
881 16 139
515 641 945
449 653 951
316 955 776
581 301 835
766 921 537
240 379 241
473 602 251
296 449 266
291 589 980
481 467 913
711 777 787
249 711 611
313 718 382
131 206 429
941 39 317
1 889 321
929 831 136
959 308 211
553 105 767
61 931 548
217 211 329
941 951 341
741 966 372
465 241 562
845 673 273
291 632 510
245 361 841
183 977 338
140 541 126
713 649 839
61 952 449
906 974 281
833 253 39
96 365 881
485 405 225
1 550 177
83 333 355
491 453 670
401 474 142
93 100 317
802 881 751
70 28 207
23 626 836
801 281 46
957 681 371
26 61 721
230 581 721
180 388 319
942 441 84
367 247 908
1 943 937
501 401 27
513 561 111
873 116 49
181 97 164
857 883 309
319 954 291
537 393 241
687 749 549
561 481 756
881 513 769
441 620 703
341 214 613
97 523 225
580 907 865
258 345 587
97 529 197
511 73 81
113 781 127
591 461 313
57 53 468
231 965 651
717 931 771
85 136 44
856 1 955
541 956 402
351 966 689
107 595 616
9 249 531
786 315 83
551 17 490
219 489 891
511 797 936
721 997 141
773 306 78
721 416 279
631 141 271
942 561 281
807 501 512
709 667 323
495 121 696
501 554 976
767 72 317
371 783 689
141 149 423
769 181 107
751 181 681
681 370 411
919 593 825
649 559 545
295 897 761
321 26 568
747 874 376
141 681 721
318 133 821
641 481 253
550 465 236
831 70 441
801 720 310
332 408 801
651 181 901
893 889 276
997 11 69
99 60 773
17 633 521
26 717 585
665 513 941
707 751 831
427 311 983
717 247 841
392 919 921
889 505 729
95 383 409
821 646 673
422 399 103
251 789 683
276 921 361
463 876 955
89 741 317
676 571 584
834 391 314
576 801 819
261 953 813
79 889 489
609 296 771
76 591 957
367 625 437
263 360 965
250 191 341
141 883 113
369 851 51
651 425 825
465 841 233
921 186 969
572 150 697
9 657 39
193 323 943
951 877 173
861 16 131
665 812 656
906 481 142
393 949 661
425 911 617
951 299 225
521 1 281
344 321 371
356 71 125
394 441 353
325 801 891
407 383 625
929 240 205
439 771 845
671 983 376
207 681 153
851 564 749
201 101 407
541 43 309
121 33 906
22 108 89
823 955 236
501 407 861
406 773 695
355 577 326
29 121 204
441 575 181
337 550 729
491 585 204
927 299 976
646 200 758
653 25 275
87 881 873
478 122 961
569 397 669
137 949 527
373 233 401
697 406 551
526 306 631
985 49 831
308 375 633
783 777 425
134 440 296
681 203 855
697 537 985
349 888 529
401 501 316
495 125 951
297 656 36
921 348 477
945 301 764
697 431 493
389 97 321
540 676 661
757 891 432
624 646 59
667 369 428
301 239 313
767 801 175
540 509 281
216 801 999
587 14 953
393 742 368
701 360 395
249 493 201
793 901 361
661 951 707
177 137 80
867 31 789
961 570 537
721 900 131
319 926 825
63 876 209
377 629 641
281 941 786
937 985 882
781 17 151
1 344 351
18 473 229
116 209 233
186 431 642
309 86 531
881 481 377
969 21 99
773 878 601
230 423 278
917 131 285
708 241 313
861 1 992
353 737 161
440 349 419
146 337 321
723 101 749
299 708 73
92 581 920
43 813 970
505 393 571
641 481 432
725 789 321
30 961 565
921 810 549
737 293 821
627 553 698
498 845 822
353 765 489
551 59 291
825 419 782
5 411 369
578 790 136
505 529 582
449 241 727
379 621 777
801 36 430
186 146 466
527 467 823
64 35 793
249 9 65
539 893 466
521 942 249
505 285 864
362 257 693
247 321 365
816 89 551
470 950 251
292 505 859
811 960 588
869 931 137
791 221 17
646 859 321
862 237 207
452 125 865
201 660 434
495 526 182
193 246 807
336 693 71
409 761 191
852 625 473
816 471 721
305 601 491
669 4 61
349 176 333
171 681 788
229 541 181
884 611 219
376 631 283
388 775 475
111 276 926
230 727 81
978 145 767
740 354 257
656 396 390
19 291 249
125 951 191
938 953 86
451 79 193
973 901 961
793 273 588
321 251 828
901 262 151
537 325 145
501 751 975
357 961 807
237 181 481
373 645 191
161 253 119
673 112 490
490 366 45
597 156 966
585 865 793
576 601 113
755 609 355
171 585 201
687 795 856
619 902 675
613 351 357
650 265 299
869 533 561
156 889 747
986 77 692
289 591 545
289 629 213
631 151 669
137 981 509
491 125 449
209 177 991
966 885 409
197 307 101
905 983 399
356 761 193
39 381 505
321 116 63
591 761 41
75 545 701
401 623 915
885 346 601
917 801 89
801 87 762
731 241 150
563 151 109
559 266 591
443 184 123
731 343 937
301 29 629
421 121 781
487 383 695
841 793 241
777 217 665
939 761 497
561 741 995
589 203 186
685 961 628
464 561 20
141 121 553
836 457 937
128 102 45
662 941 806
436 858 605
56 606 461
633 699 156
305 925 205
903 777 420
226 940 1
897 93 111
833 249 280
97 553 801
604 163 809
105 365 9
887 71 601
755 607 153
207 813 369
151 451 590
881 766 901
382 230 181
571 353 393
953 881 336
790 466 936
585 884 566
287 177 701
981 289 621
921 336 565
877 413 417
817 853 191
25 94 296
137 405 751
386 213 481
6 501 46
239 873 257
370 113 848
556 741 661
87 949 13
375 209 821
931 61 805
621 961 171
8 201 793
933 245 65
221 436 291
891 61 970
739 41 49
379 41 489
561 443 473
801 131 263
273 431 561
251 651 180
271 217 598
76 537 707
599 811 985
703 249 436
608 833 68
933 731 42
370 35 901
464 528 337
533 490 975
446 937 491
780 631 49
807 609 737
941 17 45
513 16 402
266 273 45
729 69 265
177 826 988
555 326 736
489 881 921
445 301 321
921 157 616
657 539 612
743 980 609
990 745 941
921 425 425
981 739 989
305 747 46
316 231 450
36 38 691
256 4 189
669 105 259
515 159 469
347 985 921
216 828 505
221 73 383
161 329 757
316 247 507
841 535 651
825 241 693
851 681 265
759 221 253
177 686 31
385 137 881
22 651 756
457 901 550
56 785 133
355 207 1
159 116 501
306 375 41
131 775 721
82 129 926
161 387 617
251 161 925
816 974 632
201 446 158
577 429 737
21 949 512
551 820 145
881 581 489
785 205 727
669 272 23
837 875 185
309 615 891
751 46 222
973 951 484
64 261 739
796 417 865
901 581 587
88 929 616
859 666 481
170 601 511
341 281 995
849 89 683
601 685 201
791 801 688
711 421 137
73 1 674
401 646 472
303 547 997
491 836 849
571 385 621
46 516 241
121 856 73
199 585 33
467 193 415
485 109 656
193 204 89
376 321 41
627 263 181
445 141 607
660 196 966
803 787 855
863 877 451
497 957 993
315 73 881
969 121 10
176 289 492
245 401 305
9 437 109
602 301 789
911 665 94
445 369 797
501 114 853
875 150 158
707 151 70
185 515 999
697 709 139
391 636 276
805 576 195
205 749 801
177 317 90
910 239 977
398 746 301
933 201 63
771 211 849
851 509 471
363 41 869
567 345 417
261 36 96
209 677 915
889 329 239
372 874 541
799 501 781
545 297 696
314 521 171
825 13 692
88 129 201
1 268 193
97 9 325
644 651 355
233 461 601
320 341 320
936 353 141
25 801 371
958 807 337
87 528 111
961 901 775
869 128 401
149 49 221
173 737 94
934 911 831
625 481 977
921 17 431
165 139 889
991 371 241
191 383 693
769 993 477
476 225 162
578 897 291
633 182 932
899 105 433
401 113 513
413 361 94
466 469 231
639 814 401
551 913 883
53 401 227
615 306 833
234 626 471
19 799 417
182 208 673
665 41 745
233 33 19
92 805 361
631 777 425
6 773 218
32 829 809
386 196 651
481 218 793
101 57 661
897 65 828
490 33 468
882 866 456
873 261 576
907 449 899
297 475 880
711 931 229
725 891 867
854 726 316
891 967 841
776 993 131
89 783 473
758 625 941
617 605 551
158 713 738
390 41 416
981 401 101
521 249 505
635 30 795
647 187 821
158 211 701
948 561 653
343 889 221
581 785 921
754 881 673
961 420 919
235 461 181
317 873 721
13 834 280
859 577 118
391 291 222
965 589 13
746 721 721
759 148 640
700 70 873
28 405 133
61 526 367
753 49 986
64 307 327
729 473 307
5 335 851
89 620 574
257 926 425
677 831 852
1 324 878
601 731 649
329 211 801
901 626 661
469 193 1
206 956 789
745 761 537
578 793 501
107 980 73
201 801 413
385 598 341
54 217 283
861 969 823
851 884 315
551 847 61
729 466 421
278 361 483
426 789 11
891 331 413
151 593 801
764 337 941
209 347 685
677 825 51
970 417 841
889 19 351
25 621 61
853 752 613
515 641 18
19 946 51
328 66 796
522 939 983
741 359 338
206 625 479
24 721 802
692 741 725
677 361 652
343 335 377
819 26 278
416 987 115
874 945 849
513 983 546
801 671 336
329 205 393
292 186 497
835 728 113
1 584 797
536 172 242
503 697 61
773 549 681
177 833 217
445 763 995
711 797 91
287 129 191
410 985 189
621 441 951
665 828 859
601 241 722
305 456 169
609 988 501
314 860 761
619 292 912
285 126 971
113 536 266
681 970 39
441 193 189
478 439 776
365 121 523
383 45 111
301 693 996
657 121 697
675 857 511
233 245 501
662 191 70
893 17 51
996 915 533
556 901 553
101 469 165
171 217 1
157 526 421
357 564 888
61 884 895
440 17 65
505 831 384
776 355 326
397 946 791
814 327 484
190 357 441
671 433 51
695 577 305
675 342 971
121 741 297
909 218 608
834 927 773
949 271 927
641 131 552
257 96 657
671 86 15
305 718 530
641 601 755
652 239 747
81 736 82
876 924 541
761 377 925
751 204 801
105 89 773
251 489 301
91 33 719
57 737 309
201 893 673
673 846 737
343 378 363
416 952 413
291 301 341
581 377 565
400 327 122
353 763 323
286 535 505
41 273 105
345 778 957
200 46 583
71 185 912
15 66 216
201 556 293
761 953 796
895 695 187
786 825 1
296 831 164
393 677 843
46 100 426
724 18 451
371 281 937
121 489 629
451 154 881
341 601 879
817 339 315
956 762 813
407 718 145
263 785 97
561 307 879
849 119 369
794 788 167
229 402 501
276 237 292
260 819 623
951 821 681
747 390 745
749 137 758
111 454 461
707 697 961
165 746 805
833 356 776
285 369 673
555 915 417
443 951 585
827 715 581
386 261 675
919 577 705
861 574 883
633 313 791
74 922 127
625 176 387
28 737 134
209 153 410
145 877 885
945 896 529
913 749 121
639 497 321
484 326 419
604 303 401
41 901 351
937 301 330
324 646 965
451 801 481
43 31 762
411 447 753
501 785 41
753 71 173
555 91 588
21 326 493
201 825 914
505 73 201
37 418 846
85 543 151
311 465 855
539 801 309
609 489 267
323 14 813
195 970 793
353 98 973
726 173 401
440 178 457
861 677 737
499 117 630
429 918 213
465 693 755
261 301 261
111 267 267
1 941 121
891 693 896
295 281 851
906 1 421
877 577 480
553 241 792
465 51 741
357 525 909
161 665 529
326 793 41
752 786 441
593 806 703
393 600 961
482 151 425
943 137 60
59 171 401
290 469 172
666 82 305
475 5 393
836 111 521
917 1 683
915 626 985
579 81 201
582 52 17
723 941 471
47 22 576
841 417 667
768 941 1
841 861 638
854 972 245
279 101 174
745 399 704
498 151 298
768 13 173
69 401 924
46 135 537
857 504 161
901 841 184
257 682 623
625 798 977
661 5 475
226 219 675
786 933 716
212 245 649
407 713 451
646 548 846
873 321 281
765 961 493
452 10 236
705 606 976
356 281 653
5 632 151
665 275 171
725 881 36
328 457 593
397 411 835
49 976 513
583 377 274
288 576 883
667 276 494
257 96 431
369 918 809
620 87 896
241 340 113
101 909 427
578 233 401
953 813 841
589 851 197
315 831 572
281 901 9
830 419 291
511 276 653
929 445 105
177 864 391
391 65 969
361 291 357
820 185 609
421 51 993
714 603 162
742 857 377
561 912 865
598 495 921
679 989 358
383 578 413
146 961 65
357 973 811
583 728 165
474 851 995
681 866 106
233 717 297
230 976 175
723 649 381
416 76 831
760 994 580
19 807 705
33 961 517
577 559 621
697 685 373
951 1 17
177 784 535
864 367 745
23 721 795
532 898 689
1 596 471
98 553 701
769 751 801
649 75 571
367 89 904
876 449 381
807 301 669
341 911 459
801 746 456
202 717 945
83 321 315
965 136 280
561 166 401
101 221 394
69 41 143
801 393 684
736 921 361
529 326 77
13 381 9
282 199 471
923 781 994
97 351 755
273 770 681
769 927 695
233 538 333
161 270 570
663 326 772
173 423 657
190 995 233
801 825 792
501 637 985
992 31 733
959 9 651
113 626 870
625 984 744
869 381 561
726 233 181
161 497 73
432 353 532
439 620 857
916 581 479
263 837 740
950 561 501
861 769 150
377 941 889
505 609 71
529 683 1
345 1 731
418 517 126
499 885 552
852 735 715
469 789 539
57 286 553
953 681 826
381 1 809
33 630 703
221 798 493
73 751 741
874 271 651
404 233 771
781 149 826
663 511 235
358 289 429
901 838 354
104 465 369
697 877 721
110 557 185
715 597 723
844 959 225
169 45 709
49 402 554
96 247 191
425 61 134
913 873 41
442 938 483
181 726 669
41 273 365
946 491 713
371 178 941
6 737 666
854 257 247
76 503 753
562 7 721
681 288 525
531 596 51
179 765 201
467 858 376
155 852 283
223 251 547
939 882 329
795 51 851
951 769 345
61 708 705
391 325 440
271 276 406
181 876 384
165 836 865
681 185 751
261 585 365
386 283 923
84 858 197
117 662 353
193 813 601
917 856 397
369 573 97
651 319 601
434 391 337
135 365 941
239 753 425
873 246 213
443 51 945
561 167 835
142 231 212
712 486 373
787 533 778
825 341 821
121 156 285
91 590 839
49 275 229
993 428 611
813 431 719
910 605 828
196 126 991
363 769 102
829 156 313
465 377 601
421 281 463
308 721 872
158 777 881
198 126 249
391 188 129
909 925 510
927 777 453
757 211 501
83 935 757
737 963 843
65 926 854
793 176 566
409 858 681
431 849 751
239 232 372
169 651 157
919 257 432
993 481 730
337 243 501
621 917 861
771 361 76
957 347 929
161 337 566
305 475 386
501 253 149
901 164 611
698 661 691
704 5 929
76 569 288
96 986 495
889 21 186
655 809 251
757 821 406
49 753 185
119 633 615
561 184 671
561 37 661
825 656 845
731 681 878
485 684 951
949 347 233
481 23 841
6 112 793
607 381 500
283 101 116
589 261 418
977 67 719
285 581 161
212 641 660
867 783 489
438 449 696
301 45 142
357 232 25
141 935 361
541 497 457
803 311 789
926 365 169
281 431 801
671 801 166
136 681 221
179 622 919
158 353 226
999 485 465
883 146 893
643 569 651
501 26 657
298 847 721
321 821 161
130 286 214
332 895 333
931 426 886
369 621 836
145 657 471
845 205 184
319 305 804
96 759 840
571 886 635
997 621 760
43 101 818
761 534 1
921 89 913
49 65 561
209 545 365
197 323 17
713 71 501
271 101 589
362 820 801
499 353 796
353 465 139
314 636 263
409 503 68
445 870 619
251 880 561
801 731 733
933 25 905
596 484 131
240 561 511
902 679 40
41 719 355
342 919 251
863 754 648
57 969 816
601 687 399
865 781 905
441 196 711
996 801 51
161 414 923
473 326 381
449 845 921
371 241 385
431 383 897
849 546 93
583 777 801
885 225 514
203 613 565
823 425 105
557 896 86
433 213 217
900 361 979
559 937 323
28 41 545
256 395 127
821 737 940
416 863 270
61 584 711
20 939 701
627 821 736
883 300 875
111 57 934
844 99 985
361 207 703
931 395 841
417 577 379
931 924 931
181 479 29
479 641 329
987 218 501
481 313 352
395 151 305
610 941 909
851 526 25
201 668 321
616 65 193
984 1 779
510 521 129
378 403 113
244 478 196
41 421 565
411 737 255
463 261 626
659 993 721
975 201 145
757 821 258
209 941 181
531 389 641
991 39 245
889 275 684
397 395 621
239 835 619
107 428 573
866 518 401
508 169 777
841 433 425
372 411 140
531 1 366
363 177 627
235 960 760
516 1 291
13 401 57
393 686 649
549 425 51
179 267 516
201 511 819
771 81 921
81 688 906
871 609 721
564 425 819
231 275 71
322 629 857
11 547 777
391 548 663
905 801 517
561 566 277
841 375 729
905 590 81
945 431 351
4 751 359
215 341 343
211 611 377
587 840 601
929 586 656
792 681 211
371 131 620
961 81 546
159 223 695
876 691 610
237 363 839
646 93 679
769 939 16
31 681 514
996 220 113
522 845 801
533 421 713
337 353 113
381 850 883
765 190 681
724 381 485
756 625 334
51 37 826
485 649 877
470 885 597
857 53 324
601 314 251
955 671 621
721 516 515
377 354 209
571 371 151
771 52 88
776 36 109
434 321 133
873 485 387
646 578 209
407 401 386
760 876 821
850 921 744
961 701 576
786 277 419
485 121 558
802 441 799
701 959 690
949 841 181
457 566 525
191 829 651
119 497 281
72 297 695
608 356 709
529 985 596
463 210 472
377 443 689
537 951 769
981 116 13
506 439 511
883 822 145
571 903 681
197 923 811
243 101 57
231 712 183
87 871 128
481 656 501
486 45 46
829 842 845
343 337 873
121 269 613
941 51 200
415 381 3
517 810 751
628 891 349
908 225 388
17 395 153
425 513 265
393 153 296
545 595 261
373 101 725
41 221 773
829 625 71
516 35 353
609 687 1
547 175 430
531 690 246
981 881 766
102 567 591
891 307 453
180 606 933
361 937 701
705 177 471
120 771 41
251 436 830
215 451 78
375 125 801
843 209 594
584 476 977
959 969 467
388 931 450
225 40 691
401 351 200
226 551 801
297 371 423
409 971 766
720 577 911
881 751 741
819 906 753
669 229 217
736 435 808
709 809 91
249 566 25
787 680 426
298 746 415
691 25 474
855 481 537
75 577 636
35 447 426
863 69 441
597 545 955
633 736 161
349 259 171
469 870 836
601 711 921
951 236 648
416 425 321
913 8 981
726 973 231
331 378 705
22 265 436
892 180 93
470 661 745
273 64 50
246 872 489
725 674 7
97 743 197
731 521 50
109 633 241
833 953 701
677 61 843
352 466 494
385 305 976
687 990 13
787 297 651
758 393 519
366 246 183
763 101 995
965 596 585
811 888 588
557 790 259
931 81 629
449 753 369
461 361 259
303 89 155
516 268 899
621 711 142
209 109 64
420 569 644
101 633 789
65 36 804
326 748 840
721 251 155
561 233 681
39 641 659
685 801 557
448 553 761
205 16 97
984 547 80
21 1 845
501 59 849
14 345 632
709 191 489
221 941 532
629 953 337
963 717 255
861 285 852
832 601 441
727 526 749
921 641 783
363 471 38
24 439 329
265 355 846
841 526 348
580 241 89
641 437 225
266 455 322
501 507 697
71 529 41
280 321 889
205 386 829
889 865 276
270 81 625
269 760 100
920 251 745
837 862 101
239 685 811
153 881 977
531 801 377
209 23 13
90 497 810
673 713 97
689 611 777
212 908 625
161 294 31
585 701 69
337 799 93
146 246 171
963 127 829
551 801 960
889 551 452
766 659 721
975 27 489
813 201 809
842 61 91
441 256 591
517 597 773
654 735 944
253 945 207
821 717 111
835 813 721
771 841 771
80 302 89
931 371 138
729 117 289
265 701 971
388 568 349
679 874 472
473 449 806
903 832 18
305 545 788
961 841 117
951 479 902
286 450 106
649 141 249
928 425 369
340 974 175
743 479 473
35 263 571
716 853 822
911 489 851
86 131 856
401 77 949
691 993 796
721 681 31
976 367 100
476 21 19
265 809 251
436 306 585
675 303 883
795 830 606
809 417 261
87 224 21
125 232 1
85 961 665
285 254 950
121 702 701
617 511 161
501 871 718
973 417 792
811 708 611
757 281 739
801 905 842
770 737 901
976 976 563
953 821 65
889 451 451
597 193 882
341 555 963
943 313 345
923 282 441
721 931 376
953 753 247
65 29 765
801 431 817
841 371 26
539 876 141
123 379 633
356 291 573
131 518 969
374 12 947
585 941 340
429 207 283
870 279 594
573 905 445
42 467 643
411 385 214
853 801 459
62 556 164
197 33 701
507 1 791
251 837 373
813 501 1
321 421 915
902 981 1
321 117 592
748 321 655
945 699 951
391 339 525
805 10 696
305 766 293
861 861 865
721 325 341
601 303 457
775 762 118
358 421 529
127 409 951
835 206 478
866 383 721
888 170 201
129 67 425
774 130 291
146 141 873
125 913 437
587 257 777
541 72 189
351 537 56
461 775 545
919 86 741
587 580 105
121 940 697
765 245 728
105 553 439
128 529 760
825 364 808
403 278 85
429 787 676
317 411 245
121 473 145
656 653 812
203 254 90
316 532 336
758 521 73
11 921 492
241 121 654
680 913 37
740 736 165
919 341 493
598 694 40
751 921 401
328 576 144
813 154 830
297 15 701
328 985 52
185 535 334
137 881 721
706 948 886
323 657 154
567 991 539
14 363 802
153 701 769
151 373 941
751 889 401
356 752 665
856 131 841
626 94 891
377 277 463
525 923 159
77 282 856
193 349 307
616 466 69
626 462 366
526 735 484
425 768 777
665 746 99
77 669 39
877 450 114
739 145 500
690 451 356
843 451 997
1 76 957
304 909 409
708 511 936
964 733 148
292 721 141
440 405 561
651 889 376
626 754 513
641 91 234
601 25 745
409 921 436
735 100 925
875 845 189
226 697 1
964 177 106
451 9 39
262 681 951
878 405 401
208 781 137
99 995 1
793 185 853
579 525 672
445 225 121
350 483 138
81 673 656
453 641 113
41 133 807
511 969 109
407 943 857
282 255 461
249 810 233
245 333 481
117 84 824
271 653 281
589 555 521
297 474 784
201 911 181
71 301 214
384 846 204
601 93 57
52 896 305
891 186 336
985 363 325
799 911 131
774 317 957
713 101 155
923 180 788
126 1 131
225 5 304
279 541 208
451 684 393
921 341 961
219 731 347
911 881 693
88 816 141
685 549 19
265 73 489
438 941 160
267 610 319
976 766 133
564 369 513
766 970 489
752 717 123
601 207 568
583 437 93
961 829 141
185 556 787
560 641 261
441 249 45
381 454 725
11 341 248
805 217 61
596 531 215
263 525 127
155 321 111
593 632 649
281 355 937
905 701 288
1 345 676
421 797 877
956 73 526
321 61 509
386 371 185
641 623 339
233 948 33
21 773 601
391 109 805
363 315 163
869 674 987
820 956 609
76 647 431
369 314 151
593 371 857
737 121 35
281 738 97
721 801 65
49 505 756
908 907 729
912 436 274
889 567 157
770 949 249
8 156 633
787 648 135
191 735 338
591 922 945
90 703 791
881 299 872
631 875 913
545 521 761
321 858 679
423 817 957
881 26 741
276 997 725
390 466 550
581 795 344
644 977 377
412 249 876
49 241 641
152 960 601
65 281 961
165 183 219
52 393 145
921 33 901
361 929 817
146 557 393
153 1 401
433 35 489
297 881 293
31 221 373
305 160 383
706 775 576
696 229 52
948 305 341
625 985 821
753 1 768
61 641 215
383 677 361
124 731 717
223 791 355
607 184 629
492 713 291
222 257 382
981 286 89
265 857 153
889 959 507
819 391 522
161 275 127
254 505 561
199 161 66
193 76 97
951 253 474
171 326 331
5 109 41
537 709 471
53 861 335
635 391 13
861 841 801
303 269 465
705 241 106
463 209 636
737 361 616
125 76 881
501 121 952
202 265 425
648 439 633
377 694 839
913 827 751
251 517 851
415 489 251
469 64 393
963 556 361
601 609 561
161 241 431
612 843 151
651 380 73
441 41 471
563 801 537
31 967 11
529 731 145
843 625 877
227 591 881
881 466 706
980 758 724
321 441 73
221 861 294
889 946 776
971 750 599
377 33 345
321 744 881
481 176 665
505 101 839
821 321 206
152 721 697
281 355 475
585 723 795
725 305 61
1 766 373
777 113 963
555 381 7
953 425 64
577 361 396
162 913 701
635 323 465
184 320 169
251 1 897
933 762 377
261 736 801
461 389 33
121 809 252
61 671 61
156 201 301
201 135 773
831 177 872
649 405 222
803 397 621
193 276 101
401 310 999
388 821 667
829 792 881
453 996 327
26 529 383
950 111 317
325 57 306
41 525 681
961 915 784
721 895 665
111 105 51
581 460 966
405 983 406
576 529 193
277 231 135
479 338 609
337 521 561
47 261 340
153 157 353
385 25 60
441 849 703
78 166 73
441 725 609
753 41 893
896 103 46
115 809 613
931 559 761
907 991 237
789 401 537
311 364 919
784 891 386
857 651 801
1 401 790
97 285 241
197 461 925
924 95 624
937 756 349
529 810 705
485 1 201
337 561 376
26 397 155
281 754 517
153 833 271
41 701 604
961 508 946
453 741 281
339 5 144
836 421 289
305 867 401
666 127 192
673 801 31
205 805 249
841 777 361
281 937 751
963 861 9
597 306 973
542 634 41
121 946 497
315 289 289
215 594 162
809 228 473
957 637 754
359 521 291
436 441 569
751 281 31
777 749 507
972 981 75
319 195 249
877 907 851
389 1 187
23 141 624
625 713 631
758 137 288
297 86 43
2 203 517
951 477 164
121 83 153
353 769 1
425 209 549
734 771 521
141 446 334
633 679 881
491 617 598
921 849 715
837 166 961
321 561 271
354 660 733
333 129 321
393 519 833
16 761 879
271 961 373
393 121 576
433 961 435
570 116 556
245 877 431
481 633 809
270 485 369
750 941 725
126 849 357
621 112 873
631 603 501
821 201 769
861 271 570
555 516 941
89 416 51
770 475 169
257 861 149
303 541 161
413 285 241
597 449 291
361 626 651
857 930 126
625 288 684
843 841 343
33 234 5
367 384 186
901 569 973
561 101 225
104 825 851
261 853 385
344 536 891
745 80 145
351 679 587
418 303 487
420 202 249
951 309 523
509 12 916
481 70 221
197 466 110
124 545 339
665 353 399
201 603 919
405 233 573
856 833 481
922 697 709
317 577 542
539 626 513
641 473 285
721 713 607
487 329 777
911 129 713
379 320 466
13 262 180
507 629 21
175 933 608
81 232 321
303 867 521
31 5 451
406 136 82
979 703 825
671 205 217
395 981 461
604 841 813
23 385 671
726 85 361
273 577 954
499 317 101
566 651 69
688 653 387
131 675 501
711 588 841
776 91 891
360 501 531
897 696 774
5 21 113
314 719 245
935 671 1
870 146 749
255 537 367
1 261 894
165 836 97
161 523 52
325 201 396
277 561 847
727 201 77
475 989 761
811 630 327
937 314 811
551 707 843
783 201 293
641 301 652
641 873 633
609 126 951
753 763 369
909 401 961
315 701 617
476 417 35
464 151 625
477 266 218
137 617 33
693 1 916
151 865 987
447 509 836
621 73 205
367 26 435
721 454 835
365 301 826
382 561 377
170 219 661
727 401 957
981 12 791
631 207 577
846 70 582
535 845 441
945 467 324
1 422 892
873 57 582
673 745 918
416 421 785
983 585 317
1 701 880
693 823 711
501 575 204
103 876 361
329 140 441
375 643 121
451 916 93
813 849 9
569 947 401
243 876 778
380 137 81
621 713 173
381 480 49
865 751 225
241 626 796
469 965 759
975 281 817
266 546 12
493 886 217
593 230 616
391 314 633
881 473 251
401 267 749
851 321 67
551 986 547
381 977 521
609 998 665
159 749 945
649 966 114
101 113 569
261 675 199
17 925 885
361 741 220
611 17 668
821 541 367
896 657 141
721 420 821
181 247 617
403 17 825
69 343 694
854 585 401
732 291 591
557 825 580
245 313 628
393 471 413
665 845 979
967 669 53
180 61 937
571 476 225
4 431 481
203 1 639
743 680 808
222 476 789
212 133 892
742 461 693
391 431 746
451 541 825
223 981 926
457 961 341
301 515 835
868 57 441
976 888 9
801 651 187
261 298 321
859 746 217
739 858 1
37 66 697
201 721 553
755 729 481
923 617 931
992 601 445
1 1 754
261 471 301
783 1 565
491 922 389
881 441 201
285 705 927
201 653 939
905 209 741
313 575 955
803 976 293
713 961 665
551 637 101
539 76 613
796 617 365
320 701 425
893 394 16
801 457 324
161 81 531
217 737 868
961 392 193
715 997 947
169 305 761
251 172 201
976 275 595
973 385 645
953 60 403
59 81 966
585 822 780
336 146 793
286 105 787
557 533 917
381 291 761
237 561 201
801 973 462
181 369 229
633 285 141
561 833 913
449 542 33
761 885 637
586 581 381
813 937 381
33 1 943
137 697 161
424 331 221
257 177 621
563 818 401
521 725 931
241 751 657
531 135 261
895 66 768
741 4 104
751 343 251
558 787 671
785 553 229
688 559 640
961 573 289
209 659 932
445 820 377
241 97 231
448 233 722
891 151 633
417 844 229
551 990 311
361 749 585
37 289 337
676 673 744
205 240 337
658 265 507
876 281 638
601 451 904
765 581 918
980 289 525
958 467 797
401 161 276
409 865 937
774 521 121
32 347 326
374 995 633
567 376 858
901 518 786
175 906 578
726 925 639
799 617 741
321 513 296
161 645 481
942 405 974
521 81 391
17 1 537
297 208 841
977 203 298
376 373 445
333 865 583
96 215 109
718 737 157
245 751 817
237 955 299
604 581 602
301 544 51
751 810 309
430 85 465
41 351 801
4 351 258
96 911 711
205 357 601
116 217 586
275 855 135
459 223 239
188 623 252
47 607 162
747 562 381
715 257 795
567 59 821
401 63 293
425 373 757
941 473 101
329 281 531
915 779 421
554 561 501
881 926 339
963 671 419
586 951 609
341 291 33
696 245 631
988 781 1
765 601 305
417 849 1
497 146 270
860 131 852
981 829 449
796 335 899
277 449 741
55 229 49
991 167 301
673 577 17
701 133 617
634 976 29
916 582 783
691 804 26
589 659 531
396 481 361
912 661 959
411 221 857
855 18 535
745 11 409
517 621 41
996 768 297
833 743 931
183 209 281
587 713 381
101 708 451
548 844 699
573 117 621
456 365 691
479 273 69
525 565 67
521 841 677
556 931 217
523 78 731
873 901 716
993 783 659
866 76 417
581 507 876
121 776 835
866 581 826
221 368 161
986 850 945
266 27 701
121 531 487
729 193 537
309 67 711
751 825 973
892 191 51
345 207 439
641 359 49
497 85 605
531 591 725
762 458 841
817 939 57
745 949 601
735 76 81
826 883 661
703 267 705
245 493 701
257 945 147
699 301 35
591 643 103
701 560 968
861 591 705
14 29 385
822 241 473
61 551 420
315 291 728
581 158 801
143 609 63
637 867 769
607 656 321
803 897 579
601 301 155
929 91 170
41 146 523
201 205 543
345 489 657
628 485 270
271 495 593
87 793 301
465 889 679
976 905 421
420 89 801
745 763 201
121 981 801
701 301 533
713 174 791
847 433 911
923 440 42
390 639 266
654 55 551
266 485 110
281 333 961
617 913 270
479 831 106
561 193 574
841 472 791
275 881 821
725 533 965
486 490 201
541 901 766
465 769 835
56 585 160
526 831 831
65 279 441
57 929 905
920 49 722
683 183 13
861 521 290
974 539 459
364 409 297
880 557 529
513 241 801
761 511 777
13 390 593
323 793 821
617 97 191
33 250 446
581 969 811
546 25 729
541 801 199
498 257 126
177 731 121
932 103 200
581 460 763
49 418 191
917 709 941
681 833 277
747 989 25
77 873 201
56 91 721
169 177 191
349 93 546
805 955 15
668 831 201
951 696 995
381 301 81
961 271 805
188 41 88
193 469 466
251 776 281
786 68 281
27 474 619
345 635 930
949 691 838
169 441 993
177 720 716
441 412 817
22 237 527
777 581 409
849 452 681
909 351 506
841 859 269
477 703 55
166 801 981
946 635 561
396 59 466
171 326 244
633 740 303
976 548 208
488 29 923
723 341 388
923 384 66
296 281 456
431 162 713
545 649 746
905 11 129
413 935 964
61 341 913
111 482 821
221 596 328
1 265 36
176 603 59
594 251 790
569 85 613
761 382 289
776 365 486
691 1 636
703 156 785
984 325 676
873 409 867
25 410 716
945 656 191
838 305 721
450 171 291
361 703 283
757 551 768
107 401 62
159 751 614
686 49 701
534 479 541
769 823 21
547 787 735
161 341 129
760 350 699
465 666 643
14 721 906
366 95 236
367 603 482
881 336 425
978 721 1
856 640 591
617 215 305
934 471 621
958 779 256
1 601 869
831 301 393
126 407 157
721 273 141
365 795 773
462 463 658
413 228 71
561 449 558
926 109 761
912 701 793
731 601 430
931 227 201
168 413 609
525 676 629
121 577 71
881 784 65
465 629 501
529 148 846
703 726 497
559 145 147
871 69 529
451 145 321
503 501 153
626 829 749
831 9 741
761 882 801
768 970 89
112 985 405
235 788 496
464 537 811
393 721 674
282 225 406
434 948 379
532 683 906
977 851 387
581 501 830
519 1 41
281 29 790
174 911 772
313 601 193
813 9 977
201 73 234
606 933 721
401 137 530
513 540 141
51 476 245
229 221 142
158 998 907
794 129 734
847 301 571
417 413 651
379 613 868
999 821 982
676 783 509
17 897 966
171 751 653
591 494 373
749 119 77
693 661 401
129 497 209
829 745 913
801 163 837
600 763 86
331 141 242
391 769 221
573 491 601
971 904 984
966 261 156
307 195 161
965 1 473
705 233 705
501 259 501
969 725 435
207 377 408
453 917 134
790 291 793
317 253 246
829 735 907
9 655 676
668 193 121
99 770 485
221 600 217
109 841 815
9 254 361
549 97 396
651 727 903
787 239 923
521 921 810
669 485 424
732 441 261
281 737 271
794 993 581
488 561 990
911 820 29
541 72 1
910 97 315
967 191 991
381 703 731
529 649 782
808 661 737
226 409 993
499 137 21
87 741 795
801 201 641
556 801 753
297 412 368
151 637 497
128 344 200
913 210 273
641 532 755
793 635 187
356 43 451
631 196 26
761 82 625
735 433 429
11 601 105
155 577 760
752 818 761
537 351 457
7 559 641
251 746 506
889 721 678
943 731 138
878 729 572
292 781 99
773 673 334
701 687 631
551 761 369
669 219 337
356 92 56
121 481 703
216 10 853
665 543 131
137 341 851
157 161 489
833 595 202
282 593 681
508 406 639
369 509 227
665 417 889
109 351 667
577 441 689
919 863 881
641 246 696
751 897 961
755 157 101
746 136 237
897 316 933
71 876 305
335 296 114
277 201 101
463 841 4
121 211 145
881 192 301
727 991 46
761 103 961
373 970 51
117 805 7
435 751 221
113 583 794
727 825 200
785 286 953
801 209 707
733 24 961
301 319 730
590 471 322
9 540 991
607 753 4
718 256 638
411 441 859
407 602 198
671 994 613
409 115 755
922 806 212
201 417 181
925 855 655
841 1 810
841 132 966
709 951 485
529 41 232
666 51 683
784 139 949
323 441 441
431 406 432
793 403 739
425 681 261
898 801 607
541 34 763
507 921 956
51 387 806
977 607 410
616 941 141
857 601 565
206 248 95
85 329 549
425 471 511
676 971 585
793 807 467
116 474 530
375 101 223
493 957 841
545 79 51
265 743 545
608 611 169
924 481 796
321 58 424
729 358 751
435 939 1
709 886 569
745 495 529
21 621 839
753 265 437
491 997 593
665 417 216
6 589 790
631 971 477
146 149 497
454 715 719
396 471 194
69 453 636
679 545 865
285 516 827
373 356 295
581 667 351
479 18 420
786 111 601
601 380 656
53 787 139
905 877 790
991 65 561
622 182 253
389 391 218
721 379 656
456 712 557
407 376 484
695 358 227
766 656 10
825 365 85
151 751 241
649 305 373
404 651 877
51 161 452
568 889 110
138 387 921
432 342 87
856 391 627
901 901 511
441 201 821
981 638 441
72 335 26
881 721 951
754 81 427
931 195 651
211 801 651
347 814 746
765 693 452
646 881 551
369 992 34
797 739 337
459 436 272
657 681 251
501 196 463
605 785 723
351 569 439
827 425 189
568 977 836
74 461 384
941 751 911
266 377 486
791 35 809
627 147 57
345 363 466
345 739 139
733 322 487
526 203 831
956 293 801
299 361 977
489 201 948
137 147 441
601 798 279
577 801 639
629 641 551
767 49 473
73 813 377
497 809 877
711 736 550
529 969 625
657 891 550
801 865 228
397 161 323
976 503 197
313 834 101
517 641 51
864 346 174
400 981 965
973 21 26
825 765 339
797 861 217
417 277 373
505 700 257
217 81 13
592 649 817
330 241 949
126 497 303
633 863 111
846 526 44
938 475 523
811 41 884
353 313 305
236 916 325
454 916 393
709 211 267
315 493 641
689 422 441
281 437 381
609 276 609
46 826 76
201 681 913
791 316 46
125 725 74
360 801 153
201 717 601
151 85 969
509 655 965
945 361 964
251 721 501
411 561 852
241 25 596
701 579 219
601 663 647
536 965 1
975 553 841
779 933 965
301 361 621
652 785 409
205 616 935
763 682 971
89 213 521
171 63 541
721 473 294
676 735 171
189 782 566
737 62 593
479 181 697
1 219 897
567 236 873
754 124 361
821 273 269
9 785 123
815 876 932
697 232 901
601 461 351
504 847 701
254 61 410
445 621 585
605 941 151
541 869 457
21 100 203
921 559 202
1 61 436
480 161 127
489 661 749
108 641 993
993 681 61
767 777 9
362 506 314
609 933 281
936 257 153
857 799 73
201 937 806
929 401 258
217 353 497
873 112 425
152 657 743
77 928 505
795 19 591
581 433 469
726 876 38
64 983 265
397 751 261
551 141 988
836 321 608
181 377 766
901 321 1
97 364 45
949 905 795
767 781 373
51 693 566
228 17 677
152 641 113
870 977 278
770 607 201
773 581 61
867 671 674
213 657 356
274 681 91
651 878 733
469 977 963
945 872 843
359 401 939
85 137 565
71 550 535
490 751 111
411 13 48
947 889 606
761 841 781
421 52 313
255 167 277
382 990 681
921 489 325
464 105 496
359 771 390
800 621 709
613 876 901
747 313 483
553 181 394
449 661 657
641 800 681
141 737 398
473 841 585
111 207 143
169 617 65
466 103 447
716 982 785
262 691 607
966 739 391
697 26 317
277 525 676
156 453 284
685 433 827
16 923 783
681 717 228
601 339 547
31 781 737
17 22 21
991 53 343
242 815 581
384 328 896
41 208 609
682 648 741
404 220 505
541 557 138
705 212 521
211 241 357
826 671 877
790 394 331
961 217 266
841 543 425
719 941 588
669 101 781
20 51 201
617 701 48
626 661 327
747 426 29
930 399 73
980 33 361
377 545 345
913 957 911
201 359 167
195 385 894
891 437 25
381 837 941
706 525 331
299 529 98
791 689 1
245 651 627
739 481 297
502 879 157
420 999 737
503 95 89
969 887 239
17 840 291
456 564 810
389 670 672
861 961 675
403 651 231
918 127 481
495 723 665
401 799 81
619 101 491
124 985 965
474 159 70
361 399 19
645 451 81
7 88 1
521 87 233
1 943 551
739 821 347
401 240 187
500 981 917
520 100 931
203 695 426
476 206 436
495 588 953
93 538 406
817 321 38
859 1 953
316 941 965
891 151 262
9 403 489
764 253 721
471 257 901
892 920 401
445 417 1
839 631 504
951 785 314
221 151 494
