3596
27 773 213
301 487 531
243 23 121
705 17 939
41 9 965
131 381 349
319 858 659
201 530 209
21 826 812
800 296 81
23 419 805
619 483 577
177 791 721
296 899 980
281 373 458
923 547 446
901 582 979
916 398 731
531 112 751
280 305 37
369 969 881
628 239 1
457 42 966
893 29 433
285 948 401
634 794 626
729 553 909
326 401 325
657 976 937
183 809 993
373 871 183
759 271 831
949 385 610
37 636 401
1 409 901
943 481 313
751 971 16
349 88 395
893 113 275
296 919 451
241 127 341
701 880 141
899 432 885
433 553 407
135 849 313
641 103 314
841 411 713
351 41 241
377 91 443
780 129 970
887 651 931
31 441 405
929 613 62
398 271 445
169 921 545
510 37 705
697 549 313
670 193 73
861 705 965
193 880 420
114 919 509
906 719 179
673 993 395
821 963 896
195 745 889
920 209 316
366 653 557
785 1 46
301 79 925
985 965 1
81 850 749
281 966 275
961 84 814
471 207 961
413 81 891
801 303 933
925 873 193
746 382 582
21 896 662
209 409 808
755 741 639
17 61 856
21 33 607
639 529 901
417 601 375
715 161 15
806 94 527
291 761 876
925 67 463
719 916 849
986 111 673
766 421 261
285 733 336
141 73 696
296 793 141
301 556 953
636 845 333
305 271 971
700 538 63
333 813 201
545 177 594
569 958 19
262 407 606
343 971 901
426 73 617
526 160 790
706 961 444
881 612 297
161 226 773
553 303 797
449 642 20
661 209 375
607 157 327
445 863 372
671 969 977
343 305 277
461 307 991
407 612 916
751 849 737
736 369 739
731 26 88
49 393 336
892 237 87
929 855 865
691 256 121
228 651 782
725 585 987
55 737 129
771 176 183
777 375 139
636 710 439
385 533 695
395 217 193
153 201 435
273 583 783
146 166 667
865 681 599
10 837 904
475 271 128
110 76 829
835 979 212
401 247 801
733 614 998
457 513 5
863 211 977
265 314 139
677 303 93
476 701 589
451 739 853
277 767 245
931 865 176
897 199 969
372 62 296
286 365 101
181 682 842
428 601 972
271 153 737
945 337 386
537 450 76
756 116 859
20 257 400
707 98 162
1 768 145
927 406 948
836 6 257
315 83 661
133 793 501
325 757 437
408 469 593
441 996 185
321 715 375
576 443 12
649 757 395
131 945 667
675 163 194
301 141 641
977 32 25
85 735 617
389 979 661
719 771 277
337 356 209
299 21 173
613 150 447
129 271 361
305 733 291
813 173 944
906 167 957
923 120 319
958 891 986
185 649 123
881 721 274
896 811 209
593 965 751
251 286 53
569 981 496
501 799 626
753 193 209
697 176 281
16 657 901
896 66 723
96 745 599
653 69 801
162 941 236
272 876 898
744 329 754
69 260 237
401 729 979
341 192 366
991 111 767
173 819 341
791 257 393
701 621 744
889 653 465
625 169 888
663 930 17
559 951 84
401 729 869
51 91 771
957 673 945
297 595 401
301 946 912
229 869 585
794 761 430
13 739 341
201 86 79
217 71 477
94 53 694
345 426 262
345 41 701
274 989 101
226 121 930
567 379 16
941 381 401
763 489 818
159 745 506
937 181 841
569 912 371
221 277 141
961 950 203
161 135 623
897 74 615
221 409 305
887 479 526
347 465 161
814 2 633
289 385 753
617 921 449
947 430 401
777 344 345
256 433 743
743 19 296
651 576 259
901 321 240
501 221 466
169 151 987
616 896 438
80 576 743
305 853 249
477 826 717
278 521 421
329 465 569
188 329 17
390 76 257
375 810 598
409 90 785
403 346 835
271 385 998
81 790 236
969 57 482
271 317 657
120 905 71
754 903 377
101 571 803
171 78 175
493 505 849
520 933 161
977 91 821
961 477 321
449 959 669
961 225 377
953 777 559
450 401 573
785 6 46
789 285 253
571 869 997
381 437 365
100 192 594
563 185 18
141 45 461
905 545 412
341 661 409
971 255 33
381 657 131
264 413 935
735 215 867
221 9 138
369 679 643
161 7 963
903 522 609
243 90 629
813 669 489
301 422 821
210 797 291
324 409 991
987 666 301
707 67 493
519 570 619
381 698 554
209 921 461
360 842 661
690 67 461
56 57 454
241 33 781
70 353 773
621 705 386
234 968 793
722 443 1
117 473 551
741 251 993
692 326 957
57 859 216
553 884 683
553 905 102
96 117 6
86 251 791
251 216 269
801 201 883
41 286 131
556 136 201
826 521 339
543 925 905
443 885 701
906 605 169
815 793 17
17 60 745
501 501 777
793 364 702
426 357 449
942 128 401
183 441 87
689 170 849
127 853 1
457 197 99
930 720 332
930 198 111
125 367 271
976 371 325
173 311 802
299 681 616
1 481 340
533 595 476
299 538 217
678 880 721
27 941 621
681 369 657
965 409 741
906 81 817
741 951 379
61 519 166
331 353 462
265 405 105
395 181 279
609 285 409
154 711 401
118 949 309
365 522 401
316 914 586
67 369 901
567 376 21
688 1 587
851 463 890
877 864 105
261 209 586
410 531 205
217 977 452
905 160 260
791 197 583
865 553 690
165 501 761
289 916 353
227 165 697
785 696 438
731 188 388
80 791 81
749 539 601
161 955 965
111 174 295
876 561 357
237 477 252
180 208 320
597 513 545
811 966 263
377 389 946
699 933 275
756 567 819
9 313 259
789 601 929
699 472 241
687 734 235
883 499 811
771 645 945
376 530 909
601 485 349
283 353 709
561 685 641
297 399 86
34 196 897
61 523 369
214 605 627
718 971 582
196 851 202
701 21 794
757 379 425
404 161 666
945 845 777
327 11 161
761 790 57
764 237 601
933 521 589
801 132 648
22 965 67
178 445 481
495 361 301
649 291 601
39 437 480
398 911 841
197 273 406
977 757 481
387 61 911
771 429 521
125 149 176
271 80 917
174 735 663
1 413 75
701 884 386
1 465 77
201 368 553
681 41 623
41 465 43
522 915 453
301 697 556
721 871 371
507 958 729
550 336 16
990 189 218
859 381 837
593 95 351
7 141 761
801 866 357
63 33 515
925 849 971
403 961 370
408 893 51
451 715 337
532 797 287
185 907 184
920 177 55
436 381 456
432 885 705
677 610 595
201 729 733
967 301 175
594 277 131
487 386 781
696 265 866
351 611 381
345 835 883
821 160 233
941 502 28
777 851 86
705 161 915
105 253 151
287 321 267
469 101 657
460 761 261
849 113 281
39 969 344
605 276 193
309 961 911
804 849 425
937 155 189
474 551 260
89 859 999
84 405 75
539 846 321
121 25 523
231 71 242
317 941 469
597 817 921
673 537 697
966 721 147
894 809 198
304 729 351
681 769 69
262 678 601
897 501 165
553 933 481
765 951 981
373 661 454
541 329 505
616 1 678
516 801 483
534 110 170
479 23 241
464 881 617
775 696 761
329 560 651
215 904 581
269 89 196
390 201 522
31 489 608
275 763 889
13 770 670
277 341 786
193 666 968
155 309 173
613 601 320
477 956 918
702 261 359
701 99 653
11 746 639
353 425 161
21 442 393
773 961 707
339 329 181
477 138 448
758 827 65
969 320 821
398 809 51
81 126 645
176 676 357
511 689 205
898 893 537
951 771 869
524 588 910
808 501 9
333 56 880
465 285 487
115 229 81
21 578 497
773 431 441
81 329 913
137 753 295
222 849 637
329 991 25
641 576 711
211 958 73
305 697 335
529 5 898
501 551 1
323 253 659
445 355 841
275 79 77
640 345 401
577 841 460
495 767 826
485 880 588
621 816 466
811 21 886
457 227 3
266 19 751
182 301 351
567 881 94
251 135 164
766 305 937
211 673 805
232 660 211
595 656 126
753 439 541
169 967 89
697 917 547
865 685 715
466 309 661
561 606 901
1 698 83
247 823 399
857 941 959
169 969 591
294 782 489
553 613 735
61 693 45
226 661 948
73 636 481
991 183 149
519 500 431
93 190 387
513 251 705
596 604 641
593 847 689
821 260 471
199 661 781
286 413 57
713 555 886
67 941 361
846 910 87
751 871 31
589 247 759
955 969 449
131 763 169
657 535 505
219 721 581
373 513 390
951 209 841
336 151 904
681 412 40
853 852 416
877 639 546
177 871 101
413 658 640
41 821 18
409 1 651
191 1 461
153 221 452
395 191 445
681 321 646
885 351 249
327 161 485
573 663 497
701 458 566
745 423 177
989 353 481
588 145 1
703 921 145
861 787 35
901 398 81
486 195 41
277 789 611
195 491 552
219 443 307
991 974 81
912 925 369
325 561 336
521 482 642
361 331 745
91 878 983
88 541 809
661 631 993
760 20 422
341 377 469
745 880 481
536 977 119
884 737 359
679 742 369
513 661 653
969 337 111
439 85 53
297 193 347
457 201 789
337 969 921
457 743 957
270 101 921
677 681 601
113 987 391
853 447 610
121 439 535
601 115 954
761 481 217
319 706 461
505 106 347
207 853 509
971 391 789
446 451 769
433 751 20
359 225 259
721 830 813
751 619 295
534 469 721
313 373 563
859 877 185
369 961 498
853 571 161
649 622 209
26 368 821
353 450 688
246 941 719
406 667 267
1 936 816
587 211 141
651 89 833
901 569 633
693 725 823
811 721 537
861 101 953
281 879 518
543 873 41
571 581 476
182 511 421
720 979 952
567 689 73
971 499 935
173 359 546
971 67 710
248 93 212
420 625 922
310 229 1
965 946 657
81 479 238
407 26 986
69 393 547
827 967 129
534 509 805
455 761 5
641 375 9
622 906 962
877 528 905
593 246 988
913 506 417
779 587 961
466 917 842
926 291 201
391 73 345
55 415 673
293 697 226
969 851 31
579 601 291
177 709 576
468 846 826
841 269 131
688 979 547
601 873 888
116 21 194
758 29 103
935 871 273
69 533 147
312 649 703
241 375 289
370 447 719
779 77 983
921 531 811
35 265 696
469 577 65
770 261 101
201 1 152
351 756 665
708 776 153
512 277 1
121 481 698
505 825 853
526 504 921
441 316 533
869 332 582
293 459 810
1 359 554
21 614 635
349 1 841
906 431 257
873 469 61
804 888 619
215 518 197
976 369 415
900 967 305
929 974 485
513 565 936
281 141 695
101 965 811
359 149 219
677 292 876
302 489 851
899 71 525
801 683 689
721 941 505
721 286 789
44 497 41
656 453 15
969 101 449
629 793 202
470 1 341
893 217 451
11 585 121
271 751 655
24 754 919
147 169 560
972 921 987
1 333 349
271 354 693
209 739 85
517 58 921
553 491 252
481 576 432
517 761 41
453 89 97
931 829 217
115 1 805
513 289 627
419 589 709
292 238 359
627 857 306
691 422 992
89 588 281
281 784 951
835 297 121
953 906 559
817 361 321
881 676 842
722 481 497
416 369 801
375 797 521
221 281 717
490 179 579
981 29 341
56 869 735
626 817 193
348 126 369
321 313 333
989 101 561
881 929 451
487 729 275
271 64 338
581 111 226
983 831 231
851 212 626
187 697 263
279 921 689
781 1 505
29 708 135
171 351 896
467 749 546
336 119 559
501 66 977
817 560 601
801 397 147
257 396 76
681 441 43
673 121 350
622 991 561
11 293 67
46 591 279
931 901 788
306 840 741
216 879 789
866 473 519
658 705 505
849 723 779
801 173 553
187 246 936
684 945 111
363 886 486
681 786 626
223 866 351
41 75 17
901 840 65
293 604 130
209 751 136
841 233 317
394 628 528
931 897 839
361 407 388
1 976 626
301 241 233
1 649 237
431 349 268
527 782 1
780 236 908
476 821 1
721 741 713
183 611 649
417 686 651
264 687 921
63 471 377
599 33 91
751 411 761
38 571 916
509 582 569
651 992 673
439 97 927
788 782 76
793 689 349
315 459 520
245 557 957
606 889 251
785 299 62
956 273 905
115 441 101
89 282 905
895 61 27
349 969 400
726 664 871
604 911 553
297 145 881
95 441 973
572 521 497
435 397 651
453 797 791
489 1 93
17 311 1
901 792 762
399 501 168
439 137 356
656 841 796
354 241 196
713 757 697
663 881 433
683 31 357
921 223 110
322 645 949
921 641 236
41 931 505
327 33 241
121 342 337
211 441 116
534 649 267
521 79 33
579 577 773
261 849 501
521 69 837
975 558 881
501 991 979
131 889 656
383 743 671
111 998 59
141 49 437
518 543 417
995 415 421
917 370 576
417 305 321
851 817 346
541 368 1
652 666 29
181 127 797
463 127 831
39 961 576
215 423 205
999 833 851
49 763 928
321 59 27
477 241 602
511 361 926
351 947 585
895 895 206
71 33 937
617 305 25
397 190 801
561 966 201
16 772 945
441 449 361
5 657 768
83 829 774
601 879 570
225 900 428
641 398 217
405 225 501
75 851 689
471 184 721
201 155 371
576 766 637
257 681 757
705 255 849
221 574 101
799 219 746
477 27 807
613 333 961
609 857 253
713 775 669
156 411 708
701 569 587
77 919 515
870 820 59
758 31 559
865 555 261
629 791 952
505 5 28
355 469 841
271 193 507
770 511 1
113 121 81
3 830 765
305 337 611
881 283 756
579 113 81
377 461 97
666 216 801
121 219 945
713 651 41
355 475 785
3 329 153
509 695 981
651 205 817
77 147 383
901 109 1
597 431 69
347 76 241
107 601 461
53 621 877
326 991 591
366 127 933
756 807 439
1 541 786
716 115 17
987 323 315
136 241 713
37 853 709
571 772 817
178 833 305
635 381 742
91 132 287
315 626 217
709 711 41
815 514 559
889 905 226
656 526 723
415 833 77
197 341 585
797 347 626
159 779 896
935 427 646
208 494 955
321 231 973
41 263 818
148 939 948
321 467 85
461 280 72
841 312 276
545 123 647
461 501 681
775 564 18
784 281 393
479 571 645
531 433 161
411 321 119
529 161 251
489 593 183
353 219 610
77 972 521
503 895 685
383 909 851
446 35 992
345 826 954
741 404 696
67 749 129
169 595 369
145 64 251
527 609 721
589 186 398
46 12 248
481 641 190
521 436 241
166 904 436
17 931 116
228 121 178
773 459 543
401 927 395
615 758 76
21 607 322
871 421 153
253 785 32
77 51 103
451 909 782
99 521 491
50 975 175
592 370 141
433 501 377
62 91 919
721 839 251
331 746 25
641 710 737
656 843 931
445 372 116
983 372 673
129 950 106
57 845 859
892 317 701
926 625 604
185 695 59
721 76 485
655 503 551
175 155 926
151 683 771
827 701 225
547 541 131
97 165 618
706 20 549
4 105 885
996 117 186
473 208 321
93 99 857
983 425 485
781 716 593
943 770 838
203 867 141
361 401 366
140 960 953
743 751 729
443 930 781
587 581 941
986 784 151
641 532 775
873 215 661
25 982 13
509 971 197
294 171 169
121 281 941
433 821 584
23 221 985
763 679 681
158 607 601
232 991 539
631 276 676
441 665 813
277 279 731
1 200 926
101 521 761
929 161 849
1 657 833
376 926 691
501 767 533
50 233 241
401 774 141
231 653 265
762 569 81
974 485 220
679 260 811
305 697 753
859 325 931
904 88 404
761 996 270
601 931 482
97 990 841
369 851 256
158 793 325
185 885 801
1 397 337
691 973 107
235 809 415
833 633 739
571 891 945
281 263 241
573 307 222
868 581 156
145 377 268
305 371 129
551 941 121
907 817 935
321 311 999
356 881 824
316 336 16
131 255 755
1 253 465
980 566 241
413 754 636
223 97 885
988 654 25
866 125 248
721 941 289
929 106 816
919 874 713
5 439 18
533 376 876
929 993 449
963 401 778
777 961 966
137 917 161
513 25 514
9 52 746
130 675 694
65 991 676
41 217 956
420 609 89
59 331 786
476 397 84
405 97 917
409 793 397
63 91 345
120 980 721
702 74 39
615 406 30
41 441 373
989 853 191
196 628 601
671 458 916
744 18 40
191 371 51
551 456 361
981 721 61
511 289 641
336 865 441
880 613 75
569 702 851
64 169 374
161 647 541
120 721 698
93 148 975
363 86 242
135 288 952
535 289 681
145 833 465
793 770 801
126 483 308
262 664 759
24 141 582
873 657 599
873 817 41
921 1 625
849 837 617
800 376 777
502 401 263
844 849 409
101 353 67
769 180 376
585 152 409
941 75 319
864 532 305
17 289 918
393 177 221
561 359 11
121 161 255
305 95 361
470 376 502
487 626 473
162 1 849
981 193 481
65 196 646
423 78 80
358 141 809
529 651 699
268 451 514
441 249 631
485 57 409
27 222 861
426 461 99
513 185 56
717 346 951
333 705 859
839 481 486
785 84 777
455 539 473
286 691 743
876 154 49
597 333 739
976 24 21
489 289 761
466 951 873
377 1 601
701 85 861
807 51 129
691 176 421
765 781 178
555 917 380
523 83 389
497 568 813
501 481 477
516 885 375
164 366 381
175 819 817
893 193 331
824 705 915
375 158 489
261 371 166
701 542 1000
127 177 665
545 43 93
945 459 141
297 167 171
667 523 456
171 821 393
627 251 26
901 326 445
246 729 192
469 647 1
167 891 501
201 543 361
689 761 533
376 351 369
503 144 49
113 865 119
483 954 209
503 561 560
419 825 608
261 545 289
646 137 462
535 199 371
81 281 905
834 996 951
411 891 639
565 551 601
581 386 73
129 929 269
1 881 481
759 241 930
71 721 305
977 51 825
185 987 815
181 881 599
652 661 845
561 830 53
841 97 911
601 33 607
469 35 401
262 1 727
520 491 449
851 989 365
843 11 355
907 997 989
921 125 401
754 713 465
534 711 277
701 639 950
193 561 596
181 646 65
767 563 729
259 60 941
267 574 826
987 926 901
849 825 261
381 127 447
253 991 376
736 89 311
205 447 313
937 96 241
350 217 762
603 90 99
975 453 305
459 463 751
326 701 729
847 681 945
272 25 551
752 61 481
903 260 624
309 609 885
441 917 339
841 256 199
896 807 781
349 425 651
61 585 964
101 721 873
121 413 957
433 245 933
111 681 857
617 347 761
81 153 111
718 340 501
55 113 883
76 691 177
851 921 989
231 893 521
87 409 825
721 397 701
201 489 572
17 387 273
901 137 677
233 226 127
786 601 112
487 101 531
595 867 518
303 723 561
537 494 81
133 75 556
689 461 901
104 701 16
311 375 793
171 721 461
103 592 301
796 456 655
705 621 251
612 601 660
279 640 506
166 230 99
314 397 285
540 761 965
821 963 57
550 641 928
661 376 377
371 705 763
915 153 667
559 375 148
393 657 31
825 7 563
107 545 471
911 385 921
417 430 485
433 1 167
578 761 417
707 414 196
169 654 329
654 330 989
987 89 400
764 257 50
133 339 161
297 494 797
375 583 172
833 597 17
538 340 506
581 617 401
469 705 526
757 57 401
693 225 707
110 961 656
37 185 787
66 876 331
86 986 375
44 45 825
687 216 154
893 741 1
526 372 885
702 686 553
399 791 513
726 253 215
911 321 769
385 665 941
658 618 84
260 21 791
817 471 3
139 848 719
684 949 235
135 57 137
283 785 722
410 831 318
61 635 661
953 901 151
841 630 181
713 599 15
763 231 699
657 16 141
73 781 155
895 169 196
201 281 192
305 993 50
96 211 481
482 985 941
163 217 621
871 301 218
241 693 241
933 801 657
105 111 417
679 681 112
930 259 132
115 794 285
981 856 789
427 791 411
851 354 451
553 551 54
313 715 167
961 701 175
771 947 333
16 413 639
897 522 752
615 801 57
665 736 86
523 813 99
406 545 221
426 889 281
311 603 929
46 941 541
671 933 523
737 581 721
511 69 281
865 306 831
942 641 329
46 145 335
49 477 903
241 138 376
80 561 489
362 851 41
991 354 361
301 729 633
190 597 956
3 71 539
553 1 139
141 249 854
113 685 429
225 628 24
15 411 864
655 15 881
368 441 821
687 1000 303
899 81 979
731 449 306
66 771 501
894 931 957
326 745 921
286 18 943
783 177 101
991 921 306
337 551 255
828 601 103
81 361 552
690 555 759
516 731 965
951 283 590
853 3 326
437 76 679
281 917 213
811 216 531
145 473 417
111 312 121
249 929 115
633 128 477
420 120 121
985 624 926
233 176 280
46 931 818
73 841 399
921 161 451
219 591 551
839 626 801
341 697 343
371 672 349
49 760 279
561 72 480
615 939 597
797 389 289
556 915 691
283 222 583
841 517 797
465 861 691
504 201 120
336 99 729
736 377 886
41 16 457
785 33 925
138 817 565
787 379 666
641 662 713
1 593 917
877 221 604
343 326 153
231 261 733
453 592 646
616 884 497
876 17 359
289 345 489
986 313 159
193 613 543
239 204 665
721 14 24
444 371 512
527 828 57
12 107 26
137 377 290
441 453 62
881 404 481
151 947 95
701 289 623
425 766 757
911 920 147
317 463 876
714 649 161
251 235 367
803 249 617
645 165 881
143 805 369
571 125 491
312 791 142
811 234 201
625 993 876
889 209 592
489 313 251
495 285 532
842 243 91
782 698 909
418 273 576
525 906 909
601 307 561
981 311 812
844 702 789
138 361 901
207 661 734
586 283 301
2 177 723
605 906 438
585 231 37
753 489 361
597 57 585
571 25 616
121 988 877
246 871 578
192 841 1
1 593 357
657 930 101
492 529 901
769 544 888
345 999 556
619 977 116
225 66 763
888 387 217
906 289 171
826 405 149
781 209 401
141 857 616
883 5 229
617 77 353
921 401 585
523 751 943
913 533 686
435 795 693
421 409 681
676 512 941
991 17 501
496 167 914
102 35 1
393 285 501
354 619 551
804 27 177
294 740 951
373 345 477
905 133 833
370 701 236
258 533 385
695 965 783
291 176 441
101 801 550
402 403 624
604 597 811
131 441 801
377 465 217
411 958 721
193 749 464
689 634 753
765 528 677
681 251 781
633 526 239
595 718 276
736 941 783
481 335 206
928 731 915
429 353 297
743 589 361
856 317 780
545 201 382
340 721 961
597 301 927
829 181 737
449 920 825
417 726 821
370 87 825
1 361 223
405 585 5
156 493 348
988 446 497
945 871 337
887 961 231
787 764 43
835 353 140
429 578 726
601 769 513
266 921 819
899 801 738
44 145 501
612 449 415
101 655 206
686 195 440
725 193 679
701 89 811
691 39 357
36 121 641
253 501 511
263 866 876
713 669 461
959 203 793
502 431 410
457 566 81
651 601 801
694 491 665
961 720 733
329 629 905
947 539 85
327 735 481
941 197 577
96 533 992
261 921 905
783 709 889
243 906 147
45 601 125
841 348 655
901 781 427
321 441 498
551 936 116
47 943 742
482 522 97
321 81 744
489 594 621
779 51 876
303 401 769
151 629 978
481 780 852
57 873 410
241 361 569
269 41 878
665 221 671
945 281 569
630 135 263
610 453 932
681 306 106
45 897 773
895 167 993
886 721 934
791 898 784
163 639 911
837 141 525
246 821 8
17 441 545
576 997 841
10 849 660
501 395 726
574 476 629
745 481 841
217 337 142
721 499 323
661 498 327
915 519 501
966 574 481
537 137 251
634 197 259
302 361 81
926 761 774
821 409 723
681 233 535
31 904 676
313 759 696
355 885 468
501 641 588
891 49 791
385 916 515
921 391 424
853 193 365
756 549 393
473 105 851
1 761 930
631 702 329
305 246 358
626 193 244
281 214 945
466 666 895
279 454 216
831 993 823
838 198 251
371 34 907
107 590 349
101 973 211
325 409 993
189 118 177
858 201 970
269 639 861
98 969 365
385 333 183
435 601 726
171 45 717
898 783 484
651 781 454
921 371 751
357 1 922
277 823 124
361 642 226
397 836 556
673 111 405
849 31 747
661 819 2
521 996 745
321 917 457
215 121 681
136 441 433
4 706 425
265 209 557
603 569 557
549 301 435
952 241 744
226 461 433
240 321 814
73 353 126
594 706 861
281 80 361
650 51 525
791 853 351
969 991 429
971 26 685
971 241 673
289 757 435
837 841 122
450 661 746
471 353 115
925 321 315
957 776 91
989 317 201
379 961 577
435 651 451
177 761 899
857 871 997
689 33 341
5 681 545
995 961 357
621 681 178
441 891 977
731 965 857
542 991 975
561 608 42
487 41 113
649 93 518
401 792 717
580 733 987
145 830 217
777 644 251
363 661 231
251 151 632
535 687 619
501 734 826
773 349 161
79 723 893
976 654 820
607 182 491
1 60 713
347 535 907
585 775 541
691 625 561
615 441 663
841 323 192
341 469 901
434 201 745
216 626 681
159 408 249
821 423 981
411 270 382
666 729 227
195 551 769
551 281 315
316 455 505
807 725 729
720 41 525
777 445 569
917 165 921
581 231 375
372 743 849
814 930 338
1 96 540
368 849 660
211 252 420
231 738 178
111 55 414
121 293 369
911 363 8
843 691 786
551 696 673
378 431 699
91 307 101
755 801 869
208 141 521
64 661 461
625 101 487
372 289 941
187 216 341
370 446 940
987 729 41
1 348 201
351 20 672
916 11 77
692 674 637
241 701 401
750 913 64
297 501 551
161 589 921
725 241 455
793 131 231
929 424 653
569 481 969
938 626 299
441 313 27
529 235 81
411 273 465
104 561 489
445 897 831
157 777 473
468 125 417
456 189 911
618 649 171
432 5 781
799 429 529
566 529 993
493 336 161
390 167 457
479 939 201
939 161 833
236 608 123
81 201 875
20 117 265
263 341 131
266 97 625
840 655 657
669 340 347
488 441 201
871 73 61
966 969 89
185 463 801
256 486 823
698 589 540
493 221 117
401 451 938
833 643 930
601 823 313
881 149 371
285 123 439
593 899 815
309 86 314
345 339 90
551 97 66
657 874 36
391 254 342
561 975 606
126 389 119
313 913 793
689 994 726
90 1 375
761 875 911
446 89 409
155 641 281
236 509 157
571 221 601
841 230 41
32 390 87
391 53 541
286 52 60
767 391 323
601 1 1
523 339 659
921 777 677
329 589 349
236 777 895
979 550 819
177 49 345
835 451 109
26 295 797
804 33 71
45 49 733
401 849 653
997 705 51
976 671 837
901 685 494
454 588 61
617 291 401
666 769 376
327 65 298
926 751 285
601 646 177
981 305 485
661 132 61
251 637 636
285 561 255
299 341 919
1000 31 426
607 199 731
384 738 434
729 604 286
443 161 683
51 669 665
833 397 129
609 376 537
189 86 215
541 960 709
97 485 527
6 15 849
631 303 714
89 469 86
193 540 401
861 826 126
276 501 201
929 137 848
648 473 12
793 441 925
917 900 817
147 473 837
739 601 175
702 967 633
625 379 601
411 9 561
341 513 771
913 711 921
419 837 595
846 629 361
957 933 25
365 586 897
151 361 356
241 78 709
1 545 841
300 366 556
897 383 177
401 716 241
825 241 781
661 993 777
189 76 440
695 795 53
50 56 241
949 313 227
833 401 800
574 237 993
657 315 375
969 931 215
788 761 233
622 221 401
521 69 900
765 649 201
106 609 781
591 18 946
919 55 929
617 21 526
801 121 829
66 153 197
737 841 221
605 826 483
119 777 797
369 454 41
649 349 809
26 447 251
611 561 720
763 337 93
863 219 187
657 51 836
81 631 524
165 643 719
330 112 9
101 201 376
575 869 605
649 996 851
134 1 401
921 799 733
401 887 101
356 433 438
33 597 862
575 393 320
237 566 816
425 790 359
394 801 811
877 493 635
527 201 385
71 381 126
145 65 917
77 783 346
801 521 845
999 345 113
21 590 586
192 41 485
313 91 486
867 526 443
367 849 941
607 993 777
793 390 843
207 96 875
713 597 651
247 501 409
545 331 801
71 330 391
293 690 225
241 966 1
481 997 26
438 695 225
223 857 35
516 901 648
819 521 53
993 665 167
860 81 731
489 966 433
348 644 30
401 544 1
511 117 859
583 848 531
185 286 850
189 591 89
627 747 644
589 697 121
31 495 891
42 997 901
143 559 803
656 225 905
77 382 457
870 871 159
578 472 655
38 603 474
681 49 284
473 201 237
209 758 921
706 966 833
727 55 7
601 277 314
521 129 25
609 816 478
265 791 551
185 139 677
395 146 185
330 229 174
123 837 721
158 251 721
508 879 744
359 256 99
415 833 946
190 416 481
671 521 371
98 491 451
213 265 213
816 296 129
33 617 880
655 895 467
371 841 41
981 581 975
761 297 901
61 341 363
304 314 666
65 46 571
814 533 149
283 782 417
321 325 495
353 183 583
206 112 291
276 945 580
248 441 433
961 737 341
884 137 110
618 704 801
875 126 1
859 168 312
755 181 694
190 107 266
609 561 587
274 585 197
149 491 439
151 625 343
897 357 301
561 825 348
171 135 901
711 985 341
813 853 73
881 687 526
739 180 673
820 884 201
633 961 504
191 351 521
183 373 791
392 505 301
193 633 839
971 824 517
760 933 801
891 481 251
270 984 978
621 589 333
811 361 513
476 711 329
757 1 249
965 234 769
113 975 520
351 249 838
707 601 609
49 357 653
682 101 491
581 261 301
601 33 576
433 181 969
901 551 957
451 615 787
211 129 789
233 721 881
147 413 96
706 485 401
332 945 801
681 416 285
326 87 437
413 1 182
993 936 901
371 961 875
269 161 161
643 789 23
73 429 647
673 921 626
391 508 976
711 963 811
403 743 918
989 755 139
862 518 485
665 19 217
654 442 73
304 473 546
241 543 421
905 505 251
465 101 117
828 847 449
731 581 433
393 517 209
917 17 825
371 611 775
165 777 829
231 736 87
876 26 401
401 248 531
136 196 521
921 560 497
994 579 126
96 969 153
417 252 738
66 665 132
21 297 991
886 921 820
256 361 635
521 13 356
525 91 949
731 441 473
361 294 921
745 381 869
661 515 649
355 314 147
791 754 969
629 953 662
399 195 658
749 313 383
937 657 791
257 321 541
567 17 323
95 393 145
553 996 677
349 791 98
553 326 567
821 959 741
955 189 65
997 759 969
299 135 899
376 571 785
949 503 81
156 849 777
126 575 67
601 911 681
304 921 336
995 426 833
457 894 926
764 847 222
195 740 811
312 585 921
37 443 166
865 933 720
850 121 317
478 689 103
631 225 669
990 579 943
199 297 363
996 401 300
465 761 561
253 539 113
490 992 775
257 71 534
761 281 219
709 593 297
351 709 151
793 621 121
569 433 337
886 833 463
864 1000 779
926 125 105
589 149 761
935 211 403
833 198 41
265 801 819
841 355 523
905 195 911
885 460 796
401 45 526
223 609 626
651 307 570
628 249 456
909 921 840
221 290 964
631 233 48
741 40 2
248 801 233
121 247 807
701 421 13
838 611 676
881 973 131
569 626 221
981 775 411
609 671 847
531 645 361
918 739 251
421 881 51
529 886 696
481 296 595
492 420 181
376 474 871
221 241 950
184 801 518
876 353 973
231 673 469
425 703 526
377 134 21
165 396 527
886 269 213
568 247 431
328 591 626
217 929 241
961 457 106
301 141 865
902 91 207
398 513 673
933 59 615
811 411 566
196 609 151
500 21 506
191 74 601
801 865 537
921 219 801
445 33 369
398 797 629
295 752 254
813 441 837
153 301 591
297 831 166
541 597 332
459 377 900
553 881 191
761 964 557
945 527 75
406 671 451
221 61 799
316 717 14
441 126 376
603 408 714
741 809 373
427 568 41
943 16 609
801 146 137
153 135 997
561 275 997
414 471 393
178 345 759
796 745 703
393 692 581
125 501 1
351 85 988
233 351 155
231 462 366
716 142 609
826 813 139
859 263 401
141 841 313
79 273 658
136 901 981
595 65 971
226 691 497
19 201 1
41 779 581
481 911 361
494 776 837
123 45 732
533 561 433
62 435 731
825 701 429
50 461 371
333 84 567
901 873 479
601 226 493
846 382 55
131 5 107
756 861 516
401 213 626
399 403 161
531 301 361
190 245 181
424 341 897
38 694 79
901 273 273
415 673 479
506 577 289
720 740 706
980 131 837
988 581 436
44 585 104
185 227 827
8 519 765
757 1 551
731 401 762
769 613 856
751 946 451
75 21 212
722 17 551
426 83 923
587 866 446
325 329 870
362 70 709
209 143 449
267 17 246
503 1 601
817 270 551
377 511 403
785 210 101
353 513 121
467 813 563
245 381 999
901 869 957
371 356 155
925 771 271
713 261 376
193 783 283
313 701 811
97 801 133
745 401 876
453 425 751
261 926 893
593 381 553
903 640 314
781 697 845
809 457 985
263 230 467
257 339 305
913 504 863
14 961 959
913 309 313
9 181 817
494 157 61
649 983 303
30 885 752
736 486 593
864 853 481
921 415 819
250 703 129
177 535 301
736 755 798
641 659 341
730 921 451
768 927 95
253 682 141
786 345 588
662 143 853
11 329 961
121 91 466
250 37 429
185 401 72
151 206 12
529 977 761
390 769 373
961 7 892
421 577 175
24 787 501
751 579 567
701 683 351
297 900 895
141 536 83
1 875 401
683 76 176
349 451 357
621 243 651
525 436 777
887 467 933
729 105 443
348 681 297
969 282 273
229 3 945
353 412 417
115 973 208
866 393 709
681 131 741
253 373 973
441 969 754
645 361 676
501 582 368
7 451 781
173 532 445
701 748 721
721 571 218
813 791 597
333 189 273
875 919 329
161 605 619
158 433 145
199 593 715
776 302 31
937 788 591
601 439 19
679 405 209
296 735 312
657 641 873
999 843 945
1000 499 825
97 766 158
751 577 301
829 407 317
1 329 301
689 926 918
1 881 238
781 79 633
567 597 1
260 459 541
336 503 299
264 99 401
549 549 801
565 577 881
278 269 507
602 44 867
47 969 411
617 5 849
441 941 670
561 193 617
388 150 751
241 126 846
829 197 259
216 846 226
326 33 533
41 801 601
26 905 553
457 709 985
801 500 83
755 79 651
819 301 241
145 237 599
279 551 539
366 465 501
537 821 713
281 601 333
877 401 409
307 711 459
553 513 21
209 701 142
37 641 126
376 249 727
660 189 513
990 28 251
1 981 689
617 485 413
751 460 370
310 17 501
647 5 479
91 313 241
68 836 541
797 387 196
377 210 233
233 309 529
569 519 321
441 465 457
610 625 996
137 691 515
932 120 501
649 492 449
401 397 33
39 629 321
236 994 625
170 169 846
537 557 257
529 365 145
473 877 618
77 423 857
31 902 849
57 226 331
519 801 688
391 963 879
576 713 115
369 377 668
917 321 371
770 265 83
455 13 628
405 476 20
241 449 583
6 423 129
25 905 32
521 439 9
453 241 81
873 461 529
501 459 990
577 164 99
387 364 421
694 367 824
959 253 99
546 166 237
900 417 164
831 631 774
117 586 541
487 294 355
201 316 401
29 29 403
763 393 744
929 867 972
654 665 533
126 145 11
373 819 20
617 447 217
57 113 41
23 313 881
919 512 601
349 29 566
1 609 526
145 826 996
97 252 265
618 833 425
198 827 554
273 466 701
396 421 161
64 755 6
542 229 486
47 111 609
251 566 869
750 256 651
919 816 381
217 305 344
681 119 409
9 301 344
119 101 1
489 197 817
329 958 641
191 453 331
478 876 25
303 771 576
489 933 491
521 481 257
121 721 713
353 251 681
407 104 241
703 569 45
481 577 699
813 217 579
956 550 723
649 921 33
585 597 201
617 883 741
81 132 727
377 243 167
857 777 793
486 647 643
557 233 366
863 405 201
773 634 285
413 616 250
705 559 165
992 981 807
846 381 966
251 491 889
321 201 881
807 382 745
531 572 633
437 382 749
373 81 129
898 373 717
351 349 806
45 566 616
316 351 948
570 85 689
403 516 157
54 121 196
25 17 11
883 861 617
889 149 141
721 986 441
135 107 321
601 529 460
296 587 392
680 806 522
446 925 49
252 41 358
937 297 51
13 215 873
457 545 271
51 785 923
505 183 843
242 601 821
947 916 829
533 425 556
293 432 121
868 281 657
723 304 918
645 112 297
657 889 139
697 301 133
426 171 49
800 783 914
457 41 481
801 251 69
79 494 917
683 96 919
663 821 783
689 745 575
129 57 925
336 681 211
747 746 474
161 601 203
1000 827 731
389 909 607
717 801 584
89 91 43
890 840 150
27 487 33
631 754 450
130 773 308
516 641 819
321 281 659
104 321 716
756 966 431
869 184 386
614 981 534
73 291 821
88 841 237
18 11 521
16 548 873
667 753 921
147 791 665
684 199 961
21 802 425
411 913 412
415 664 949
139 891 481
523 83 468
732 823 219
90 560 691
999 841 647
250 641 97
993 476 709
604 241 897
361 861 316
691 601 309
351 421 733
443 368 201
701 342 615
447 505 725
944 668 895
624 49 611
425 7 51
21 393 184
963 261 51
600 835 417
431 905 953
506 308 143
142 531 187
164 81 743
369 313 163
841 311 436
29 113 883
17 897 111
685 778 777
34 881 402
229 575 317
693 455 913
957 857 459
651 296 993
986 57 254
817 809 71
968 281 662
215 151 267
205 77 921
473 652 865
56 327 369
357 421 119
143 279 501
489 897 626
833 185 65
541 646 207
949 626 911
986 173 317
881 57 233
3 801 145
533 481 198
889 265 347
791 707 26
761 105 459
773 419 465
293 581 17
613 36 22
97 393 911
657 51 737
841 690 401
938 503 691
949 551 320
791 993 981
596 821 12
216 777 1
15 649 975
6 501 64
161 351 263
379 501 451
799 169 145
914 447 473
21 102 865
26 73 62
605 9 937
812 55 459
41 55 273
66 431 446
730 591 377
441 1 569
190 41 834
330 1 1000
746 816 390
959 501 311
231 963 945
107 793 99
505 611 661
693 464 7
415 317 263
577 892 793
167 101 83
943 737 447
393 345 881
801 589 647
25 247 711
136 577 41
737 56 990
275 1 729
891 705 131
61 264 876
917 153 97
893 806 469
562 993 417
673 391 517
706 786 173
376 979 351
381 223 601
993 701 425
281 601 445
89 557 27
77 721 397
719 515 211
814 764 750
727 953 126
926 771 573
936 879 281
59 489 41
969 846 766
245 719 140
693 143 281
51 995 31
571 341 411
495 913 259
121 326 811
421 191 73
41 211 859
3 702 837
25 333 241
46 993 211
837 304 577
985 604 41
349 753 677
435 678 617
281 955 201
64 326 633
865 627 5
324 785 334
352 831 369
581 517 781
281 503 731
853 679 291
929 631 181
727 236 351
981 42 601
329 301 531
254 351 611
15 223 841
521 457 897
93 827 1
921 168 937
126 497 406
461 167 351
493 605 317
597 233 273
625 587 616
736 313 653
553 439 217
301 203 79
296 443 121
670 651 605
861 801 132
929 251 312
176 245 653
661 841 276
457 851 775
265 556 368
707 231 255
233 276 147
345 585 503
228 263 211
329 991 512
955 741 51
29 713 305
593 514 995
189 761 693
52 697 708
542 481 401
297 917 776
921 101 395
384 1000 201
606 732 423
665 861 238
300 689 81
241 852 31
516 19 521
491 121 916
456 204 587
454 969 516
483 313 230
605 1 53
897 337 295
99 273 46
786 582 560
941 717 141
393 838 45
557 869 371
123 165 411
678 381 921
769 549 321
124 33 611
231 818 141
441 144 965
803 849 177
137 737 46
801 261 353
993 601 787
321 89 365
231 633 905
833 257 405
697 7 949
601 485 573
443 991 711
875 857 941
201 81 143
781 677 121
980 859 257
446 725 625
649 35 137
482 689 249
261 701 573
625 715 401
64 697 166
701 409 276
721 679 1
223 56 1
340 696 18
385 650 481
716 761 809
63 886 837
52 341 729
793 503 237
269 844 761
908 61 302
131 753 71
625 239 421
611 301 541
597 701 205
375 571 376
483 51 685
557 53 997
819 221 441
87 289 881
515 949 781
555 14 447
486 430 721
26 225 821
918 549 863
346 390 26
802 772 919
425 739 111
441 249 251
499 217 433
853 441 733
341 161 71
664 690 753
611 617 896
299 4 837
501 241 921
913 781 15
841 71 346
49 577 132
175 225 371
693 135 393
231 5 252
379 457 647
861 425 856
365 217 985
351 951 361
451 214 209
976 16 40
246 826 114
801 421 121
116 611 411
409 277 422
441 731 627
505 289 185
163 15 289
536 111 759
530 305 859
776 783 373
815 529 759
60 809 213
61 349 980
238 640 521
161 565 357
516 9 361
265 648 845
337 149 140
177 745 161
726 704 310
603 577 821
76 433 333
926 405 797
782 921 591
959 801 25
497 494 75
218 557 169
569 930 689
197 951 73
682 519 161
873 871 167
963 93 473
20 445 413
742 61 677
530 106 446
301 357 351
19 416 41
124 801 31
521 793 785
807 261 954
441 176 745
435 601 813
41 753 221
755 423 881
826 611 701
751 943 495
419 773 553
251 134 414
427 501 701
331 993 201
289 961 476
25 366 601
781 311 535
789 991 757
816 851 337
157 977 42
477 819 125
901 877 271
630 865 35
209 847 670
447 121 637
529 449 137
229 681 947
596 243 436
432 889 745
901 673 874
174 529 249
84 851 690
221 23 933
921 241 371
246 771 953
306 26 41
849 413 503
712 465 576
233 169 196
59 114 40
21 381 9
351 253 175
269 681 525
236 953 754
39 874 633
516 273 473
250 467 726
201 26 876
165 609 187
557 886 577
324 216 257
542 494 28
791 939 486
201 141 281
409 53 370
137 339 131
737 373 568
785 217 1
723 614 927
582 811 962
883 521 911
647 809 793
787 710 485
756 71 681
827 401 99
125 876 919
625 85 302
758 345 677
1 337 873
521 129 699
121 621 809
825 713 333
364 789 777
609 333 830
176 743 56
905 333 641
765 246 503
313 431 369
845 401 3
233 989 521
849 685 409
612 668 37
489 61 875
127 309 645
537 701 161
751 768 624
505 577 736
41 498 121
401 227 326
937 989 11
636 761 869
811 341 374
417 933 373
902 945 234
1 867 907
201 1 250
426 784 81
961 381 537
796 991 337
169 801 90
107 365 497
795 110 247
513 809 529
659 922 51
944 210 576
351 722 133
541 810 737
119 545 965
813 361 21
814 345 376
693 769 936
839 973 281
45 33 473
117 836 401
941 21 670
149 688 711
121 323 185
668 881 442
855 237 903
925 285 891
49 821 866
597 21 413
791 271 225
617 545 801
540 563 931
785 997 705
401 887 945
777 817 295
848 951 992
171 265 651
52 208 391
777 506 201
176 21 401
517 57 83
585 18 1
455 661 561
431 729 861
537 855 146
710 357 724
729 360 989
333 873 476
127 801 134
693 131 232
117 441 561
617 901 513
151 301 939
144 531 199
533 257 817
809 273 374
390 501 713
706 417 706
195 610 777
173 569 933
1 135 633
77 885 540
501 212 561
251 934 841
823 545 204
763 444 515
109 940 357
269 701 545
745 201 417
449 849 959
461 336 588
61 349 307
359 663 94
941 195 855
526 350 774
917 59 873
96 451 327
37 677 5
187 83 491
945 829 765
641 939 249
431 501 621
721 505 577
356 273 427
886 643 929
921 917 659
575 421 786
812 324 909
689 401 404
275 953 251
299 55 427
81 513 214
31 201 417
286 191 476
361 417 99
857 32 801
493 113 355
447 441 825
593 722 141
202 607 636
619 361 61
701 686 375
74 676 1
382 500 935
428 45 621
581 475 111
785 40 455
773 736 561
321 737 453
761 461 577
731 6 784
39 701 825
371 817 228
257 183 965
119 537 793
479 428 651
751 97 481
573 508 311
105 201 312
178 474 637
836 151 755
387 9 978
683 351 340
29 505 861
573 313 602
26 745 477
214 967 759
265 293 873
76 231 597
351 965 656
353 246 747
767 971 18
681 215 313
177 491 917
340 295 729
255 241 856
553 130 751
246 997 46
665 829 217
341 445 668
925 553 631
126 256 251
174 169 41
93 788 604
565 551 60
984 243 673
681 31 151
290 390 43
689 438 733
751 547 256
333 479 536
249 687 280
851 565 637
211 219 164
97 365 385
711 404 181
83 327 501
899 32 388
271 429 401
751 613 340
801 281 101
55 179 249
929 785 501
181 143 688
949 601 705
61 977 557
719 201 465
657 669 323
746 627 552
785 249 788
696 366 430
351 277 434
397 461 769
49 989 157
941 1 726
365 287 455
311 648 195
235 731 364
861 949 851
609 138 386
137 938 401
279 321 180
867 917 853
300 767 698
861 667 418
217 41 312
907 929 670
85 501 11
889 971 368
243 418 367
825 167 569
485 416 642
667 441 461
81 927 490
881 961 841
644 601 505
529 249 105
661 803 1
615 47 201
777 151 476
407 57 321
541 501 881
211 941 801
621 807 233
129 7 893
681 545 113
309 678 991
720 626 145
72 171 601
251 115 606
306 173 550
257 921 1
601 71 453
21 105 609
185 705 581
465 105 206
894 382 222
481 532 957
929 921 807
316 877 369
595 781 433
193 137 301
569 654 905
134 493 361
185 309 166
703 113 870
33 654 641
905 246 937
74 577 806
461 761 129
926 99 636
325 777 29
767 599 237
46 833 315
116 221 201
249 823 516
241 566 40
516 339 726
36 565 779
709 121 203
841 791 125
950 403 947
88 933 185
418 35 1
619 226 481
113 110 175
553 917 141
844 699 973
594 549 191
601 849 381
915 420 329
935 656 121
577 299 953
309 1 771
441 524 309
649 179 996
1 321 776
947 403 485
328 189 751
876 465 988
181 446 97
99 387 8
651 372 791
479 769 451
863 117 989
986 461 754
671 971 55
611 561 624
433 773 89
386 543 1
986 89 188
86 1 701
182 147 203
967 570 316
908 676 401
225 487 801
585 463 93
101 721 577
593 431 537
537 194 305
266 973 601
105 391 524
857 926 515
561 169 777
44 309 16
217 572 396
473 167 888
381 779 921
616 366 864
833 353 251
993 737 761
795 563 593
213 231 828
507 268 57
22 357 249
811 949 386
672 715 841
25 493 129
450 623 664
606 248 501
241 261 547
270 967 443
262 919 273
411 161 441
451 476 261
601 395 728
721 941 958
321 731 251
5 131 564
249 531 949
469 317 721
243 182 646
193 41 390
51 603 153
337 521 381
515 765 579
741 778 49
154 951 621
321 726 833
657 29 941
865 500 193
197 931 979
401 544 129
693 536 562
464 687 201
306 985 47
877 819 69
573 963 721
81 631 424
149 201 735
621 489 341
271 241 715
559 243 639
89 829 761
483 219 56
646 609 90
689 89 201
825 154 1
431 201 597
443 964 440
625 151 918
271 438 436
429 611 191
161 230 961
915 177 5
126 257 401
110 231 991
976 626 297
601 333 681
345 261 673
121 47 102
199 161 845
631 993 579
179 373 549
188 250 441
625 213 734
366 877 277
144 166 153
426 563 352
231 921 825
821 592 701
909 230 641
215 81 225
971 682 881
271 272 909
657 96 961
177 173 253
233 1 393
155 1 247
152 673 5
721 344 881
891 141 416
652 761 179
209 305 897
957 793 545
97 701 57
21 204 631
361 930 671
561 49 256
567 104 799
172 377 255
825 17 372
839 21 521
501 745 903
921 165 731
37 326 641
391 918 761
153 511 57
626 361 263
392 951 788
835 346 63
251 489 723
329 161 207
455 121 511
861 692 879
711 913 716
496 532 67
974 406 168
211 901 372
116 561 370
297 836 3
801 262 273
871 57 115
797 956 151
338 8 305
140 136 739
254 42 617
325 381 716
267 632 689
189 825 803
697 151 825
321 560 115
961 15 395
366 541 145
801 944 699
945 365 421
459 273 803
511 185 638
505 121 697
884 55 995
927 416 213
633 969 638
786 305 891
641 357 951
251 1 290
597 201 930
617 233 381
217 346 530
345 53 533
437 495 177
661 657 907
741 60 808
51 536 301
727 911 356
969 761 761
721 13 724
755 851 191
851 129 201
819 49 547
473 173 554
515 55 341
791 713 929
896 341 286
969 745 337
941 905 507
624 848 854
650 517 635
457 513 559
899 791 31
375 676 965
26 665 969
66 487 591
441 177 189
687 115 417
329 323 125
401 785 657
449 1 335
264 501 657
555 391 236
926 129 769
377 851 731
801 472 141
657 36 596
857 679 993
564 1 771
841 566 435
281 99 561
161 560 566
669 993 861
186 116 894
801 689 606
461 897 486
709 620 305
208 431 345
970 575 659
356 953 627
854 281 121
171 341 545
561 56 503
664 55 822
501 76 741
841 971 217
279 22 228
862 923 226
911 586 103
685 277 944
646 671 156
237 901 626
961 191 517
905 361 396
926 406 841
631 883 48
17 153 941
505 329 903
963 441 893
693 261 821
913 697 311
721 857 187
635 837 796
41 317 355
613 913 785
377 433 576
636 245 83
617 262 401
319 351 121
525 886 289
446 493 465
518 808 895
708 216 851
431 330 657
573 163 672
857 941 775
