3739
481 545 633
517 809 897
975 711 321
142 231 917
204 681 503
161 293 137
989 134 769
447 246 131
9 313 741
717 41 569
881 981 3
161 829 941
635 275 621
177 659 283
45 409 683
205 865 896
841 945 301
626 305 302
521 171 3
625 761 977
126 65 284
793 161 152
956 747 681
381 345 65
99 29 66
173 993 426
441 30 289
913 846 315
599 955 289
825 841 435
333 803 603
877 705 779
113 459 87
780 2 326
624 110 321
331 676 903
881 123 509
596 271 760
763 453 741
640 754 857
163 651 252
561 1 104
41 965 900
323 771 721
211 439 9
311 131 698
926 946 123
105 401 788
551 778 801
275 995 749
833 25 165
438 791 257
394 599 873
265 17 78
340 145 73
553 262 303
185 765 623
937 705 971
491 341 649
175 153 566
541 72 289
671 777 33
834 757 141
901 68 1
761 769 862
116 180 174
428 54 136
851 349 481
432 534 721
681 176 1
978 729 337
229 928 477
41 886 637
751 161 578
191 315 725
345 675 710
713 689 186
717 326 867
513 554 145
641 25 701
57 299 185
537 209 54
766 263 24
608 745 755
595 381 193
860 407 553
145 633 173
830 961 153
960 686 777
817 218 661
978 371 775
361 681 721
643 151 254
57 641 921
377 537 981
407 419 557
226 159 681
48 102 103
481 297 615
741 147 653
537 320 603
594 455 851
921 537 144
445 129 951
374 419 605
453 317 255
341 943 485
365 161 873
151 410 115
717 969 951
1000 658 613
130 801 501
704 441 726
326 321 945
481 852 465
545 879 865
939 868 441
309 981 775
518 747 541
561 537 21
657 297 697
407 711 1
961 697 639
941 293 465
617 561 970
233 241 497
967 905 361
679 841 28
115 256 893
710 857 387
937 976 913
241 909 21
472 573 908
153 561 993
689 371 145
325 581 598
501 893 351
735 897 187
568 461 599
117 1 637
576 257 741
369 579 739
485 871 301
795 586 257
907 200 991
873 256 562
825 397 381
377 181 529
752 728 429
119 749 657
17 806 349
317 521 115
658 255 455
96 157 718
321 322 181
51 237 67
37 917 68
809 145 173
551 513 206
945 542 273
680 641 672
848 7 19
313 503 877
101 757 801
392 75 941
49 149 785
695 633 777
368 590 922
476 57 367
731 461 438
533 425 836
695 369 450
617 291 309
14 185 971
311 927 75
729 559 283
162 789 125
191 357 474
814 485 441
803 921 211
960 320 441
261 812 311
429 270 681
206 31 109
653 575 539
195 291 475
473 81 948
889 74 273
72 404 641
749 302 215
329 585 340
322 25 419
601 878 909
21 291 919
647 443 633
771 41 841
861 641 519
796 567 26
731 972 185
243 521 784
877 64 835
63 345 157
951 251 677
81 577 681
377 944 876
65 349 791
559 793 609
651 756 186
162 961 268
282 705 986
874 789 561
53 861 841
551 303 680
413 601 809
423 101 766
164 155 79
926 185 627
857 750 785
926 951 126
115 780 513
807 259 401
433 115 481
881 581 269
894 658 501
833 37 121
680 905 685
78 67 575
921 106 495
42 905 935
929 921 253
849 849 808
941 465 829
313 615 651
821 715 481
881 189 161
858 481 369
797 503 480
969 993 499
607 801 255
185 80 443
861 206 872
79 507 104
935 366 605
653 425 883
873 985 811
536 94 585
187 485 851
251 162 909
54 303 281
578 291 801
176 735 325
456 9 549
521 807 694
55 40 596
625 851 26
969 307 373
593 86 497
249 501 56
411 759 911
91 354 735
356 777 796
921 203 381
560 304 319
41 951 740
777 183 25
101 221 353
395 390 1
55 532 243
717 129 591
251 456 48
763 467 981
977 435 428
577 839 402
781 971 806
737 459 406
590 9 953
941 577 526
781 301 121
321 905 520
517 925 83
576 287 359
826 113 697
66 150 665
801 752 337
203 885 695
273 681 401
641 957 875
601 146 713
1 235 33
491 888 813
81 771 257
577 283 955
241 41 291
696 993 941
695 420 881
64 258 637
201 499 254
296 646 425
934 51 531
49 73 501
71 789 335
761 783 425
457 220 431
185 961 527
995 496 151
785 445 377
603 993 371
972 211 91
221 169 1
761 641 791
815 243 141
124 81 6
337 161 204
393 587 858
841 251 395
787 191 176
125 80 753
511 269 833
368 713 115
299 501 20
345 792 201
101 267 901
713 235 810
756 80 676
411 737 795
396 393 868
131 851 478
183 757 246
472 517 77
525 856 929
681 51 651
401 26 409
670 634 69
483 305 122
208 741 103
664 439 233
425 202 855
516 361 550
534 692 915
221 573 824
759 753 917
261 337 639
262 641 451
833 475 276
565 411 841
393 442 377
321 631 909
64 819 197
969 301 237
48 769 201
161 527 115
31 155 51
781 981 834
961 251 33
41 916 913
156 326 165
405 405 367
306 735 388
913 187 163
921 385 943
273 865 865
921 497 291
415 488 89
781 665 484
457 281 261
892 697 304
401 773 289
773 268 781
559 451 977
823 353 85
777 195 532
277 610 243
370 526 471
827 69 320
101 107 1
985 883 371
975 341 509
221 405 801
793 323 57
69 449 225
214 865 58
748 335 371
137 112 873
74 817 521
551 121 99
1 281 701
529 986 681
817 253 225
8 977 717
761 153 81
803 73 252
392 989 621
843 929 11
113 556 41
911 776 318
879 721 313
570 801 846
525 193 897
503 861 483
394 257 801
440 525 639
926 789 626
409 61 993
716 217 705
745 361 744
629 281 223
237 232 755
883 876 345
373 236 861
73 349 163
873 831 869
821 253 327
326 353 43
201 144 567
646 151 661
692 425 81
989 709 716
139 425 941
786 548 569
346 406 82
356 956 233
711 94 371
557 747 426
32 582 204
49 259 276
216 21 77
311 153 865
636 59 651
170 345 53
251 205 891
251 21 311
645 473 127
529 446 846
591 705 443
723 47 185
298 161 105
321 215 205
51 57 691
551 521 976
781 117 237
244 800 817
745 833 441
557 211 377
361 993 61
931 132 969
617 1 6
750 473 479
545 905 325
589 953 969
259 261 213
31 641 796
400 789 675
37 661 701
837 991 541
293 878 445
214 43 901
636 426 314
361 251 83
251 749 588
237 717 613
927 601 659
422 821 985
16 681 11
993 247 770
431 136 591
41 222 514
626 115 282
413 609 368
71 87 261
958 385 43
594 726 515
937 570 675
112 536 926
992 286 654
183 859 61
25 95 304
808 134 95
23 697 720
311 327 661
668 364 583
236 5 741
701 557 746
773 885 671
9 501 764
570 433 186
259 753 939
246 841 186
89 97 881
896 523 541
121 135 145
751 113 842
146 81 951
381 649 121
461 489 716
565 840 681
243 55 293
204 367 31
461 806 251
201 888 320
331 751 961
673 458 470
151 821 880
333 228 721
869 993 135
636 250 647
41 69 77
659 517 657
779 656 777
18 287 958
33 621 307
637 80 929
151 509 314
305 94 545
729 25 105
177 281 197
920 473 155
916 162 845
793 189 673
601 109 797
497 193 626
745 285 1
211 339 258
127 41 157
450 552 529
561 896 131
389 257 324
953 471 23
343 863 16
3 239 933
103 526 878
841 942 601
397 37 489
175 1000 649
410 171 331
369 81 906
735 851 765
907 992 824
597 321 761
897 77 516
241 189 75
257 460 621
889 444 629
775 527 816
547 121 268
658 651 153
586 791 318
989 817 106
285 731 471
529 607 944
525 295 166
281 641 849
312 831 291
58 252 889
536 21 369
676 739 43
17 753 989
241 21 325
928 217 215
1 81 971
86 966 333
423 113 801
346 457 91
41 761 17
657 640 85
138 329 649
530 991 805
45 452 227
137 54 145
407 961 601
681 413 931
211 17 775
360 502 189
50 912 201
762 452 541
921 737 651
655 401 494
949 491 700
391 777 614
720 300 501
908 501 865
907 661 495
827 583 761
161 681 121
633 279 428
811 556 467
803 481 405
824 953 801
115 202 801
564 269 242
381 481 709
51 311 981
343 865 981
885 521 479
406 977 998
81 181 745
545 731 824
101 86 501
181 241 417
6 341 131
862 391 851
218 701 557
61 114 893
696 923 346
11 183 15
619 181 279
986 203 331
784 157 801
849 41 659
9 315 421
65 989 869
219 483 631
103 601 391
521 217 137
769 756 657
885 925 582
445 1 478
245 555 899
345 344 821
9 281 846
616 811 391
527 586 1
291 105 633
791 241 265
201 58 433
913 626 225
853 111 463
671 51 535
218 737 573
185 41 493
951 731 696
392 576 506
771 761 65
241 701 721
431 611 121
637 425 906
481 359 561
141 41 23
235 149 73
413 128 20
183 878 315
104 223 483
777 217 105
626 443 709
687 72 908
984 321 523
289 654 113
699 81 371
716 331 796
321 45 296
627 49 987
601 801 38
134 221 66
961 355 113
957 657 707
701 440 177
859 221 281
41 961 391
500 697 554
833 563 209
905 73 351
884 855 954
761 355 177
281 227 576
267 917 89
83 617 513
236 941 957
445 231 671
751 698 186
451 217 557
673 471 889
449 749 118
787 173 151
481 165 925
289 841 553
429 49 691
137 137 819
520 529 153
174 21 61
873 296 677
320 409 261
19 345 322
960 623 665
738 440 69
497 51 235
216 481 919
331 633 221
394 742 27
841 107 677
61 195 475
855 401 361
901 689 323
196 951 471
772 345 676
360 243 765
241 20 446
86 81 281
151 449 25
801 983 321
145 441 601
147 201 381
41 700 617
975 259 321
956 91 161
513 813 865
569 21 232
296 757 669
41 859 446
5 495 31
581 612 664
925 265 51
422 225 753
134 505 866
731 385 221
323 299 707
5 513 176
537 821 753
873 236 351
577 553 300
329 641 293
739 801 789
881 581 113
655 185 938
647 961 511
864 193 296
542 737 401
552 133 792
834 163 69
176 105 873
419 239 125
689 742 565
73 208 85
36 197 643
73 718 53
776 670 555
777 921 535
773 101 37
944 807 888
851 680 913
894 22 972
910 552 569
154 269 257
648 679 343
655 133 81
37 769 911
43 810 735
171 881 484
556 305 778
913 531 201
611 845 877
211 441 901
392 429 585
108 446 117
401 912 786
540 7 553
19 821 163
760 321 821
931 489 861
293 279 383
657 521 891
1 874 117
935 841 951
537 751 883
261 344 361
826 691 657
56 63 1
721 921 859
713 856 946
611 901 101
776 675 176
282 419 572
465 164 801
101 965 97
404 936 441
997 943 773
309 105 755
1 971 483
858 745 487
769 150 808
846 509 209
762 591 467
49 721 56
112 941 909
502 549 289
487 502 11
811 204 251
482 553 846
217 781 873
137 217 511
461 671 299
253 743 638
285 389 221
187 939 540
357 201 21
303 1 596
537 869 165
581 113 937
805 688 163
941 87 551
857 346 625
662 1 751
625 49 782
881 841 849
231 433 23
472 1 533
937 976 449
413 977 269
28 923 788
400 783 833
81 849 436
832 371 234
209 961 939
162 481 361
14 111 722
763 707 245
661 608 439
796 281 47
21 291 536
156 811 821
127 361 230
118 65 24
89 681 496
21 673 481
214 201 349
616 197 191
385 550 929
700 903 213
698 630 936
601 161 11
561 880 577
233 501 781
746 391 917
41 921 217
372 429 220
841 397 1
951 881 968
137 637 433
579 68 341
315 99 809
251 821 929
757 705 497
751 501 681
321 831 744
662 712 998
659 315 813
511 514 741
552 806 569
187 481 531
201 657 965
286 713 97
705 232 302
881 149 79
295 449 264
101 316 889
991 835 601
635 807 443
301 184 151
400 801 716
510 954 112
245 316 701
206 796 201
545 857 121
509 346 216
91 569 729
917 585 542
113 639 201
449 421 163
881 427 629
921 927 719
533 214 877
1 145 585
234 497 235
961 641 873
903 92 827
515 865 267
779 245 163
148 759 185
788 69 119
473 717 813
153 937 905
471 153 505
581 113 988
177 971 897
61 51 74
903 61 730
378 593 859
545 601 361
244 834 160
319 321 974
87 668 124
427 641 428
964 641 151
191 728 537
164 121 343
591 251 387
311 864 949
605 856 197
848 573 365
691 45 287
373 431 461
837 713 41
921 588 326
661 27 651
776 701 881
184 217 334
686 921 921
676 288 920
811 993 801
69 871 653
865 55 366
136 21 494
634 401 799
121 313 691
321 359 31
889 413 426
977 77 778
658 561 947
361 701 329
832 309 351
437 293 57
373 171 29
771 965 62
694 421 253
217 465 976
277 876 193
797 929 407
649 638 381
397 357 937
785 685 63
351 25 777
715 726 311
699 665 41
259 649 195
796 817 827
726 705 259
963 70 71
688 969 413
993 997 271
648 243 111
671 527 205
251 589 57
133 675 893
665 1 593
890 797 457
211 716 579
555 41 681
585 208 847
711 277 482
481 297 201
263 579 493
723 594 1
901 381 107
185 612 185
191 723 769
259 685 502
189 621 143
289 93 265
155 924 681
513 721 9
221 831 693
8 721 596
787 781 232
1 201 535
965 813 725
418 56 333
437 463 633
741 56 761
277 561 418
966 479 224
31 417 793
618 189 109
271 751 169
353 279 876
469 857 861
191 836 555
226 390 39
219 7 659
95 286 521
767 709 426
839 542 720
807 197 688
921 961 935
729 741 217
61 431 89
761 482 72
502 365 445
371 781 461
801 736 645
151 561 763
545 62 976
510 398 966
81 520 587
601 785 680
865 265 396
906 258 426
89 113 517
7 61 344
74 671 425
652 955 608
976 69 141
641 369 913
82 769 636
455 850 502
106 883 255
871 550 696
901 331 433
956 169 670
895 21 601
941 439 437
1 759 369
626 881 311
521 265 531
510 343 529
583 81 41
829 340 743
771 302 549
591 960 138
46 241 444
503 601 33
987 980 245
277 401 337
653 631 377
837 81 816
377 85 853
835 546 737
456 988 351
593 786 673
401 71 36
601 429 918
621 445 642
1 90 785
302 204 508
161 185 813
521 519 409
1 145 21
696 491 136
409 861 696
112 260 681
985 651 665
639 577 659
571 467 841
652 373 873
76 781 870
953 361 381
251 657 331
613 681 451
851 389 761
961 835 951
545 701 621
911 661 303
739 505 770
52 951 139
410 85 101
370 276 430
585 699 261
127 34 692
691 18 177
531 751 814
339 571 454
571 857 115
645 615 193
183 565 929
321 418 553
235 332 5
536 551 435
364 57 126
943 381 701
65 542 539
503 729 301
161 891 17
298 429 21
957 511 985
821 451 75
430 981 394
441 561 519
180 697 795
199 305 292
581 301 691
311 501 657
21 745 13
673 22 271
871 657 913
441 889 141
491 441 897
161 681 47
281 72 961
941 194 753
312 923 121
491 976 662
231 226 755
19 984 470
537 217 850
65 545 534
163 134 126
714 801 153
601 565 19
9 141 702
623 521 331
111 219 210
663 891 574
404 808 31
225 169 961
741 437 271
143 701 745
743 763 535
925 357 99
895 421 78
665 773 481
465 837 309
600 881 81
522 411 910
115 642 461
406 647 831
229 473 505
473 801 335
561 268 903
744 941 534
333 589 681
408 513 557
151 251 596
485 310 305
391 389 225
742 451 707
80 681 137
231 901 321
953 213 326
985 921 103
109 506 317
237 93 685
569 615 726
623 164 141
480 98 279
699 971 663
826 866 847
851 89 97
18 988 801
770 551 949
577 29 151
211 999 435
374 173 655
612 882 601
77 928 631
420 153 905
393 201 453
581 651 783
709 431 111
734 670 486
367 395 505
981 113 641
971 209 287
920 584 409
849 935 491
945 367 313
465 121 101
679 43 791
266 97 411
91 926 653
177 559 931
366 519 736
409 191 271
236 376 641
227 513 281
145 81 53
161 978 265
641 393 915
979 157 613
110 422 835
783 221 521
421 265 701
131 641 326
798 169 586
233 137 426
783 481 871
715 229 781
975 453 716
825 841 33
873 483 371
349 933 231
489 901 446
128 101 33
292 865 745
25 249 321
21 201 526
382 961 187
439 926 649
221 749 491
957 956 31
636 951 555
317 337 517
481 889 732
334 729 746
356 79 71
792 769 736
51 708 580
45 441 958
509 459 417
761 285 739
269 335 879
275 461 85
113 702 801
739 801 999
521 159 809
793 503 773
601 119 233
861 111 701
23 300 33
427 826 681
812 801 901
878 801 212
728 301 243
795 616 409
867 509 751
956 85 633
31 868 921
511 323 645
934 235 347
506 805 537
423 641 843
71 345 401
811 220 44
901 157 225
261 893 545
318 883 605
785 974 713
646 654 385
73 521 586
767 697 259
641 851 189
676 441 251
258 376 181
597 601 481
737 117 8
781 296 361
129 707 691
337 423 474
711 160 789
759 73 551
270 541 191
60 521 605
241 761 70
860 93 855
136 563 837
437 25 739
649 328 953
141 333 575
661 46 548
775 275 856
973 191 417
222 101 433
46 230 995
255 313 551
995 441 233
668 43 319
667 651 311
80 56 533
919 847 756
685 373 807
325 687 587
883 987 417
51 497 643
901 423 397
452 715 255
553 901 921
173 830 513
201 629 751
433 157 691
787 711 621
301 171 849
455 401 379
364 395 875
531 113 291
946 553 261
671 561 311
481 645 881
159 693 191
493 721 846
201 433 825
923 511 649
371 950 769
661 749 266
847 696 44
15 409 558
647 660 728
561 614 239
125 249 779
89 409 48
426 233 286
765 699 538
97 497 133
736 487 607
999 766 321
765 960 267
227 226 801
638 801 460
850 1 985
392 79 222
291 841 914
729 237 736
295 676 878
837 939 968
193 185 255
423 559 17
51 371 949
817 711 435
417 212 801
297 553 201
480 89 713
767 263 357
231 526 268
9 256 382
209 225 547
417 261 209
997 601 149
456 687 821
696 445 261
673 886 738
910 203 326
585 601 217
91 751 807
781 2 761
960 695 909
469 439 761
487 513 901
289 827 897
8 577 225
377 977 242
643 833 931
133 319 673
49 119 751
961 777 673
429 795 913
440 49 488
169 348 5
635 957 35
29 432 761
937 201 912
332 889 660
805 928 298
83 621 170
635 441 753
195 519 53
716 216 137
18 345 716
309 991 161
72 226 451
178 553 607
508 625 245
381 501 889
865 1 381
907 233 321
858 12 187
706 79 507
101 377 596
369 805 725
21 121 961
11 281 155
36 636 486
143 42 800
291 361 857
953 693 929
964 81 537
201 699 551
111 713 326
145 883 246
439 243 329
337 81 490
817 667 335
989 801 589
801 949 297
98 981 506
145 301 105
538 745 713
537 137 856
219 545 913
330 951 682
580 545 49
693 732 221
1 338 395
621 641 61
761 671 657
561 779 221
267 817 569
567 811 521
819 7 804
233 841 750
300 966 248
445 593 437
409 125 645
494 671 141
601 81 841
181 869 721
577 889 177
251 216 725
236 805 727
433 299 349
334 921 313
451 275 643
186 158 354
329 154 353
749 389 601
965 103 240
21 318 706
801 745 705
101 466 399
302 951 480
521 641 751
5 897 193
109 821 851
418 286 493
665 746 786
126 358 1
705 855 692
35 905 907
561 777 376
833 377 189
561 185 337
88 884 285
341 244 180
947 276 105
601 413 213
575 749 501
13 93 121
561 131 132
745 9 901
42 901 821
831 672 609
788 919 610
189 290 129
195 377 629
199 291 495
909 651 741
1 753 513
831 733 884
175 553 276
14 333 697
46 557 75
726 281 59
401 505 445
481 699 941
403 135 703
1000 681 40
593 581 461
956 829 481
633 130 169
821 600 47
967 992 65
821 93 949
521 856 281
624 641 191
302 671 562
233 633 243
921 961 937
937 255 379
665 501 771
659 9 945
351 288 1
161 65 801
370 855 320
257 221 803
825 465 119
681 185 931
753 305 839
582 465 961
608 46 325
741 632 231
341 657 998
741 763 461
422 16 596
718 698 181
965 308 565
601 631 725
796 741 350
601 68 831
334 84 581
449 80 628
32 117 702
841 613 116
45 483 473
926 285 802
71 911 113
494 366 586
451 209 591
721 439 721
748 977 341
479 281 962
928 105 399
379 482 926
721 958 196
343 941 340
930 225 976
853 921 226
383 765 763
876 73 341
101 557 381
15 201 977
835 660 291
257 202 698
531 633 913
489 701 566
645 213 78
145 564 497
628 254 360
968 205 435
707 761 778
96 239 1
958 310 241
876 57 855
155 977 56
56 519 865
961 679 671
141 673 317
501 374 799
809 993 105
309 77 938
797 755 325
561 76 717
141 40 121
623 541 135
175 399 49
1 773 945
377 788 736
74 59 920
791 414 363
561 733 711
151 701 896
921 685 321
667 653 473
82 641 926
233 140 953
745 841 741
555 737 807
992 309 101
637 231 409
506 511 897
545 439 161
801 513 553
825 721 817
819 69 222
865 605 249
155 361 450
331 501 689
825 738 541
121 153 996
231 443 361
29 649 9
735 746 241
826 693 866
681 171 597
887 1 301
611 856 1
721 869 481
193 832 486
865 259 338
417 931 485
866 813 334
617 397 257
286 321 725
659 4 645
528 7 43
929 501 697
675 985 3
733 481 687
177 305 181
131 655 865
276 537 806
733 436 326
850 215 426
837 9 751
293 565 683
316 939 776
33 937 702
126 621 925
486 200 869
971 125 47
437 449 689
989 959 350
296 735 681
369 393 276
181 271 427
793 161 831
676 977 325
217 217 303
977 139 213
974 865 121
446 497 769
113 676 239
160 384 771
164 233 969
699 611 117
473 811 972
888 4 891
153 218 242
529 287 201
809 307 605
659 671 81
953 721 47
785 401 345
706 784 592
595 339 681
826 517 964
561 357 937
274 513 835
889 231 886
859 691 392
129 191 661
379 937 945
378 633 609
365 241 886
701 597 309
483 473 461
980 110 241
505 233 629
189 21 201
345 829 521
793 187 663
323 41 929
801 15 721
497 122 790
329 794 646
633 561 793
178 961 489
851 614 828
347 892 385
37 593 738
398 805 127
952 443 481
372 273 538
191 861 360
841 115 721
121 405 321
341 437 151
109 178 616
59 419 19
981 447 985
311 376 313
36 856 131
943 105 761
941 151 5
633 779 423
697 861 46
845 748 555
915 569 743
253 872 591
873 169 137
449 268 628
801 826 164
892 414 457
852 440 171
277 301 376
825 985 841
523 897 711
926 519 35
229 139 353
545 857 881
501 970 817
421 561 671
703 177 257
665 545 769
462 879 701
347 402 601
651 271 11
446 521 847
589 167 328
47 141 461
565 651 926
201 147 898
937 703 573
781 979 437
125 127 51
953 767 481
581 653 546
82 418 381
563 280 631
753 605 921
25 957 153
298 431 541
309 744 921
655 431 805
939 876 465
945 311 729
761 925 353
376 994 121
825 602 226
744 415 801
431 669 733
797 501 181
6 751 730
657 203 764
79 569 561
81 301 305
967 611 121
753 513 263
9 515 321
377 777 369
807 551 884
155 976 989
298 417 705
414 701 153
401 881 85
464 837 869
108 519 73
717 411 457
131 246 241
487 110 539
736 265 771
947 39 927
689 994 501
799 834 381
742 180 514
481 901 401
406 145 467
81 1 553
751 906 345
893 437 678
595 967 881
649 437 581
913 921 946
557 785 696
513 111 911
11 943 211
590 451 458
793 314 857
716 201 571
237 676 345
689 263 361
550 868 172
271 597 545
401 893 769
173 542 746
781 523 439
10 618 409
593 673 225
469 261 673
658 975 505
551 161 445
697 333 711
987 366 816
421 589 825
401 223 341
186 12 97
903 6 921
565 716 678
797 783 25
401 421 888
353 171 43
271 855 121
995 151 426
956 157 961
801 181 867
686 251 830
871 108 769
813 566 421
600 789 481
950 949 553
853 369 19
996 673 311
441 1 417
535 22 36
438 361 681
601 421 365
449 657 506
385 743 470
465 75 361
813 968 499
229 917 133
751 811 554
339 321 79
686 280 994
81 304 981
501 869 988
661 285 568
165 397 1
684 880 307
889 993 545
785 721 801
649 427 577
672 469 1
984 713 619
522 355 281
981 841 533
729 477 436
232 751 459
545 665 631
51 544 36
781 97 301
766 96 737
635 771 221
653 961 585
173 308 252
751 55 284
402 516 563
921 261 929
933 289 281
107 413 253
665 751 220
311 657 548
814 626 336
937 851 567
205 351 777
281 155 861
327 617 329
845 996 453
346 347 604
1 19 106
645 569 857
341 89 915
305 529 954
685 57 350
673 206 227
791 521 873
911 233 415
596 997 158
276 401 341
225 713 136
401 921 865
853 281 259
279 968 525
611 1 761
348 81 256
123 653 168
579 177 833
989 232 6
996 719 841
485 961 511
462 421 519
973 384 156
962 401 705
109 36 805
233 773 851
901 948 251
663 951 886
617 4 531
976 996 753
281 751 862
243 25 114
531 384 751
653 251 557
766 571 343
27 149 874
659 218 465
744 358 193
281 443 633
231 177 661
352 943 901
741 159 65
12 798 617
201 539 351
331 801 497
888 607 37
713 289 536
721 257 993
997 201 843
915 479 407
985 115 208
877 881 586
16 165 809
153 432 201
769 61 247
403 397 609
611 852 26
861 876 705
894 80 928
177 837 750
729 636 532
183 201 118
63 789 590
296 61 451
371 271 808
801 81 123
617 562 396
298 569 156
395 151 537
497 508 355
499 997 469
613 171 878
12 763 120
985 911 997
615 208 491
312 892 560
41 613 352
845 623 655
641 534 635
897 109 652
137 361 722
321 31 517
663 649 633
808 931 473
53 506 865
103 611 419
308 595 701
515 886 719
290 925 321
402 126 608
687 206 393
251 844 398
671 426 137
241 44 83
46 929 166
493 885 641
377 789 41
1 916 471
521 661 321
231 679 765
133 626 171
129 586 611
871 957 342
281 797 601
102 445 499
535 26 913
191 485 841
313 737 521
503 868 324
531 398 701
75 845 361
91 605 520
753 858 154
107 746 153
776 681 932
977 865 211
961 747 337
569 261 401
745 229 743
485 501 331
187 474 486
826 801 625
625 344 401
841 438 871
803 412 519
1 188 369
61 14 843
93 981 36
656 901 145
979 876 402
464 531 203
869 833 227
265 487 53
21 413 804
161 425 561
913 641 323
968 727 541
913 841 709
893 683 583
701 61 994
750 300 911
353 403 223
413 401 267
257 716 495
463 969 634
469 906 61
201 369 253
566 371 782
966 212 709
881 414 37
310 456 539
561 499 651
161 935 301
937 350 501
443 305 237
436 221 677
651 465 716
368 436 28
196 401 796
141 341 625
811 413 701
590 45 259
391 751 897
353 165 94
224 116 689
668 185 705
875 592 981
881 781 599
913 92 459
720 341 682
467 577 769
693 221 530
497 568 929
929 601 441
316 367 631
41 87 846
649 877 865
511 899 121
41 243 988
551 910 675
702 581 277
44 689 1
825 6 81
544 113 456
20 497 380
961 681 973
858 377 763
71 201 280
310 193 635
409 214 461
784 63 159
793 80 735
843 585 81
855 838 645
713 993 665
923 59 603
772 301 284
76 81 969
233 1 347
121 776 866
780 756 961
1 343 875
841 930 748
113 391 770
805 475 81
801 353 1
81 74 875
394 349 273
349 261 211
553 157 73
305 470 480
447 85 761
275 601 770
1 818 501
433 221 193
781 309 277
401 551 101
361 146 271
669 993 31
334 595 161
237 575 611
649 16 605
137 786 983
221 281 150
641 977 809
973 741 21
149 767 437
83 730 237
311 915 801
207 545 433
401 299 639
161 235 471
241 775 100
909 251 976
81 719 999
760 103 823
280 631 853
859 104 241
15 339 501
501 781 487
281 791 625
298 409 950
228 455 684
180 365 129
781 301 27
761 9 251
473 201 61
682 487 441
573 67 967
958 923 993
977 721 209
480 828 11
775 921 856
49 321 773
811 143 632
546 561 201
347 942 514
611 461 926
981 476 666
645 633 729
737 532 982
641 663 409
391 275 370
149 481 411
756 1 535
463 629 37
372 833 382
561 461 108
361 737 876
469 657 276
529 265 52
682 852 442
85 285 39
421 93 305
26 796 350
471 728 656
659 441 497
673 186 137
561 632 449
713 16 726
166 853 573
681 589 817
439 391 505
161 313 68
744 721 937
816 876 591
541 318 161
147 456 731
358 561 507
525 251 721
201 959 1
359 1 978
979 925 441
737 672 927
73 82 736
807 513 991
348 409 181
169 816 581
41 243 233
441 605 606
761 509 153
201 553 501
779 975 493
937 243 711
594 601 528
298 805 677
195 951 56
681 80 151
953 631 944
1 259 128
181 581 505
297 253 926
305 713 301
129 989 983
846 638 915
25 845 651
772 130 561
801 389 92
364 766 113
628 702 898
817 39 37
569 971 69
17 545 649
587 851 181
828 813 537
541 893 646
918 625 937
163 33 70
308 813 917
76 626 693
709 381 623
553 885 173
921 860 241
486 11 30
675 625 41
39 649 745
341 601 321
79 876 828
276 893 449
146 985 323
136 122 692
579 659 611
861 661 308
353 193 727
933 634 856
171 631 401
617 443 813
433 457 389
173 256 409
801 876 878
377 365 544
715 451 595
669 668 745
915 589 597
819 858 600
761 136 757
941 97 11
618 521 563
301 11 28
581 346 251
398 721 824
161 869 777
111 212 651
999 420 805
665 955 309
697 725 511
217 695 907
143 691 105
596 201 783
247 577 336
449 441 196
767 402 939
749 435 975
873 305 401
337 836 1
171 921 547
291 881 124
695 620 186
609 457 206
300 229 177
93 37 761
431 552 181
753 148 301
601 815 831
671 125 332
751 935 59
626 113 123
836 861 789
631 437 201
801 708 352
673 428 369
785 701 783
296 218 404
655 753 811
125 375 100
855 602 793
357 161 905
149 495 665
971 261 137
437 388 526
300 769 89
929 501 485
709 225 377
928 396 33
357 31 199
289 361 541
889 251 210
381 168 283
251 751 56
191 161 690
145 79 688
576 337 685
293 45 161
112 468 169
761 721 634
429 770 846
409 61 565
877 166 1
482 979 182
701 33 89
859 487 441
165 360 667
581 571 193
630 192 341
113 794 693
641 995 799
995 608 501
867 213 90
786 721 592
846 954 683
155 429 821
801 629 855
319 923 963
249 841 938
937 439 276
438 953 401
44 983 855
413 301 975
855 30 81
133 59 721
689 173 182
617 194 354
250 683 370
561 692 281
941 259 423
815 231 805
296 100 737
491 257 201
47 641 850
65 293 528
235 912 78
120 162 9
267 815 96
535 483 597
479 999 851
909 921 26
380 863 850
235 576 131
406 75 281
966 735 306
887 799 573
180 735 647
49 767 286
121 513 461
243 57 1
121 50 787
499 238 151
544 251 561
669 291 409
534 196 983
155 993 105
527 135 179
711 211 489
401 439 595
827 677 81
110 191 895
465 38 413
545 176 563
248 937 66
479 191 201
289 134 385
727 601 104
56 607 335
836 99 792
940 900 329
961 313 849
727 726 489
121 369 501
51 141 397
83 457 269
539 501 558
9 921 687
588 862 97
187 351 178
11 826 25
633 359 781
615 665 587
948 931 165
157 871 948
561 111 192
601 757 55
837 41 610
41 313 487
119 383 128
281 259 490
697 431 65
209 977 883
736 771 93
254 569 523
971 547 289
317 538 431
61 201 193
919 401 457
1 159 908
779 745 849
564 349 956
86 807 622
177 115 625
396 990 551
929 777 751
116 319 91
638 929 187
201 501 851
226 558 136
181 983 394
845 76 999
533 204 491
461 588 449
360 99 217
47 427 470
33 56 453
706 681 741
801 597 514
33 229 756
15 429 965
221 181 181
265 167 581
61 753 609
633 457 641
361 658 651
393 209 685
776 452 857
259 485 196
291 831 333
584 837 307
449 122 238
527 525 693
938 131 367
401 626 201
801 321 611
974 276 157
363 113 257
781 716 51
408 509 861
152 713 401
706 262 661
533 659 203
444 133 337
41 1 331
275 101 186
995 339 665
829 414 293
719 659 679
647 355 681
914 987 993
644 457 521
887 956 793
606 57 277
729 863 453
264 963 161
806 929 123
743 226 95
109 59 591
339 765 113
657 391 517
363 801 215
376 473 857
953 85 124
901 450 493
101 745 994
37 626 553
536 863 526
181 381 476
169 841 678
764 801 925
747 117 261
669 721 971
279 625 777
301 677 641
273 590 193
663 521 91
789 509 481
1 101 949
692 153 191
197 201 701
109 501 45
751 779 591
803 529 923
199 929 544
702 813 1
858 969 818
136 168 519
779 645 753
907 601 576
801 29 512
121 219 589
129 213 299
511 803 103
599 961 13
657 601 531
125 705 441
273 54 876
233 306 187
601 577 838
861 364 827
36 395 685
443 323 373
85 353 431
113 326 801
875 96 941
25 55 189
881 286 894
403 785 999
563 193 1
551 551 553
849 745 114
89 529 916
929 341 945
95 587 549
466 534 940
233 261 805
511 454 741
605 881 573
607 519 600
377 657 473
620 101 931
801 337 365
381 347 511
662 865 513
951 403 889
369 721 976
641 29 876
521 441 901
373 472 361
810 597 293
386 674 524
607 417 662
225 56 227
995 673 45
909 321 880
482 373 178
601 666 253
340 345 327
851 349 14
361 392 766
688 108 623
425 341 697
433 777 999
835 177 519
723 861 853
609 961 587
92 885 966
971 310 210
249 261 125
277 609 745
26 495 261
271 124 795
999 609 721
801 665 641
296 724 273
979 917 231
821 377 697
178 516 72
720 526 483
671 273 61
135 553 772
826 275 571
361 459 106
568 301 201
328 519 555
151 495 266
218 345 489
481 507 684
771 737 465
677 769 726
461 941 567
899 108 51
801 979 33
459 137 251
879 487 177
976 795 311
121 455 126
941 124 595
233 715 151
507 961 871
115 463 540
321 820 401
292 3 937
186 409 401
657 589 737
313 537 259
701 297 937
241 954 567
393 876 471
185 877 66
851 611 857
708 161 389
145 461 21
706 21 596
609 576 481
617 244 181
292 289 666
908 227 223
553 686 185
35 597 345
325 279 921
431 73 681
785 551 771
401 213 841
401 556 41
126 373 291
187 733 937
341 774 601
998 782 297
969 601 514
252 205 421
313 713 181
626 736 955
865 481 441
929 537 33
337 821 423
601 176 97
53 576 232
961 663 257
783 401 820
96 111 545
488 127 653
826 45 183
278 801 939
713 804 376
56 641 353
687 801 386
131 873 594
795 945 307
713 745 118
981 787 151
247 259 657
161 318 284
789 281 831
501 327 521
46 218 672
426 353 449
761 547 254
553 885 668
225 415 476
569 201 834
649 537 556
771 687 681
119 438 391
991 241 577
862 606 516
907 49 755
601 946 716
152 629 441
69 21 353
133 561 105
330 817 651
751 388 258
558 725 549
541 881 781
281 976 426
2 255 891
646 989 614
67 185 21
153 33 115
327 751 755
411 57 81
305 521 332
672 600 925
53 214 981
736 656 57
191 535 409
551 348 637
754 324 649
178 395 689
449 230 143
941 668 591
476 442 569
979 35 941
31 549 713
537 381 325
529 249 822
958 537 969
253 493 297
363 379 26
978 439 951
583 81 537
56 396 566
416 872 966
921 705 821
459 957 616
785 658 441
187 301 331
961 309 501
451 524 911
886 585 126
531 913 721
425 835 347
199 22 654
767 589 507
745 101 696
213 769 841
296 401 581
873 432 72
403 111 377
228 31 191
549 921 29
644 605 918
641 751 547
801 786 695
296 992 148
555 581 981
909 136 751
588 349 326
971 465 641
327 281 260
222 853 555
351 519 251
941 991 398
573 931 217
841 56 566
469 638 429
302 792 971
505 961 841
821 565 515
953 821 91
505 409 237
179 449 147
881 541 501
423 601 934
908 761 657
611 744 409
351 774 789
981 641 175
288 449 781
94 537 457
897 291 143
101 656 538
250 361 955
433 249 799
441 701 963
111 314 801
131 501 887
173 209 662
218 701 631
371 821 861
889 117 301
953 473 787
993 97 421
836 991 81
205 194 383
761 151 785
861 65 326
116 685 457
557 656 671
205 297 721
680 826 39
858 171 515
297 723 931
361 580 566
480 930 595
782 821 351
101 461 801
762 450 765
277 361 231
873 81 916
558 95 397
299 401 436
441 564 712
839 713 753
81 496 743
191 776 317
534 905 916
343 356 161
961 881 230
148 308 619
601 81 873
606 500 745
553 645 558
661 494 865
381 381 509
387 1 405
76 976 368
979 477 545
81 519 921
701 737 319
619 841 485
958 158 641
401 883 961
361 511 582
117 801 49
656 333 655
331 797 829
417 49 151
63 597 682
279 409 440
165 91 641
748 427 461
292 717 99
475 149 716
101 563 369
1 972 901
30 85 185
294 445 937
326 201 661
550 45 97
486 19 228
922 561 371
876 727 715
816 325 1
465 818 126
265 157 802
778 133 925
481 131 756
889 321 146
592 508 305
649 479 20
233 746 641
205 105 160
757 351 91
901 713 518
647 173 587
129 825 450
829 721 643
425 473 936
901 577 289
469 388 671
328 827 947
598 849 13
435 176 67
921 903 281
982 858 136
976 661 917
131 881 725
966 786 740
489 82 947
774 671 427
549 657 915
590 628 321
309 89 312
717 51 731
401 225 297
81 991 769
431 176 923
242 857 571
401 811 633
568 171 57
331 123 561
341 67 561
135 921 548
75 346 503
99 252 722
721 332 401
801 469 448
921 671 131
671 513 647
978 11 148
189 670 626
668 376 552
612 991 681
651 109 37
321 31 764
889 823 199
920 27 298
841 257 989
824 236 801
883 345 86
432 76 499
52 646 91
705 313 217
945 375 571
331 177 861
261 465 87
896 778 85
636 751 389
6 521 216
292 289 151
561 801 953
233 533 426
177 451 689
658 514 67
736 761 876
330 461 547
657 545 481
851 869 569
943 946 927
381 936 113
876 31 650
346 316 896
849 766 633
47 931 601
627 805 513
481 701 313
113 806 20
193 451 472
282 177 552
661 161 379
43 144 911
657 25 725
802 81 358
578 399 876
480 233 869
573 1 673
383 410 346
570 281 101
321 418 51
765 341 559
165 63 926
245 881 329
147 943 296
151 735 923
927 151 341
887 985 516
57 353 736
944 347 459
834 245 751
445 241 597
769 361 401
33 997 163
939 865 791
493 624 395
53 182 47
471 31 797
889 601 876
521 859 521
405 91 390
352 689 897
971 37 681
801 51 481
133 468 356
1 76 807
107 761 685
967 992 817
443 321 301
973 353 826
334 2 637
153 689 951
452 295 401
604 790 91
76 313 609
353 861 876
458 225 97
349 341 977
264 644 856
137 919 217
993 133 457
171 294 901
730 553 373
635 231 417
789 121 105
51 121 6
396 383 151
271 781 87
745 547 37
705 1 161
966 44 137
628 638 851
975 449 207
196 978 567
56 809 627
129 126 474
721 898 581
821 357 547
415 409 76
546 229 327
271 949 121
61 61 725
161 884 526
141 967 990
5 564 977
999 206 1
883 531 665
518 844 357
151 897 69
797 834 651
991 561 921
969 534 675
703 427 93
859 393 137
569 27 321
321 517 83
949 853 625
905 865 15
625 995 593
961 393 983
504 241 54
556 407 889
741 690 881
819 932 281
426 641 585
691 465 653
951 470 261
923 621 618
621 256 8
600 961 220
318 806 687
809 289 809
59 791 804
676 143 281
577 726 633
626 441 21
8 350 347
666 865 316
103 757 449
485 302 973
768 679 389
143 841 262
697 387 75
13 611 632
149 641 327
964 666 283
744 933 516
691 181 539
175 960 423
411 1 651
284 371 6
827 845 481
681 581 209
615 881 121
681 639 877
571 465 531
444 165 19
638 677 117
751 905 661
549 147 441
941 481 476
375 764 161
580 693 608
621 305 100
353 501 213
381 513 577
501 57 259
285 31 577
161 313 15
233 383 756
217 537 860
673 884 719
231 821 861
154 971 301
33 551 517
729 749 351
481 489 281
81 546 951
686 701 1
531 703 968
201 439 691
104 924 267
137 301 597
616 525 619
873 305 59
179 130 417
746 881 17
97 913 33
241 511 161
247 935 601
421 751 969
7 646 136
237 836 1
469 383 49
87 327 916
645 217 275
496 881 25
871 126 969
625 302 53
201 721 153
175 873 876
199 375 79
169 855 161
339 377 617
549 486 89
292 801 581
736 183 551
926 257 506
729 645 83
921 757 211
681 151 74
825 633 329
134 489 765
969 158 802
600 226 351
457 97 313
761 151 135
891 186 468
1 501 56
629 447 673
59 175 189
329 637 957
985 625 961
985 861 958
595 653 230
359 501 785
357 201 362
129 645 271
366 36 551
773 65 881
752 951 417
957 993 287
259 655 1000
211 905 977
578 873 343
306 547 416
1 653 209
661 241 113
601 117 841
897 807 621
401 883 169
321 647 368
103 961 993
137 89 56
193 90 509
551 99 321
232 489 633
127 422 737
479 681 50
449 529 241
357 672 785
757 594 605
384 105 376
801 131 86
585 875 933
217 481 5
585 836 939
184 329 753
729 41 396
379 326 589
817 740 238
367 489 611
329 781 153
888 131 953
405 401 865
945 364 351
437 681 593
651 795 855
1 569 572
686 591 481
81 535 850
105 941 122
381 16 590
193 705 114
981 961 41
385 827 785
249 631 367
25 766 809
545 6 51
213 585 849
581 241 407
989 781 505
726 805 782
710 697 847
526 455 209
51 759 681
573 853 181
337 751 806
83 756 125
211 493 801
413 176 137
464 831 367
427 718 724
1 289 313
319 468 784
479 1000 581
729 357 851
286 909 474
181 340 97
241 93 273
533 561 119
833 785 1
921 37 705
165 761 553
476 400 885
821 43 425
711 900 953
238 796 185
591 343 731
959 671 961
463 126 401
771 987 687
689 641 803
291 913 680
101 1 421
292 465 457
265 1 833
519 785 837
489 53 538
661 191 25
311 780 459
741 529 76
186 441 129
235 556 315
842 797 281
541 69 1
679 305 681
226 409 601
722 204 70
993 299 401
999 788 347
279 905 375
66 567 551
929 17 212
232 25 113
181 621 52
865 363 1
831 601 421
773 169 733
925 195 383
365 536 949
134 16 838
853 605 651
321 401 927
877 461 303
203 300 155
701 207 745
45 36 11
957 681 581
395 607 775
121 676 406
225 999 211
48 794 225
261 249 15
653 781 85
257 165 891
561 289 199
991 873 991
391 82 185
439 514 267
687 38 246
721 997 697
91 825 553
998 662 276
701 883 31
961 569 867
913 671 817
1 13 851
558 825 442
271 109 473
129 802 893
598 689 541
842 991 941
73 231 241
83 100 551
115 671 235
262 136 422
279 665 475
401 45 881
458 633 386
781 273 726
171 421 627
451 605 592
221 383 393
590 544 581
381 609 247
287 111 513
431 21 519
89 789 611
585 456 725
985 132 670
273 855 954
745 57 979
927 636 759
625 897 61
735 809 536
932 556 541
876 417 591
169 551 493
665 677 999
41 429 841
871 201 14
69 929 963
65 346 721
495 998 891
120 113 219
578 713 97
141 883 6
433 561 187
401 626 169
224 511 81
443 832 226
1 1 651
949 976 561
93 332 531
2 225 337
889 481 443
872 615 698
51 675 523
508 121 729
865 61 951
391 33 6
9 961 649
741 769 149
229 997 983
37 410 53
501 241 501
525 491 769
85 38 908
957 35 265
543 865 207
627 625 121
857 221 337
1 141 494
551 89 298
122 501 657
529 204 433
61 617 501
121 51 78
817 781 973
321 841 983
831 771 483
449 829 901
727 345 821
273 745 328
955 212 391
273 876 175
81 567 21
166 657 430
905 903 458
336 554 986
473 993 873
87 373 289
63 894 376
661 821 40
421 243 892
502 5 625
711 236 939
885 524 645
561 1 605
945 101 250
649 493 69
264 543 849
461 576 847
613 459 278
1 551 805
539 281 209
730 496 142
425 591 415
181 205 674
823 623 915
689 961 277
556 964 821
881 215 921
991 817 324
870 516 663
182 561 773
531 972 701
182 215 313
937 721 215
189 593 997
489 209 241
976 781 372
615 701 419
475 387 278
281 941 531
255 920 900
131 677 123
649 676 681
175 985 505
271 187 637
7 882 281
777 609 685
401 909 26
711 111 437
21 481 541
887 451 569
628 717 740
64 413 741
121 776 305
726 515 654
229 694 407
201 817 753
57 633 709
76 997 74
881 393 699
977 766 335
521 961 447
933 683 729
546 702 496
116 573 729
561 781 336
31 716 631
501 801 657
327 707 993
33 526 167
213 269 852
993 297 404
163 231 937
908 367 421
79 145 239
152 1 161
400 655 492
601 63 783
271 351 915
741 411 681
617 107 311
601 441 84
761 905 201
491 496 610
867 41 561
153 587 65
574 644 865
89 373 401
625 1 483
753 265 579
197 797 125
531 593 41
457 529 601
901 431 797
551 393 645
285 405 729
914 131 551
409 65 609
509 896 691
97 238 193
801 209 899
517 511 655
727 367 191
441 381 905
771 677 681
356 116 539
986 601 13
385 973 476
511 477 646
301 387 498
279 608 462
900 463 112
419 315 393
721 521 265
43 225 993
217 731 853
867 888 926
441 993 241
581 245 961
21 487 839
687 511 85
251 525 26
10 581 583
31 981 357
829 601 705
657 997 601
556 477 497
189 29 575
801 287 751
942 657 667
529 803 833
861 809 129
281 140 339
786 256 325
380 865 401
785 217 586
797 237 194
986 653 961
433 461 509
472 697 411
126 863 917
905 147 101
791 585 281
348 993 861
808 969 321
121 821 22
967 755 535
677 873 933
351 335 161
705 481 735
636 175 949
301 675 334
57 580 896
471 311 640
551 489 241
501 814 53
41 627 467
893 69 948
653 823 475
761 68 338
828 401 265
288 844 196
531 466 877
770 668 936
137 257 582
289 21 943
381 383 845
69 445 859
480 415 635
235 185 319
721 121 149
840 152 441
441 160 686
409 321 14
189 55 229
676 241 761
243 797 57
97 931 990
119 865 69
405 341 651
328 218 569
16 703 626
149 345 981
777 511 475
604 433 732
86 961 733
459 613 142
991 570 961
849 216 669
633 497 520
794 649 461
830 533 962
121 423 646
817 607 85
993 496 601
575 957 61
465 717 361
271 521 809
341 441 282
857 33 563
913 107 611
131 618 233
237 837 645
645 255 751
625 510 91
105 241 502
677 233 105
979 65 77
681 51 861
110 726 774
973 606 641
945 355 214
86 717 897
949 361 169
569 575 977
353 284 525
585 215 681
257 217 859
718 129 461
656 80 457
914 850 555
181 326 941
713 961 299
755 193 186
949 49 1
68 110 265
206 305 569
965 81 47
526 551 41
403 873 201
109 297 763
857 263 301
98 513 990
548 250 117
805 33 825
859 1 118
1 61 881
129 9 734
551 79 667
501 999 301
773 354 161
917 184 887
77 98 225
602 314 225
869 361 481
783 725 964
873 429 752
11 495 39
258 115 886
581 916 483
251 169 595
763 445 273
241 769 569
319 71 427
70 369 703
71 89 776
271 993 193
907 161 425
321 113 381
128 239 211
278 953 427
551 921 905
246 713 7
326 261 721
176 165 425
789 363 237
153 337 248
273 265 86
17 553 920
911 344 520
779 721 431
726 617 551
584 157 559
544 653 924
597 409 263
626 787 599
641 553 189
251 289 911
193 576 1
676 65 874
721 945 276
359 613 577
667 225 523
461 804 537
29 185 343
801 661 216
521 714 827
817 941 6
37 123 433
763 41 848
857 621 5
775 489 6
983 359 699
963 325 407
803 582 993
143 121 728
769 654 450
181 608 956
1 289 540
421 301 341
281 185 985
417 271 874
505 784 650
341 476 251
589 596 481
733 437 835
501 841 277
642 652 861
577 877 181
101 641 204
361 511 606
152 921 21
481 55 545
871 281 801
466 319 442
657 397 41
544 999 562
76 425 846
129 531 43
786 351 101
881 41 789
697 879 129
521 756 719
921 453 321
501 82 949
755 134 602
361 991 137
239 151 81
376 105 578
623 86 640
825 627 95
617 326 223
692 746 749
823 810 657
321 171 469
251 653 156
401 798 271
501 111 79
773 524 133
691 625 701
985 805 224
601 957 876
941 90 9
806 438 961
709 629 761
301 793 745
479 773 427
161 766 189
956 591 11
662 113 487
833 312 681
833 870 941
41 914 301
341 951 723
927 364 491
158 62 659
207 581 91
459 391 741
84 804 109
813 174 3
133 41 611
996 945 740
151 313 681
17 176 167
37 786 932
177 874 769
603 109 856
230 456 346
301 105 760
541 651 984
237 4 946
369 859 428
501 779 327
765 120 731
624 881 811
747 593 701
637 933 169
500 961 45
395 36 475
226 351 854
281 981 94
861 908 684
913 921 417
115 403 801
779 838 648
789 435 861
80 131 423
663 918 191
549 807 321
971 692 544
967 873 546
895 279 3
993 417 227
365 521 382
983 941 374
57 693 457
601 722 366
531 841 387
461 306 195
401 624 1
672 953 508
665 417 225
754 421 639
533 932 781
568 831 126
390 561 681
717 470 951
653 835 926
406 741 264
14 112 761
697 401 771
210 929 431
101 152 945
279 481 97
721 601 991
638 569 233
225 337 11
755 161 161
533 522 253
641 336 481
161 6 380
876 197 342
301 97 783
897 146 873
997 909 55
889 169 384
743 131 918
937 831 841
375 571 613
897 857 777
459 402 316
321 299 481
693 81 29
625 105 37
665 883 969
607 159 286
239 963 520
661 831 757
952 431 36
376 211 325
293 121 821
125 306 696
976 281 246
333 252 296
115 154 854
698 110 453
996 641 359
521 861 291
385 301 973
691 453 685
521 480 706
450 921 795
731 761 929
741 77 853
539 773 740
568 317 403
167 491 883
241 346 433
638 191 881
197 343 544
306 253 576
643 723 257
507 877 336
613 449 116
33 226 217
566 835 152
846 753 697
909 291 885
782 769 841
660 306 211
241 568 79
251 961 997
181 621 899
459 757 881
327 29 575
988 801 116
921 49 924
457 41 1
501 833 969
100 906 804
39 288 558
301 441 81
925 617 951
51 333 257
965 541 685
833 577 369
771 817 676
389 266 766
664 289 677
251 746 343
768 457 901
827 525 836
231 757 495
621 563 816
235 907 521
601 633 151
499 106 915
983 211 689
886 97 717
112 661 193
577 459 88
671 215 854
231 985 189
553 271 97
47 498 619
770 767 789
622 347 247
766 521 731
906 401 258
401 561 1
339 281 761
739 831 566
55 464 351
610 523 801
271 785 81
551 162 41
