63
389 91 98
378 208 59
794 698 23
818 213 32
58 130 47
238 831 57
738 107 29
297 804 19
773 220 92
679 985 89
958 664 76
739 271 60
97 194 48
864 523 48
695 548 48
773 596 52
944 890 57
492 85 99
412 367 4
87 492 35
227 597 18
824 673 83
457 230 29
705 388 72
147 299 51
246 951 75
954 217 76
31 761 46
624 226 6
612 272 36
835 774 26
399 299 68
137 991 17
604 954 73
963 596 88
256 655 43
621 748 11
989 979 44
58 107 19
109 411 14
521 131 86
986 376 7
775 50 88
682 69 10
370 386 32
482 806 62
839 633 56
710 333 56
812 480 48
864 498 93
290 897 94
659 708 76
987 414 40
260 454 41
631 728 33
339 467 72
433 250 25
330 245 56
467 74 68
715 528 85
409 593 56
289 577 65
725 797 92
