517
3804 4224 80
5571 4423 12
9096 839 75
8419 3546 50
852 5998 17
3239 3850 83
2240 1194 78
1524 661 23
2848 2504 3
294 4437 31
9182 6958 50
564 1911 4
517 3936 20
4646 8734 94
721 8211 17
5517 2916 88
1198 294 62
3520 4773 74
1318 292 79
2670 8989 38
2040 7073 91
242 4174 14
577 8193 78
2967 5779 74
9150 8369 65
3243 7427 1
5212 4881 56
8566 6798 42
3078 1684 22
6961 7290 44
4080 2087 48
6721 2537 58
2669 5222 33
6439 5170 17
8034 3267 90
2932 4833 24
3198 9198 50
9101 1892 20
2273 7548 55
4796 9294 21
8073 5142 88
2759 7688 73
7213 8988 9
8052 704 84
4450 7066 37
5026 70 58
2362 2748 11
991 1902 96
8055 5700 18
8707 5663 59
8581 2321 68
7831 2732 89
1126 4566 66
4978 9387 24
1526 1286 44
1061 6363 82
9022 809 55
8455 7876 38
6295 2043 75
4433 470 63
1926 9093 56
4275 6499 32
6340 5886 57
2140 105 68
5307 5777 6
1745 2410 23
3013 2760 94
7099 1029 23
6207 5693 14
4845 5937 5
2008 2570 68
3718 3346 86
3006 5789 14
8437 1941 70
8626 4856 94
369 9493 3
8802 6009 42
2783 9150 97
4439 9782 78
9721 2402 99
3002 8082 85
3530 9745 89
9704 1090 9
9394 659 74
7238 470 48
3608 2550 46
4910 754 78
9376 9867 63
1303 5223 46
972 8267 82
1956 9199 48
8053 4260 90
277 6503 6
3552 4744 95
330 6977 40
1322 9952 48
4097 8873 53
4730 7156 55
6791 5612 47
7984 8286 71
3948 3380 36
6399 1705 26
9934 8138 84
8825 5787 59
1368 9560 45
2935 5571 43
6437 90 1
433 9628 45
2126 3077 43
4035 2191 42
1602 2713 95
4850 2953 83
8447 328 15
1611 722 17
2536 400 43
2408 9436 47
6288 8857 32
7020 9416 68
3345 557 38
3777 8810 31
1664 243 47
402 6047 33
1148 7461 36
8409 882 88
2140 6019 68
1185 1890 80
1208 9994 45
3588 2085 42
8709 1764 88
6633 2410 28
6770 3128 72
8620 5476 88
6943 9737 48
8539 4979 67
28 3062 56
3005 1456 92
9710 5836 73
2630 5099 31
1070 7994 59
7134 3486 90
493 5702 88
8215 5473 61
2290 1869 53
178 3338 84
2400 5759 80
7967 9819 49
9563 1825 14
656 1214 57
3403 3384 54
5574 8568 10
471 1583 35
5247 5890 43
3073 3238 61
8816 648 4
2997 2325 2
1525 2375 53
7346 7632 74
9646 3401 7
5160 8191 7
1681 2223 41
4415 2140 82
4552 2084 75
3292 2692 62
9078 800 18
4928 7367 90
3817 9911 57
5592 5844 15
9802 5369 49
185 5507 10
9754 4565 59
358 2416 64
864 7235 78
888 3669 65
8067 875 59
7663 8970 61
9090 9676 80
162 7502 80
78 4708 79
7915 5789 93
7730 1937 48
159 2826 94
6782 1423 1
952 9951 91
1586 5674 3
4100 8615 11
2448 2415 98
8504 1526 7
2162 9035 37
1103 919 69
9183 2036 33
6624 57 7
2393 5192 47
7624 7496 26
8045 2073 14
3039 2232 4
9863 712 36
6855 3987 46
864 5183 87
2652 9149 78
2345 7182 38
5008 8196 60
9003 4455 5
4003 3283 39
5213 2532 44
2279 1881 71
1342 7573 42
5441 3735 43
89 5497 61
2640 1886 39
6816 2276 86
2126 3262 52
2119 8573 92
5653 6615 68
7627 4997 68
476 7639 15
8483 7370 90
3374 8446 83
8920 9212 4
8846 1650 43
6582 6646 92
605 3343 67
588 8924 17
1066 8239 44
5941 455 70
3736 8529 42
3602 258 87
2865 2987 55
8517 9925 11
8122 2439 36
3321 3376 89
3790 2568 8
6113 8423 78
7532 2263 51
4769 1708 71
6351 1068 81
6351 7591 53
5617 362 72
7410 5880 88
4368 4509 70
6799 1736 96
6336 3973 70
2285 3091 71
1374 5755 65
9349 6346 89
4357 3767 4
3942 9137 12
2987 9085 62
2280 3130 30
7898 4611 48
1089 9814 64
9837 9823 69
4252 7552 94
7793 256 57
6268 793 19
508 9547 31
2124 7651 35
7590 4670 69
4637 967 85
9804 9511 3
1322 6944 75
6116 7914 56
6444 1605 64
9848 2623 86
11 3564 67
5637 2037 4
5603 5242 73
4688 6788 78
8110 6118 29
5534 1489 49
3413 6172 13
8677 9332 30
733 1201 65
586 333 7
9212 9707 85
5010 5323 65
6455 7040 66
8262 5651 66
2103 987 32
6221 5658 69
6140 4210 93
7502 4959 38
8739 518 40
9167 3718 42
1673 7889 82
2758 9362 72
872 1666 8
9696 483 31
8630 1062 78
3019 2391 7
1495 9439 57
9991 6898 99
526 1295 52
1899 6261 10
497 2579 47
2689 2760 8
2526 6181 47
2802 1653 93
4219 4890 49
8176 7536 89
1360 1143 28
3111 8293 51
7040 1656 64
9158 5940 29
2986 9643 92
4791 1806 15
2791 6657 68
4258 103 59
6434 7927 12
3041 4290 31
1798 1596 36
1706 5653 55
3876 2043 60
9314 6074 41
3046 2996 80
234 7086 85
1319 6513 57
338 7950 82
7896 1167 15
7165 16 89
2731 9607 79
4990 8597 12
1447 1202 98
9738 3557 96
2647 764 30
8519 142 42
1824 7381 46
736 1660 17
4498 26 39
876 2911 52
8559 8003 25
613 8187 34
2943 5652 29
6948 3390 36
2059 5605 61
7628 3460 84
2542 1920 13
9487 9662 11
5140 9392 13
2214 1543 13
6560 7303 47
9117 4060 9
6027 9308 64
3691 7064 25
6122 7163 59
1599 8810 1
7649 1975 18
8 8689 87
7165 1608 51
4589 6731 33
5844 7289 48
5243 2970 65
5124 9614 29
4072 7230 32
8695 9929 96
7229 8440 45
175 9694 56
5474 5647 37
7313 7153 37
2367 1091 42
4655 723 42
9002 7420 71
2424 5614 13
441 9691 38
1203 4724 42
3788 7285 38
14 5195 28
1391 3486 98
3505 3063 43
6969 2215 37
2539 5342 31
454 8866 59
4536 24 83
5059 1690 89
5565 5298 61
5750 9273 63
9701 8587 25
2685 4457 22
349 327 44
1168 3365 3
9155 4078 84
6016 3233 43
4836 5320 80
7282 2169 2
3320 2051 34
8129 5437 39
4365 6812 56
3592 1042 62
9869 5149 76
4241 2912 85
4395 3103 33
2517 3589 90
6846 9609 34
1925 7219 32
7613 5202 43
9043 778 53
450 3390 5
5128 65 96
1296 2129 26
7080 1768 21
2332 2744 40
3438 3745 95
3734 3923 86
1354 1842 66
642 3666 60
9723 1795 36
4501 6343 42
4180 4129 36
2717 6131 12
963 4110 96
8643 141 29
8265 4804 18
8738 1387 76
8803 5640 6
7231 6147 89
2122 1829 25
2720 8062 40
624 167 25
9282 6722 100
6291 2477 97
8922 752 92
9983 8263 20
9351 7577 17
2682 314 54
4502 1586 69
2756 4156 5
88 1768 65
9674 6254 98
2038 6012 51
8912 2474 53
8539 943 50
4045 3755 85
3366 8044 42
5157 34 40
8860 5464 30
3002 1853 98
2823 5134 45
2876 1343 84
3003 4819 23
7374 408 24
9467 860 10
5961 2065 75
1417 1025 70
493 6164 88
1633 2024 6
4653 4489 89
4238 723 58
5163 5861 41
3843 5127 72
621 3270 78
8430 980 78
8502 3327 64
4333 3921 36
7073 4846 48
701 7444 74
9846 9353 41
4479 4504 13
9136 512 56
7199 5687 50
7464 4240 58
518 5205 8
2299 7609 35
5989 4542 64
5432 1823 7
536 681 30
8455 8372 51
7748 7813 4
894 9756 18
6062 6818 72
734 5191 43
1783 397 93
906 8278 28
3830 4636 92
7273 6891 67
2791 5194 46
7219 2221 60
6761 2731 15
8951 5436 32
377 3903 100
61 2338 7
9561 6439 70
17 1937 74
3721 2889 18
2505 3025 43
9070 2023 6
1874 925 83
5813 714 95
6481 1259 40
3218 849 12
7073 5606 36
8763 4856 23
7716 632 52
4715 4609 96
6129 917 1
5671 1430 5
8176 2507 83
5656 4248 63
8027 2015 38
7159 9729 63
6862 791 91
4079 2136 63
7035 546 31
9329 8349 43
2450 3139 96
4806 7805 10
1784 3123 69
1047 689 57
9683 8297 18
7312 4046 75
6296 6487 18
5176 9536 73
1496 6260 94
7866 9828 13
8004 1024 14
2298 4970 39
756 4315 47
4838 7290 89
7192 5418 43
