3033
939 516 53
724 931 525
37 209 78
479 83 231
733 779 210
391 401 386
569 711 353
561 926 56
58 461 601
796 327 177
124 564 691
434 566 641
242 337 722
657 246 213
377 253 262
485 665 343
193 531 5
826 688 5
427 305 891
947 451 921
773 13 177
201 53 797
437 754 997
206 82 894
509 995 626
414 595 910
311 419 17
353 16 546
665 53 398
302 287 671
182 709 326
638 19 691
157 343 393
243 658 543
360 286 711
696 216 104
465 511 991
752 912 991
441 45 443
499 371 689
166 497 718
41 741 78
671 933 449
533 25 137
441 491 201
357 581 587
419 726 411
697 701 913
316 526 43
351 461 465
585 721 798
393 588 769
649 136 493
757 775 96
517 697 998
955 789 941
229 543 35
843 716 80
985 6 465
758 401 56
473 919 299
785 316 53
911 73 841
987 193 153
361 566 394
961 159 3
934 372 873
155 56 461
357 316 641
881 461 125
965 585 266
143 561 425
851 885 853
281 137 621
297 126 419
995 768 95
614 970 17
720 611 636
581 609 641
482 175 883
156 152 266
163 225 573
504 309 109
273 962 907
171 826 837
561 427 170
545 176 301
146 77 623
911 557 15
457 694 861
881 657 377
551 153 993
801 970 176
855 751 722
1 807 77
17 347 201
411 83 121
657 677 873
445 75 957
53 853 571
425 727 801
981 325 673
341 1 703
851 494 467
671 501 391
648 677 71
16 121 314
3 152 226
816 156 173
761 421 57
941 768 851
435 873 629
575 769 131
661 821 110
725 327 451
601 862 947
369 102 208
81 754 472
208 7 242
217 209 137
89 271 257
822 305 915
305 553 201
513 572 602
147 599 457
885 515 441
30 524 187
806 826 810
585 497 586
265 445 621
197 281 901
237 471 927
985 876 564
737 697 691
279 657 636
253 997 91
577 201 800
151 478 740
441 625 700
814 831 443
971 628 160
47 954 751
581 633 813
321 857 827
11 885 838
817 705 689
497 506 231
894 291 667
415 351 327
601 847 992
11 749 791
634 215 201
319 885 417
509 241 1
626 705 601
628 673 663
385 186 681
867 297 166
641 57 613
873 639 917
91 589 841
771 894 536
286 3 299
455 862 243
9 889 509
46 681 101
951 723 636
970 151 186
293 927 266
433 701 693
129 217 36
359 7 500
911 457 524
741 799 699
941 267 89
746 33 43
298 684 275
229 918 981
45 221 71
665 769 649
361 151 534
449 781 756
405 881 429
851 369 705
951 717 689
955 357 506
191 32 301
747 803 866
227 817 153
551 861 691
723 86 669
67 71 993
684 841 65
858 451 21
176 649 108
105 186 113
51 51 795
249 408 211
371 394 67
625 928 541
769 336 454
454 297 561
561 699 493
673 931 19
778 653 31
403 555 211
477 825 97
473 77 397
841 539 139
177 158 257
500 766 932
852 582 997
587 491 401
981 159 993
432 817 301
249 840 391
561 326 626
269 189 489
359 890 877
640 134 189
201 940 449
841 547 235
324 311 576
403 676 676
153 411 645
331 83 110
997 111 5
501 841 635
441 204 1
9 275 153
792 812 967
96 47 933
534 561 111
791 712 267
496 601 797
393 849 521
205 676 865
677 1 520
589 871 747
53 533 985
599 689 422
33 47 913
163 705 455
153 45 647
98 643 271
243 414 231
337 783 719
371 947 330
401 43 881
151 886 311
394 342 561
859 625 621
953 377 581
151 481 917
90 641 904
261 501 86
401 856 513
104 185 905
891 281 966
977 657 976
921 137 811
46 973 73
298 267 45
776 934 315
613 321 1
911 129 221
881 175 157
530 391 809
501 905 111
419 13 81
752 729 95
605 519 47
409 226 226
389 369 11
593 943 541
781 189 705
216 433 741
857 945 569
841 626 933
451 91 857
847 993 401
201 956 585
893 737 393
714 751 785
491 961 614
269 263 353
366 343 36
139 833 202
595 921 417
847 163 169
697 697 691
501 651 169
199 326 614
933 361 196
353 457 161
551 471 529
569 745 438
121 501 81
973 800 779
944 121 993
787 145 243
773 311 118
113 641 837
387 765 925
301 61 897
731 576 973
799 55 973
245 720 597
285 517 961
3 507 621
101 883 3
89 630 344
265 333 479
992 665 719
393 27 757
981 779 993
623 691 221
416 449 467
861 631 541
745 441 757
126 595 584
181 851 451
801 731 201
268 563 666
585 202 436
361 777 910
416 36 291
11 227 866
869 629 137
466 81 201
876 225 305
509 169 315
129 482 188
645 751 717
705 91 288
345 250 115
433 289 81
289 888 321
136 649 786
130 946 626
490 457 41
683 449 581
915 236 467
449 674 588
689 451 648
737 951 93
65 207 363
441 287 395
161 765 111
601 801 168
177 656 146
315 49 153
185 743 201
809 381 565
673 673 937
1 241 91
297 185 461
221 813 163
331 978 121
537 417 416
396 529 597
997 655 945
101 848 813
746 1 442
231 436 693
233 403 733
191 918 481
284 361 121
871 81 205
370 317 569
741 677 39
617 766 985
459 781 171
21 649 765
599 571 433
59 783 701
841 399 299
484 586 357
471 15 117
201 725 523
571 51 765
381 903 288
414 574 590
565 703 370
216 851 99
849 81 441
227 710 841
367 346 766
370 951 406
317 225 377
201 891 657
351 493 48
183 934 476
199 801 886
434 811 919
486 978 283
571 496 1
565 91 261
845 805 328
463 569 721
471 381 855
824 289 1
321 40 265
887 669 615
653 977 359
414 244 853
458 177 769
13 721 801
37 765 915
811 661 621
280 368 741
253 861 385
161 240 587
938 476 171
853 295 347
617 37 381
133 817 517
871 1 68
361 613 927
731 67 463
911 655 251
556 21 125
393 503 781
653 451 685
811 723 578
505 547 843
614 472 806
697 60 432
749 417 113
743 461 268
281 841 937
376 749 136
320 641 715
909 825 483
681 899 445
561 761 577
668 833 68
71 576 577
655 321 861
29 24 329
385 25 60
956 403 16
611 563 232
811 549 321
550 876 41
641 293 149
645 556 201
105 539 53
763 975 853
554 177 197
407 305 728
850 387 236
769 425 81
116 526 951
209 781 278
216 941 697
112 50 1
485 926 8
751 613 481
281 796 775
993 193 649
22 551 811
581 54 436
421 875 651
345 75 424
751 919 478
4 377 393
469 974 856
617 901 25
1 641 527
938 233 199
477 721 360
671 49 821
789 997 550
587 416 929
166 479 365
876 137 597
757 821 17
333 181 513
526 181 949
777 55 231
643 859 383
107 85 221
499 750 153
122 777 496
559 112 233
391 305 29
371 87 981
405 37 309
877 569 203
959 108 929
973 601 333
735 188 391
759 269 165
949 217 201
973 697 935
441 273 521
176 836 449
850 791 13
920 749 925
500 321 585
198 891 63
276 467 881
417 759 621
385 519 399
853 406 511
175 1 345
296 541 679
847 613 833
641 568 547
338 581 581
787 571 721
143 361 705
468 111 969
601 226 798
936 476 265
397 865 841
321 348 161
421 169 107
145 903 797
351 607 537
129 973 261
363 982 913
401 101 33
8 653 123
600 693 309
641 133 8
873 280 1
136 401 777
706 125 211
401 745 434
858 861 822
251 255 116
450 506 847
611 722 59
11 521 51
977 626 49
61 897 841
511 411 286
653 530 122
733 7 403
9 713 645
711 662 281
531 432 221
306 401 777
187 177 557
563 201 871
407 401 801
957 189 136
778 401 313
105 909 661
964 371 545
751 233 979
409 433 581
331 561 681
76 531 577
401 297 927
715 665 881
97 393 717
745 457 165
511 45 726
809 499 718
720 390 246
985 227 961
665 959 569
593 576 129
577 651 96
929 609 415
585 627 685
801 729 193
248 72 497
749 221 740
825 621 125
359 744 435
981 601 921
79 281 961
407 201 571
457 753 229
46 970 449
873 833 633
612 281 421
918 203 656
497 953 817
66 997 635
726 497 591
361 221 141
275 393 861
483 531 535
457 991 689
573 419 761
141 281 883
993 948 877
351 281 536
665 91 93
736 445 9
676 781 379
625 557 11
157 465 951
121 591 176
925 327 644
915 76 945
92 921 831
320 457 371
800 487 999
831 191 609
275 26 327
787 906 693
372 486 741
87 801 481
433 384 261
466 507 329
557 944 305
142 671 21
561 523 171
314 701 86
241 481 753
737 881 997
929 227 190
301 79 161
346 646 651
802 237 482
968 342 530
140 297 867
246 1 418
769 496 176
433 990 126
673 123 629
671 973 949
841 401 417
621 811 885
69 55 761
446 624 569
329 577 362
397 57 824
117 869 631
547 751 301
496 777 217
536 669 447
747 121 825
417 21 329
970 486 80
111 913 577
595 198 341
937 461 723
815 21 905
751 622 396
519 927 255
267 551 9
751 908 209
175 792 33
124 313 89
909 485 227
840 951 43
401 35 36
767 748 440
411 527 221
9 305 261
721 716 536
187 329 677
353 141 517
540 146 185
431 677 591
876 371 941
17 221 213
483 365 517
386 461 836
641 990 956
11 539 924
121 257 676
969 569 372
89 202 946
306 563 561
947 97 73
251 417 545
126 185 51
497 101 609
869 690 25
661 434 639
626 589 801
874 743 132
579 73 421
842 551 309
131 663 761
753 334 885
596 809 311
265 780 949
536 626 134
359 815 321
249 613 145
903 413 92
41 604 517
674 101 148
794 376 281
208 27 25
755 793 672
676 921 499
745 596 969
817 1 781
813 285 163
451 280 738
969 881 41
233 847 927
691 541 813
75 343 801
161 876 593
761 250 817
131 654 596
79 201 526
931 451 751
233 535 826
795 370 817
393 947 46
537 61 619
293 356 461
1 809 591
461 941 747
691 11 241
486 259 401
725 520 763
801 801 811
446 516 125
959 681 791
821 475 855
478 211 278
371 25 127
761 119 141
741 401 361
193 436 753
605 3 435
451 481 36
179 983 239
325 141 863
418 232 834
1 656 761
759 357 581
601 385 627
653 65 107
803 96 801
976 351 749
697 891 791
871 873 286
446 834 133
934 256 191
623 239 715
886 241 635
161 623 807
689 829 926
577 749 773
241 171 61
584 777 733
142 913 945
425 203 137
49 382 871
161 771 329
834 475 721
550 851 413
329 290 180
526 301 351
431 911 51
141 781 67
697 977 161
485 1 535
305 553 778
473 329 411
201 491 241
31 561 96
517 959 530
821 251 709
753 349 119
731 760 121
696 81 854
751 267 513
589 810 122
545 75 503
276 897 89
281 341 377
43 761 871
461 729 492
65 727 393
541 838 737
424 63 113
444 141 439
515 176 953
645 826 483
46 746 729
49 213 621
201 894 377
415 564 1000
321 799 451
851 368 301
521 47 26
761 945 963
667 153 16
200 691 291
116 673 393
57 393 821
654 861 977
261 53 133
953 975 275
457 399 76
343 27 21
855 7 419
347 423 459
41 498 382
501 67 9
911 221 205
109 195 564
491 721 366
772 217 347
452 245 989
941 666 797
872 441 635
393 61 13
441 41 145
667 467 157
905 361 673
293 73 745
1 841 841
956 521 65
111 477 499
641 981 266
91 429 529
61 459 40
857 477 290
743 985 481
945 425 32
611 733 1
333 229 601
143 401 741
906 211 565
328 183 361
771 801 761
253 9 586
239 925 909
895 626 281
507 529 789
219 77 889
647 727 985
654 168 167
321 455 525
321 105 429
337 941 517
81 461 335
684 776 635
191 293 336
545 183 275
416 847 974
321 365 135
673 471 781
19 690 467
837 426 730
491 765 369
481 191 814
924 542 241
885 921 860
97 105 777
317 961 507
181 77 737
730 361 845
1 226 669
832 145 181
439 509 202
201 961 188
989 900 807
380 81 201
961 251 683
901 721 137
735 767 143
505 419 901
508 351 571
345 746 991
148 201 589
176 1 708
51 761 851
101 429 419
659 476 957
866 397 561
111 838 35
817 921 284
181 488 231
333 173 703
946 599 60
165 640 341
25 993 614
41 487 51
809 163 394
368 371 979
86 385 105
777 699 697
39 525 478
305 65 561
951 1 65
601 942 841
326 641 41
91 381 755
21 571 687
361 907 554
781 97 441
886 545 65
623 621 815
545 647 11
451 616 286
507 109 434
297 969 885
321 619 629
955 670 171
301 408 819
401 207 971
657 381 334
25 443 921
416 215 741
141 665 561
809 905 217
892 498 561
979 819 339
318 8 2
411 476 901
864 41 398
545 369 761
1 925 585
801 241 486
291 136 698
651 411 906
875 688 193
597 748 416
761 789 990
752 99 820
151 113 761
169 933 421
903 507 339
751 906 895
39 567 347
436 533 961
926 773 957
819 597 477
161 961 341
301 887 197
525 597 488
201 78 163
945 757 391
568 101 421
801 216 938
182 912 931
426 107 838
697 626 491
939 713 521
1 61 327
456 994 946
975 711 811
285 401 337
789 481 997
608 100 725
45 738 69
921 241 699
809 200 241
921 573 125
667 671 441
421 923 327
908 537 353
936 856 266
634 45 595
267 487 529
433 409 256
120 39 817
569 604 863
997 41 497
581 913 441
393 593 211
52 876 327
443 911 21
304 658 26
212 311 31
327 176 546
587 391 759
794 257 866
321 481 775
492 57 181
393 968 965
721 769 539
236 939 825
757 248 185
436 772 169
276 263 759
813 913 201
379 641 921
373 538 251
440 651 212
591 149 971
143 414 506
856 521 865
713 641 757
961 65 185
59 661 261
251 209 323
849 844 597
334 521 976
588 777 561
145 201 702
489 745 273
493 255 868
889 461 472
299 31 932
483 19 496
599 61 27
415 251 395
321 909 409
701 10 805
301 250 21
506 772 881
284 381 539
562 970 16
907 571 255
453 801 847
427 735 326
389 987 271
41 873 711
385 558 435
375 693 281
361 241 264
421 101 425
853 661 157
871 740 333
461 346 119
713 29 813
445 657 193
205 261 53
9 413 758
146 313 650
929 656 161
845 977 31
445 299 836
394 819 793
297 881 277
792 761 466
190 601 593
633 831 153
541 730 833
31 797 410
293 351 961
876 869 319
731 971 321
226 985 957
753 556 162
993 532 171
896 984 43
716 145 181
1 265 365
825 329 213
221 220 741
501 873 881
393 931 811
892 901 594
704 806 809
137 611 89
21 361 673
825 113 463
721 587 801
419 251 713
581 361 975
314 183 45
336 343 975
489 139 223
924 459 927
817 497 195
849 1 136
478 309 571
521 315 498
531 181 433
209 534 41
527 521 333
68 901 1
286 629 707
385 312 776
811 33 861
248 884 518
161 95 859
109 989 916
789 145 841
421 611 521
1 795 179
607 950 228
57 810 271
831 523 801
791 958 224
954 999 541
661 483 423
256 37 176
868 631 526
333 815 68
93 585 375
353 825 857
547 734 439
449 461 399
924 659 853
737 401 253
706 841 871
323 627 661
667 185 540
351 261 33
956 213 119
869 385 451
219 691 747
369 891 742
565 442 656
747 395 907
223 609 194
601 771 621
885 456 197
901 873 553
133 201 844
605 251 827
552 805 85
255 831 86
665 693 665
813 300 826
941 441 205
953 821 49
201 266 76
919 929 834
986 993 56
473 378 753
849 101 841
90 441 273
74 127 164
564 345 621
962 971 171
995 329 564
721 433 77
553 10 796
852 271 641
1 123 81
153 239 311
219 541 266
839 422 191
413 812 329
769 91 536
296 679 201
861 281 681
321 83 575
77 723 393
316 537 161
497 129 93
419 351 949
622 828 771
121 327 943
238 401 347
718 365 85
81 14 31
89 941 57
653 254 976
488 584 262
931 681 917
101 269 137
331 691 861
441 212 925
441 361 105
761 201 75
636 853 233
62 77 253
900 611 159
101 510 541
961 591 121
665 795 816
780 58 715
281 709 137
235 579 286
17 553 495
963 599 397
801 757 421
777 837 4
35 841 411
251 816 25
665 341 641
200 973 246
314 151 435
1 6 353
631 54 765
121 332 383
405 601 51
438 241 896
298 79 236
557 27 801
231 791 425
19 436 246
497 45 17
603 157 501
569 146 139
503 593 177
389 149 170
431 45 1
164 607 183
979 417 941
961 587 776
371 803 617
509 601 576
891 496 137
665 34 421
946 548 441
445 425 453
291 77 676
117 989 811
657 837 256
945 389 571
955 9 489
845 861 49
695 891 37
727 201 837
316 439 116
317 829 581
713 566 952
417 649 125
666 162 805
513 889 417
387 873 117
348 661 267
461 73 641
560 951 201
973 361 141
305 401 260
977 471 91
992 334 153
645 581 634
616 530 105
477 951 449
377 570 929
974 126 221
219 151 715
612 388 619
861 356 485
748 291 363
585 501 449
433 70 42
933 592 801
117 733 413
117 501 929
965 152 401
407 814 11
95 993 385
794 133 645
356 341 401
641 692 16
413 51 710
926 341 429
165 873 345
219 437 970
537 756 491
971 53 281
12 597 473
11 406 959
883 121 221
356 773 101
339 784 845
73 609 373
268 169 669
491 44 410
261 980 81
213 556 224
546 273 441
795 81 381
896 881 41
933 819 83
122 385 782
523 525 325
940 12 413
397 121 676
673 665 925
106 489 729
876 873 677
245 529 841
131 350 99
740 423 29
653 894 977
801 131 819
525 577 834
561 417 837
755 501 289
712 667 873
535 401 299
176 751 109
730 726 889
326 111 549
215 351 977
404 384 590
537 645 300
6 851 889
269 387 241
913 404 246
877 705 361
441 773 643
506 65 617
876 351 80
296 725 881
501 610 393
217 997 5
882 657 865
11 153 401
555 429 460
51 673 431
806 649 749
402 665 905
671 105 791
753 483 761
101 331 191
681 793 116
135 349 259
873 539 621
113 266 251
43 997 473
495 49 969
46 19 421
287 81 185
206 359 297
845 331 901
391 157 525
529 727 306
356 421 461
381 399 561
90 603 891
867 349 507
57 545 764
184 33 992
41 33 598
485 361 985
801 245 319
670 382 296
270 889 736
841 471 585
900 278 761
871 137 837
879 561 439
785 945 519
873 921 867
710 216 701
211 121 5
841 155 709
705 331 913
199 251 81
369 737 641
692 519 813
169 863 1
161 409 447
193 246 351
449 201 1
329 171 241
126 701 849
963 700 703
901 895 289
958 484 786
681 401 751
438 237 185
879 724 522
88 501 965
71 113 627
257 751 301
241 999 7
244 951 155
773 751 497
719 780 544
37 317 601
401 501 407
723 321 921
221 145 513
293 941 997
236 896 777
881 778 511
845 765 160
737 797 769
440 339 89
561 265 709
306 153 85
647 291 248
266 857 673
581 251 591
56 585 153
413 580 803
201 811 380
1 250 321
529 751 881
505 973 841
801 125 21
541 383 452
779 396 313
893 307 899
576 316 545
132 221 589
641 831 429
876 881 107
161 270 417
515 597 511
846 790 785
49 331 891
251 265 610
614 301 393
618 359 880
379 534 333
445 37 397
31 638 112
991 426 265
377 523 589
177 113 958
449 940 811
871 861 589
356 601 111
673 327 359
699 509 429
301 405 831
456 886 825
286 231 75
156 383 132
49 141 721
851 476 977
605 676 447
653 169 239
609 1 457
285 351 496
17 809 253
285 416 831
505 276 260
185 794 433
451 917 619
13 185 958
401 139 665
205 51 689
836 516 45
76 590 871
624 773 641
626 721 57
813 605 425
700 997 821
113 472 190
200 317 143
517 401 588
637 393 921
901 491 463
161 511 985
601 735 1
279 541 229
637 11 201
605 409 562
577 579 231
679 633 793
263 261 882
776 21 86
496 246 505
94 203 816
617 121 436
201 187 596
451 425 553
47 409 456
179 124 411
519 983 57
917 46 643
831 674 970
99 976 131
167 385 41
793 332 969
828 313 538
448 878 410
331 523 681
794 431 299
801 615 751
281 955 433
507 609 591
947 13 656
973 691 923
888 451 377
151 145 492
683 721 437
399 221 793
126 17 491
169 568 316
673 545 597
265 778 385
263 329 976
293 205 840
459 194 56
676 501 886
105 126 16
135 269 585
19 86 891
296 495 251
771 840 157
41 171 573
451 953 751
411 911 1
121 896 596
971 510 91
982 451 149
321 979 5
651 806 361
265 838 649
843 621 28
267 841 421
266 770 3
75 11 943
791 11 281
559 831 697
799 949 755
555 265 279
604 998 769
1 934 173
47 571 879
89 111 497
579 396 45
951 998 339
627 869 368
849 635 981
837 121 369
601 81 97
647 892 71
869 881 675
491 181 441
483 246 337
396 459 713
453 601 445
545 711 887
881 978 453
530 525 115
432 181 896
546 543 213
319 584 231
336 37 746
123 719 476
294 786 701
233 31 115
481 471 801
131 515 276
65 757 861
401 112 217
35 688 227
867 17 101
390 504 219
81 963 589
402 272 376
587 569 970
531 791 680
749 601 473
817 957 365
163 765 302
801 147 741
367 530 653
129 603 392
617 793 361
583 280 66
91 133 656
169 683 5
1 81 611
151 766 57
431 533 308
607 373 955
43 661 769
653 55 131
581 827 831
873 382 763
902 51 922
51 325 439
301 681 859
149 858 211
677 221 831
951 579 516
721 921 605
965 257 140
721 29 183
241 476 26
325 174 949
932 581 68
81 662 5
751 481 343
851 341 345
211 480 185
266 761 498
133 121 35
538 941 701
661 173 77
819 505 937
861 945 463
849 81 273
93 94 409
275 105 773
679 1 821
705 870 489
587 689 209
947 396 690
559 549 153
814 677 233
221 548 931
619 601 537
693 625 516
227 565 481
316 820 185
205 131 629
667 853 171
951 765 607
339 552 243
409 937 587
867 429 540
435 492 791
625 113 909
901 386 923
793 553 780
661 637 610
401 531 456
369 367 281
637 1 711
501 521 265
361 676 326
541 121 884
81 441 395
45 501 394
775 1 517
572 799 71
853 336 903
172 589 89
826 44 125
310 287 51
640 309 302
954 641 586
661 296 626
649 977 229
379 189 281
789 1 167
854 216 777
33 295 163
987 241 185
723 447 521
288 605 435
691 902 849
541 53 876
67 916 41
519 66 91
140 111 696
171 473 675
149 106 345
273 711 841
929 231 721
419 53 1
471 267 842
284 885 498
311 983 689
341 491 232
561 792 665
873 537 953
431 898 376
363 512 491
677 878 29
285 206 289
714 145 473
105 520 753
33 210 333
817 69 139
976 297 394
593 37 231
46 641 751
186 33 993
864 999 328
623 361 397
501 281 72
385 916 286
989 441 286
776 768 145
707 221 321
769 710 1
577 745 571
323 329 240
77 76 626
239 875 37
207 221 125
126 273 905
997 773 981
434 119 83
617 203 657
40 473 948
126 349 817
461 827 510
669 151 641
861 871 131
261 431 381
896 755 489
959 907 154
181 486 551
626 837 518
393 653 721
778 120 892
30 121 361
953 33 312
481 501 893
703 171 853
725 62 703
987 416 37
858 241 661
881 633 365
585 217 196
409 965 859
26 205 155
18 547 976
457 9 981
838 993 729
227 76 658
809 65 878
209 21 947
751 283 895
7 634 607
81 1 901
101 411 261
111 231 733
835 47 305
14 485 465
799 211 829
169 346 463
975 892 689
425 594 141
849 26 219
51 473 557
561 991 249
902 777 801
492 704 512
953 401 204
377 373 601
21 881 881
985 186 781
949 861 516
382 8 265
511 449 46
845 361 287
438 779 201
736 347 715
301 543 717
129 457 472
649 914 381
41 571 816
122 793 196
905 809 673
449 856 524
721 61 233
233 10 134
861 678 213
33 16 113
841 337 360
611 993 63
683 587 747
928 721 628
821 928 961
353 921 213
417 867 971
6 31 761
771 631 913
38 937 723
996 137 942
365 571 159
401 677 37
16 449 965
451 507 761
965 238 801
913 101 377
489 265 325
1 991 531
279 881 195
931 875 350
649 913 303
190 877 133
691 563 357
875 641 564
761 57 157
201 577 525
517 702 441
761 939 601
652 976 544
651 701 15
931 729 781
901 947 341
561 870 622
411 825 741
278 26 30
817 921 140
867 619 932
959 517 721
51 631 654
625 792 89
401 277 457
421 722 415
711 49 201
123 761 481
993 951 276
504 62 521
45 841 766
781 631 301
899 37 939
269 571 351
735 653 404
361 913 329
61 177 607
921 97 723
469 137 985
163 793 881
551 821 126
101 936 585
73 356 53
515 901 194
802 280 85
865 676 543
272 705 116
613 727 93
659 196 41
565 31 761
801 351 601
449 845 725
625 188 166
700 121 786
417 293 146
801 621 176
726 65 369
421 998 620
5 401 376
881 499 700
161 831 353
759 919 749
163 141 282
308 640 278
69 660 557
977 725 301
361 60 791
157 985 911
325 500 557
31 544 747
613 751 577
247 808 37
997 857 626
557 613 782
513 283 873
689 147 961
921 759 1
638 963 465
892 73 305
104 391 779
837 369 396
477 985 251
472 575 492
344 713 195
826 165 391
934 687 136
992 526 329
349 885 201
545 921 309
821 233 85
868 335 801
865 895 209
77 675 177
998 388 709
31 841 413
567 951 119
209 747 521
574 801 257
921 1 631
675 734 211
314 168 280
81 503 815
376 569 536
47 750 640
545 701 905
445 835 201
749 380 58
640 410 605
372 944 839
860 69 676
741 921 226
91 402 1
606 846 953
461 849 531
420 971 707
818 596 953
297 341 213
378 841 629
991 804 711
223 915 163
946 41 441
477 653 431
29 577 393
217 773 285
95 705 401
157 376 90
333 85 993
313 22 943
1 480 25
659 29 425
397 801 603
649 845 433
368 353 370
588 191 709
312 643 121
473 681 321
651 9 305
885 296 321
649 881 985
957 721 53
501 373 894
41 59 445
539 882 278
441 139 446
649 491 77
969 189 301
237 17 669
201 206 194
245 615 251
853 901 607
865 876 975
250 478 373
660 949 133
689 129 966
792 89 193
233 81 681
311 691 369
897 725 691
145 385 667
889 887 849
793 906 1000
175 793 661
376 287 784
137 945 243
145 657 582
45 585 357
865 336 39
309 380 649
61 535 385
73 317 600
725 23 251
599 348 815
901 641 633
878 641 875
785 950 393
704 65 785
644 241 673
173 594 363
801 469 139
636 43 341
86 513 483
659 661 368
505 415 397
716 221 131
546 771 817
175 938 138
149 194 819
729 977 41
858 201 30
45 531 687
9 581 981
337 41 33
161 215 578
964 7 785
107 343 873
671 265 89
874 977 311
330 991 709
221 16 245
54 141 482
172 61 915
645 433 602
713 821 853
669 860 951
681 585 401
43 415 708
986 507 837
723 410 881
221 621 321
281 524 495
705 871 449
180 328 776
652 276 573
41 727 753
1 956 885
828 272 146
558 336 867
293 476 869
671 408 841
121 953 609
967 1 489
181 233 830
973 439 969
401 1 665
75 745 241
521 1 571
681 799 185
481 271 549
486 321 591
845 189 861
906 330 5
267 321 600
41 601 840
266 145 705
451 603 649
898 887 987
137 497 501
174 622 534
701 546 917
761 821 845
761 229 666
306 444 626
701 899 969
245 512 381
251 61 495
287 990 890
941 137 596
861 697 251
645 480 975
773 497 121
935 893 986
403 45 326
706 151 440
445 201 942
155 969 898
131 909 561
281 45 681
669 396 607
450 317 137
81 901 616
25 199 841
937 881 589
592 559 239
979 33 256
662 57 717
829 333 749
161 880 533
420 991 963
545 321 747
308 685 401
381 543 546
1 609 561
201 451 485
438 25 419
790 555 773
49 797 105
593 650 187
440 943 774
455 777 617
764 609 781
761 305 880
296 777 757
1 858 4
889 401 111
820 598 201
484 976 805
817 553 219
457 934 877
546 761 405
493 583 689
369 474 292
31 123 497
413 749 337
833 913 310
896 273 849
573 673 905
413 159 982
340 161 58
213 777 321
909 794 305
23 409 129
301 856 588
201 963 619
844 264 380
631 851 927
5 733 889
201 649 187
895 109 911
60 326 533
651 181 457
121 106 585
587 481 273
262 541 802
586 246 861
297 601 445
281 920 657
735 673 605
231 621 598
757 274 449
791 860 13
433 970 952
186 890 275
829 25 281
203 364 151
173 293 537
1 722 626
39 296 153
986 865 761
154 534 535
961 314 371
481 203 574
799 25 96
62 119 476
105 767 391
289 241 557
326 901 71
951 644 426
953 607 921
220 267 81
688 633 73
905 649 881
800 646 499
317 921 286
391 125 956
405 803 971
561 611 113
182 373 45
239 385 63
489 491 475
950 289 763
127 264 681
871 653 665
361 231 399
569 269 120
955 821 463
458 917 867
762 113 901
285 180 989
951 491 119
901 694 896
343 824 985
29 15 720
168 191 592
509 169 779
991 81 121
691 369 911
343 273 263
93 952 289
473 113 846
766 955 438
781 785 653
895 260 985
167 577 516
177 671 955
169 371 900
398 826 341
801 866 224
164 583 207
433 401 30
321 409 513
161 203 241
501 785 194
621 601 376
593 771 538
261 421 733
741 21 944
196 976 637
677 306 325
121 391 529
821 692 601
731 303 713
833 962 41
487 436 225
944 513 520
851 695 447
69 497 101
930 925 467
263 827 166
433 753 286
808 11 981
491 172 801
29 254 847
25 457 441
535 193 231
905 281 185
937 353 505
241 681 156
711 281 97
656 905 731
275 887 56
405 427 623
565 411 957
581 186 421
717 387 3
821 969 1
518 514 801
551 736 545
115 609 713
1 787 456
646 294 581
821 397 921
191 321 562
65 915 816
291 601 601
121 731 651
127 527 475
618 139 926
961 205 329
381 193 689
221 849 205
230 836 293
603 139 627
261 815 445
445 933 659
206 521 925
1 147 83
577 893 772
757 304 905
221 131 419
17 114 15
505 863 320
697 186 908
265 720 591
473 870 291
932 719 651
901 997 218
476 381 302
701 101 57
36 721 609
589 957 825
563 805 503
673 119 45
909 289 226
739 153 781
677 120 465
806 497 711
421 841 431
897 813 591
561 423 499
971 833 33
410 901 651
277 515 370
57 161 199
780 821 633
285 716 869
900 166 561
813 283 661
481 213 131
905 13 385
181 829 809
51 409 501
961 161 909
110 426 183
586 711 649
89 63 499
219 49 442
83 881 250
905 457 517
493 209 357
359 901 33
432 657 889
661 716 137
479 557 337
529 717 551
297 659 380
364 476 579
795 37 873
341 251 64
7 352 351
601 696 569
521 193 147
531 71 31
669 629 113
561 326 897
711 97 185
686 445 241
280 925 915
258 621 66
961 726 800
375 400 153
850 751 448
318 643 105
945 381 559
588 591 54
929 957 853
827 989 709
819 756 371
179 172 133
433 341 263
781 537 773
426 989 991
140 641 153
881 433 687
318 521 909
869 607 751
55 81 273
503 476 491
321 425 752
749 984 451
915 806 211
845 113 957
707 499 351
482 891 352
953 691 734
286 28 841
633 697 887
361 726 125
282 303 752
345 424 121
46 793 633
353 281 550
529 621 731
377 881 289
357 951 967
301 337 625
701 738 96
601 541 385
262 883 259
369 781 574
957 587 127
391 54 965
977 801 423
493 901 621
626 397 593
636 718 1
36 657 134
541 981 68
945 923 977
343 221 651
131 563 382
982 811 851
431 199 851
641 681 835
365 476 424
133 265 24
461 176 325
936 436 656
601 927 497
444 553 637
275 490 410
71 945 476
391 614 353
818 836 58
441 517 801
781 569 964
993 456 544
696 501 575
599 293 772
371 980 101
359 45 841
365 156 25
426 813 579
289 811 989
549 154 806
129 819 1
271 721 296
678 351 590
501 121 157
636 528 861
861 289 136
491 809 784
673 217 250
311 936 981
298 202 507
801 871 395
469 405 137
121 367 40
949 141 801
251 401 71
207 403 779
296 641 797
691 646 277
5 227 249
49 241 751
149 159 813
649 949 859
49 429 961
1 561 786
921 361 483
667 355 273
525 376 547
531 761 25
785 709 52
497 427 646
485 451 70
365 904 28
711 643 911
671 771 147
291 873 576
223 879 465
42 351 113
508 206 901
65 705 911
552 721 239
345 352 34
147 127 481
287 208 109
33 150 754
412 567 821
733 41 208
381 531 561
1 375 826
43 17 273
151 711 836
675 48 109
681 752 766
126 429 870
91 476 665
113 583 769
935 665 685
861 155 361
1 841 985
501 875 673
611 911 761
501 211 691
185 509 367
653 301 129
5 908 241
273 210 81
138 493 892
331 38 476
616 946 521
899 42 169
681 501 481
419 741 491
866 921 945
527 676 721
969 962 131
521 779 289
906 591 419
654 664 33
179 896 705
295 647 612
759 45 391
49 87 393
43 441 119
199 212 82
41 876 881
287 601 701
901 391 704
484 477 816
937 643 677
438 237 61
647 257 671
449 997 563
457 93 977
486 761 961
877 106 5
656 866 466
835 771 577
249 545 986
549 953 229
401 797 465
249 153 592
169 107 840
119 751 401
605 142 849
941 970 57
957 257 122
81 803 159
408 249 777
209 693 241
915 766 887
271 1 52
297 227 675
526 61 5
669 783 526
697 681 513
1 725 747
111 743 619
702 241 353
447 836 46
921 89 893
757 363 15
232 787 917
280 213 209
481 353 25
886 337 381
265 563 585
6 972 33
509 69 861
321 801 761
848 441 981
436 925 811
423 291 491
779 852 323
386 74 706
411 141 673
921 251 373
591 548 9
459 648 701
398 270 421
15 295 491
406 640 341
369 386 137
539 331 561
705 134 601
217 119 125
226 351 199
101 871 611
595 257 307
664 257 731
963 831 908
993 139 498
73 57 766
11 433 745
587 733 105
776 197 111
15 981 65
656 641 601
61 565 422
1000 33 626
925 1 42
167 499 57
918 834 531
828 985 617
26 129 839
753 63 785
541 9 337
101 392 679
865 663 121
859 117 353
333 89 367
119 833 867
859 11 353
124 853 583
515 285 113
688 955 154
279 379 811
385 407 367
451 92 276
396 321 689
202 921 573
843 71 586
266 926 73
351 928 642
321 430 985
597 313 361
11 400 679
897 829 737
341 429 557
380 205 427
381 646 341
61 882 255
876 411 785
845 707 201
546 245 827
601 489 773
841 276 926
477 427 325
797 107 944
590 839 838
153 193 806
756 581 943
361 488 877
531 649 241
670 719 595
374 248 203
829 21 646
145 909 705
1 457 315
776 617 461
879 197 25
584 878 231
432 257 519
886 629 599
561 465 777
577 567 755
574 529 425
769 569 484
156 118 845
325 341 521
121 896 732
95 251 71
57 801 641
350 773 861
541 254 862
779 988 114
937 685 943
201 225 849
385 699 266
801 587 501
184 642 964
581 581 153
255 552 37
562 654 41
673 610 33
569 226 311
487 633 661
971 310 345
593 693 242
372 81 731
441 841 70
796 65 339
61 353 251
131 813 433
484 91 401
51 31 49
59 224 353
315 876 66
145 641 909
235 73 23
671 797 269
157 141 931
915 575 799
97 769 125
833 997 565
149 49 901
281 981 669
517 501 217
937 47 749
235 979 558
592 313 433
361 255 561
741 79 625
527 224 642
855 486 237
526 243 443
661 705 697
538 122 928
401 325 87
897 697 853
25 696 741
19 310 383
744 924 91
43 511 883
913 801 209
81 167 422
432 755 981
763 61 53
327 923 51
597 647 629
729 456 405
505 517 420
999 857 916
737 265 248
159 557 61
561 627 168
696 496 821
385 944 318
165 619 41
543 663 624
530 950 161
5 865 892
959 668 101
987 318 796
181 835 617
481 681 439
793 586 536
119 461 641
406 533 580
449 723 897
161 485 499
822 881 321
371 288 273
329 49 977
729 537 945
481 444 577
457 167 857
93 850 205
553 143 305
457 701 502
502 561 281
449 484 753
803 674 166
146 877 121
338 301 637
62 497 199
633 336 364
109 49 31
885 546 121
9 356 497
417 343 655
781 227 328
405 369 245
91 417 649
151 175 883
1 987 660
497 585 353
292 135 351
561 417 529
873 859 907
691 189 257
257 603 122
280 785 581
891 401 169
207 921 521
393 206 621
137 499 735
361 389 129
906 514 689
109 384 707
176 33 956
991 691 35
511 913 631
5 981 1
991 305 36
253 387 245
761 645 687
121 953 541
791 966 941
573 25 409
492 398 464
521 665 441
403 370 533
281 666 325
333 261 975
631 31 953
481 426 726
825 222 969
717 303 695
661 297 987
209 453 497
878 529 117
135 199 693
591 93 86
161 6 688
444 896 967
976 224 901
577 229 134
830 279 596
861 594 921
414 798 373
451 949 324
482 536 411
411 226 547
913 345 847
101 988 977
940 137 97
441 937 136
965 431 591
689 289 613
129 561 636
625 657 449
201 475 866
861 921 525
434 59 129
873 1 905
236 358 667
554 176 775
101 814 103
301 511 15
705 593 634
893 830 1
711 201 561
873 758 409
94 307 89
566 313 641
27 169 607
93 929 621
848 463 329
189 941 876
376 673 668
749 317 473
789 883 305
337 50 241
901 126 758
841 296 301
537 876 121
69 817 81
14 266 343
314 529 957
61 746 121
481 963 833
133 1 90
287 831 419
937 751 295
281 136 890
399 601 459
637 607 633
246 547 154
913 781 722
521 927 219
685 282 939
501 396 927
171 377 373
729 921 187
463 761 841
341 327 121
993 521 235
1 102 413
149 611 731
625 689 41
642 115 945
740 299 799
876 425 873
537 651 139
317 847 353
601 626 265
225 620 186
137 86 599
102 832 416
911 839 330
405 937 301
877 609 641
392 534 542
537 257 575
901 793 238
574 463 513
896 865 340
234 745 579
935 767 84
154 264 329
617 314 799
460 997 80
803 81 927
481 721 436
793 791 756
15 897 277
171 108 541
813 589 71
651 729 373
749 797 899
129 201 467
808 976 259
1 401 998
25 456 551
649 153 146
799 347 313
521 329 215
191 321 897
617 521 709
143 73 823
420 753 126
691 808 349
225 971 614
258 396 848
991 689 196
251 41 969
636 685 194
645 643 423
659 379 101
324 126 225
941 249 609
381 444 41
337 351 401
831 445 201
879 603 446
25 825 119
626 481 609
401 587 823
161 769 411
313 879 549
331 987 762
703 722 945
681 305 975
285 901 137
751 697 684
871 976 191
721 37 911
37 26 373
363 84 861
993 241 665
369 853 89
651 644 26
856 140 801
757 240 795
791 1 169
689 521 752
93 422 419
211 854 421
825 9 621
905 305 217
200 497 18
561 679 571
71 226 265
785 921 849
677 521 513
535 983 401
276 897 31
974 329 349
127 649 865
469 389 302
203 513 711
770 409 381
274 441 84
736 61 851
456 441 483
52 798 998
12 121 901
201 113 881
681 533 606
596 545 249
489 997 839
178 954 64
757 441 203
929 880 885
361 1 17
676 871 413
613 447 45
228 144 801
833 352 950
577 93 529
545 217 951
398 949 521
201 641 465
49 427 513
281 653 335
394 241 376
745 674 225
467 894 321
907 701 217
607 529 577
685 126 327
745 300 425
681 369 214
636 695 101
487 693 161
646 970 58
177 937 173
1 258 929
609 154 501
377 721 896
2 376 193
601 447 331
365 884 529
836 785 435
161 831 110
1 101 427
437 732 812
566 176 595
737 226 261
680 141 249
421 621 609
657 371 425
12 57 740
841 377 693
24 199 161
921 401 69
211 799 336
161 679 595
901 349 227
131 521 153
841 395 609
573 130 513
485 171 657
211 421 229
251 190 261
931 281 841
409 851 442
913 251 21
857 165 219
712 543 553
247 769 121
281 601 849
601 557 127
365 77 129
127 887 801
201 473 5
881 102 829
461 129 851
724 515 811
257 237 169
704 73 657
451 759 649
669 705 382
141 527 81
161 519 902
449 821 722
875 797 857
353 98 761
647 753 197
329 808 173
251 261 761
166 39 455
591 373 452
731 869 595
281 936 71
401 629 401
641 691 641
714 685 300
381 71 486
876 783 396
3 329 676
613 109 526
1 457 417
751 882 733
181 394 845
1 863 355
540 397 134
605 500 449
849 949 411
524 481 744
441 777 707
705 795 769
877 101 945
469 913 201
311 105 168
265 536 425
417 621 842
869 681 780
948 815 745
176 921 891
857 253 379
368 963 496
201 324 727
772 877 387
934 261 341
185 313 866
122 61 465
521 973 681
457 193 926
491 683 641
238 889 313
358 981 499
508 221 594
155 57 698
126 103 545
589 46 893
202 109 81
650 873 161
1 989 639
598 761 385
181 710 503
788 412 328
641 15 237
951 909 996
820 721 483
47 481 66
740 701 357
555 409 861
186 305 967
209 945 652
686 363 729
411 105 444
81 453 139
518 401 601
297 6 76
73 492 351
690 49 911
958 601 415
656 404 379
909 671 511
465 151 266
66 237 201
955 418 371
449 942 457
329 461 966
896 697 681
437 824 485
941 485 694
241 105 601
129 745 57
965 417 752
399 687 271
641 873 82
169 289 967
174 320 483
611 777 457
743 501 329
269 587 819
913 263 141
857 929 949
571 35 407
861 953 551
361 121 696
751 455 601
227 596 685
250 181 392
