621
734 4862 68
8514 9255 13
7116 9223 90
3937 303 75
466 2451 78
1598 3935 4
88 3418 53
699 4455 68
6286 7252 71
1915 5310 54
4712 8395 50
928 5083 30
970 1837 60
3611 5102 42
5142 9423 30
8513 8416 16
7796 2527 87
6824 8402 33
9460 1730 36
166 2903 14
2753 4443 16
2283 9610 13
53 5048 82
1123 8840 23
584 7983 91
8990 2089 51
9325 6007 37
6559 1982 8
3836 6097 41
4726 6837 7
5049 517 19
7216 8275 83
7435 7946 83
4812 8881 36
1889 255 6
9116 3404 34
9636 7701 15
587 9895 8
2940 4953 53
1628 4919 86
2957 5129 13
704 4698 66
2740 2733 48
6913 3 86
4405 7347 14
701 4570 87
9435 8190 24
5276 7281 41
583 8407 58
2734 6135 65
7725 1404 68
1305 4025 2
8864 9289 75
7695 5979 26
1176 3278 16
269 8239 26
6817 1303 95
9278 4819 92
1224 1883 75
7312 358 32
7687 9161 3
4542 4013 1
4247 6489 45
9724 2357 3
8122 3485 55
2684 5624 53
1060 554 23
4022 7929 30
4709 76 26
2726 6487 66
6563 6948 29
6604 3674 27
1670 7441 34
2888 1991 51
6037 3488 79
5248 3890 76
8598 1564 58
5145 7235 64
7336 1430 72
3429 6746 18
4873 5410 50
1734 9573 57
3505 7751 53
7672 439 75
4105 23 83
2478 6384 98
5960 1114 53
2065 6020 60
7103 4238 48
9246 1434 54
6788 5740 19
4603 1665 86
2547 4161 8
9805 3247 99
1368 6274 6
7168 603 69
4645 7741 37
3371 6499 33
9246 9153 13
9544 1325 22
1244 1936 69
7334 951 30
1875 2289 98
3091 5672 79
7839 9750 100
6589 6335 85
4354 9821 72
8774 6190 1
9426 4816 49
9049 7522 37
7188 9758 70
6595 516 78
6995 5734 12
3401 4563 36
3495 9096 55
5244 2632 9
7556 9519 99
6094 2543 16
9214 1478 79
8105 1984 69
4954 1902 16
6198 4600 26
4233 1346 47
8280 2005 4
1430 8320 28
844 1521 89
2262 6904 81
8149 719 80
6740 3315 65
4784 4490 29
9687 9836 73
2907 9890 38
6306 3898 37
8484 5645 59
7573 8392 75
9578 24 44
2002 2255 81
2759 8377 100
6069 4571 49
505 9664 25
9811 3991 3
3733 510 83
2344 1087 83
9422 1991 94
7324 684 32
7375 8458 50
8553 1914 98
3563 7173 79
7033 8904 81
4455 7459 12
3522 4583 45
3772 91 82
3467 6814 80
3039 7413 15
399 8918 23
7295 8027 80
4394 2653 94
2739 6477 32
6087 1010 22
596 4567 56
9261 5752 15
3828 1318 88
8087 66 82
9813 4926 36
5694 368 82
6695 3587 19
2897 6578 17
2807 8307 71
9814 2563 98
6254 7502 20
2020 9795 17
3634 4848 7
8640 1465 36
5269 8096 12
2236 7232 47
4814 1499 61
2428 7277 10
1663 2881 43
3693 4659 19
655 1174 57
6321 5865 39
2690 3089 22
316 4552 8
9938 6764 39
5320 1670 96
2737 5543 24
126 2352 62
776 2458 74
1927 898 67
7017 5338 94
2548 8521 45
5155 8172 31
3882 8003 79
8543 206 13
4310 9292 4
9536 3818 6
3944 6779 47
4472 1840 53
8702 5463 14
3316 3489 95
2052 156 79
920 1828 57
9976 6764 32
457 1125 76
6305 7871 87
3408 2830 49
9608 7306 28
9467 6295 53
156 1632 57
1570 2656 48
6396 5003 81
878 6755 20
708 3580 54
7911 979 90
8803 31 27
1267 9821 99
9388 1038 68
6627 2328 47
4109 295 64
2492 5804 15
8787 6118 3
4423 7680 52
1893 7732 11
1804 4486 18
8467 4891 56
9800 5882 98
683 3409 64
9826 7261 36
7096 9588 10
7998 3661 41
2550 2030 60
9895 1002 98
1843 225 67
7280 981 84
4633 8735 75
6215 5657 27
9167 399 57
4350 2386 22
4980 485 72
8333 7796 58
4546 7276 99
767 9647 83
8302 9835 28
1538 7652 40
9752 9016 30
8141 9488 68
1505 8036 98
3447 4004 98
5820 9662 76
574 911 31
5509 2308 53
849 1879 95
1240 6865 50
2148 3736 22
7681 7004 75
3237 8925 84
4926 8650 28
1303 9042 62
3695 7530 97
2005 6497 51
2695 6273 5
2674 1888 39
1919 560 87
9594 3206 8
7435 1530 48
7612 553 59
4846 7107 45
5250 1682 17
625 4499 47
1816 4020 68
4951 9848 86
156 7115 85
6457 5147 2
5759 3383 65
7978 2491 61
1810 8144 20
3447 165 66
8924 5937 16
1484 8416 85
3190 6522 98
962 1390 11
1577 7637 83
7183 2702 6
1665 7812 41
1517 5483 51
6601 6089 61
6785 3064 33
1480 1064 74
8597 3383 49
6822 1887 44
1226 446 31
336 540 2
1484 2571 97
5883 8948 76
8226 932 93
8787 3852 10
2196 8543 20
8101 3175 3
4705 3570 26
9316 4681 37
4511 6641 79
4902 2875 29
6667 236 18
9168 5057 54
166 820 15
346 8735 98
3690 2754 98
2741 7520 97
8824 3275 92
3950 8924 98
7885 1083 93
8232 5975 64
7973 246 10
9469 353 37
3376 5006 82
8162 4043 41
3355 2572 16
637 2443 31
9390 2705 17
1276 7409 87
4399 8906 56
1258 5353 14
9156 1238 46
9258 23 78
1247 5243 10
1458 7918 22
39 8627 84
9340 1926 96
151 4840 24
2226 4679 93
4152 3489 23
339 7286 80
4466 4323 73
223 9215 90
582 7624 21
8929 3825 36
1235 7279 94
9463 8239 75
628 5161 46
3861 6684 74
1652 1154 62
4424 3243 90
7627 4316 25
4566 659 87
670 7662 57
4145 5643 44
803 3659 97
2670 8788 21
9224 2524 43
4633 87 38
3454 5551 64
6696 1390 33
2373 1371 96
4046 1878 27
9221 4362 39
6781 586 31
5737 376 31
9679 9768 86
3702 1956 31
1372 5034 45
9371 6942 16
9067 2401 27
1132 5914 63
4889 1601 34
1793 6063 79
3612 5656 12
4929 821 78
8488 8082 16
6951 2148 74
8110 5936 82
5377 5159 30
8265 1548 20
897 2098 29
8005 7734 72
3712 6460 90
1974 8565 1
2451 9710 76
1102 4364 84
7567 7854 52
459 3575 34
3103 7987 61
4341 2500 28
5785 4057 78
1766 3368 4
7678 9874 95
2984 2640 95
1156 9025 66
6624 1181 44
7441 4009 78
2809 2281 88
566 2064 47
4331 6017 17
8585 471 28
7770 5182 31
2213 4645 54
1404 8577 86
372 1407 39
1812 2703 90
6787 8698 14
7915 9419 29
3115 4923 73
4121 2905 61
2521 2949 28
1993 4104 35
8105 5428 5
6027 4660 65
6914 8690 98
8497 1847 90
7374 4335 39
5900 570 93
7003 3231 70
1443 8779 3
7701 8170 62
264 4442 19
8201 6279 65
2605 3399 46
3362 2615 55
1472 318 58
6090 3651 93
4379 4072 66
3119 8744 25
6793 1129 53
3600 2927 43
385 9106 22
1639 1228 4
3077 7829 83
3659 2697 97
5734 9711 24
4516 3690 91
9088 442 31
3782 5728 87
8307 821 60
8950 812 13
3693 658 47
9732 5179 7
2957 9655 18
2484 4254 29
1810 8637 31
1323 551 99
8736 9583 55
3543 2423 29
5234 2591 63
3840 7413 55
2941 9785 14
1700 2231 29
7658 4098 38
8596 3107 71
821 5698 80
2057 7970 57
2975 793 76
9312 346 50
5814 4834 48
2731 5436 77
2326 9873 79
6316 4120 67
5494 8231 17
7503 6886 95
8100 6654 25
6965 3999 7
3902 9811 2
40 1736 1
7847 2388 49
1312 1983 95
1785 7736 9
8800 4127 99
7557 7748 59
5449 2176 84
9245 8515 33
4745 2713 7
659 1097 8
9873 1650 9
9 550 80
8020 6735 39
3097 4723 15
9734 8936 71
1377 5289 19
819 4195 44
7157 2003 84
5412 1026 11
9046 4179 84
4284 1723 29
3789 4215 70
1339 8731 12
5801 9588 3
510 1501 34
1017 1656 40
7234 2516 7
9410 4246 77
4729 8059 6
3248 9473 84
6717 9999 88
3804 1461 69
7032 8161 61
786 8866 99
8090 2062 70
4259 2540 55
9361 6588 47
7574 8694 83
9505 1788 98
817 2610 13
2640 5966 65
8790 2433 70
509 1660 82
8966 7684 96
1919 7440 42
6312 8301 19
6037 1089 63
6119 7299 35
6746 8039 13
6910 6581 99
3167 6591 2
936 9680 46
2914 8762 75
3041 5010 14
4086 6577 79
2156 4998 47
9424 7075 56
9225 7510 14
6490 6122 84
7373 4937 24
2523 1701 45
1760 2839 47
5497 288 64
744 3325 12
1548 3836 29
8745 5326 41
1676 7237 78
2667 1769 98
9682 4556 49
5675 3984 22
5893 5544 37
5041 1645 54
4353 4659 96
4402 7084 71
1718 8621 44
7742 848 48
1472 6576 55
72 2325 8
1028 6376 66
8406 8367 14
7138 1529 73
1520 305 66
4158 9184 62
1171 7202 38
1476 9687 75
8227 802 77
9160 3634 68
1800 3808 23
1175 8854 66
2527 820 59
9228 3011 25
8415 7782 62
9679 3242 4
2477 2040 92
50 7514 80
4666 7379 13
5613 8964 88
7315 5103 10
4638 541 29
6664 1654 83
9466 1797 44
9386 1147 4
1067 8652 49
6694 5867 15
7877 6002 20
4912 4610 66
838 636 86
2264 2372 35
6333 6361 73
6864 8371 6
9917 8213 1
9656 9892 71
6690 8995 56
2033 4605 73
1224 3789 85
8224 1441 15
7544 4203 92
4141 717 16
2328 1638 18
7363 2074 75
8973 4558 14
4643 2857 2
6671 6854 91
5360 1653 80
5645 1684 14
2607 1098 18
1280 6934 31
2922 3374 20
8290 3694 49
5768 6654 16
2856 6142 94
5234 8125 74
8001 6720 82
3531 6445 16
5643 1071 31
5190 8838 61
8867 8225 53
6951 5227 86
2979 6945 73
3950 5974 34
208 6418 71
7545 5680 58
2070 4766 39
389 2747 55
3298 7483 85
1481 7732 48
8823 8223 95
6053 1253 77
2120 9420 63
6709 2621 77
9055 8774 50
5046 8091 16
4761 163 14
2348 7245 10
3356 8620 80
9289 7888 14
9451 6201 25
1117 5543 53
9786 1324 2
7504 9911 14
1844 7507 85
