3101
957 961 681
993 425 957
951 1 259
65 126 45
799 976 983
701 523 453
897 705 989
281 745 827
493 377 895
152 485 726
937 841 746
776 251 347
705 349 408
17 510 493
247 729 115
547 449 482
663 914 139
463 407 290
833 429 625
497 11 751
156 5 873
409 479 501
34 29 713
221 421 947
957 140 861
751 428 209
115 146 473
946 637 58
406 488 387
545 369 913
720 344 487
313 233 441
529 205 585
769 765 923
661 517 751
799 881 76
529 433 65
561 715 341
633 306 466
105 401 481
241 643 659
501 514 401
437 519 251
643 356 41
729 708 589
399 433 659
611 401 101
321 777 320
461 441 566
116 953 505
613 451 505
753 366 432
416 793 689
77 197 191
647 561 657
40 485 988
841 401 495
445 605 767
653 89 563
55 81 578
617 213 373
715 745 907
591 941 837
673 321 757
541 71 869
209 801 299
923 661 969
891 636 617
151 834 875
651 451 431
937 117 897
365 169 749
268 793 449
772 527 536
404 977 332
981 855 913
905 951 847
286 636 656
1 95 721
401 263 676
585 436 431
198 241 881
377 182 561
401 332 95
451 581 315
623 561 225
977 751 71
152 499 759
431 1000 384
665 529 252
433 922 166
911 953 201
984 546 29
57 346 541
137 135 839
503 641 817
911 437 63
355 63 233
386 577 263
449 191 616
208 135 176
531 473 251
195 510 741
393 563 181
569 846 975
493 821 259
760 409 740
920 627 941
313 392 135
779 771 374
1 328 857
205 81 921
611 396 208
394 311 50
191 281 425
931 140 573
957 395 471
501 141 436
141 164 947
9 201 701
297 621 883
18 495 961
153 855 930
998 889 858
285 150 9
944 601 124
316 893 156
488 801 840
823 577 421
741 151 217
256 627 409
26 41 25
168 921 831
39 858 241
864 416 155
25 160 630
615 269 974
730 501 972
31 788 485
206 712 631
419 550 183
249 517 610
701 611 107
763 628 661
872 609 371
979 751 803
833 145 511
177 977 328
971 386 550
766 31 185
413 192 585
393 53 745
706 91 97
959 851 194
701 86 631
526 683 701
400 393 651
582 975 442
233 541 381
385 297 549
61 385 641
190 691 260
901 653 161
873 927 576
229 1 23
102 291 97
981 406 525
75 621 565
395 345 980
281 342 951
669 705 557
281 925 131
739 826 349
667 977 367
145 478 751
264 451 360
881 969 925
125 441 668
215 304 441
257 261 782
643 25 761
476 232 317
556 981 669
3 721 458
201 528 71
39 85 35
768 451 414
73 497 771
726 361 951
706 170 303
553 601 337
481 657 869
809 965 16
43 633 87
506 429 61
129 181 234
771 401 79
111 443 479
86 261 637
961 102 501
451 735 491
447 868 239
331 649 665
552 71 571
161 823 402
312 774 381
515 579 269
233 537 113
841 787 833
586 195 576
721 807 977
905 301 26
957 921 150
485 21 783
426 69 507
993 765 566
17 12 986
373 318 265
173 734 551
638 101 981
554 947 231
81 1 49
735 617 673
501 222 73
553 553 177
258 421 561
751 589 722
773 226 953
591 615 100
281 713 278
835 367 743
662 938 121
886 107 101
363 551 117
743 891 943
621 97 193
57 437 726
313 11 593
413 809 48
410 471 521
956 568 401
84 681 921
554 865 237
957 573 417
601 572 16
630 306 585
846 349 628
373 981 281
101 633 988
470 147 1
743 789 72
127 515 350
1 193 103
901 661 689
403 671 855
339 545 871
53 450 837
737 511 921
125 535 820
766 381 108
637 12 221
453 953 480
721 662 556
57 747 881
148 709 12
401 731 389
944 171 18
689 601 596
565 623 287
258 689 245
175 361 465
903 568 698
493 91 383
823 929 567
929 161 10
445 25 601
561 448 415
623 597 554
225 435 471
513 939 709
891 409 424
857 6 485
445 711 416
650 895 337
781 161 801
755 473 359
969 137 898
861 281 2
15 431 450
989 809 625
236 516 852
512 541 333
457 937 985
725 217 52
737 849 331
363 945 451
385 871 501
401 111 76
717 467 619
494 265 66
31 437 249
383 815 321
432 111 921
465 179 936
661 783 158
405 9 103
41 441 753
316 817 409
443 783 121
638 641 135
426 769 318
977 878 889
15 317 161
185 665 827
348 747 851
39 833 187
401 15 56
61 573 241
502 701 305
762 309 751
1 886 662
377 686 566
961 425 951
981 501 239
297 386 41
541 801 619
941 856 421
192 255 585
886 896 6
726 627 929
873 281 296
901 302 247
856 233 729
601 573 851
921 971 41
369 529 360
837 901 959
311 479 731
833 180 59
419 691 3
397 41 689
129 73 841
556 561 131
809 641 283
435 801 543
629 921 800
446 35 83
490 911 62
801 537 731
172 568 352
909 751 896
11 761 186
657 241 297
417 401 331
668 90 997
726 982 3
461 531 160
636 8 561
791 19 246
938 326 51
1 901 130
383 136 289
371 522 783
778 419 341
306 915 933
559 285 321
209 577 951
941 601 457
517 313 636
481 767 756
449 421 717
456 859 906
433 613 321
881 649 562
5 993 985
765 765 400
761 63 837
114 166 329
281 161 805
393 729 489
101 897 756
369 829 13
206 701 551
713 566 801
575 235 767
241 883 745
531 43 911
621 841 191
237 467 385
463 729 488
852 633 570
573 299 239
249 147 269
281 932 787
806 241 697
775 577 461
454 276 921
139 701 71
215 969 467
191 532 121
809 683 576
964 984 465
29 957 217
721 974 977
995 409 416
81 941 303
735 327 342
241 113 861
15 347 813
908 913 549
976 51 502
877 41 924
807 15 227
356 723 776
333 231 581
736 265 732
351 165 631
136 980 189
29 383 98
49 539 277
631 953 225
966 246 113
981 137 639
491 543 241
796 776 346
126 265 385
724 649 965
784 671 341
519 756 969
39 149 737
342 873 66
539 326 696
957 241 9
262 667 378
272 306 205
963 867 956
313 851 271
287 796 551
801 640 613
327 889 259
286 635 193
901 457 871
928 497 332
147 881 216
701 111 385
907 773 981
3 651 130
796 921 761
121 377 809
985 378 356
905 143 951
1 661 159
383 731 377
101 777 121
766 65 251
818 231 594
393 505 557
951 941 431
219 256 753
937 219 426
289 311 89
307 871 455
777 991 611
921 953 73
940 997 825
553 180 455
694 353 436
945 105 901
167 664 449
51 677 312
937 443 415
947 459 40
769 953 219
426 764 369
333 601 285
46 791 567
101 303 657
800 307 271
343 76 817
241 229 741
495 465 861
239 102 174
953 73 129
589 229 89
156 523 292
401 330 974
738 580 309
621 749 853
660 498 699
185 80 66
217 71 91
405 356 886
526 525 441
117 75 525
276 101 802
17 980 441
453 633 417
875 797 561
706 841 193
13 59 40
949 225 386
821 546 836
905 593 416
872 872 901
476 400 439
313 625 209
473 75 417
748 3 617
161 141 116
295 988 52
971 540 382
483 971 307
821 776 486
613 947 554
44 492 893
21 96 999
361 833 678
701 959 808
361 279 309
704 737 741
101 662 146
905 521 21
141 53 866
514 721 969
601 981 770
541 955 129
617 185 999
971 651 858
1 375 332
456 478 973
745 536 856
865 271 369
737 657 233
25 147 957
51 136 306
961 135 856
481 526 366
921 901 760
713 491 409
961 929 141
353 751 870
753 328 913
913 77 65
883 41 21
149 33 181
821 825 173
901 317 177
85 376 257
593 673 569
201 841 591
153 751 289
972 201 759
131 241 545
101 825 721
297 681 11
829 856 491
91 403 405
528 411 713
117 593 903
858 745 576
1 541 662
949 618 193
425 801 749
634 217 435
37 609 406
601 865 359
833 483 646
801 276 119
140 202 601
329 733 551
779 814 669
177 93 948
193 854 201
70 851 487
855 211 142
965 892 99
961 73 625
297 390 567
931 715 186
712 169 621
863 1 528
525 161 425
625 893 882
271 537 67
529 751 420
457 798 332
141 379 860
719 609 741
612 711 821
971 281 577
393 945 761
465 153 955
651 451 95
449 813 591
601 401 861
599 129 857
532 471 619
281 561 333
225 269 989
601 767 404
87 953 777
841 221 509
798 227 517
849 789 961
113 853 553
251 181 814
10 670 13
745 317 432
99 169 773
405 573 441
865 76 501
143 719 291
959 87 63
113 347 51
814 96 141
353 217 811
101 923 428
721 291 416
834 149 171
1 701 147
218 521 618
369 679 547
585 301 401
724 409 233
881 721 512
635 265 613
527 65 519
41 297 333
250 281 652
505 517 827
983 626 841
359 325 874
198 169 489
721 741 569
929 140 874
1 521 855
352 285 823
841 811 995
401 818 226
172 971 932
639 649 699
789 757 171
825 856 671
216 242 261
897 802 61
191 618 115
72 755 641
857 637 756
811 697 181
50 425 955
133 584 701
673 484 521
22 269 831
481 386 411
450 337 145
291 791 395
172 443 776
277 183 733
641 593 109
304 704 647
841 618 153
427 615 41
819 169 406
494 629 51
361 930 5
912 741 225
756 511 333
849 359 143
577 396 361
693 755 785
889 141 201
41 386 921
873 558 1
781 536 321
569 489 845
261 816 441
307 593 237
21 177 203
965 401 491
201 961 709
326 366 991
983 689 741
333 691 466
347 233 6
477 141 631
325 64 990
205 361 188
769 566 681
126 393 765
259 911 953
213 297 871
281 71 105
924 359 911
501 664 636
536 622 1
34 101 312
321 97 153
759 385 19
291 261 89
890 77 581
101 650 621
901 637 963
301 101 423
401 821 501
449 165 516
271 370 281
45 561 793
1000 391 361
750 456 73
741 873 281
406 985 664
221 691 336
858 657 639
193 193 857
97 90 921
521 1 276
225 487 876
34 332 505
855 505 311
577 122 115
874 15 801
735 881 577
683 332 282
345 481 371
821 65 831
19 843 869
330 827 45
871 257 357
145 209 573
490 51 802
921 881 618
649 561 529
995 271 192
327 796 623
173 591 939
495 651 163
581 873 955
264 806 624
881 409 123
431 271 185
641 775 179
243 149 49
354 297 487
951 951 139
757 361 889
593 265 201
848 391 559
1000 65 60
126 759 291
27 881 133
530 518 705
841 973 759
905 981 729
526 946 913
559 382 921
713 501 913
461 600 881
70 674 351
463 551 60
563 526 903
541 348 249
149 858 145
782 193 420
128 427 89
965 317 977
123 9 279
391 211 349
5 281 501
496 81 493
441 661 296
683 81 529
876 359 9
1 917 131
441 791 709
481 556 255
594 551 9
121 11 729
477 915 783
659 802 170
301 27 701
171 557 436
825 136 735
759 129 727
119 631 821
686 621 716
785 207 49
881 450 807
758 569 651
985 828 149
573 399 76
847 357 274
56 861 770
113 251 305
105 56 676
601 215 236
592 3 669
185 866 846
777 970 473
802 970 745
611 496 403
184 576 378
697 759 481
461 955 137
406 811 745
537 329 450
559 689 581
561 141 772
269 433 997
571 464 409
13 577 576
29 385 590
41 257 397
253 413 626
169 125 962
841 856 401
762 611 211
453 765 678
57 751 837
669 625 24
491 745 341
281 293 156
174 781 54
634 721 1
486 611 166
281 67 563
916 217 403
895 550 385
701 785 137
986 447 194
183 491 981
105 497 513
906 743 769
81 835 654
9 979 249
701 526 85
417 321 723
157 249 187
813 736 342
405 902 699
481 386 505
37 706 621
89 181 257
271 799 631
705 582 573
13 20 305
816 50 857
501 217 313
641 590 241
899 721 351
537 881 895
577 423 57
17 77 822
537 951 594
912 569 825
776 811 509
978 247 713
63 5 926
959 985 121
129 961 713
785 115 280
481 436 971
793 783 461
721 161 491
841 49 921
425 561 891
401 381 229
393 869 622
591 85 198
984 251 747
83 833 761
126 365 155
913 343 261
291 846 305
896 351 297
857 426 223
919 769 650
437 381 471
98 209 781
901 761 189
304 547 935
943 725 964
737 676 541
457 607 707
598 843 681
291 231 369
204 189 11
667 832 401
483 505 737
111 951 25
805 79 433
82 456 265
869 801 653
665 48 239
53 633 291
241 437 321
753 189 463
416 341 153
553 501 237
576 445 1
896 692 661
276 578 229
269 891 739
716 751 441
669 457 201
459 989 943
696 242 925
665 251 729
503 19 849
151 117 465
582 585 985
51 199 783
831 498 957
985 646 360
293 217 635
956 223 137
765 825 109
191 637 793
559 595 55
457 976 787
889 133 926
829 681 803
251 813 41
185 723 975
708 29 897
861 101 947
185 888 371
783 148 774
28 911 528
425 935 781
678 811 433
48 20 868
371 541 681
141 521 22
319 830 337
277 593 217
61 571 72
537 551 691
69 545 923
253 703 346
498 893 751
285 25 704
261 243 587
929 295 821
549 799 641
689 177 953
731 662 777
667 940 842
349 187 811
131 181 746
549 571 491
465 511 143
91 473 281
191 899 195
396 417 191
726 145 816
501 681 81
257 336 502
205 601 707
129 614 876
256 103 947
577 130 303
955 765 457
421 586 647
719 86 52
705 876 933
61 611 322
446 120 745
769 505 357
489 181 553
336 873 961
79 889 997
241 836 957
611 581 786
17 981 676
476 409 325
489 426 837
861 688 617
805 157 391
296 751 527
401 1 669
10 553 1
285 435 865
781 677 989
441 327 793
877 601 125
49 390 786
751 889 781
905 115 26
884 347 131
95 629 999
774 261 796
591 56 581
558 476 625
866 941 145
660 286 996
323 727 282
147 867 458
817 521 17
551 41 914
563 189 275
953 791 117
231 449 866
989 771 147
846 248 741
971 926 214
281 418 25
353 477 540
689 351 235
511 689 921
385 473 832
711 876 557
563 313 741
721 41 121
433 391 441
503 121 153
121 995 152
441 345 259
585 107 489
342 169 509
875 555 801
883 151 237
161 705 121
912 393 211
553 298 737
19 863 14
925 975 929
273 481 705
845 457 774
435 505 573
377 561 826
113 481 485
129 656 981
155 484 401
550 17 907
13 737 981
545 95 120
961 282 661
115 369 126
877 561 177
27 190 361
157 965 276
981 241 170
307 353 754
659 317 401
802 969 240
485 315 189
425 827 877
562 306 451
825 401 341
771 646 744
751 35 303
232 901 804
736 751 195
770 61 116
452 349 437
286 25 325
100 87 209
323 781 961
921 17 566
301 201 97
249 129 402
621 204 639
73 531 21
481 774 931
711 471 704
434 153 433
901 732 878
713 317 634
627 389 51
901 381 439
770 71 361
346 305 931
551 180 326
946 681 902
1 791 183
376 286 770
377 419 577
876 495 973
575 981 99
431 998 587
362 665 106
772 929 951
690 270 122
865 501 901
701 873 803
105 934 611
521 476 732
121 955 662
945 489 421
417 203 141
847 977 783
66 416 233
37 625 61
703 569 286
801 561 471
419 346 981
419 876 577
179 81 584
141 177 921
627 981 417
463 494 41
961 901 949
259 366 441
449 487 461
797 889 935
233 863 183
56 396 57
131 272 511
590 553 401
169 137 268
641 19 224
724 321 233
436 489 188
761 571 221
657 449 321
35 129 197
758 746 689
373 145 749
277 721 817
75 138 68
805 58 219
961 907 339
501 337 601
521 43 999
401 631 246
333 705 193
799 401 113
777 277 159
730 953 273
377 905 564
721 453 291
545 714 836
141 36 701
691 151 604
987 103 217
684 786 786
721 753 200
672 951 858
966 49 749
347 451 321
544 5 305
601 647 833
577 75 767
299 777 399
820 337 801
312 958 913
273 868 881
391 697 576
519 899 121
869 733 585
656 843 967
171 919 167
897 396 881
953 236 551
711 57 51
957 501 129
979 154 461
767 545 278
768 642 408
379 185 593
377 177 451
97 929 689
477 661 196
941 399 251
673 910 593
21 143 651
601 911 999
131 466 724
297 454 840
321 882 721
51 598 990
850 83 533
859 586 523
901 276 563
185 623 931
861 797 185
523 807 282
777 785 561
283 744 355
965 19 737
951 329 121
655 606 65
365 921 967
745 948 158
97 576 899
428 1 576
542 283 571
36 545 929
351 305 831
553 659 171
5 696 53
321 995 471
777 728 221
739 704 851
201 125 450
876 227 641
504 554 977
625 167 887
31 829 306
433 971 361
95 356 789
201 545 208
913 466 276
966 161 571
78 517 569
687 449 810
188 468 612
569 332 783
376 211 325
404 85 291
126 221 121
139 197 537
480 229 521
609 615 285
207 775 345
945 132 781
297 83 377
881 269 353
353 601 965
670 601 472
17 120 619
971 819 675
337 511 551
635 331 401
729 93 121
674 482 326
590 650 54
127 489 826
42 185 55
69 977 475
241 826 931
665 825 314
586 916 817
221 651 956
301 713 691
201 503 339
247 175 723
245 955 87
426 303 836
279 183 625
251 913 265
81 528 522
871 801 34
657 297 349
175 825 461
820 337 434
993 721 825
561 19 454
926 353 256
881 441 635
339 920 669
426 685 689
244 79 571
671 948 893
651 633 681
81 509 661
767 109 166
745 601 141
198 1 638
261 633 507
379 731 873
147 131 836
153 183 354
65 817 94
101 793 491
193 513 747
425 387 566
905 742 854
821 620 929
449 613 841
97 153 229
429 997 670
770 871 96
52 441 641
535 849 505
226 451 807
96 371 1
559 496 17
837 174 621
199 271 376
531 713 945
422 584 105
117 801 881
783 499 478
921 541 545
209 326 346
119 103 798
269 197 441
35 262 544
93 660 225
935 169 521
479 493 158
401 365 874
1 558 257
1 409 251
279 179 385
13 713 260
161 371 652
790 111 371
381 122 496
705 736 241
98 56 701
428 824 61
41 501 281
643 701 284
434 131 764
885 740 891
741 149 689
86 389 591
824 751 227
251 187 301
897 13 249
224 953 738
25 251 43
729 117 927
865 555 109
497 481 201
811 241 617
697 85 345
1 901 696
800 489 382
17 751 229
158 553 926
231 447 711
220 559 836
1 201 428
420 153 185
26 601 115
707 881 697
711 491 733
96 145 765
91 721 836
147 571 219
761 849 321
577 921 111
333 813 44
33 853 383
228 537 451
361 734 341
817 881 665
933 41 781
981 368 827
646 17 295
106 785 229
953 813 86
761 875 566
59 267 727
658 719 289
241 369 711
483 748 779
507 487 193
276 787 182
551 841 861
935 613 721
920 844 741
750 126 219
353 449 545
46 436 511
323 662 569
529 247 665
116 93 135
511 481 840
285 561 176
542 42 525
257 29 255
619 593 181
636 709 680
635 123 377
273 326 337
284 961 521
711 233 517
621 996 469
861 441 607
233 833 553
991 876 261
31 376 603
801 211 189
1 115 466
993 721 195
749 918 497
923 851 361
879 331 978
931 877 631
82 331 727
476 705 666
229 635 561
912 299 426
351 365 555
376 242 874
801 581 773
118 253 457
280 279 826
48 409 253
811 513 385
782 221 908
553 429 956
225 886 81
72 745 519
1 698 165
291 770 141
509 763 160
16 501 681
97 111 403
441 281 901
609 249 761
601 688 759
403 401 101
141 425 41
177 919 49
840 228 251
633 101 655
671 93 981
299 746 251
727 433 161
7 577 769
894 621 657
782 1 147
151 259 655
489 977 392
923 613 201
261 401 489
181 844 1
201 621 905
7 905 271
693 979 976
325 427 163
642 429 569
103 261 403
136 321 331
941 860 300
307 553 608
27 214 675
586 717 801
663 337 681
429 616 964
493 66 77
436 710 546
689 819 273
963 433 228
592 497 301
241 137 835
631 191 886
607 421 281
729 273 861
171 481 151
784 259 820
205 47 596
1 556 521
711 361 477
369 515 749
49 181 162
793 971 278
952 672 723
373 939 464
734 229 864
45 701 521
767 139 21
353 966 394
219 761 723
473 938 165
697 479 801
813 967 153
353 305 461
305 109 178
53 94 403
193 41 31
153 25 301
519 49 745
749 921 693
65 137 487
297 67 453
36 597 107
341 872 765
919 656 176
237 441 835
833 121 985
374 4 793
151 501 687
907 546 918
61 121 51
421 41 601
161 623 565
785 251 534
372 465 480
511 5 784
336 286 165
737 90 743
345 361 641
841 51 948
754 266 665
197 791 893
372 833 850
969 15 406
767 107 465
609 31 860
153 521 446
803 858 665
275 881 330
85 65 465
737 161 140
985 313 297
310 221 281
25 146 275
45 382 105
686 246 81
396 211 710
790 693 754
885 442 649
645 595 657
321 313 1
911 810 475
411 328 840
937 401 305
540 894 98
439 38 855
285 684 708
728 73 195
445 345 15
160 340 919
1 915 406
877 30 189
605 657 121
927 585 709
961 164 401
342 73 801
643 723 449
669 406 85
668 425 841
525 841 961
627 322 577
296 351 262
591 682 726
769 809 877
435 855 649
417 589 575
975 1000 609
51 261 342
61 448 241
161 354 616
905 132 893
491 841 355
292 829 1
381 801 273
228 171 588
93 221 970
95 419 545
684 408 505
91 285 759
351 941 752
122 481 793
259 385 251
211 9 405
736 139 444
766 661 873
302 730 785
766 792 149
960 169 455
753 416 289
345 741 976
293 991 249
237 393 31
247 868 48
380 753 353
683 217 194
437 441 433
35 747 902
889 61 741
486 819 937
396 773 95
305 665 975
737 596 428
321 371 817
705 945 928
545 499 345
217 194 989
208 924 621
658 328 361
107 306 491
717 296 46
206 637 401
436 38 253
321 349 585
461 514 653
546 394 566
505 985 463
208 507 165
27 439 1000
177 53 113
132 493 149
816 371 653
781 21 481
729 393 345
173 365 589
191 621 527
385 679 146
851 101 501
701 351 761
561 473 719
100 425 249
981 365 477
437 246 369
881 512 21
101 421 469
521 866 29
819 849 337
999 861 136
961 305 544
601 651 692
157 361 753
801 893 452
59 305 961
821 729 601
131 801 939
513 51 53
47 990 905
273 816 539
481 791 636
262 696 345
907 569 958
501 905 805
201 795 521
161 1 506
633 87 781
929 187 781
641 981 911
91 313 469
489 311 643
645 600 917
825 49 320
521 89 137
51 545 144
181 417 105
61 885 713
751 457 199
331 834 624
401 763 801
504 687 601
706 477 79
231 773 550
641 469 735
81 617 231
171 587 656
371 91 667
402 914 469
912 729 541
409 841 621
823 401 929
796 176 858
401 586 403
449 97 57
751 706 506
355 647 377
251 913 847
66 531 442
533 575 523
409 995 256
801 304 219
645 447 673
856 437 639
876 126 202
173 51 878
18 533 219
87 731 880
729 902 533
801 919 692
482 529 901
261 789 513
177 330 325
571 618 482
236 673 491
41 893 743
767 33 351
804 81 201
763 329 327
86 254 708
1000 37 741
751 409 197
943 713 81
127 701 691
995 129 241
875 387 256
25 361 431
361 987 661
561 891 931
909 170 872
153 84 662
263 816 368
566 847 319
945 203 801
85 583 905
73 993 801
631 50 676
601 408 50
25 305 593
149 494 297
545 749 726
745 69 501
830 401 289
692 711 82
551 612 873
301 217 160
164 29 121
271 726 969
268 428 984
753 919 917
670 646 161
569 43 471
861 445 563
825 281 496
737 811 441
907 441 131
993 357 362
321 834 223
214 476 241
201 981 361
512 441 457
389 275 889
666 901 881
576 609 859
410 874 351
198 310 251
657 449 977
251 651 21
161 93 201
61 354 889
401 677 104
781 624 433
201 641 627
217 299 67
155 240 18
245 49 846
359 348 191
401 672 428
251 729 652
517 953 225
107 198 49
101 960 858
125 320 206
172 787 294
641 611 751
205 517 626
571 239 633
437 511 189
217 856 891
665 493 68
479 329 553
409 715 841
978 263 977
73 273 445
329 561 776
361 469 413
425 571 41
649 201 364
993 110 826
98 681 883
304 81 5
97 406 241
217 9 236
396 877 881
659 393 617
134 763 860
858 901 667
424 141 57
796 285 873
775 649 807
661 824 151
323 493 215
493 741 894
481 733 381
825 533 945
601 261 891
329 481 701
901 345 449
719 449 66
435 8 376
465 161 190
629 942 943
184 260 30
321 867 479
568 453 201
11 496 602
575 568 1000
131 727 55
926 977 797
13 767 545
469 451 401
200 329 693
841 962 13
1 651 701
845 529 785
641 165 985
465 375 876
949 496 637
140 605 516
893 1000 679
881 601 137
556 741 649
708 926 173
586 142 873
681 593 658
642 239 701
328 641 619
443 553 865
570 495 748
338 167 659
665 301 701
550 761 1
233 567 35
497 543 100
413 94 421
705 709 601
151 189 593
941 820 161
538 504 885
720 195 347
436 26 668
355 512 521
41 526 292
912 101 273
671 541 105
163 703 655
221 521 576
291 560 866
101 401 612
685 737 221
953 300 7
411 613 573
315 741 33
601 281 824
921 130 369
601 639 519
751 123 179
713 825 253
299 941 291
341 765 921
464 106 338
609 995 791
276 340 73
905 642 857
626 626 174
762 310 901
153 346 999
37 620 373
323 603 817
49 401 103
751 929 537
859 553 981
547 649 363
124 337 699
351 969 9
555 401 401
686 289 136
36 661 201
561 187 826
989 845 563
770 100 885
545 497 631
761 141 267
991 404 306
961 143 526
665 65 1
851 809 53
968 716 619
681 81 383
659 271 919
348 473 401
881 656 3
764 198 497
601 864 555
587 361 72
691 595 281
33 465 81
176 533 676
361 333 681
297 873 335
276 457 785
449 499 383
49 17 195
416 815 729
915 609 584
397 60 742
701 589 521
461 159 371
920 724 110
376 360 13
593 709 715
831 783 225
893 647 361
61 495 870
433 994 737
121 596 849
233 449 601
501 121 659
914 238 301
627 436 369
661 598 353
783 353 239
191 796 281
866 568 855
905 577 980
501 105 279
107 181 862
441 881 291
752 140 642
68 141 425
681 815 135
651 712 815
649 25 165
257 790 96
497 673 909
930 177 488
109 264 882
958 217 713
973 518 705
581 197 593
48 78 905
111 244 63
108 741 441
167 83 737
263 263 707
361 281 137
101 701 934
81 852 233
386 793 888
345 82 194
524 241 675
549 711 565
857 776 113
93 786 414
330 424 474
423 581 791
699 735 457
601 471 59
881 346 442
633 392 323
57 919 667
629 105 1000
584 641 829
187 31 566
226 427 924
573 933 721
929 836 649
221 871 513
487 901 597
349 56 424
51 153 657
969 833 280
201 274 95
271 429 127
766 649 261
889 591 451
188 15 201
351 371 801
312 785 621
974 161 837
525 975 809
47 577 601
704 385 439
615 23 51
615 521 367
191 187 260
341 161 343
202 411 391
357 305 141
277 409 221
256 252 485
860 245 786
141 401 9
941 578 601
159 761 499
407 329 195
982 281 158
941 489 781
321 770 989
859 229 178
537 336 936
505 531 581
510 145 973
135 332 671
453 913 652
870 483 421
181 850 791
539 41 826
111 555 121
437 89 331
369 301 481
1 915 803
295 275 521
501 876 875
937 364 281
601 1 941
303 806 705
601 309 548
603 129 833
993 869 801
461 775 786
876 519 281
898 403 313
376 707 219
857 765 821
931 433 964
781 385 77
1 321 1
271 732 11
561 965 627
952 329 321
651 611 689
955 202 947
223 664 855
581 940 18
771 281 295
864 881 117
346 561 901
301 473 858
926 225 491
117 961 524
97 465 849
979 381 151
841 385 797
807 841 113
628 421 931
89 305 225
239 840 619
821 890 131
598 329 633
461 556 242
407 166 631
361 567 947
609 269 985
237 767 381
281 779 146
697 291 241
871 317 497
801 618 940
706 401 646
691 945 921
95 353 511
993 716 557
404 491 521
793 751 141
339 49 745
5 945 481
545 142 726
831 978 903
155 728 928
91 741 769
716 821 150
221 137 617
45 711 30
230 609 191
105 127 57
278 1 451
601 73 411
76 857 121
442 905 657
553 363 731
768 561 149
625 481 247
906 116 11
281 961 462
818 778 27
637 944 221
689 696 775
417 179 281
372 890 308
876 381 146
435 645 973
425 881 335
51 103 981
147 576 593
25 65 853
426 189 443
661 363 291
396 769 976
1 249 867
409 529 511
333 965 177
951 93 609
240 641 675
526 380 169
791 13 701
389 896 304
449 947 81
336 977 451
577 1 581
305 513 11
841 213 972
431 243 921
841 969 476
355 783 765
337 201 337
601 561 715
181 789 180
551 511 301
706 181 235
226 249 567
133 961 595
115 1 62
249 878 961
593 671 417
67 66 584
721 501 286
291 372 521
125 605 750
901 741 122
994 457 9
551 609 441
973 101 123
469 847 588
553 453 517
377 495 575
401 87 351
453 264 772
1 777 671
803 686 199
801 665 421
260 553 637
793 591 537
540 107 513
814 283 254
990 953 149
726 46 920
905 318 221
1 781 305
849 855 740
800 74 191
736 151 425
841 1 711
215 672 829
927 453 9
831 657 927
731 175 929
792 525 386
879 587 313
223 477 162
296 268 637
261 476 259
902 5 133
989 199 389
57 224 611
655 207 131
516 708 967
101 285 814
127 37 410
640 181 431
765 994 21
465 821 126
646 389 987
71 717 821
610 641 513
479 19 751
171 646 26
777 985 21
864 573 241
169 387 409
71 562 915
405 16 939
226 622 233
980 899 289
804 471 617
903 17 351
805 312 753
369 927 221
705 985 498
522 5 825
730 177 512
905 71 4
41 346 705
791 275 79
893 573 185
685 881 496
529 870 677
465 805 400
171 820 311
473 361 546
431 964 151
81 393 896
851 62 613
437 13 617
879 612 283
289 18 31
724 339 301
889 481 746
293 667 189
775 887 41
1 471 601
913 718 613
486 243 25
261 429 136
526 753 735
475 128 817
653 101 597
98 381 216
399 505 111
413 847 993
957 542 401
697 946 889
155 297 919
841 369 241
73 214 278
659 413 138
681 957 801
847 393 529
249 602 846
626 385 31
84 713 551
318 315 561
681 677 553
130 601 335
297 633 900
357 268 201
121 513 791
171 817 705
436 537 565
391 109 377
241 657 737
516 25 831
686 847 911
901 972 895
523 511 854
602 221 367
139 189 185
737 549 84
321 591 561
909 657 75
396 647 652
136 705 91
963 744 836
456 665 506
753 762 13
803 519 466
733 67 281
869 427 702
126 121 777
301 401 171
801 301 813
797 881 999
217 680 870
546 21 37
933 889 146
433 499 701
23 325 101
682 474 17
789 721 639
441 848 429
897 569 233
329 581 201
37 627 242
904 958 467
508 575 454
981 801 71
951 397 596
640 57 631
361 237 675
891 572 831
129 117 244
591 1 11
321 216 985
430 663 60
116 313 339
159 491 665
697 329 366
47 675 574
950 257 119
120 437 841
441 831 162
861 145 677
855 321 961
791 365 385
751 22 981
101 44 837
786 137 1
705 11 40
616 121 957
350 982 932
409 903 905
409 673 613
811 951 1
827 885 119
331 391 941
468 881 414
831 189 781
501 929 465
766 835 876
881 481 49
510 330 369
363 401 133
241 305 861
811 356 723
6 917 241
762 225 73
298 661 592
521 244 219
348 488 659
145 382 881
601 985 136
433 903 877
251 962 689
297 681 501
217 458 301
662 482 976
476 385 731
554 681 515
291 658 29
301 819 857
585 578 777
481 567 175
751 126 201
234 837 569
844 51 481
266 72 185
861 265 923
81 285 251
537 717 581
289 247 101
801 76 881
162 195 961
375 821 215
813 376 823
45 453 37
305 338 100
203 37 701
237 779 327
551 106 307
33 571 272
693 961 626
572 401 101
185 439 361
932 950 41
80 696 636
277 537 771
26 621 277
84 596 366
297 291 705
901 673 707
801 398 253
145 410 631
697 629 741
741 1 102
92 857 490
369 305 59
671 138 933
665 593 289
31 577 633
311 909 389
675 213 313
97 623 57
501 586 613
614 417 233
739 495 385
961 337 361
74 641 17
754 113 393
599 421 251
481 977 663
61 87 355
993 541 423
901 553 804
37 618 811
237 193 335
730 906 991
407 33 741
461 131 496
347 297 347
751 707 719
646 869 931
871 529 440
130 307 809
329 293 329
889 545 311
287 15 721
284 825 431
186 297 471
41 261 581
168 581 945
88 873 279
751 479 203
497 951 441
745 517 671
957 734 461
449 641 606
601 853 826
389 568 417
625 473 1
469 879 453
997 725 316
743 969 241
557 79 957
595 889 481
247 891 67
495 107 2
669 59 755
456 853 901
766 249 961
313 661 950
337 244 475
45 321 761
282 635 343
961 198 401
139 594 221
476 731 397
301 953 826
13 821 201
535 687 779
280 177 861
85 59 981
691 951 487
874 721 907
733 141 411
321 657 411
209 117 817
961 181 981
127 866 669
641 737 905
878 82 461
736 397 509
747 448 597
336 521 63
323 154 873
905 281 625
645 78 741
59 345 947
786 181 107
516 361 591
949 249 772
711 23 265
155 483 441
539 262 609
492 901 1
165 426 938
505 506 1
569 331 461
201 436 281
106 454 689
705 265 686
675 231 285
357 658 679
361 167 919
133 130 476
278 381 980
549 96 145
793 282 986
231 241 635
785 17 865
645 775 801
161 869 867
851 168 431
201 837 462
809 317 280
999 274 273
501 493 133
657 851 401
517 889 533
678 165 625
198 379 621
941 279 697
425 506 921
321 921 761
705 289 571
158 74 121
221 54 441
131 977 396
76 353 78
864 400 891
922 76 911
550 659 93
496 235 123
929 427 886
261 633 441
949 280 449
631 891 381
325 545 763
406 31 153
229 541 961
501 225 671
796 775 959
930 124 576
561 593 757
153 84 241
877 275 1
209 111 13
697 291 821
237 961 681
676 402 601
193 251 423
128 594 842
877 961 495
97 906 883
776 113 1
709 601 493
551 635 926
453 225 619
611 969 758
376 821 717
903 179 536
933 236 805
361 219 1
683 31 420
571 785 457
932 391 245
705 956 363
937 736 429
921 476 608
489 39 839
362 68 185
881 7 781
646 201 701
465 621 337
1 651 241
53 513 573
607 476 501
1 779 792
693 531 611
341 955 291
857 456 359
417 81 701
730 851 143
501 9 452
845 141 598
200 152 609
429 215 266
69 990 386
605 65 828
406 201 818
201 803 536
161 784 869
573 791 176
145 633 843
257 869 257
378 943 471
635 984 817
111 666 329
19 853 344
781 423 438
167 339 81
94 65 374
951 650 136
171 515 474
86 207 417
511 129 261
101 359 601
657 409 163
393 901 76
129 851 353
364 436 341
513 155 393
755 249 285
121 88 229
87 881 929
321 268 871
567 608 645
712 101 30
930 396 387
999 979 873
705 555 241
655 226 443
725 961 501
373 77 776
825 649 369
659 323 943
141 413 921
671 49 55
409 89 255
656 400 623
304 529 621
839 411 572
706 621 38
816 455 41
41 357 671
53 667 693
181 893 423
701 521 448
149 929 913
441 846 815
871 367 825
521 92 625
851 919 389
465 81 61
199 331 71
93 753 41
618 177 1
121 813 445
681 529 775
73 282 767
46 798 233
569 966 992
169 945 917
994 473 904
953 819 661
25 631 133
783 242 745
222 201 986
309 515 275
951 631 705
370 933 511
351 113 226
705 665 811
129 69 572
273 661 649
371 265 201
761 953 781
17 352 831
958 75 441
461 477 570
585 270 397
513 1 794
217 671 553
930 403 553
305 373 655
562 8 921
781 648 831
466 157 725
291 970 901
78 181 301
521 123 185
731 51 516
545 482 169
385 785 361
352 425 1
851 681 609
666 1 298
177 843 802
301 129 41
533 201 843
29 213 976
521 973 131
398 769 541
363 186 756
599 57 301
613 621 657
76 281 371
893 146 881
181 761 251
253 931 236
692 182 1
845 657 169
39 35 961
846 145 731
401 625 41
633 681 649
766 861 501
516 815 58
28 470 9
996 355 294
646 559 859
609 130 41
126 43 141
713 913 451
103 163 641
201 135 661
983 677 221
114 624 601
793 151 691
939 113 150
521 401 831
657 476 642
56 932 981
905 803 592
171 849 93
333 625 333
673 941 988
459 428 281
969 873 604
319 681 541
985 705 273
801 1 407
61 921 841
533 693 812
599 581 935
247 671 321
169 951 909
116 391 137
865 445 43
651 331 48
321 963 209
303 274 165
628 785 499
211 553 481
157 373 365
795 588 209
477 387 449
931 814 961
331 777 1
257 366 111
593 857 753
196 561 861
557 571 149
461 729 97
681 291 628
481 217 681
889 647 676
788 329 154
901 602 201
721 537 76
241 549 849
153 961 766
897 250 860
576 1 85
661 521 377
317 281 111
827 915 406
881 956 841
921 829 119
277 392 814
306 871 269
337 813 993
600 275 353
991 241 411
49 514 283
513 561 867
501 501 645
593 189 553
514 345 639
893 473 161
103 361 133
743 466 501
453 796 255
758 388 821
501 876 121
361 465 759
194 511 937
964 777 401
921 981 465
567 736 366
631 953 801
717 681 201
535 89 451
720 881 671
5 3 107
391 668 621
681 744 676
25 281 777
601 3 473
919 465 62
766 375 786
305 25 321
895 751 799
447 734 625
235 692 791
647 489 603
638 287 745
345 794 647
1 581 609
866 516 999
929 731 81
297 181 161
772 581 361
839 361 905
1 122 38
602 89 75
785 623 285
447 421 493
933 264 479
529 543 234
793 341 551
841 848 81
241 80 397
26 849 97
361 181 213
913 57 635
721 727 755
32 826 230
855 796 251
896 847 570
397 72 221
136 158 980
651 381 267
289 665 92
936 417 99
663 651 315
276 841 763
901 641 451
549 613 838
531 878 401
581 863 713
325 831 86
29 475 336
481 576 242
461 145 205
462 865 535
115 734 291
765 715 641
551 917 423
906 446 91
41 494 516
37 912 633
745 813 58
851 965 969
660 17 520
804 729 983
233 281 26
195 809 489
670 976 561
381 65 41
79 427 545
972 737 11
557 275 601
361 573 541
221 101 338
89 876 524
121 517 327
779 761 126
51 51 159
569 719 829
531 157 615
785 511 321
601 893 590
763 177 993
589 245 571
377 857 1
241 245 655
132 162 401
905 577 111
891 861 749
775 909 481
876 216 435
735 1 47
574 41 976
933 690 996
241 925 929
775 261 734
999 837 863
922 501 749
691 936 489
701 425 523
94 976 375
968 61 561
201 384 750
601 233 557
738 829 846
622 823 459
461 836 277
863 595 585
303 169 831
801 381 666
787 221 985
863 785 103
221 249 761
776 721 759
565 421 821
911 617 526
231 871 116
17 117 417
203 501 39
897 241 695
133 923 937
457 735 171
141 589 801
581 468 497
641 621 837
437 28 237
201 224 941
569 881 273
546 103 991
449 95 343
57 990 857
187 861 429
306 961 183
101 425 556
559 866 201
105 236 751
563 951 977
903 381 885
642 401 289
87 129 621
881 713 988
961 751 909
917 141 322
117 873 273
421 957 651
751 896 101
505 921 305
949 601 733
417 905 781
240 263 52
241 161 591
737 454 765
183 526 649
297 192 529
538 361 631
401 505 929
785 565 584
341 17 971
267 905 96
616 849 520
174 621 681
168 713 743
1 101 273
126 505 473
871 849 227
178 81 465
351 975 735
49 801 56
897 19 41
109 161 521
57 121 17
473 731 941
241 416 481
524 400 985
57 888 253
569 33 473
101 746 250
633 389 441
561 276 551
321 401 801
351 465 57
166 299 926
17 988 921
22 801 561
544 636 857
185 265 625
681 599 17
351 895 687
129 131 661
778 602 712
733 895 475
611 193 52
577 241 791
865 155 91
801 249 181
394 542 377
839 681 461
651 933 41
98 837 867
209 773 179
901 933 481
381 889 57
872 249 864
77 861 633
178 86 513
438 401 465
371 868 121
621 491 1
149 269 801
226 81 611
393 906 456
1 781 169
633 261 913
41 159 346
89 806 210
701 733 785
397 837 856
912 541 561
466 259 380
601 206 41
295 617 462
569 351 147
49 303 58
881 786 301
713 954 125
221 780 185
53 41 185
449 545 326
405 685 354
222 28 862
201 370 777
831 441 836
325 549 5
322 501 721
793 389 958
256 959 665
379 965 423
785 755 67
941 405 114
252 221 200
134 277 566
126 689 137
621 47 401
201 29 420
766 169 649
188 981 1
403 106 493
585 409 681
680 326 386
753 633 96
987 617 201
655 121 630
891 363 501
533 335 250
316 961 17
619 945 577
881 964 819
39 862 1
233 401 401
821 561 48
481 813 24
53 835 21
961 348 221
801 265 35
275 313 457
320 593 96
261 286 257
191 573 265
409 929 761
905 50 696
817 933 811
169 269 483
567 905 481
927 149 505
100 569 939
702 185 431
41 31 269
449 903 758
82 241 838
807 473 97
945 551 93
937 717 111
843 985 225
393 82 431
655 201 111
114 651 926
350 365 625
547 412 465
146 773 629
9 362 733
996 655 386
501 919 8
162 241 757
392 281 988
218 971 776
601 249 33
587 239 7
771 105 815
201 921 432
505 599 531
794 977 83
535 983 920
711 792 237
247 193 521
27 350 331
167 671 921
305 581 251
337 505 873
184 765 346
561 841 37
201 281 496
835 641 797
397 809 81
987 993 169
821 451 205
427 897 433
557 257 521
795 409 813
690 485 437
781 37 113
200 297 741
657 674 171
629 721 665
847 581 73
689 126 466
857 721 441
299 355 676
113 593 385
417 871 56
602 371 251
161 456 756
416 187 681
909 680 904
905 471 891
869 189 566
542 309 586
662 329 51
421 374 277
771 945 61
89 739 481
801 898 57
625 344 271
552 930 574
44 396 489
61 400 459
601 206 825
193 275 429
327 161 935
317 297 1
513 900 477
257 17 629
554 905 254
319 432 79
906 533 879
507 893 417
577 9 953
245 121 211
385 794 805
21 481 507
631 778 45
669 141 369
935 846 819
41 349 121
29 641 341
423 829 194
686 279 20
851 323 748
436 251 417
337 157 633
93 417 713
754 881 88
557 563 17
569 716 376
161 633 732
876 553 557
934 363 203
