3729
518 835 16
493 11 309
109 129 927
467 841 965
241 943 46
753 901 642
25 996 681
189 359 53
541 733 505
441 489 777
689 95 514
759 833 470
709 969 509
621 574 661
626 94 926
871 370 30
176 455 399
153 876 456
653 893 651
576 891 409
121 620 217
467 689 175
569 999 577
675 235 796
869 801 471
699 781 33
331 283 534
581 200 636
526 231 705
961 139 281
61 311 471
769 203 761
521 401 137
982 561 641
993 611 526
921 255 857
587 374 416
720 873 271
829 389 505
275 612 125
793 993 389
917 729 275
815 980 553
767 12 201
416 76 115
841 104 709
756 254 193
967 631 345
909 416 101
740 615 459
665 401 239
937 921 195
647 598 501
993 649 243
398 851 945
955 182 208
349 881 651
725 143 871
645 137 835
665 360 321
559 81 83
301 497 552
19 957 193
68 721 91
871 57 247
528 991 853
547 61 601
511 217 862
685 180 113
701 433 131
831 744 376
359 965 809
324 903 807
778 529 421
821 714 379
761 681 135
483 603 869
762 489 725
798 949 313
444 573 809
273 627 643
606 839 987
126 393 66
29 481 768
809 401 847
718 835 751
609 669 221
112 875 126
98 283 711
402 544 156
829 1 560
273 657 387
626 401 839
681 245 561
175 177 579
255 365 946
401 253 251
877 1 347
265 331 861
145 899 503
513 213 313
726 151 891
313 132 307
915 412 606
880 525 671
345 305 396
335 901 735
631 622 625
45 473 785
42 119 105
145 175 671
779 723 387
481 601 701
356 351 441
865 519 488
599 30 129
113 81 61
636 660 367
391 804 696
763 673 21
361 961 436
387 193 41
49 660 97
359 898 353
457 257 155
412 541 614
289 311 613
209 701 271
627 793 1
431 821 76
901 63 289
588 501 901
231 545 72
785 973 1
977 1 589
687 436 334
380 93 85
476 685 221
521 617 605
285 491 129
430 705 979
5 157 814
601 661 813
220 471 837
343 746 731
441 679 239
351 811 923
789 196 153
385 653 171
51 285 401
506 309 445
657 873 801
529 121 373
607 150 831
528 361 293
915 469 792
847 493 673
177 621 521
313 351 631
571 145 137
236 171 238
513 553 51
978 499 937
911 981 126
466 73 767
625 77 459
301 790 699
971 781 595
45 227 697
769 973 765
769 765 921
785 157 308
701 501 707
168 793 961
883 25 883
889 558 537
39 426 161
315 456 221
241 290 47
326 247 671
589 617 801
961 619 619
897 543 603
685 105 729
981 963 177
836 590 126
821 30 185
27 273 616
289 810 681
657 897 833
304 465 705
671 941 684
561 836 11
146 124 310
585 251 643
102 398 908
347 967 733
277 176 516
641 51 465
251 235 19
837 92 405
893 451 693
181 279 468
749 793 425
767 751 701
542 691 521
513 301 532
180 476 240
897 513 475
951 731 971
273 251 361
177 721 244
161 346 195
41 841 361
741 694 217
121 927 137
905 469 153
663 159 505
129 849 313
476 63 729
790 221 783
381 353 551
767 385 51
648 121 451
595 495 15
471 277 911
621 777 714
136 441 917
365 627 965
441 841 661
63 849 351
717 953 403
86 593 76
151 689 581
789 121 202
716 185 85
205 178 207
777 209 91
809 320 441
569 961 891
106 45 89
621 761 601
762 400 121
827 55 391
125 226 921
773 21 821
25 945 605
201 101 581
946 694 751
777 293 869
853 541 569
525 685 27
766 301 584
501 209 589
945 299 25
742 286 735
800 937 417
705 701 210
445 873 625
825 656 605
203 633 513
913 951 117
321 954 273
421 158 25
21 129 773
433 623 513
145 554 455
193 954 857
911 252 596
681 441 306
84 1 229
469 579 219
789 821 741
925 509 905
453 991 299
234 896 881
729 501 961
129 797 676
317 351 101
598 441 616
181 316 131
153 41 427
286 997 901
977 501 573
261 501 341
296 842 130
943 685 325
457 621 895
951 371 216
779 945 682
876 223 785
760 887 536
425 417 735
283 280 1
51 925 746
678 699 561
761 561 347
265 821 418
121 653 929
497 337 901
226 278 90
865 61 433
507 125 225
276 81 401
32 881 85
998 101 347
311 587 861
851 801 345
961 772 33
873 549 913
745 506 993
409 101 303
468 871 654
26 431 274
582 463 523
786 871 151
587 107 900
298 507 201
116 821 841
977 616 649
865 76 891
501 698 261
291 551 881
449 631 489
926 63 276
99 53 505
161 77 181
764 969 991
174 149 364
714 579 303
505 496 661
207 431 971
264 861 101
781 611 571
497 931 866
31 837 402
278 825 4
629 339 201
47 176 663
233 41 616
21 126 726
549 557 401
109 591 601
25 273 446
409 849 209
881 397 501
155 913 213
591 521 682
849 153 529
581 299 321
266 151 441
786 789 365
629 151 861
700 3 911
138 273 629
763 751 675
761 761 209
825 489 481
876 351 184
41 845 49
953 351 553
225 33 831
65 608 176
156 657 521
449 411 81
1 754 165
593 121 876
34 293 813
445 776 321
867 526 193
876 626 561
897 665 75
815 724 15
881 815 761
507 535 695
937 899 705
301 410 890
367 544 961
61 161 965
4 441 953
183 849 121
418 166 768
395 963 241
55 85 339
322 409 397
331 236 817
543 338 921
701 611 483
237 561 626
461 421 728
945 902 233
495 619 581
101 250 397
64 711 281
965 252 245
123 745 393
87 791 201
731 9 33
951 27 515
441 897 788
790 401 649
681 209 606
331 945 260
236 1 89
761 185 356
611 385 996
669 910 621
112 769 686
641 249 810
957 541 847
533 843 476
943 161 799
364 463 795
83 121 1
848 273 81
401 325 905
865 841 609
328 270 845
217 737 776
393 628 225
377 921 361
2 883 719
918 729 745
905 257 551
881 911 177
773 633 915
918 765 577
1 125 729
628 409 870
629 629 28
101 484 201
351 735 453
105 937 129
34 121 541
957 27 817
515 826 529
955 658 393
889 731 245
92 689 607
609 347 721
881 157 321
113 360 357
855 9 636
911 915 893
589 685 221
157 441 385
1 561 721
977 873 273
777 844 733
383 121 920
801 209 561
745 351 561
81 897 598
98 377 377
713 463 861
600 501 873
241 657 81
921 577 224
399 581 911
783 77 757
565 101 14
973 425 161
993 705 441
145 789 349
946 1 625
475 531 768
940 137 695
446 125 708
285 147 545
581 215 201
104 921 201
201 9 440
349 639 837
329 347 983
677 705 670
449 399 537
535 981 5
121 889 939
289 571 605
115 841 651
811 253 566
317 206 245
465 1 634
299 809 221
889 241 977
224 709 71
601 999 185
704 411 41
753 661 409
567 657 337
712 887 501
52 272 881
737 781 773
823 374 322
641 473 166
851 677 486
901 653 517
627 210 941
947 97 633
523 231 125
431 63 501
564 465 659
212 841 985
701 711 481
234 449 801
788 714 400
556 226 837
439 821 587
581 963 935
889 767 74
721 919 749
457 974 372
855 993 956
881 519 477
315 261 409
850 874 423
951 204 532
41 704 605
913 113 28
649 165 577
382 486 229
801 677 729
868 285 351
291 237 385
649 135 192
476 871 465
837 86 465
545 31 57
634 783 646
767 297 685
580 806 706
613 629 969
825 225 269
651 935 596
323 121 613
657 239 401
107 782 461
33 57 591
841 250 461
964 513 289
527 87 983
341 381 848
501 547 51
965 959 189
537 365 841
481 929 771
744 953 953
45 869 593
772 699 279
817 341 16
561 914 861
942 639 385
495 113 301
682 105 509
511 458 21
517 219 468
801 41 218
547 265 863
57 286 643
873 634 597
431 708 341
369 158 323
272 518 978
65 955 679
195 181 200
49 109 527
491 295 251
168 487 419
767 300 176
973 113 69
251 964 972
651 205 580
197 229 183
203 479 169
977 117 441
201 51 405
869 876 521
193 284 285
316 268 211
801 175 337
881 318 71
118 157 278
241 129 337
268 841 501
201 657 97
394 165 89
309 705 521
213 863 747
1 726 945
657 85 969
897 251 53
866 689 485
283 793 281
89 606 121
761 638 995
531 713 120
617 909 681
61 121 201
627 763 81
81 173 369
181 1 23
762 767 141
1 357 511
851 721 601
111 241 99
898 254 23
415 301 519
820 596 251
245 362 641
390 457 1
714 143 257
266 834 497
12 222 994
765 11 265
896 905 905
505 553 65
31 449 361
673 553 955
546 151 838
44 206 522
287 965 169
755 162 533
845 773 627
451 369 442
205 625 261
161 247 53
329 945 865
423 651 637
581 510 479
670 347 416
929 411 687
913 193 201
357 523 895
221 553 376
311 979 737
905 895 194
199 723 313
599 533 175
736 207 341
545 596 385
676 985 691
697 66 776
331 578 523
111 416 931
469 561 941
265 241 966
985 309 931
421 673 415
317 129 121
148 433 937
256 142 449
121 396 28
637 591 141
876 875 817
439 521 579
565 559 833
539 49 243
160 720 830
785 51 361
6 421 553
461 913 905
576 761 404
66 325 146
87 237 446
713 501 376
36 318 505
459 438 865
785 17 449
489 451 234
428 328 571
139 763 627
797 153 257
73 201 454
851 196 27
901 162 195
921 702 38
866 657 936
511 253 541
550 133 257
387 776 241
898 885 960
726 421 377
201 703 830
109 767 777
359 36 966
327 653 627
381 881 417
937 896 745
242 483 1
151 233 86
526 436 43
759 264 507
505 776 52
795 34 882
369 943 954
23 689 865
6 920 87
56 857 604
977 171 51
269 901 401
884 691 189
733 640 61
565 473 175
311 658 61
657 868 289
101 737 1
812 713 961
461 845 736
439 103 76
154 606 816
977 863 217
920 807 436
644 385 297
109 143 662
1 209 531
484 939 196
677 971 601
731 910 450
652 143 656
953 97 401
683 524 1
295 749 956
471 585 341
919 96 556
201 201 744
682 469 181
401 121 840
696 265 831
12 892 307
669 385 244
667 253 103
585 711 549
125 455 401
221 168 250
493 29 607
510 784 509
326 453 921
35 985 345
711 29 303
971 125 946
143 530 112
523 993 697
201 335 651
131 956 994
769 320 81
279 741 513
85 961 368
164 137 631
265 817 971
321 966 571
319 623 821
251 929 902
801 646 841
482 48 626
851 425 336
616 373 347
553 588 815
979 769 697
177 90 731
491 498 221
201 884 821
601 313 885
551 265 295
751 855 537
85 121 939
481 861 504
256 147 33
741 897 51
246 921 385
432 296 835
517 288 279
856 317 315
637 909 806
793 421 5
993 935 951
399 153 385
680 125 969
657 227 113
815 616 722
970 306 407
892 577 201
604 964 833
25 709 336
749 970 921
329 219 181
565 879 553
37 817 685
736 457 529
167 303 730
550 41 884
339 937 895
486 855 831
952 387 750
795 613 98
17 335 941
441 449 366
611 787 808
866 211 951
751 601 257
833 69 933
695 136 999
121 307 927
613 766 99
67 267 876
49 453 101
151 231 545
885 33 541
881 45 930
737 233 497
530 893 761
492 243 421
305 143 31
421 247 997
889 685 497
605 257 68
291 115 449
973 262 125
873 913 322
41 601 251
363 691 325
237 486 711
422 171 721
951 869 497
891 876 851
345 721 361
211 389 277
527 45 741
787 627 457
113 839 867
131 625 985
761 205 741
664 933 332
103 116 361
998 509 402
764 233 587
530 967 707
166 609 178
241 537 141
873 626 226
876 205 917
591 294 103
546 999 96
263 783 33
801 521 381
345 465 32
955 117 118
535 685 141
425 705 987
960 867 255
711 97 545
841 755 89
586 935 936
581 521 53
681 351 269
790 261 289
786 585 801
48 85 4
277 659 271
269 253 601
585 969 181
568 517 251
737 457 253
659 779 269
469 163 513
291 890 911
393 829 556
843 387 883
785 28 225
393 363 821
247 879 638
628 451 73
827 845 85
887 967 433
961 487 752
101 591 31
716 341 204
111 918 489
184 317 113
529 35 229
705 515 335
365 519 905
67 384 126
41 89 802
965 976 855
251 641 61
972 928 396
906 527 299
482 757 177
572 409 541
293 948 807
441 101 130
256 101 420
103 617 748
669 945 110
545 619 393
279 841 267
887 901 851
631 743 806
201 785 39
785 409 221
337 751 240
301 198 725
717 665 510
901 905 801
765 605 390
296 683 833
251 693 71
461 105 522
521 513 998
629 417 601
294 576 861
385 197 194
977 879 301
890 419 511
3 65 895
481 458 273
901 536 707
857 781 879
537 473 944
771 194 91
255 540 721
905 969 367
175 785 914
54 393 467
821 95 713
581 358 169
313 341 117
419 2 861
480 801 957
665 391 685
211 578 25
985 225 133
491 180 922
904 175 937
934 251 126
956 899 889
935 745 423
654 985 659
227 25 388
1 747 737
913 889 621
846 641 601
401 240 251
596 566 489
601 727 357
845 713 614
3 575 509
30 913 501
791 141 943
84 637 641
567 356 609
251 705 929
126 877 651
441 500 517
719 169 162
921 959 441
415 672 652
382 701 353
534 857 399
1 999 351
137 161 703
593 41 721
63 90 721
461 737 105
23 211 69
479 641 587
833 527 49
825 141 571
307 57 564
201 61 155
566 673 184
941 617 691
25 17 521
951 606 517
882 263 297
813 560 681
493 225 3
315 965 959
603 69 438
661 153 756
181 819 907
364 889 305
356 460 811
601 713 1
164 685 701
27 104 217
233 904 540
446 150 856
668 463 772
126 375 261
974 431 985
743 863 615
21 89 926
797 801 891
261 933 381
843 835 769
311 395 245
122 776 629
481 781 876
81 239 376
820 193 682
975 661 695
201 151 874
351 515 931
666 284 417
609 979 321
346 831 998
646 681 641
263 41 429
23 637 301
449 681 505
41 289 281
707 946 498
282 575 641
568 336 296
317 786 217
561 405 484
608 171 26
543 652 134
601 633 689
41 234 541
870 393 865
126 263 773
606 41 302
600 877 792
642 61 633
593 660 178
529 463 441
341 269 249
284 567 244
895 896 547
695 925 561
41 517 445
905 41 849
51 593 473
727 449 350
786 185 165
911 437 876
877 502 593
631 201 997
133 166 283
351 901 851
721 493 529
170 806 25
655 921 73
241 861 281
589 749 574
188 651 293
61 151 21
287 387 73
417 391 521
593 937 176
785 441 431
991 153 887
136 863 111
721 78 288
65 931 645
902 345 853
855 307 869
713 665 329
608 196 537
809 641 621
881 381 325
41 721 811
382 449 162
210 1 666
613 111 930
149 93 809
891 451 817
168 41 840
592 726 857
729 348 960
497 129 311
648 641 786
947 601 113
146 271 627
351 372 166
643 489 251
653 293 275
761 221 321
933 478 513
699 653 711
390 514 249
613 841 433
821 761 81
747 357 429
946 309 461
301 87 231
353 151 106
183 1 1
269 939 861
311 421 503
367 297 292
65 581 414
1 260 491
265 498 968
299 308 813
938 590 546
954 685 863
851 525 593
261 797 767
501 701 987
721 489 77
187 355 864
681 227 661
366 249 111
168 356 927
972 630 736
145 790 901
261 829 657
481 211 644
47 801 973
363 347 26
610 457 361
671 140 119
385 18 936
229 488 622
920 515 301
321 41 225
905 730 381
33 781 95
129 77 627
1000 651 341
67 217 243
976 656 193
681 672 901
296 536 569
746 381 973
889 396 317
441 570 969
348 349 96
961 686 381
621 573 521
297 541 358
111 819 441
171 581 164
182 777 797
272 489 345
321 97 359
45 121 537
873 100 406
641 825 201
909 281 977
277 840 771
927 73 981
223 969 443
55 713 953
743 259 437
991 517 803
57 661 83
426 959 533
218 714 321
290 769 669
861 949 581
434 459 495
390 73 169
396 148 169
944 351 366
421 187 249
669 811 525
570 393 457
500 960 497
651 697 369
29 648 481
563 264 203
485 850 776
656 561 2
746 613 114
463 625 815
201 713 77
828 651 461
76 733 201
6 547 817
905 817 327
273 767 297
961 309 676
111 45 345
728 289 127
361 692 465
236 9 700
250 777 885
963 479 427
355 215 798
89 738 418
11 69 571
631 25 182
441 279 466
550 601 22
921 491 193
772 625 575
550 190 551
688 685 109
339 463 205
766 365 445
273 766 697
141 617 641
501 869 675
401 865 927
417 465 887
451 779 12
300 256 300
213 49 166
489 61 278
521 911 751
689 426 603
794 801 771
66 313 865
761 426 361
529 513 2
844 33 951
245 301 97
478 737 268
773 220 501
376 963 961
153 17 154
17 88 241
689 345 281
402 905 807
231 751 513
463 646 876
761 794 934
157 159 931
561 741 196
373 76 626
549 707 691
125 709 520
431 61 161
751 396 169
344 449 817
517 81 408
911 105 991
145 835 41
305 931 397
521 618 805
297 362 13
630 153 676
105 813 906
701 179 533
249 286 673
964 269 290
111 401 44
179 249 955
733 136 985
845 478 539
742 784 751
551 779 357
299 873 708
749 135 401
41 655 797
137 695 179
201 904 140
701 635 362
97 421 214
149 67 533
665 767 1
621 915 507
681 675 177
847 926 81
41 538 989
885 703 195
956 105 577
958 713 395
916 745 381
505 429 83
761 169 121
777 19 905
111 457 573
241 129 351
846 937 749
37 401 375
121 493 837
459 281 815
623 527 886
425 567 545
664 51 221
61 179 633
206 338 441
479 637 473
649 19 393
457 701 101
571 873 533
921 41 632
846 407 535
815 763 129
741 401 561
143 157 841
407 893 459
101 505 399
537 582 119
1 609 965
823 497 109
241 7 807
147 19 381
783 533 227
811 161 612
881 761 677
81 961 593
23 157 525
157 357 232
1 788 713
682 609 892
448 31 873
409 285 651
905 931 617
541 681 49
941 899 717
681 341 185
911 657 481
238 73 53
561 736 396
1 805 617
741 991 355
345 901 45
596 778 11
486 423 453
234 820 920
525 173 881
630 521 305
541 71 315
201 20 200
397 185 569
866 201 215
626 371 512
249 741 587
977 673 67
100 177 355
401 29 712
871 650 759
345 38 84
286 544 497
781 953 131
711 311 681
176 385 827
864 179 824
901 218 383
633 813 135
665 977 465
317 530 321
689 441 41
735 159 445
896 281 163
841 665 41
32 605 326
825 97 879
573 341 549
601 943 905
301 249 751
663 409 597
883 411 903
51 786 16
537 617 569
765 823 259
196 71 995
890 622 153
661 369 737
490 827 801
535 491 473
597 32 113
855 567 655
295 561 433
201 633 891
891 743 265
31 713 722
651 777 656
841 799 25
677 385 377
557 76 286
329 433 177
255 656 241
185 269 884
297 467 761
788 106 426
970 459 401
42 908 321
61 927 833
75 129 978
891 377 296
16 498 117
788 376 321
357 313 135
281 481 887
428 849 966
836 81 359
522 444 313
353 42 828
169 26 89
823 137 982
377 105 601
358 22 721
349 731 801
510 877 623
487 521 901
867 621 17
861 577 45
819 321 616
186 787 515
213 291 127
43 497 581
666 201 121
719 164 126
109 753 539
651 177 103
477 382 208
801 57 629
337 593 701
377 801 485
873 435 721
523 695 797
260 793 617
237 25 637
426 441 747
41 1 55
905 949 617
323 476 1
421 366 863
689 976 206
908 419 961
176 540 369
1 641 695
572 601 701
833 191 501
49 538 883
217 164 453
137 1 777
31 371 697
629 451 723
799 688 213
91 488 321
206 975 971
411 209 629
771 134 433
770 648 857
102 185 885
505 331 862
811 595 91
921 201 393
501 657 393
491 269 57
473 537 318
149 501 888
223 194 985
476 319 329
653 1 82
989 727 977
761 746 700
69 862 136
606 487 299
804 329 251
403 349 839
798 49 301
3 543 214
673 684 59
512 58 999
913 761 141
920 364 389
501 376 583
701 665 324
466 35 351
919 555 997
537 626 953
73 624 177
551 346 553
497 9 443
252 970 881
671 541 956
321 376 497
693 752 215
741 907 71
179 771 697
221 629 521
892 601 50
545 657 524
89 713 896
901 507 983
207 576 1
374 911 105
349 665 876
905 289 861
865 9 741
529 725 788
701 25 121
601 241 150
256 721 277
521 329 539
269 194 703
291 161 429
453 717 726
24 995 862
901 411 551
421 337 707
105 63 537
172 601 140
641 325 441
10 341 201
960 505 616
334 241 769
901 465 79
21 76 697
799 591 283
961 798 185
473 641 61
587 681 682
621 123 504
801 321 183
926 824 686
231 5 801
121 8 223
468 391 213
2 625 963
753 166 409
881 677 433
361 1 946
99 704 533
743 894 471
606 81 960
637 541 55
187 289 687
111 173 755
389 925 53
661 553 157
360 364 701
781 429 741
634 244 990
501 144 13
518 561 928
833 151 458
817 137 481
501 1 570
17 261 433
76 181 653
653 81 195
225 541 953
681 721 568
348 359 113
351 679 745
533 584 649
22 593 171
525 561 457
726 406 691
449 137 451
111 858 317
771 313 936
391 9 933
181 886 821
117 587 186
137 769 121
289 561 1
873 199 957
421 375 185
97 209 410
295 366 905
484 826 708
956 257 631
201 163 361
301 901 169
975 253 961
546 701 941
155 905 961
326 555 101
103 816 578
226 31 281
821 557 63
65 449 526
50 521 921
688 185 595
491 322 717
601 251 551
585 529 230
909 261 911
701 684 65
201 77 753
228 962 937
333 145 987
201 290 575
881 35 410
703 847 833
755 30 553
530 457 231
201 57 577
321 693 816
579 345 967
993 401 565
623 406 1
44 951 371
727 387 428
401 195 129
885 705 377
627 361 823
185 278 217
446 85 236
767 637 558
791 185 95
715 809 220
145 713 778
529 395 505
377 461 736
135 494 428
155 444 569
477 941 486
735 638 649
951 941 666
277 419 984
289 937 415
481 658 565
769 579 626
501 587 825
689 113 1
301 567 454
681 799 620
362 1 616
611 932 252
466 750 713
627 445 426
315 551 677
532 167 531
616 379 311
217 764 881
213 915 613
861 297 441
554 837 48
961 215 716
151 435 113
607 997 441
381 171 916
31 681 569
90 731 355
773 50 924
41 986 761
1 771 601
361 223 398
578 597 901
661 91 237
261 249 513
166 357 601
301 189 726
304 201 421
716 41 1
851 569 277
592 409 840
891 509 384
137 515 117
969 538 652
961 697 759
693 717 706
148 56 913
945 147 661
115 441 751
266 56 17
251 213 77
961 774 580
976 147 521
984 601 117
105 161 993
965 52 385
689 585 413
741 727 406
878 586 693
465 918 901
157 203 933
677 975 546
336 564 285
7 62 345
681 927 73
363 575 826
323 313 647
331 825 605
999 957 320
873 28 279
168 491 1
886 421 351
701 219 988
401 989 125
345 361 411
516 447 14
711 145 851
424 963 160
776 197 936
633 175 89
601 1 714
83 643 329
548 699 131
340 364 436
243 563 336
177 351 481
926 604 813
697 181 671
7 691 641
61 728 661
774 481 669
36 799 641
509 117 817
976 577 105
584 311 529
937 561 309
181 651 79
923 803 581
548 922 121
637 93 901
788 213 833
124 241 686
971 289 251
29 763 401
246 201 757
965 969 179
871 873 325
502 641 177
735 563 492
561 361 405
902 873 277
71 445 916
474 841 177
625 286 723
13 925 108
605 146 393
559 961 129
903 831 179
327 561 519
435 351 305
818 729 681
655 513 917
908 841 889
121 361 262
946 845 231
251 61 441
401 1 541
286 429 737
607 865 98
796 555 238
545 221 591
785 982 633
975 140 732
201 937 856
194 489 301
753 476 266
111 817 647
429 801 89
481 955 351
781 467 251
561 891 371
229 920 504
617 333 649
301 751 287
149 251 1
763 916 141
435 681 305
338 421 606
492 240 61
373 745 852
297 801 701
379 433 465
433 309 231
233 351 801
15 611 817
553 601 6
833 271 969
541 606 843
425 33 617
815 899 801
161 549 445
811 931 398
511 236 281
33 277 992
798 787 545
657 56 162
437 641 711
167 265 87
705 705 621
231 835 561
279 542 451
191 518 697
623 116 618
743 301 809
519 707 407
956 685 402
147 619 983
671 191 423
867 897 848
986 839 400
501 121 385
383 455 411
533 681 589
85 401 346
799 258 913
862 73 645
861 735 353
745 677 953
281 651 21
752 511 219
381 833 851
765 404 657
724 907 897
541 449 169
904 369 211
572 17 121
287 761 732
511 251 751
857 372 993
871 562 186
567 701 456
901 735 226
78 359 985
721 241 931
411 993 189
841 569 417
337 633 945
313 603 169
491 469 183
901 391 663
639 603 541
379 985 889
916 289 719
759 883 969
986 603 457
827 892 373
301 251 41
641 381 691
711 331 726
637 673 155
89 101 294
25 205 926
145 983 841
901 81 641
525 601 157
249 97 656
923 497 619
865 353 281
441 81 12
601 839 404
534 977 401
767 515 207
357 967 709
657 869 713
973 481 212
450 401 354
827 875 922
945 978 417
780 304 421
834 101 1
701 105 508
789 52 107
292 29 716
125 217 305
444 630 290
586 441 549
843 676 839
885 741 224
891 345 721
375 711 751
537 221 799
71 234 111
101 269 873
437 3 635
57 782 271
56 821 532
551 301 785
697 209 993
313 351 1
718 577 811
921 894 389
625 104 599
561 446 668
751 87 572
287 474 161
881 9 569
889 184 873
610 283 202
581 551 501
226 97 277
779 251 738
89 581 201
710 473 841
946 185 601
310 81 717
985 243 313
749 823 581
580 996 936
281 470 267
881 645 753
971 665 687
692 695 335
731 473 801
917 891 757
563 987 259
5 330 705
689 971 537
125 399 173
625 131 363
921 559 776
37 809 148
351 837 855
921 925 766
82 320 309
167 851 39
473 841 885
353 817 833
641 241 541
993 356 25
465 511 835
271 3 936
133 539 56
489 49 493
201 405 29
701 815 418
465 959 997
129 386 92
446 853 316
659 208 173
451 115 175
799 869 313
481 91 501
501 333 320
160 465 885
6 737 556
617 469 36
592 116 519
911 648 529
826 72 433
243 909 107
332 27 417
626 105 381
514 1 836
261 101 647
851 188 8
467 23 969
361 81 753
391 251 991
669 365 553
445 551 796
545 843 835
488 73 152
101 221 371
476 894 506
398 213 116
305 301 515
989 192 721
941 473 581
961 866 516
698 501 552
673 458 265
717 881 505
273 741 896
536 123 951
812 781 737
729 491 133
469 165 403
345 877 521
873 495 147
565 221 281
383 491 826
968 800 910
915 93 753
225 525 851
373 786 204
41 201 851
936 473 89
453 927 93
657 415 451
417 968 116
889 845 401
859 232 732
210 602 489
758 617 254
182 966 917
873 696 295
751 111 357
793 426 415
553 656 671
754 151 401
89 162 36
353 121 817
110 847 1000
757 931 229
805 490 229
163 831 569
813 32 687
225 596 916
405 116 625
705 361 552
876 102 923
601 773 679
956 229 629
45 460 221
153 121 191
891 585 509
241 117 417
691 176 670
217 469 547
989 701 729
405 805 126
221 751 285
6 701 38
401 901 509
612 617 865
9 121 56
617 516 1
489 1 413
15 271 260
393 361 346
611 651 174
535 401 296
930 833 562
889 901 99
691 349 897
390 459 164
481 263 13
361 159 425
669 744 337
771 579 849
251 468 541
983 763 380
211 553 902
627 902 151
573 642 159
965 256 557
785 519 751
421 103 509
783 216 863
371 332 795
777 471 381
430 281 801
306 26 286
529 651 605
561 191 367
897 948 555
201 7 289
303 641 693
844 131 101
559 495 53
307 506 711
208 521 325
939 643 771
295 736 479
466 699 600
781 716 368
713 974 955
417 513 553
15 505 861
49 393 666
663 916 725
641 37 481
97 976 431
184 244 156
223 929 559
521 913 739
861 649 885
81 947 257
1 631 305
371 806 701
695 621 853
370 611 482
269 161 741
597 340 853
605 11 221
57 899 505
959 436 666
995 689 87
489 502 705
969 407 66
243 601 949
449 397 351
859 516 426
667 117 411
444 222 357
147 187 974
898 847 921
501 347 701
253 367 947
97 422 705
503 9 81
601 606 653
326 795 942
5 301 61
591 118 717
642 10 386
489 397 153
882 185 105
45 750 284
285 347 925
684 295 339
60 121 857
585 927 273
30 785 866
655 589 80
789 845 753
41 561 259
756 285 421
677 203 353
291 273 587
652 363 187
426 457 449
633 513 736
69 93 881
298 422 131
490 301 909
357 278 641
291 202 705
893 81 772
116 611 7
51 419 821
461 6 43
797 909 755
599 801 509
996 15 129
505 641 572
986 656 739
975 301 252
797 357 592
898 858 913
751 894 11
331 726 675
626 805 329
841 232 77
933 615 434
733 162 631
313 862 821
90 753 355
211 501 751
601 441 355
330 976 642
381 867 913
711 269 121
234 165 329
103 426 37
121 502 275
376 83 89
626 674 646
97 781 561
377 97 873
297 993 473
606 727 771
505 617 231
45 1 176
481 921 534
550 593 433
9 273 807
169 902 878
441 857 51
202 589 937
661 841 333
898 226 956
932 470 469
601 433 541
261 73 313
279 367 610
401 61 617
413 799 187
391 101 233
121 803 511
219 574 477
726 433 831
711 180 625
967 733 414
405 986 702
25 575 377
801 601 886
637 835 33
393 781 701
402 333 961
161 719 465
429 622 809
211 1 612
756 565 884
21 941 914
787 776 169
781 219 921
483 951 729
611 651 23
433 334 851
985 776 706
851 14 825
14 600 449
491 977 817
215 193 692
328 403 501
226 895 369
461 701 277
876 225 57
179 992 649
621 961 297
561 209 789
705 246 321
921 105 76
141 61 246
173 197 701
915 257 966
740 875 543
564 523 454
19 737 257
547 499 529
129 940 605
4 905 173
271 811 897
141 561 632
761 135 437
635 945 961
487 778 561
377 493 556
673 676 583
281 201 935
956 115 673
665 53 34
120 401 645
651 941 951
501 585 96
913 546 331
775 831 476
121 855 731
699 463 333
77 23 801
981 230 760
147 173 987
971 876 382
952 29 936
129 921 751
871 78 654
426 791 993
409 640 294
702 801 597
81 901 238
261 793 787
697 207 471
380 837 125
219 337 31
251 392 953
841 717 860
927 675 609
373 306 513
261 225 151
523 536 520
997 490 375
266 126 891
893 696 836
525 475 389
3 59 801
65 771 576
25 905 760
253 29 924
905 881 144
406 425 519
391 331 680
489 869 253
274 675 223
105 909 923
453 985 124
810 39 532
319 726 407
566 124 527
313 863 993
977 297 901
557 615 702
441 701 555
755 676 1
845 221 600
118 237 59
813 725 221
273 957 367
241 451 666
941 549 673
205 321 182
85 770 804
201 889 609
819 365 61
109 345 749
511 322 277
601 625 680
927 459 405
186 577 153
689 422 701
663 506 104
123 171 865
465 905 849
545 420 236
406 985 251
771 78 201
571 585 273
241 57 106
172 773 265
751 61 90
267 381 91
809 951 173
536 400 663
431 769 861
149 757 536
599 251 561
789 481 36
253 773 781
907 501 343
982 697 261
49 401 136
149 801 631
273 759 1
335 375 887
241 881 607
719 213 509
345 713 665
5 753 227
792 681 177
185 161 815
513 851 201
151 353 463
559 189 673
811 741 537
510 979 257
193 841 37
70 536 14
409 625 475
449 415 385
981 586 685
195 957 249
219 168 682
999 287 849
51 843 607
745 801 823
553 438 76
88 802 195
601 707 405
593 195 506
431 465 195
601 281 997
329 810 233
761 371 801
921 704 146
385 965 761
413 11 361
503 379 570
257 717 877
353 635 875
373 717 628
677 431 387
593 581 765
241 839 405
400 477 685
451 731 657
84 987 575
39 669 900
766 313 521
635 253 490
296 705 61
725 169 305
57 709 448
78 744 1
529 73 149
231 217 411
265 857 57
941 406 529
666 113 985
176 171 53
316 313 329
641 85 407
569 969 720
705 181 287
729 235 831
197 848 516
6 645 839
233 680 225
269 331 361
845 406 108
401 727 119
857 954 647
856 641 809
298 854 511
817 689 465
681 980 151
909 191 603
881 787 761
610 507 129
635 725 897
653 597 23
247 633 415
573 269 645
81 741 646
599 425 201
601 397 306
581 591 407
98 53 744
217 362 425
539 113 373
146 841 184
793 756 920
91 829 330
737 414 849
18 722 433
97 275 588
577 501 586
237 281 173
961 801 100
80 92 953
647 897 1000
561 821 297
271 847 272
289 656 601
451 270 766
81 575 365
201 457 666
499 207 249
193 522 834
371 462 798
209 870 526
949 143 430
293 424 577
791 171 539
673 925 953
405 593 943
941 623 171
873 953 933
497 821 917
309 795 885
336 125 331
298 977 999
641 231 11
666 676 695
1 885 761
85 771 452
210 39 670
246 257 226
605 696 159
827 393 716
445 155 499
951 119 327
716 878 939
200 137 799
55 272 831
633 979 695
337 721 447
665 61 737
511 177 214
271 509 346
553 847 335
639 751 151
161 565 41
441 667 49
857 596 650
519 156 112
455 10 148
17 651 217
939 471 403
149 25 917
923 499 393
205 262 805
740 681 137
762 327 151
64 489 982
772 328 77
293 926 833
277 659 251
201 551 508
555 908 472
426 129 776
641 354 316
809 825 825
476 681 241
577 972 649
305 648 57
357 226 401
865 374 306
353 127 473
479 69 907
441 221 216
717 366 754
87 453 411
690 891 891
102 901 171
383 897 929
628 169 73
560 537 296
448 868 131
818 531 141
206 686 409
457 280 529
418 705 533
517 560 497
690 797 441
709 809 241
358 401 561
593 113 516
656 164 901
117 376 681
991 553 449
111 716 641
99 758 427
371 41 615
770 32 401
761 925 702
841 181 921
686 529 649
407 169 125
273 425 258
819 33 803
577 18 136
679 111 861
466 473 365
169 275 961
729 511 461
271 293 626
544 145 511
504 241 863
633 217 3
331 947 841
731 241 90
456 721 297
281 426 265
226 289 836
286 835 768
945 536 265
437 618 431
505 956 523
935 206 733
529 605 289
133 608 361
67 845 644
316 401 966
675 936 761
320 788 906
791 777 889
501 143 651
761 57 748
445 551 121
65 249 44
151 873 636
805 153 924
863 699 214
625 661 267
433 607 488
868 701 599
70 306 9
401 855 163
569 851 397
303 161 133
249 347 721
113 357 17
676 201 475
577 601 845
521 776 153
316 540 201
773 603 501
905 883 691
561 429 156
639 849 352
15 333 986
177 786 673
857 287 332
729 861 843
349 521 571
625 266 166
401 473 736
439 281 851
645 401 436
597 765 365
345 737 785
296 195 959
613 241 851
851 616 573
756 273 271
484 896 551
599 802 326
491 907 639
166 703 425
153 794 385
37 551 93
499 699 591
616 176 341
801 612 477
641 97 241
451 777 791
616 761 257
143 233 423
125 705 693
321 251 505
381 737 971
641 438 975
165 991 121
631 963 913
124 285 351
471 774 89
617 158 783
718 749 205
571 191 473
203 1 346
53 686 308
195 848 401
279 173 451
693 284 1
758 541 225
6 885 221
837 529 487
938 786 113
681 250 181
377 585 551
465 751 433
211 56 873
601 139 128
253 311 73
885 851 277
697 691 471
517 195 326
546 954 369
443 127 473
295 877 481
849 421 587
871 716 576
857 536 87
802 337 531
571 874 418
84 231 284
657 46 517
41 316 79
181 166 303
726 236 517
49 841 149
321 84 701
809 886 876
546 661 495
641 973 381
661 729 201
592 987 606
153 190 653
911 921 1
181 236 265
67 865 726
26 885 529
56 929 451
189 657 676
252 853 353
307 541 127
937 369 787
991 697 306
25 928 446
495 361 841
179 301 497
478 731 485
426 681 301
257 409 181
420 105 296
138 329 218
650 591 511
701 971 7
401 49 543
351 1 251
343 99 425
713 618 483
691 59 441
601 636 616
555 797 699
515 437 216
73 206 1
251 221 160
555 575 291
274 369 281
195 344 856
362 561 11
246 117 73
111 619 369
721 193 291
426 404 291
42 141 582
937 953 393
265 617 131
926 237 708
489 181 796
801 295 481
225 615 225
491 316 487
643 161 116
489 764 625
391 709 17
905 231 189
229 973 872
529 753 754
893 763 404
633 952 71
604 101 949
660 383 314
822 192 892
249 697 285
29 375 585
201 1 77
564 557 214
446 101 901
156 911 643
698 233 37
619 241 749
101 351 577
236 989 455
272 421 706
641 61 93
17 323 707
383 79 861
770 613 797
66 452 841
341 817 481
649 722 361
389 67 627
779 832 353
527 393 176
833 177 673
375 220 21
501 459 937
4 325 96
401 646 9
439 469 316
445 697 561
160 761 369
191 817 145
443 199 459
541 331 936
816 683 541
927 805 655
917 761 849
521 647 819
676 491 865
105 796 140
653 417 318
79 922 421
60 413 790
441 150 489
102 641 673
139 231 361
696 21 651
756 291 897
802 866 35
887 371 713
95 439 611
354 231 285
907 361 966
636 589 53
405 289 877
995 701 669
101 413 775
569 298 921
94 781 806
247 521 233
339 387 875
377 137 709
1 936 386
241 721 132
93 91 755
192 521 535
147 969 153
221 441 13
483 746 955
878 409 746
465 957 851
227 85 785
311 685 147
163 441 967
821 109 65
831 81 701
1 309 577
295 505 553
921 369 201
89 769 911
181 879 565
121 561 363
869 199 920
751 817 153
278 675 536
66 553 143
42 873 65
150 921 49
993 463 48
618 288 713
461 352 504
646 99 449
551 453 332
345 801 43
711 380 545
698 431 333
195 1 235
317 689 794
954 33 537
201 377 771
161 677 732
793 674 2
651 579 207
891 557 801
921 813 448
331 365 883
661 105 361
216 771 493
81 425 257
321 899 91
475 801 401
989 629 497
645 510 321
237 901 81
871 629 639
16 147 601
24 900 522
760 29 934
741 876 409
319 12 529
245 1 314
13 209 513
903 985 375
665 801 549
801 809 75
938 72 441
143 939 323
738 271 481
921 176 431
693 541 264
626 866 157
842 931 198
169 201 883
625 153 970
641 49 864
51 530 912
264 732 727
1 265 895
745 705 131
501 751 547
217 541 141
681 761 16
204 245 407
33 363 81
837 833 113
171 527 171
496 707 185
601 733 925
97 921 491
225 225 241
639 203 165
349 611 741
113 478 213
507 143 895
897 790 666
985 508 299
961 808 99
26 201 209
488 630 626
729 677 435
351 689 663
221 453 585
969 263 281
757 979 479
65 829 977
503 37 416
343 342 105
541 413 94
925 777 361
833 151 687
989 65 621
761 917 320
84 677 638
220 275 305
826 225 471
771 241 660
716 910 489
313 969 394
353 57 557
72 670 126
501 789 492
781 606 733
449 499 660
163 357 610
416 11 962
174 651 829
226 261 917
554 517 8
499 991 587
737 465 377
469 460 601
556 977 201
561 834 647
281 645 805
665 126 277
595 773 685
161 161 661
661 65 461
518 343 486
441 765 39
901 991 981
701 587 521
83 169 551
249 495 41
361 147 893
387 816 580
993 80 686
265 973 593
921 769 40
917 337 953
239 97 109
649 357 255
865 121 331
855 784 529
927 909 766
266 250 435
241 741 639
953 475 27
586 913 9
171 289 979
820 177 449
557 253 801
401 465 183
582 525 136
764 191 616
101 627 21
435 926 439
869 141 549
333 729 712
741 793 893
350 953 875
736 9 160
241 751 151
226 213 251
349 408 936
761 443 195
867 9 693
207 705 641
963 313 839
721 395 270
139 557 825
703 213 929
293 832 473
698 637 357
644 97 233
501 71 515
401 875 963
217 159 119
813 757 71
473 1 977
689 119 641
612 945 270
81 436 812
319 561 739
316 1 235
301 875 399
413 398 621
53 905 236
878 166 419
220 825 361
617 241 431
592 451 277
176 797 713
681 275 25
781 605 3
621 834 757
597 663 261
301 697 796
401 875 983
177 206 481
3 254 211
656 307 16
255 882 521
777 279 484
755 815 193
209 721 197
592 889 997
275 891 641
276 584 166
361 817 72
207 471 897
481 426 703
992 401 403
561 271 342
958 734 282
479 552 897
615 13 361
83 240 204
716 910 642
797 867 164
551 972 89
907 85 199
907 413 641
641 721 353
711 788 393
515 657 941
983 225 201
437 201 937
793 175 93
571 143 69
289 181 111
681 332 351
129 693 400
645 229 833
107 347 765
171 728 956
169 273 438
481 130 733
216 601 797
481 949 668
100 774 823
561 601 445
41 49 1
561 288 640
358 948 983
449 29 238
39 37 13
73 981 22
470 951 156
679 440 969
353 435 392
241 731 551
821 834 89
897 513 233
21 876 221
206 305 569
427 666 49
947 284 785
33 585 601
821 699 931
613 318 566
3 677 465
150 903 29
933 801 317
590 927 920
109 481 311
125 704 541
201 681 5
517 557 141
879 746 281
377 606 833
851 365 347
805 205 769
926 363 217
529 141 593
249 311 191
857 420 345
789 481 161
601 215 703
280 929 326
605 856 577
225 815 747
900 989 993
887 440 602
271 437 47
756 679 793
373 472 180
280 259 794
696 373 931
225 252 523
416 767 787
195 871 41
11 509 379
706 868 545
649 993 201
21 905 109
534 402 603
51 783 13
33 713 701
126 446 451
249 195 71
453 451 354
751 647 297
825 995 311
906 637 71
393 177 142
526 374 869
189 505 569
815 505 883
801 481 496
153 946 918
128 385 281
233 715 762
137 799 321
221 457 751
148 366 424
59 365 591
511 837 425
30 863 993
9 521 491
866 243 588
51 496 989
331 741 91
306 614 646
864 457 693
801 912 1
853 271 701
33 741 839
526 741 34
536 687 916
149 355 318
221 51 969
666 801 60
405 368 265
731 336 369
92 219 233
216 841 797
925 536 831
697 801 58
582 661 691
361 238 420
721 162 213
845 841 981
439 503 420
433 377 161
952 894 601
597 157 601
168 601 537
523 681 687
756 561 585
411 801 601
988 333 601
971 621 101
15 201 777
465 17 751
681 731 957
626 25 196
393 712 633
425 265 967
533 104 171
893 169 589
453 63 792
926 421 76
729 625 193
910 522 181
404 982 201
659 401 369
417 689 943
1 410 17
29 353 387
396 973 765
691 134 605
826 520 661
333 53 345
423 369 145
319 491 74
401 131 593
54 814 42
216 565 396
710 430 733
72 217 597
704 783 613
893 329 339
961 369 233
901 569 361
143 121 51
461 769 249
484 725 398
483 920 874
123 202 135
357 25 171
689 260 711
85 891 781
209 373 676
251 881 381
119 707 849
251 621 257
856 969 905
743 207 263
661 169 777
776 178 333
794 668 794
733 689 436
893 273 377
498 81 157
195 993 908
799 145 761
791 211 989
49 951 849
791 177 55
227 304 84
431 949 545
678 339 93
513 691 450
601 747 624
548 661 552
689 107 103
113 591 926
627 171 133
859 843 889
91 137 449
972 160 32
417 1 808
653 561 543
308 283 694
989 297 190
893 353 697
401 713 506
385 530 321
186 209 293
859 945 459
406 209 297
997 250 966
511 784 101
281 41 521
492 473 617
441 396 921
309 256 839
925 137 933
614 46 83
587 537 577
49 347 1
365 8 707
317 547 460
552 624 807
29 475 228
481 868 641
44 737 500
591 172 959
496 525 9
207 91 629
429 199 298
989 361 117
673 33 641
361 633 605
722 326 913
921 921 433
277 751 576
95 681 387
81 811 433
897 327 38
325 953 985
823 631 921
457 545 297
404 475 525
1 576 799
279 61 21
861 541 814
460 101 606
705 431 863
311 601 873
81 601 505
63 433 457
697 849 41
993 561 810
368 101 608
177 793 627
761 634 561
421 210 353
660 387 406
109 914 27
631 313 75
730 299 808
819 845 954
424 851 125
805 265 93
710 945 108
697 852 586
237 520 521
977 551 841
236 956 333
540 21 47
11 87 129
361 221 1000
473 927 734
5 761 607
791 17 615
599 166 73
561 104 431
722 97 499
966 436 271
276 45 452
675 137 805
676 210 622
161 451 51
676 921 568
153 51 248
691 337 23
137 97 985
974 401 384
848 717 215
326 377 233
58 627 91
973 766 951
636 871 273
497 296 35
159 237 213
210 957 461
845 161 676
789 575 906
19 563 706
198 305 100
700 721 873
193 165 73
42 109 905
760 885 15
989 312 476
83 125 49
523 925 143
299 760 582
621 283 26
175 111 704
781 320 1
559 255 951
881 451 81
69 394 771
25 285 81
237 212 691
862 461 987
505 611 626
761 167 81
223 610 99
817 981 60
272 651 497
419 217 751
274 307 876
183 731 258
231 132 937
851 607 369
181 749 409
590 305 151
132 993 525
921 656 561
422 81 865
46 721 97
251 421 871
332 41 561
781 859 210
942 227 506
356 553 115
225 657 751
675 393 792
430 884 57
907 201 90
471 132 500
454 443 458
651 213 511
821 19 53
606 390 893
721 601 107
984 874 385
161 161 511
641 579 299
679 281 923
156 481 367
137 369 505
560 365 235
985 811 569
531 954 545
378 525 641
225 290 392
473 1 433
523 49 261
307 769 629
249 689 900
758 779 836
745 16 831
761 23 41
241 325 945
896 801 489
825 311 201
457 152 233
209 898 404
221 137 826
758 201 337
969 141 121
521 182 51
993 397 581
589 460 491
325 491 109
857 639 405
523 545 806
697 301 972
97 86 793
91 231 301
557 847 905
84 70 881
548 116 375
116 516 701
569 737 89
236 29 721
613 742 965
281 751 825
897 243 398
861 521 921
681 896 664
985 363 701
172 149 996
501 151 321
631 411 373
756 164 353
307 789 537
455 231 201
335 959 481
798 889 151
887 203 593
160 461 300
395 799 442
930 432 345
509 21 18
651 421 751
341 521 251
736 237 646
633 549 287
429 691 513
499 401 461
991 701 355
205 361 877
49 641 897
541 865 957
44 965 859
483 370 926
99 328 901
736 876 844
901 265 768
857 265 277
133 183 49
651 21 851
5 65 220
10 541 676
605 19 425
321 827 584
325 201 516
720 171 385
135 306 949
829 758 153
857 201 369
903 153 695
34 825 625
118 171 67
626 89 359
785 425 121
545 388 50
163 571 4
281 737 414
151 303 377
971 621 85
433 281 221
551 391 339
601 689 205
859 662 8
812 741 561
451 301 251
124 316 393
651 653 101
511 513 901
281 428 217
182 5 676
961 537 66
800 251 191
471 105 113
407 991 174
149 253 301
661 455 901
675 649 861
541 636 113
471 674 647
513 542 595
760 545 81
582 981 913
181 421 782
787 257 645
465 524 671
245 305 664
610 647 793
320 739 219
353 122 201
285 653 461
249 383 549
781 589 503
361 201 971
881 127 466
123 755 619
976 805 477
133 647 101
649 581 253
845 233 761
841 252 669
50 189 776
936 102 481
885 333 161
933 681 780
635 173 302
266 851 384
2 611 361
897 906 576
897 41 171
803 967 37
1 248 927
145 387 65
653 121 142
81 406 953
826 81 750
631 53 395
520 33 496
425 71 511
9 331 45
144 577 726
979 619 145
801 828 477
877 657 817
411 815 551
271 33 249
310 724 696
943 517 81
468 573 773
977 915 22
261 870 575
689 51 380
451 501 71
401 166 293
17 361 17
868 49 453
601 676 681
793 833 241
937 897 265
18 737 508
569 71 607
117 309 501
557 423 964
301 438 937
290 121 751
265 156 825
156 628 301
627 211 990
941 541 553
166 556 494
595 336 421
598 311 215
886 421 795
889 291 905
321 699 505
699 157 337
465 328 31
522 753 625
871 729 429
606 869 377
739 201 129
401 179 649
457 25 154
41 177 335
854 465 225
947 662 171
117 156 825
974 236 603
971 906 444
307 233 701
913 321 876
423 899 153
177 858 390
593 886 301
272 367 407
693 893 321
125 481 751
749 181 487
391 485 348
166 497 587
137 324 245
905 171 457
333 109 425
598 273 855
385 525 849
821 70 746
173 937 949
161 425 486
626 821 181
569 194 61
717 561 454
81 401 628
136 706 225
498 623 938
863 889 77
773 845 601
656 741 465
549 933 304
360 545 53
599 801 198
813 921 516
769 449 831
989 979 351
76 853 897
579 673 724
579 149 416
267 268 999
209 927 997
621 730 550
507 969 707
905 481 727
505 511 5
916 161 561
655 492 761
407 451 333
726 282 781
193 49 473
101 478 341
169 53 965
133 616 273
266 313 389
481 951 977
337 416 281
271 133 333
535 33 193
953 313 809
446 953 497
30 962 450
97 101 809
356 69 1
699 995 217
616 126 861
551 696 941
752 153 295
785 567 396
446 605 627
369 686 571
101 871 608
947 230 921
436 401 578
56 129 869
549 741 9
829 665 657
94 700 584
401 161 789
185 329 242
193 551 665
560 841 203
285 225 601
25 764 441
191 926 293
429 361 851
370 501 435
941 416 828
129 201 851
418 596 929
316 351 249
641 990 626
181 31 833
135 321 418
76 225 934
466 447 274
721 69 873
107 161 1
486 281 411
261 683 850
571 723 561
900 821 742
241 350 635
133 793 385
741 475 47
977 489 851
999 701 340
767 931 335
761 807 1000
921 929 761
259 445 745
234 384 695
381 989 936
450 73 72
360 556 231
379 347 871
763 774 35
537 233 262
444 259 341
865 440 203
935 389 66
651 561 679
673 409 561
406 621 121
753 905 761
131 28 245
753 401 867
401 351 933
901 49 332
881 129 551
381 917 737
1 401 159
360 501 236
601 76 932
301 46 705
849 283 721
863 617 929
71 655 701
126 401 713
505 223 984
859 481 292
445 242 239
731 49 457
762 881 473
961 801 497
821 673 216
619 315 560
693 477 551
41 711 474
913 857 33
702 833 297
125 145 898
624 963 184
917 417 152
251 531 734
345 873 286
201 289 593
776 901 872
36 611 196
145 993 201
901 441 677
308 337 513
706 3 678
301 374 353
603 61 551
826 861 495
410 972 2
310 801 138
279 191 467
991 576 221
86 227 72
101 111 806
302 257 441
481 426 28
981 605 988
161 476 481
281 531 966
138 415 266
181 689 937
563 771 262
393 993 859
317 486 29
873 145 461
305 941 297
438 90 205
249 901 229
935 536 525
541 771 406
652 477 48
461 951 878
236 401 753
561 131 355
771 441 29
651 185 426
437 689 371
250 987 396
421 727 11
849 833 387
793 954 683
671 791 545
855 769 961
807 238 631
331 833 609
341 441 121
201 585 751
978 911 439
826 298 771
804 619 431
181 445 470
41 279 136
318 377 141
49 873 448
982 921 323
17 926 775
455 481 949
