3268
876 421 495
771 981 901
607 901 139
561 525 949
335 94 765
946 35 201
281 677 794
9 518 925
457 34 299
129 933 595
741 551 308
251 455 131
271 966 864
38 379 473
151 409 961
81 706 249
898 309 73
646 591 741
191 431 581
96 237 595
669 358 576
277 541 481
715 139 155
577 99 501
243 81 1
623 965 88
969 269 148
142 425 987
154 585 629
519 195 396
595 181 305
17 91 269
272 156 364
249 436 401
259 913 75
81 781 473
891 461 173
357 691 401
734 409 313
735 121 594
821 51 430
831 416 901
999 610 649
157 377 311
334 685 53
359 301 434
5 680 83
321 215 536
818 665 349
383 241 864
745 657 844
63 786 405
837 385 201
919 160 11
466 951 751
551 276 101
957 241 985
75 587 425
254 849 197
457 857 385
121 905 617
67 505 202
281 753 933
873 81 911
601 21 406
468 885 991
201 411 45
691 751 561
721 865 181
461 957 861
14 723 833
50 786 865
161 637 708
829 661 721
121 841 71
854 793 393
57 729 829
707 291 751
343 261 209
601 747 629
225 809 301
16 791 588
899 405 660
427 505 531
877 910 757
990 569 323
826 256 826
434 201 289
189 67 25
429 675 382
56 21 577
792 325 231
796 62 637
129 747 196
935 213 300
241 853 281
81 21 241
146 221 385
677 136 123
801 521 952
259 785 255
854 569 643
685 711 837
705 18 336
998 645 971
691 637 437
2 163 843
951 141 893
493 332 308
561 293 451
297 371 793
596 430 476
427 254 101
197 79 676
385 270 251
433 697 761
291 257 313
961 185 745
685 696 273
316 443 85
495 271 135
326 121 721
871 171 664
700 727 957
671 261 764
697 603 961
193 251 151
649 891 162
765 257 69
361 933 549
770 171 843
657 921 481
857 43 703
137 244 201
452 568 445
601 597 240
561 86 975
710 181 102
203 85 533
241 737 689
801 676 245
730 325 173
47 877 454
251 349 301
763 273 319
233 266 14
536 508 441
909 629 777
232 155 876
83 873 285
877 819 439
621 1 446
891 721 405
36 497 77
596 551 891
285 924 627
949 187 953
219 160 661
25 96 451
148 341 955
123 995 131
463 885 991
709 449 911
763 285 281
668 949 849
745 15 120
298 551 817
213 637 167
161 318 372
201 209 381
345 601 553
991 785 617
79 521 85
321 71 373
405 981 325
941 269 171
857 667 925
361 41 841
621 250 103
475 677 801
433 409 936
695 161 686
901 657 641
431 237 131
427 331 483
603 1 457
797 519 621
945 212 708
431 602 841
457 721 901
372 371 753
462 841 975
626 739 640
118 756 443
184 583 951
9 417 241
557 543 449
961 553 583
461 127 312
782 513 305
101 69 985
729 341 131
667 851 907
325 863 941
794 778 981
827 187 701
793 581 857
301 49 901
901 300 585
881 381 73
307 901 51
715 86 761
455 681 855
801 777 981
941 37 292
831 466 416
697 924 829
133 45 501
834 45 797
418 866 185
77 641 241
493 848 549
407 358 955
301 341 95
777 187 93
541 868 241
405 176 381
653 861 129
278 715 551
715 509 41
177 419 251
261 197 845
795 196 91
529 281 423
142 361 708
24 91 459
608 571 97
853 505 326
149 249 455
375 569 45
932 169 107
927 629 812
450 468 937
761 920 300
396 591 474
897 586 940
824 741 473
574 705 821
923 157 771
249 693 201
111 984 931
87 991 369
539 641 721
141 976 688
401 673 664
334 749 201
430 509 379
233 460 801
45 207 577
881 785 719
846 947 821
545 1 281
463 240 378
929 368 443
786 449 193
917 501 507
439 596 397
356 526 637
569 495 653
126 979 146
421 333 992
409 417 965
472 546 525
337 942 201
50 269 275
190 273 531
705 681 784
729 51 169
901 25 697
425 995 841
241 853 617
826 845 365
151 85 391
119 247 826
501 441 897
721 105 627
75 129 670
879 741 169
166 241 753
329 231 921
837 945 751
725 134 918
486 801 878
717 585 663
902 934 417
949 373 185
501 781 851
977 501 388
101 753 467
161 873 497
103 222 813
113 408 856
481 826 130
711 1 806
505 501 841
727 927 621
426 537 785
625 836 750
313 726 577
681 9 785
51 110 251
761 47 557
737 625 113
783 441 691
141 826 381
246 876 186
105 349 37
981 639 85
358 593 373
165 581 889
326 11 83
71 385 235
161 241 938
193 661 560
427 713 794
701 826 346
185 281 301
229 91 281
396 645 601
896 199 763
35 706 415
150 665 308
791 999 257
207 367 261
633 685 1
421 635 531
479 414 9
851 915 633
592 811 961
977 311 401
77 673 109
729 696 67
183 766 977
543 691 209
89 758 5
691 766 745
601 648 361
737 529 999
789 865 89
376 561 721
726 801 141
536 411 856
664 287 601
523 646 73
27 624 677
907 656 849
316 513 253
19 850 31
947 137 325
105 103 441
107 117 320
209 804 185
538 561 305
28 99 265
501 375 637
71 909 436
505 981 821
3 125 161
272 721 242
847 641 701
582 261 951
901 511 521
72 269 949
413 147 201
902 779 195
847 815 965
11 911 966
937 971 325
24 437 326
770 1 136
788 141 925
164 625 81
817 561 681
697 881 451
162 273 976
890 373 428
151 993 36
425 473 661
351 601 641
601 722 556
421 93 841
33 269 209
876 661 403
14 984 361
921 993 227
793 251 1
573 666 707
218 881 81
505 336 531
994 620 625
590 245 695
879 306 595
733 137 293
245 633 11
501 461 876
3 721 601
409 365 130
81 559 70
690 937 595
821 851 331
17 448 945
834 683 806
416 473 319
915 277 734
147 276 234
153 483 962
529 829 751
757 239 933
92 121 230
259 605 283
515 593 636
541 255 681
585 801 513
96 457 297
484 473 594
1 886 158
89 465 109
281 481 69
5 651 441
383 625 806
521 412 251
751 934 813
939 861 696
633 1 206
841 681 442
897 453 723
135 123 492
879 782 670
39 731 577
71 167 67
357 252 596
653 793 774
839 481 385
799 116 985
508 299 665
101 749 376
571 801 426
292 261 482
101 863 849
376 94 696
26 505 449
920 841 15
776 201 684
698 661 543
556 625 919
699 141 528
655 576 81
615 359 45
513 281 949
601 556 421
121 911 676
239 770 243
734 109 641
174 17 204
396 873 769
741 751 255
261 607 326
680 833 439
897 176 407
211 211 142
19 185 691
801 879 196
376 347 997
130 291 411
567 21 781
543 601 917
486 115 433
966 537 281
221 189 618
222 399 237
911 729 362
63 233 984
633 544 961
788 497 857
165 674 81
451 33 932
841 520 251
286 430 61
493 337 126
611 961 55
246 486 165
336 830 552
889 761 885
263 154 765
99 513 888
661 731 505
513 725 745
11 166 433
961 505 197
519 583 145
141 361 466
665 541 600
473 17 862
740 556 941
758 801 481
67 649 530
781 97 849
211 189 601
96 203 231
894 545 595
257 931 983
413 401 305
985 247 922
964 581 831
349 153 857
425 125 201
561 441 31
849 419 827
806 651 119
512 681 171
413 544 459
452 136 295
601 1 249
497 729 922
136 200 113
366 213 172
16 271 554
878 946 14
193 4 653
787 837 585
479 821 745
401 839 121
573 201 896
514 202 133
863 191 801
525 641 517
413 439 905
836 272 381
399 195 895
535 293 706
961 158 539
861 897 787
656 626 849
48 599 415
821 527 305
120 981 301
772 65 146
541 86 711
160 326 901
801 773 615
281 782 301
793 436 986
951 393 864
851 511 721
797 29 541
431 671 621
105 651 145
939 812 893
588 633 189
156 841 793
945 465 521
801 36 698
516 411 504
782 705 209
701 765 921
627 663 565
57 201 321
845 857 365
673 695 213
292 141 746
758 144 985
101 551 794
171 240 849
65 303 97
428 531 337
459 673 431
592 959 703
885 617 489
131 119 554
439 203 535
293 78 65
481 936 665
641 209 23
752 331 955
766 795 421
157 121 107
221 35 378
631 778 179
97 190 311
803 6 765
31 714 641
498 821 277
661 383 609
301 119 723
86 443 208
779 66 863
137 75 621
81 923 850
9 749 313
451 579 617
1 136 40
520 637 41
763 706 846
901 551 855
873 135 358
265 754 221
89 696 633
901 417 690
3 241 61
849 811 241
753 96 837
213 915 997
610 294 773
653 597 537
489 398 313
151 1 860
591 501 973
801 821 160
26 711 257
36 924 339
461 487 291
301 1 874
305 265 211
73 133 393
741 126 730
637 861 439
709 342 493
809 369 66
153 73 729
603 207 393
315 391 965
506 61 573
626 134 217
915 901 926
617 311 1
149 517 393
700 675 449
721 901 755
569 383 146
356 25 181
837 557 579
83 942 294
765 23 616
849 828 967
905 80 666
880 747 833
33 333 547
59 201 396
673 91 26
929 641 566
471 273 831
253 733 453
90 111 457
26 305 911
978 377 144
130 841 523
199 155 515
305 951 665
427 288 83
276 641 626
982 361 876
291 518 270
941 889 705
640 784 702
626 1 249
510 925 774
432 489 490
509 197 321
316 906 586
749 181 433
153 529 193
583 193 467
597 935 680
305 57 393
399 593 966
266 20 577
58 458 761
656 553 125
861 616 750
239 861 149
601 432 543
803 391 681
393 81 644
5 257 311
714 201 86
485 385 692
296 613 361
777 169 791
991 64 476
369 351 105
511 114 161
58 361 324
221 101 664
797 316 758
558 49 897
801 922 715
733 361 161
285 473 654
163 973 251
301 437 259
749 515 418
387 927 181
845 246 737
625 913 563
171 11 145
697 329 181
241 371 301
802 201 448
503 997 979
52 311 278
592 73 709
765 889 617
755 361 101
738 305 916
775 601 977
896 201 881
1 477 413
955 706 990
81 464 841
230 21 482
310 240 441
453 219 16
72 211 901
233 503 291
620 353 815
696 186 278
989 41 566
487 289 120
356 306 660
959 853 676
953 910 778
709 804 276
822 429 937
617 788 593
69 953 281
289 697 575
549 980 763
846 725 675
822 848 473
751 962 141
836 786 489
523 790 251
617 409 413
907 68 207
969 905 16
354 141 681
758 328 641
296 97 589
849 555 820
217 165 468
345 273 381
750 991 630
705 589 948
37 101 873
337 256 846
447 31 51
121 309 978
901 125 645
821 476 887
409 674 645
678 527 96
786 199 354
218 633 181
748 425 143
701 61 155
521 300 625
817 895 629
617 1 664
617 567 277
110 53 781
734 131 231
985 840 261
509 777 915
43 921 311
801 215 893
259 961 405
122 933 801
941 803 39
827 753 681
141 41 875
465 806 890
326 901 137
13 407 713
726 5 541
837 81 629
172 893 218
501 511 497
761 781 526
37 596 592
756 231 401
865 885 776
471 913 201
61 385 667
449 297 721
201 999 279
215 421 213
321 349 977
595 83 161
337 295 124
281 65 886
177 538 526
478 666 137
726 785 426
843 489 467
359 902 877
841 688 137
751 641 417
66 297 733
431 865 446
213 865 568
381 784 688
575 524 162
195 133 941
701 221 658
603 57 785
832 972 261
251 87 858
203 121 977
349 911 129
779 530 39
401 399 305
32 841 317
83 673 972
315 214 373
689 913 26
301 555 931
989 1 161
81 71 703
987 110 583
791 569 581
329 26 209
210 253 88
17 881 617
385 780 761
771 653 547
336 457 606
665 302 826
783 499 457
891 57 545
853 481 415
729 822 423
393 554 269
15 797 81
9 627 119
713 920 570
975 942 707
119 781 885
346 713 51
312 205 105
258 201 837
257 21 681
305 373 189
817 91 981
791 649 434
979 343 376
450 855 769
769 437 731
246 911 289
231 641 313
469 225 276
119 828 216
908 5 27
841 207 209
867 807 57
233 409 855
899 185 612
895 472 661
401 381 348
83 741 287
769 775 90
57 230 545
791 297 465
893 984 26
726 570 913
215 396 481
509 487 260
632 871 761
459 327 915
371 315 761
525 868 601
233 31 1
145 820 689
297 161 285
396 375 497
833 360 765
846 975 881
436 737 831
751 566 117
234 105 141
825 913 126
332 171 601
965 142 883
733 873 601
208 435 760
385 151 873
873 57 817
81 720 293
556 976 893
641 709 651
261 351 821
839 748 501
406 503 321
679 101 945
242 322 307
507 125 721
461 281 927
581 812 933
570 154 749
791 916 331
562 385 137
301 253 958
795 411 226
765 926 659
177 625 131
195 545 165
669 37 890
497 613 751
952 53 837
150 676 463
979 421 470
873 945 657
283 157 310
465 681 292
826 566 767
795 791 99
89 926 409
385 727 547
967 367 41
506 265 81
937 879 655
362 425 886
421 641 395
876 362 104
94 471 318
759 12 725
937 676 883
336 421 596
831 172 71
697 375 769
477 394 885
99 188 273
443 667 601
103 433 291
249 110 287
942 777 201
225 826 833
521 693 730
612 859 665
500 969 436
583 497 851
713 890 127
181 691 995
613 601 579
65 73 661
937 761 951
709 357 881
317 657 413
987 915 37
77 691 315
896 601 865
167 401 281
217 395 89
407 693 681
797 762 577
571 665 483
929 251 321
271 457 682
709 38 12
929 417 466
315 70 1
501 569 501
444 701 777
809 978 385
695 546 253
155 961 137
726 51 961
337 234 437
736 41 101
211 705 633
97 726 859
301 65 815
561 81 126
161 1 305
37 535 948
817 691 147
484 130 136
717 561 437
860 512 916
73 464 151
726 891 446
161 667 199
993 35 823
580 296 673
41 977 241
271 776 345
11 351 151
641 11 710
187 876 115
433 635 239
447 721 722
306 541 619
801 769 258
351 745 574
449 257 714
826 316 519
995 599 526
766 1 93
702 181 720
973 738 856
966 121 306
335 841 45
948 404 917
21 743 194
799 857 635
50 506 239
169 577 93
246 665 915
37 997 306
461 209 449
761 666 473
281 800 105
838 25 787
593 451 201
125 801 982
176 536 849
929 53 453
848 357 789
625 835 526
686 601 873
266 696 945
627 823 972
451 133 129
481 751 15
451 254 401
261 821 955
33 661 185
845 257 791
806 523 665
97 576 784
261 714 837
789 901 664
401 743 701
441 939 283
749 425 819
369 97 731
25 396 125
736 669 934
113 1 469
251 477 818
201 307 965
126 586 341
375 1 151
995 180 13
27 831 861
5 181 93
116 654 891
167 274 47
235 529 625
369 881 330
33 457 683
6 766 375
896 601 769
339 237 573
580 967 122
449 307 671
847 847 354
845 146 906
127 985 385
341 69 63
551 167 288
383 305 346
36 713 229
985 923 946
379 261 441
889 997 741
313 695 681
692 165 371
961 55 151
453 29 951
257 40 509
745 719 825
721 161 587
537 513 326
816 247 960
50 933 622
191 49 29
971 497 342
425 281 1
717 81 255
1 31 781
157 227 965
126 694 720
185 238 151
239 321 977
761 941 61
431 441 269
646 953 513
17 271 977
33 989 137
537 640 141
126 471 761
691 134 601
93 609 161
18 633 655
11 821 869
361 801 263
665 505 236
568 1000 615
975 565 93
286 659 665
823 57 887
253 951 649
31 745 94
791 209 761
497 41 885
407 529 137
849 41 85
841 562 626
718 34 201
581 961 861
211 305 350
297 248 406
28 40 699
25 441 185
699 133 57
606 138 8
623 847 757
986 61 968
957 281 848
611 947 405
323 613 601
49 981 433
305 17 495
57 965 108
858 867 179
73 961 808
780 999 553
234 152 14
411 190 556
823 213 924
729 401 353
63 259 291
81 89 701
701 921 85
890 649 901
325 751 62
825 741 429
801 854 990
665 467 368
1 819 961
381 232 124
941 737 682
436 867 841
663 257 221
197 499 957
841 186 563
921 816 986
345 121 141
825 225 109
745 116 601
713 449 841
541 209 699
342 799 993
962 195 358
769 737 288
834 953 951
308 365 227
491 387 3
473 1 160
106 397 519
151 460 850
242 841 273
771 346 669
981 733 889
151 867 145
851 887 126
451 121 478
161 244 926
308 405 601
225 577 59
249 321 651
71 489 849
989 393 749
869 73 813
699 475 977
789 926 749
131 729 806
601 298 64
959 175 951
601 620 305
635 477 897
321 574 203
351 521 35
348 857 855
569 701 793
577 955 262
769 362 361
249 601 246
527 773 325
401 67 301
505 801 435
457 210 305
126 490 997
617 681 914
185 906 341
861 803 217
521 531 71
379 60 171
499 833 913
841 601 917
377 189 229
141 169 265
726 91 811
997 793 997
665 379 121
641 409 633
961 569 103
417 951 76
876 319 111
568 746 258
804 421 821
569 534 598
330 501 785
617 877 929
625 761 239
168 371 496
256 625 870
776 990 38
933 816 689
91 130 817
937 302 365
935 411 337
731 801 927
948 439 211
921 137 839
249 781 624
301 546 615
353 261 831
712 73 451
421 354 632
571 437 751
674 75 476
259 149 893
369 801 619
815 949 321
301 735 961
811 561 5
731 776 601
651 881 443
157 263 976
897 408 185
464 352 91
609 251 61
13 233 245
793 473 607
33 621 361
965 637 558
825 476 5
491 601 55
113 881 751
315 737 537
605 193 401
715 556 4
445 861 57
472 389 141
951 201 481
138 484 126
129 709 793
907 251 339
227 770 393
631 211 441
49 259 973
758 140 666
941 481 811
59 516 969
737 859 869
269 143 575
781 235 777
353 764 633
168 953 369
791 241 301
561 906 881
189 279 451
965 11 821
459 807 937
463 126 136
108 953 37
985 883 991
410 105 278
178 865 1
85 504 303
261 375 379
321 621 537
990 115 616
793 349 386
685 217 247
521 919 424
21 71 37
322 361 431
797 791 360
98 295 805
329 785 681
349 336 315
295 304 409
313 295 753
633 885 117
997 275 465
433 552 101
561 597 236
581 112 456
628 852 987
223 502 101
475 977 612
284 129 186
393 737 946
443 701 129
72 811 523
503 979 636
141 237 536
515 33 593
485 328 79
576 201 145
445 961 417
341 607 184
566 111 402
841 737 553
811 649 151
241 480 846
543 641 559
351 961 92
925 157 679
881 891 869
119 693 181
377 720 529
506 21 169
765 425 301
41 624 868
144 829 891
767 10 656
949 663 921
666 145 336
641 386 769
293 656 935
442 17 793
966 569 238
633 149 31
313 521 103
239 131 175
671 51 727
307 799 933
941 511 944
417 913 701
389 691 813
841 596 723
517 818 247
953 353 297
111 758 589
631 726 51
234 819 289
111 196 861
321 416 195
735 463 900
113 807 641
661 458 68
460 33 261
39 909 417
858 351 827
173 361 705
629 787 601
191 349 665
806 492 41
555 102 761
537 398 521
448 197 169
743 394 753
906 465 780
709 678 177
154 891 261
225 384 11
119 817 291
401 845 228
617 511 305
295 532 288
521 321 585
756 374 429
445 423 879
863 473 848
457 563 251
151 657 388
343 843 501
729 386 621
879 168 379
573 553 811
251 115 119
617 797 441
746 969 568
638 159 147
585 465 177
489 613 978
49 729 341
706 671 841
693 845 711
544 27 415
495 611 569
241 321 831
628 981 131
401 736 403
626 961 801
715 539 563
901 473 926
173 81 255
1 193 714
869 271 681
957 331 227
121 697 374
587 41 601
217 694 637
937 801 417
701 641 730
761 849 720
28 1 185
346 961 737
463 305 688
363 373 725
591 627 896
459 381 366
297 401 929
721 441 15
1 165 533
345 587 28
619 730 368
279 221 350
381 953 691
647 639 481
161 876 957
401 105 981
134 325 817
471 646 304
551 615 551
461 261 66
315 544 2
938 561 853
581 105 70
2 495 3
850 763 365
365 290 515
157 666 28
758 833 61
457 507 629
836 195 876
137 719 925
609 401 7
195 975 195
327 935 812
113 65 725
691 161 339
305 25 441
880 495 944
544 265 361
921 51 127
726 981 379
905 357 544
333 67 201
353 849 331
907 791 251
570 425 613
163 995 698
266 57 646
287 763 347
561 571 581
725 301 112
1 313 170
42 539 436
559 76 147
497 473 181
986 601 195
441 289 201
346 16 543
874 843 801
646 537 376
68 673 16
481 833 777
171 787 909
883 435 151
226 629 41
647 722 166
412 95 841
401 393 176
219 851 11
891 275 941
941 531 551
155 276 469
921 109 583
25 552 311
319 783 900
276 495 716
497 961 857
253 995 845
355 143 863
253 941 811
284 689 258
846 245 516
481 100 152
329 556 371
329 245 949
341 611 146
833 600 329
753 97 284
373 291 174
373 313 678
597 121 873
909 81 42
546 265 240
623 607 801
735 670 881
361 881 673
485 541 11
847 673 13
840 601 63
79 85 9
791 482 767
739 923 1000
947 873 201
401 1 790
874 1 305
559 501 118
552 848 407
945 967 853
670 266 161
45 347 193
749 307 72
526 847 980
953 953 816
822 603 736
557 341 438
673 617 701
694 113 973
561 180 251
193 521 658
785 689 380
891 645 560
165 299 321
504 419 569
917 675 191
512 490 633
881 323 930
5 987 633
753 358 561
651 121 325
990 227 859
550 313 705
676 929 238
891 843 923
501 493 433
864 113 819
165 701 477
303 661 661
762 81 312
361 555 401
976 795 725
492 873 784
17 185 835
678 569 6
561 716 525
621 643 86
761 577 229
159 685 847
949 502 305
718 889 65
425 909 257
272 585 666
549 280 819
795 609 601
513 736 655
981 513 296
1 497 986
683 825 831
681 76 170
61 721 709
381 397 834
301 529 521
707 981 394
401 61 47
507 323 321
659 884 137
576 635 827
251 991 3
145 826 40
599 373 575
401 869 801
451 153 633
364 565 757
849 633 69
209 11 956
599 804 943
145 441 517
521 549 877
309 821 154
585 351 151
656 177 262
745 651 189
41 185 873
321 631 321
584 709 901
537 477 588
279 565 911
304 355 620
794 588 679
486 261 101
942 641 615
231 185 727
747 861 201
191 936 168
851 502 21
217 745 641
489 801 563
941 897 263
461 918 221
151 983 375
737 201 297
821 920 109
733 781 969
441 726 41
127 341 361
154 501 713
449 533 327
653 626 150
301 135 293
831 777 985
641 361 45
571 849 376
665 401 733
768 214 369
16 233 636
401 776 395
401 286 921
221 148 887
945 861 372
207 96 555
145 251 892
901 305 338
193 673 459
107 21 941
533 173 21
846 649 405
413 440 441
911 876 49
853 57 601
865 271 705
341 961 953
189 214 96
729 265 89
321 723 245
273 777 261
822 606 289
583 392 109
477 57 500
16 937 441
529 461 573
1 521 5
949 20 873
745 209 881
865 845 869
677 545 865
761 603 396
891 69 851
233 687 505
506 911 465
149 449 578
580 401 351
874 821 990
373 769 283
171 431 253
124 401 955
83 871 188
719 891 5
731 513 241
186 49 793
541 145 302
524 57 917
415 828 285
472 225 401
334 640 778
173 484 613
236 377 205
65 481 612
601 156 402
153 39 958
401 705 101
853 667 627
169 451 961
673 401 231
449 329 233
817 397 143
425 334 825
721 65 1
461 52 67
687 489 166
376 585 421
599 767 906
260 105 765
468 1 767
679 521 839
695 461 321
13 185 831
869 337 1
101 251 401
17 359 987
521 579 811
301 378 269
27 653 665
817 809 525
663 235 921
424 189 931
257 626 4
849 657 985
489 594 537
935 31 244
863 179 576
511 625 763
691 761 613
83 841 124
701 502 728
401 1 931
735 163 939
255 201 609
593 241 231
771 377 977
36 31 235
116 889 235
959 11 556
933 207 145
553 351 111
184 313 207
289 498 617
881 771 441
401 29 861
861 521 731
481 91 117
937 924 940
653 554 607
851 17 575
175 539 561
201 286 282
625 99 798
142 591 547
900 175 401
184 614 641
34 889 914
876 761 321
297 868 271
326 699 688
181 487 91
471 122 167
21 481 729
641 881 243
409 397 564
777 189 173
379 399 861
403 224 901
363 377 346
901 897 877
297 920 465
281 379 209
105 500 441
937 201 429
45 194 393
94 725 301
889 605 43
445 766 476
451 109 513
53 654 235
561 624 893
41 873 751
501 126 395
241 338 174
7 993 430
185 73 221
509 128 951
221 760 131
89 408 351
291 13 601
745 489 830
977 433 645
9 603 517
653 77 913
769 409 922
333 329 637
401 247 117
705 357 517
57 806 185
332 591 588
25 330 178
865 753 393
54 403 658
551 943 318
966 299 401
45 733 108
253 819 599
460 286 249
337 823 441
973 861 581
991 729 921
955 41 475
756 41 1
710 747 671
551 959 584
676 563 731
522 721 251
41 341 353
117 611 127
982 601 713
243 269 381
408 498 496
501 333 161
9 497 617
152 525 501
401 841 537
141 481 364
598 841 15
460 697 429
871 724 514
181 789 361
717 870 822
401 809 973
913 781 811
615 385 341
493 161 577
382 513 9
79 1 861
131 908 119
641 521 821
936 731 893
66 931 951
139 724 948
131 421 921
177 359 17
453 209 632
671 687 594
301 941 497
906 929 476
113 105 658
279 531 1
811 605 553
673 149 601
708 721 783
145 128 555
237 934 133
313 497 233
307 161 476
976 221 39
111 265 285
193 277 737
643 482 521
227 997 961
889 113 524
140 326 453
995 693 39
804 797 945
62 201 761
31 71 73
385 285 261
116 350 511
732 754 459
333 108 625
517 601 625
561 385 559
533 482 575
63 911 161
15 661 733
307 682 793
57 656 721
463 215 506
245 603 887
401 601 751
201 936 329
195 825 430
921 502 959
721 501 971
165 534 585
66 81 307
757 571 861
414 545 61
600 337 137
34 521 175
268 72 987
91 43 791
213 721 753
623 854 453
803 1 182
18 136 307
991 777 233
315 196 941
185 97 569
244 245 611
189 618 353
95 77 176
73 15 761
751 928 627
713 816 553
421 131 769
523 588 697
845 171 681
43 636 719
811 873 949
881 994 969
924 353 889
171 755 851
412 441 671
414 766 741
527 11 376
669 206 85
481 781 147
505 211 257
971 421 876
168 477 27
209 501 291
384 833 195
737 953 609
823 745 619
415 422 877
741 110 911
109 301 805
588 381 736
955 27 811
286 628 245
826 489 401
920 665 359
447 288 737
43 717 353
225 176 35
869 349 78
437 205 806
410 905 69
487 302 691
500 991 562
293 97 981
156 509 921
209 833 741
933 21 781
651 624 741
148 491 60
131 921 721
761 320 310
593 401 457
413 1000 165
523 913 819
493 183 35
705 266 65
301 741 731
508 607 578
44 325 293
981 904 280
360 47 316
458 401 201
797 945 45
147 529 679
339 345 84
483 657 563
419 847 671
851 336 401
541 638 920
136 345 760
501 683 263
490 234 678
555 194 326
589 574 511
199 891 377
493 135 425
63 796 601
777 669 873
626 757 537
801 789 751
729 556 301
870 769 671
624 26 331
515 543 968
632 41 556
866 775 673
745 561 349
297 475 221
487 721 361
601 581 114
270 513 933
313 826 245
145 857 931
133 933 888
528 197 15
752 1 559
157 689 41
321 961 639
180 725 172
72 739 257
1 193 774
879 535 41
530 81 425
83 289 414
663 541 695
894 315 753
669 743 865
151 181 110
822 915 992
874 725 244
201 97 229
995 17 466
467 101 353
529 826 671
661 57 748
713 909 419
257 893 602
193 167 93
95 519 657
173 545 565
694 351 43
104 749 226
983 52 713
273 487 963
393 295 928
253 720 217
541 537 301
801 236 390
201 553 549
276 463 202
147 963 658
746 594 806
243 545 537
47 5 593
161 395 541
137 927 801
795 753 681
41 876 8
888 81 724
276 233 1
881 877 723
905 905 191
57 99 545
851 641 645
769 53 41
193 425 233
633 250 501
461 35 253
161 993 605
447 831 461
601 205 442
401 441 897
814 177 665
465 841 336
342 23 438
501 986 319
646 313 556
457 5 794
878 251 641
957 441 564
834 829 789
5 475 601
337 288 261
676 193 870
583 156 311
849 299 865
777 321 272
385 593 277
678 939 156
916 473 834
404 31 149
860 658 295
206 187 66
901 151 117
369 804 845
641 893 621
925 901 443
51 473 144
789 731 101
140 412 627
477 231 809
781 554 23
95 258 861
640 971 921
967 729 489
497 1 870
599 166 841
441 79 182
951 26 986
502 817 697
60 446 757
712 81 497
236 1 426
301 251 605
165 21 26
225 713 91
673 261 701
576 290 983
547 344 549
216 309 423
655 709 709
199 644 769
770 426 239
945 256 317
665 741 585
106 841 110
701 789 198
51 863 75
699 773 226
603 981 536
119 865 277
801 236 977
993 669 524
153 569 651
486 635 793
991 401 255
491 857 779
861 67 687
716 97 77
573 751 41
312 308 180
387 611 561
447 453 841
161 476 808
801 961 146
551 921 861
545 67 665
51 149 777
880 369 48
867 863 631
917 879 451
5 951 481
299 361 489
753 391 490
41 1 857
21 822 789
124 407 625
684 133 41
849 178 377
881 701 790
70 121 239
337 324 360
165 171 665
882 751 327
891 801 869
257 181 829
697 32 301
386 173 375
881 721 401
465 401 923
459 153 481
121 241 615
866 599 321
409 784 251
228 96 933
905 620 101
886 562 345
948 433 822
444 812 592
51 701 381
797 811 446
251 7 522
817 633 896
103 569 177
969 864 477
987 730 863
321 993 172
736 73 988
153 277 561
310 358 412
391 249 121
933 237 329
176 111 880
468 276 597
305 697 853
409 301 574
654 253 413
947 167 374
445 225 81
909 265 831
777 696 768
519 681 241
283 985 714
837 718 43
631 369 405
681 891 361
567 915 373
497 546 117
793 842 76
341 516 647
677 199 853
329 681 979
206 956 441
951 1 49
340 338 573
381 633 421
778 593 883
201 247 320
284 319 601
446 271 605
181 741 99
561 44 251
25 443 635
854 199 549
791 80 71
110 757 943
297 497 406
561 225 773
464 473 544
351 411 833
431 97 557
409 957 20
827 361 329
310 516 631
217 929 111
458 581 841
437 504 501
985 465 841
781 725 225
26 909 770
945 781 665
441 285 335
61 901 143
530 763 477
137 353 526
784 739 934
164 314 421
213 69 359
81 826 476
244 95 801
161 679 319
983 161 334
267 501 907
845 386 224
909 741 373
933 561 821
11 561 861
865 83 877
358 696 139
803 641 988
401 353 252
185 381 537
736 721 264
1 657 29
233 531 526
829 429 393
161 953 419
145 71 311
510 851 497
739 591 964
394 659 229
931 417 825
881 341 551
321 133 681
981 685 217
543 690 484
209 331 213
829 511 846
586 81 49
113 713 601
931 945 6
641 729 181
921 835 741
288 593 693
881 556 265
257 613 729
107 396 809
16 363 746
233 361 297
919 621 761
301 589 240
381 321 896
525 953 130
508 687 273
379 953 887
657 644 153
965 838 485
787 606 425
222 240 491
1 841 9
944 791 851
860 464 249
531 923 959
589 733 291
511 131 616
300 121 826
831 14 113
951 281 960
201 145 741
387 347 166
585 951 317
986 503 347
757 193 933
77 761 641
340 202 5
681 491 953
257 600 349
615 308 33
296 155 480
341 444 691
221 171 361
506 211 89
785 833 589
121 66 761
995 151 961
999 120 27
281 913 386
381 16 657
21 341 313
514 537 525
217 31 305
660 346 673
971 891 426
225 815 250
224 804 141
441 599 611
901 151 631
947 956 401
806 937 227
361 321 607
889 581 449
91 921 408
777 677 387
231 837 264
246 313 141
589 191 729
755 541 649
987 551 33
30 492 815
977 861 917
451 351 993
197 974 861
681 325 263
924 1 163
604 689 993
176 234 779
282 833 767
332 248 7
471 706 402
143 440 627
233 303 685
329 689 107
79 894 265
271 737 851
87 853 292
183 761 161
110 633 846
775 373 784
281 145 341
985 637 595
611 528 437
932 746 89
321 561 21
856 713 298
276 883 681
321 917 419
369 433 706
488 18 381
81 445 958
169 221 881
97 918 915
148 209 61
52 858 958
941 421 741
761 451 906
949 70 969
324 628 797
329 83 146
393 227 965
561 842 13
305 39 857
959 62 203
453 901 105
561 453 487
461 641 121
817 979 957
661 881 941
697 945 481
936 721 5
1 405 593
137 336 873
257 535 126
705 509 666
491 129 651
516 618 651
261 210 321
905 432 656
62 435 537
831 201 919
976 147 768
765 868 31
447 321 353
221 504 387
979 915 725
224 733 905
851 438 630
81 573 943
545 901 699
273 269 961
866 157 156
5 451 537
926 664 963
492 44 677
671 392 510
144 524 810
547 477 161
499 737 368
847 447 310
201 460 451
989 440 345
45 917 714
365 651 639
680 115 733
329 601 849
626 853 513
9 301 578
763 106 765
316 929 543
361 177 7
681 891 832
55 764 129
249 109 9
521 923 517
421 710 256
929 257 54
765 909 986
560 923 123
123 243 947
789 291 356
897 281 297
271 223 149
801 707 113
471 521 73
101 281 481
761 33 220
465 247 433
351 841 1
481 569 483
1000 913 903
821 809 765
58 97 969
74 201 781
26 744 929
11 599 473
681 975 593
351 140 116
457 643 797
238 453 441
245 651 118
749 993 191
439 717 617
111 249 309
234 121 601
58 972 206
165 246 81
309 961 561
721 327 551
337 825 485
106 100 573
357 951 551
161 457 547
1 457 239
147 833 814
361 564 611
651 57 155
461 112 50
629 483 590
607 848 434
825 831 941
317 493 900
207 789 474
945 339 301
393 751 886
825 841 321
731 436 45
636 713 41
651 817 545
181 461 99
673 699 681
321 281 835
869 184 101
824 221 961
415 645 691
161 501 937
399 426 297
420 304 223
91 541 649
691 808 549
771 193 589
307 41 777
143 951 340
997 495 483
428 537 569
401 301 805
931 957 43
657 961 281
693 105 267
386 53 697
795 881 573
521 451 418
701 271 281
41 331 389
942 613 859
227 891 921
631 551 201
876 473 200
421 285 201
879 475 230
235 383 73
221 431 701
431 76 592
353 121 731
626 886 153
683 605 921
339 926 131
351 641 325
71 737 761
481 651 326
37 441 644
62 436 449
131 708 439
365 986 32
561 118 309
89 961 962
703 705 985
652 999 262
142 514 380
505 251 341
666 106 253
841 681 682
393 690 707
963 91 901
878 337 238
306 137 5
849 124 361
551 499 851
173 410 785
565 608 417
921 393 113
425 709 899
751 798 9
715 180 51
97 783 594
15 543 59
101 61 963
544 406 44
577 433 756
339 915 961
79 793 943
739 763 265
241 119 185
553 85 735
29 732 271
849 941 805
11 172 837
151 485 73
205 226 753
923 865 351
11 641 541
633 261 137
953 37 141
369 613 691
848 461 1
70 461 324
518 551 758
579 377 201
358 263 493
701 83 459
696 762 47
411 601 458
419 445 393
886 149 801
729 313 171
625 269 641
201 65 691
496 121 851
936 670 291
325 901 851
359 271 42
291 521 573
718 241 701
255 381 600
771 913 709
831 585 729
313 449 543
33 941 807
601 746 259
516 952 911
698 311 789
39 153 901
943 501 909
804 575 621
16 391 309
321 421 391
993 825 754
701 657 69
981 498 441
117 466 441
449 302 283
387 387 772
876 699 939
581 729 369
309 763 625
766 673 737
361 772 651
94 854 975
920 106 565
801 256 669
841 561 548
784 797 801
73 605 705
326 52 559
971 181 65
393 899 322
51 378 191
487 91 451
841 126 867
145 91 950
277 931 673
176 254 317
695 248 866
570 845 283
234 911 501
281 271 107
80 913 921
85 632 433
607 471 626
821 49 717
601 243 997
51 234 798
761 145 846
118 711 46
823 453 761
911 839 337
502 286 61
909 71 124
773 307 929
822 211 421
561 441 173
37 745 433
217 154 861
730 335 137
260 713 97
909 341 457
691 849 361
83 650 829
409 505 225
876 767 67
311 201 236
841 515 231
475 408 597
705 489 838
337 640 157
658 849 343
667 761 905
786 401 857
171 909 247
119 258 313
361 937 717
557 758 528
241 481 211
89 348 703
231 1 703
732 716 449
697 689 91
563 568 577
645 837 31
651 821 771
157 121 34
761 745 201
481 839 92
817 494 344
574 101 209
516 451 332
81 466 606
804 376 775
645 512 393
626 801 567
303 101 861
617 327 763
383 761 301
41 726 869
746 585 722
969 331 1
465 21 277
381 73 530
651 371 253
681 929 801
401 511 873
969 987 501
522 857 168
405 781 143
363 332 163
614 277 656
913 585 525
746 241 529
621 589 841
89 959 561
876 733 701
661 217 327
536 533 96
392 479 1
61 610 151
445 207 771
393 819 309
993 693 141
593 361 831
848 681 699
642 433 683
741 469 811
969 57 711
729 982 81
943 535 462
246 256 201
583 77 594
517 129 955
911 689 877
841 847 712
841 461 326
67 414 590
30 508 41
181 549 460
826 344 231
289 501 651
100 423 668
656 301 105
255 281 999
509 646 354
743 381 100
492 945 761
721 173 261
711 985 209
632 297 262
346 876 521
113 464 581
257 1 41
161 851 821
176 585 639
399 361 745
716 303 703
949 967 17
221 126 529
96 609 475
518 329 351
961 151 724
75 786 923
741 441 165
992 933 834
753 281 715
101 219 761
696 519 379
521 717 851
795 681 141
661 334 181
31 464 621
657 195 96
483 222 623
361 566 317
828 586 583
697 204 728
177 228 541
714 355 261
256 906 724
76 442 69
660 83 601
657 69 916
126 86 17
98 871 219
555 601 729
201 621 533
201 71 841
701 185 132
219 729 1
551 937 932
329 801 826
891 417 87
441 857 857
293 861 209
610 861 393
75 104 514
536 804 89
793 593 676
11 873 344
547 693 226
145 791 993
920 551 857
12 266 715
945 906 187
553 14 887
933 383 89
862 911 643
441 985 853
110 777 253
201 336 921
259 431 167
449 9 621
591 88 13
931 205 649
292 693 485
41 913 521
386 568 835
696 171 45
501 247 851
861 329 683
361 245 825
366 333 988
501 823 630
365 751 61
735 603 236
148 845 259
406 9 941
301 835 324
129 561 385
552 984 361
958 684 21
1 881 594
226 313 321
968 1 233
449 321 517
977 485 835
185 85 603
364 969 81
151 415 352
17 379 247
886 593 811
843 435 869
182 526 41
327 876 846
967 736 621
81 509 90
137 689 669
439 874 38
535 977 253
176 699 421
374 14 77
821 757 729
846 169 901
9 537 650
5 808 577
819 252 331
808 801 225
271 591 501
801 52 998
809 81 67
4 633 979
53 837 321
759 571 249
11 116 186
461 185 826
48 177 589
231 649 11
850 709 331
403 369 340
471 397 769
556 83 454
187 233 17
213 937 714
644 401 963
865 241 961
872 801 204
533 743 281
878 793 841
981 353 375
120 849 759
785 826 913
664 680 341
849 241 426
109 926 219
245 525 465
493 951 325
793 601 373
541 525 201
457 161 449
577 583 561
631 481 349
841 321 529
576 813 69
205 601 531
571 953 501
161 840 888
563 501 473
211 593 726
156 936 341
347 469 470
239 275 314
573 170 809
879 22 168
687 992 685
501 226 648
937 901 487
441 262 611
67 481 161
979 601 147
849 61 929
794 943 490
593 41 131
491 833 385
490 293 122
760 81 57
313 761 715
631 39 828
786 309 426
841 639 807
889 451 271
90 901 1
637 13 251
801 402 201
224 443 750
168 51 589
811 501 793
865 257 129
643 379 745
30 653 824
61 609 45
251 631 632
588 961 873
324 109 92
701 457 551
879 779 401
217 72 369
45 251 561
721 304 57
376 801 280
1 157 329
745 306 201
533 542 451
801 511 601
62 387 209
982 89 344
804 276 421
393 447 256
686 853 181
451 705 229
15 277 341
74 641 285
988 191 306
483 515 151
315 49 346
569 981 471
174 361 645
886 529 11
6 743 559
361 849 557
359 891 133
291 821 169
773 303 363
951 728 645
169 996 436
297 393 713
331 277 1
468 169 701
913 401 728
609 435 511
865 53 951
51 321 617
901 233 791
94 725 449
521 591 309
481 500 555
94 878 593
611 217 679
753 812 748
869 771 389
785 399 793
818 385 832
396 705 376
217 254 538
121 29 381
609 466 745
881 873 383
851 654 599
789 466 311
296 534 147
681 136 141
251 76 846
393 281 1
577 779 493
991 81 697
633 489 299
325 281 405
529 468 129
775 409 41
145 451 505
941 606 15
249 686 781
771 169 579
731 426 1
226 769 511
837 176 21
7 576 73
59 377 891
891 374 805
797 25 897
920 787 971
167 848 908
957 961 598
571 249 825
557 805 275
540 664 824
857 996 684
951 81 225
79 285 821
235 182 995
915 611 551
793 123 517
191 386 180
670 50 211
17 723 753
753 929 683
826 789 471
1 200 251
921 2 169
27 841 385
21 641 673
841 178 837
272 460 13
811 297 135
769 413 599
475 31 375
429 106 974
177 779 750
376 805 176
623 741 756
973 741 840
369 692 880
173 318 149
329 876 972
65 201 497
799 835 831
161 71 321
625 291 33
261 205 525
437 289 146
591 346 7
981 772 761
969 801 562
141 58 281
679 133 817
839 893 28
737 153 757
416 767 809
183 533 953
601 427 568
641 465 911
286 197 489
661 241 260
383 109 899
935 249 306
891 801 599
614 480 593
829 352 621
29 353 401
47 181 531
147 281 721
366 369 154
245 696 897
431 253 481
664 489 299
801 582 401
369 465 776
451 147 621
521 633 745
849 316 736
416 605 261
670 721 17
922 471 289
857 937 679
106 882 131
851 329 403
561 973 751
296 98 317
671 482 146
551 339 697
129 929 277
860 231 277
301 851 21
486 381 251
394 137 30
905 895 683
633 177 690
629 241 122
830 213 631
376 457 881
135 296 837
826 870 313
726 241 66
160 396 57
359 473 261
610 161 993
540 393 3
302 793 745
753 356 378
510 761 771
327 220 721
859 433 959
109 277 571
301 230 489
426 715 462
502 103 201
930 132 991
801 586 271
362 311 225
904 281 581
69 906 343
171 409 714
193 634 681
33 855 813
801 185 316
843 666 863
1 180 993
321 865 487
31 11 201
309 943 483
774 65 239
342 771 302
179 785 985
352 717 248
639 675 883
889 391 603
97 779 465
956 277 173
392 458 704
126 235 435
209 925 249
911 523 497
57 585 269
721 698 953
611 637 425
281 671 314
65 205 337
561 771 605
802 537 483
629 441 443
49 935 141
300 126 133
241 581 401
3 694 585
563 657 188
849 688 124
451 149 197
351 900 251
1 31 81
658 766 401
617 856 195
633 573 971
573 979 885
193 1 852
201 925 1
59 79 293
329 543 609
649 769 897
176 256 729
825 371 651
482 201 679
324 146 387
777 683 626
827 707 162
893 561 112
257 571 571
713 772 573
713 641 603
776 257 777
993 881 576
923 355 206
358 862 491
433 567 634
572 409 441
461 173 401
425 841 828
589 417 157
253 781 416
727 515 225
793 251 377
333 26 308
641 901 567
819 811 301
21 839 109
471 680 561
167 526 301
581 755 889
742 781 321
621 541 291
981 535 776
757 371 851
177 717 385
100 185 793
834 316 17
401 265 127
385 411 761
748 89 501
954 327 163
885 905 122
266 161 885
917 950 1
25 44 568
679 228 655
721 662 193
803 361 611
42 774 501
795 21 592
721 593 961
782 777 581
945 583 382
416 495 274
977 517 834
648 324 891
82 873 210
641 363 585
921 86 269
111 539 645
962 881 537
977 801 169
961 791 607
477 225 233
596 201 801
497 197 333
401 167 541
169 326 821
681 909 86
47 701 651
946 1 525
901 611 206
1 893 639
733 62 841
266 370 581
991 676 89
609 236 527
105 221 619
897 25 591
585 921 393
948 71 854
687 356 956
857 575 753
938 553 621
801 363 1
376 186 657
736 505 886
519 537 513
477 949 881
778 161 904
176 365 501
282 1 831
61 209 971
308 505 471
707 810 861
683 495 467
164 865 915
671 939 431
800 161 471
787 14 905
58 845 510
677 149 427
329 283 761
953 643 814
920 993 665
457 61 168
511 769 558
176 826 681
585 500 874
151 795 957
593 951 615
246 701 901
71 347 715
545 273 350
931 412 875
153 857 546
226 591 129
512 841 241
397 734 716
841 1 749
440 778 365
669 956 777
381 441 345
285 231 681
81 69 962
