564
1374 2406 17
58 4347 53
947 4028 94
9999 8304 55
7572 129 4
6777 7714 56
3241 1547 51
7836 2977 43
7909 714 81
8581 7205 41
373 1323 17
5263 5273 15
5221 6789 15
9984 7197 76
8542 1305 32
5410 9787 29
2998 3640 2
2544 2373 65
6983 9693 34
9448 2653 12
5687 9081 23
8429 8024 77
6861 7150 38
7754 9490 6
9613 7877 39
4219 5609 75
3330 777 76
8646 820 7
547 8129 95
6469 903 37
9704 483 9
2069 9493 85
7184 6324 82
155 1170 86
9249 7611 90
7740 9575 53
1032 7204 93
4910 7449 65
8614 5844 76
4502 8473 24
8757 9185 47
4009 5013 5
6102 2529 7
9312 7573 81
1590 8703 31
1650 7626 67
7729 7249 19
1558 1351 19
7128 5752 70
2850 5260 14
1493 2382 47
6028 6064 31
2867 1378 20
4273 2608 82
1735 1841 57
3007 4123 20
9127 9229 91
5414 6356 43
4469 1241 69
8365 6510 13
5160 3808 86
574 6401 34
4475 7180 33
3186 869 74
3783 1172 79
8299 3263 81
132 588 80
7957 7611 6
9587 1521 63
7647 6440 59
6163 2015 99
3171 169 41
9263 4503 6
713 8273 79
8562 9592 73
9051 484 14
6965 8656 19
1231 8950 53
4650 5610 50
1962 305 54
922 4454 57
7789 2325 49
2083 4558 18
4504 5579 41
7171 9887 27
6830 6029 59
8061 98 5
6850 6632 65
1976 384 35
1833 3847 60
9615 2485 2
970 1592 30
7287 2593 13
5550 5365 67
5327 769 9
4492 3279 97
3579 8765 31
3824 5498 58
5971 1481 14
946 564 8
9774 6349 4
1269 9353 91
4871 3219 87
1611 4874 8
3244 422 14
7325 2897 25
2256 6344 100
9367 5614 24
4345 7760 56
2976 9161 71
5471 2458 85
4887 1970 78
9718 8937 100
2635 632 23
2729 8869 80
1699 9144 24
5407 1529 80
5660 3111 3
6534 5481 12
7084 2658 57
2359 6087 26
4428 9802 9
6791 8855 25
3188 2153 72
1047 1165 57
2540 5100 96
8221 2410 69
666 28 12
5908 136 18
7940 8826 74
9574 2601 98
4522 6171 57
368 8867 72
1385 2242 96
8843 8955 58
421 899 39
5284 1604 20
4349 6413 47
3192 9337 68
4365 7996 68
7276 7190 16
3227 3178 5
5947 8506 96
8661 3168 27
9618 2073 86
1763 2252 59
3375 8987 21
8118 4286 30
2158 7128 23
4115 3910 56
7434 1726 76
4341 7648 32
1406 9226 1
1559 3717 43
7221 182 12
2035 1097 32
6641 5196 29
6482 8142 64
7004 2368 57
3685 8691 33
7034 1068 69
3726 9208 49
3558 1747 74
1878 4519 59
4531 8009 25
6321 861 59
7302 1660 70
4730 6988 96
8591 7465 19
8001 5820 42
3346 1683 49
133 3941 11
9844 3723 49
8282 7314 86
5251 9106 30
4443 2230 61
9815 4255 55
5260 8106 42
8238 9608 60
713 1958 21
2554 7571 1
3803 5409 75
625 4441 82
2084 7483 18
9939 4672 86
3458 3935 41
3634 7321 68
7137 1985 79
7582 9797 77
6103 114 28
7876 6617 60
3893 5580 98
149 5490 3
9974 6989 70
970 513 4
3726 6352 29
4893 3847 93
967 6192 43
9056 2879 24
9105 4462 41
6068 8334 32
8065 6968 78
6199 287 46
902 5953 51
2218 6967 75
995 345 66
9377 2555 17
6225 3449 64
269 4019 68
2320 4122 28
269 9221 11
5651 7159 96
569 6579 25
124 8754 3
2164 9411 22
9377 5081 3
175 9282 92
533 3809 52
3028 7690 61
5636 5192 47
7924 4608 89
5619 178 63
2157 7471 79
4464 8512 5
3676 2081 56
9043 1982 54
9130 1514 85
4457 4766 50
5703 9286 44
8465 5075 1
801 9868 72
4339 7840 17
7549 2059 62
7269 1783 50
3966 4771 88
3961 6121 34
9574 2129 44
5248 7975 10
7740 3483 95
6369 8163 76
4028 4652 39
9542 2308 96
8388 7336 48
1085 1081 63
2420 703 48
1198 4783 29
9386 4290 32
8117 2101 96
9561 3591 84
7832 2771 23
2838 4192 51
6660 4518 22
9499 2103 86
5807 580 58
9056 7416 26
5873 4038 73
9128 8738 85
9007 5622 52
6862 1158 68
3215 7978 88
6217 1758 76
217 4048 61
7122 6219 6
663 378 31
7024 4631 1
5749 4434 23
367 1321 3
4741 8884 10
8703 1713 82
3175 67 98
3804 9468 13
1761 5371 98
4908 3123 3
8166 752 34
3020 1723 8
8846 6197 38
3171 4864 57
7241 1265 56
8588 4143 96
7496 628 63
6939 7352 12
5043 797 35
301 755 25
7482 6116 55
2989 351 95
5697 8801 53
132 6350 89
2494 7446 10
8785 4269 68
2577 9884 81
8959 1341 75
57 6556 10
4539 8134 31
9717 4877 2
4954 5701 29
70 4069 13
3718 9563 25
2745 705 56
7859 4375 75
658 2106 5
1407 9360 49
706 6183 25
4458 2725 34
3193 3881 84
5348 1151 45
9608 2549 56
1628 8404 87
2751 3938 41
1197 1278 8
3957 128 9
7344 4210 41
609 8096 61
8075 2301 14
9262 3943 96
3091 5099 5
125 5721 41
9616 5795 77
2578 3713 99
9297 8807 36
3232 2760 20
783 2233 36
1569 1751 89
8948 4983 16
9791 6186 92
6549 1511 17
4879 5188 89
817 6720 95
152 7944 14
5478 1278 67
3210 4155 46
4865 2167 52
5578 4932 82
5564 6006 75
2024 41 72
8940 7341 100
5986 1238 48
7485 1369 39
7156 6876 43
6572 2733 13
5832 9784 36
2652 4992 29
8074 5764 88
6656 8836 72
7849 9600 7
1202 1085 14
9458 3272 85
5919 3200 65
5831 2493 50
1149 9401 63
298 2187 1
8351 1197 46
8126 2741 27
8489 8175 2
3512 9824 91
4630 1564 96
8136 446 50
8670 1656 44
8478 5067 97
4656 7861 94
9636 1467 78
2618 1721 10
8430 1657 52
6849 1183 78
5347 5464 49
9599 8186 94
5105 7826 31
8845 7582 25
3827 8185 24
383 3929 44
1506 3453 78
2789 5549 37
7568 9871 27
6998 2190 81
4577 6724 80
2644 2539 6
9672 4508 71
8712 3872 90
309 8698 79
9466 4827 46
9517 9641 25
9900 505 89
962 1417 42
1447 5639 76
1745 9956 47
9433 5782 72
5036 7711 99
2540 8821 51
8333 5263 8
6175 5634 62
6010 7067 87
5998 9581 67
9011 1142 73
2376 3747 58
2638 7860 31
2476 1705 56
9493 8625 50
2480 805 9
3412 9882 45
3650 5119 42
6005 2506 78
34 9894 40
763 5312 70
1182 8715 44
1119 9920 58
9780 3586 67
5008 5721 85
5474 1713 36
437 925 51
9925 4512 4
65 675 49
3146 5234 83
857 1028 82
4261 1276 91
4928 4897 59
3393 7821 62
7024 1870 84
8069 6263 1
182 7868 94
2414 2744 77
4533 1685 98
2112 3340 54
9531 9595 34
6723 6974 97
2668 6674 23
3386 2197 100
9171 9026 11
7449 2268 51
2297 1684 40
6487 526 25
2507 712 74
2421 728 23
6336 5186 56
2126 9544 60
4901 8797 34
5855 5121 43
7166 6306 81
4318 1025 19
1937 7932 89
4276 2925 5
6264 5690 65
8321 6066 76
2684 7436 40
649 9006 42
3203 1174 45
5936 6714 78
9117 6444 99
3043 9142 16
2500 2986 38
5782 4505 65
398 7759 52
3796 350 97
2873 5881 25
73 3039 9
9353 6293 31
2136 5314 14
9528 4806 44
9510 5590 47
4308 891 79
5136 2432 59
6183 5339 81
9979 686 85
2365 7286 91
4877 8128 56
2539 1480 4
970 2376 23
4073 796 12
3488 1446 71
69 4990 20
7244 6422 14
650 2690 53
4994 150 96
4410 7147 59
9843 8049 4
1232 6060 55
1631 6216 77
9122 5879 46
1636 7418 29
3170 7874 31
2679 2876 98
6772 2080 29
3652 7381 25
1773 3695 16
9431 5216 64
8705 9138 99
2498 291 17
1276 7727 50
1588 1744 24
9646 5483 9
6004 7200 95
8968 6345 91
1481 5549 100
6630 7101 8
9094 9149 1
594 730 20
3091 145 69
6863 8148 89
1647 2638 34
3072 8740 80
8426 9858 63
3403 9818 8
5734 1750 91
2997 9030 96
8690 9238 4
2195 5144 100
4596 1954 82
1716 1405 35
7250 5190 10
399 7136 89
9691 1285 88
8822 2394 98
9700 6934 43
4042 5592 33
9687 2674 32
7801 9765 31
798 6404 27
3828 2329 9
4066 9023 73
5964 8626 14
7855 816 81
375 151 80
7822 3976 61
3177 7746 37
5629 3227 58
1726 9603 62
510 9378 57
7523 1869 100
4254 5314 5
9923 2383 30
7861 2721 51
1328 6142 47
9285 9085 46
7193 6992 19
5811 7356 62
7384 143 79
8782 676 70
2538 2730 80
2380 2960 18
2015 4405 15
4636 817 19
802 6520 22
667 114 76
528 5678 1
5555 2172 33
8571 2539 23
518 5690 86
3851 601 69
6417 4003 60
2026 6980 48
1075 3228 38
8497 3414 59
3298 7257 11
203 4532 78
9610 7624 80
9902 6304 34
8227 8098 76
2617 6131 61
2524 7669 70
1734 5687 52
7910 1276 85
7936 3951 77
244 2538 20
2915 4290 89
6183 3343 75
679 600 66
