200
5579 2761 79
4114 6697 36
1908 8511 10
9368 2723 26
6866 4826 57
4899 9583 89
9531 3674 80
4654 8767 55
5284 5242 35
3647 5435 6
8801 674 8
8505 6618 26
480 4765 75
5934 9170 7
6804 2553 43
1441 1867 72
8268 6273 65
7291 2917 55
1411 9319 57
2334 5212 87
6835 8659 16
6893 1071 66
516 1030 18
7441 133 37
9522 7793 99
8692 877 44
1463 971 7
1989 7946 83
5918 9126 98
8711 4542 24
9946 1624 38
2006 6450 82
489 9875 38
6988 9516 41
1964 3472 75
1858 1146 28
7237 474 4
6296 793 21
7670 8281 47
2863 2906 6
4536 9216 57
4425 5726 89
9606 2616 53
2908 182 97
2033 6979 62
8306 9648 40
5710 3481 55
5836 8840 35
2058 2137 69
4455 9427 88
9118 5437 11
2655 1261 64
7439 2107 72
6329 468 86
4078 1529 90
2291 2541 64
9230 2961 28
5843 4450 97
3230 8427 69
8378 3471 7
3039 9455 6
84 5310 68
3410 2783 78
893 7484 35
5142 1808 21
655 5827 75
3528 8386 52
3585 4931 41
2599 5249 55
9266 6343 67
3404 678 87
6007 9453 83
2585 6256 52
1027 563 70
3694 3303 90
3882 7938 17
7743 693 99
3536 2287 86
3650 5837 70
9348 5437 98
2931 1169 64
1944 9730 89
697 322 62
4401 2235 12
5109 1590 71
5957 6169 33
5791 7893 95
3800 5546 62
4483 1318 51
5133 5285 43
9621 5887 94
1094 8975 53
9288 6736 85
3945 6107 97
1471 8421 52
1565 7961 73
10 2791 3
1732 1430 13
8577 831 23
3580 2629 30
6031 3413 95
3655 6800 100
8230 952 70
8944 5649 11
7760 7648 73
5444 5154 8
7265 4247 50
171 6534 50
2753 8443 48
833 5735 17
6712 4236 78
3298 3968 73
5488 751 19
630 9176 73
1774 2301 2
5069 4687 3
7165 6954 31
7226 2868 58
7072 2771 92
1562 4499 74
6889 9848 60
6426 8991 31
5794 2000 10
962 9332 43
2129 9312 86
3019 5020 20
3755 3795 61
4767 4688 47
5517 9522 9
3650 6766 74
1918 4351 58
7805 8169 46
3557 9775 78
2513 988 85
91 2615 78
9840 8798 85
2179 6073 19
6484 1043 8
3814 1230 56
9142 6297 16
5151 540 10
3675 8593 68
1895 5646 52
7854 4041 80
2583 6892 50
4810 527 70
1874 8439 47
6312 5457 1
2798 2432 7
319 9054 75
2392 9465 49
2319 1425 84
1848 6926 62
243 1350 53
6350 4149 2
7427 1395 92
4738 536 55
4308 9467 98
172 352 11
1787 7306 74
4183 87 78
3265 9681 27
2264 9528 55
6378 7462 93
305 9687 56
5927 1523 83
612 5996 98
176 9035 73
1756 1139 39
843 9950 86
5206 1542 26
628 2307 52
4898 1681 48
9816 6019 5
8184 2156 37
3728 5329 72
2562 2528 20
2827 6717 82
5055 4534 73
6717 5064 51
1378 32 81
6924 1472 90
1600 866 37
2288 7339 40
3016 6161 14
2223 19 81
7648 9526 48
7940 167 61
9396 2608 8
8011 9583 30
7082 6356 48
9993 3822 76
4016 5040 67
4250 9897 84
87 148 1
9116 1173 96
7114 6277 13
9954 2045 49
1705 6542 26
1976 2097 76
