3828
490 887 749
829 74 605
1 561 561
932 30 681
233 89 621
326 424 707
214 336 687
949 177 301
239 62 673
81 285 481
669 900 241
996 225 375
233 442 191
81 424 889
84 789 544
921 401 858
150 813 503
895 219 817
951 401 79
436 858 975
741 593 945
671 939 345
346 153 249
116 129 438
973 593 921
849 281 657
425 51 738
9 145 26
241 961 624
801 71 442
881 707 971
597 435 449
319 637 19
825 511 53
751 871 533
897 815 478
456 305 785
449 945 970
771 475 485
633 611 297
601 198 716
204 879 375
633 654 1
401 47 402
608 977 118
136 469 189
925 641 23
61 461 333
891 789 466
567 27 83
426 841 101
714 401 813
291 881 49
109 821 487
740 720 921
468 677 1
311 121 350
973 126 839
977 363 778
703 283 456
301 526 305
235 573 321
405 466 581
77 183 105
520 649 73
595 899 74
375 97 900
151 673 373
747 958 663
325 163 742
561 921 751
59 721 157
495 526 735
763 272 340
257 581 63
194 45 921
861 843 41
945 645 516
672 138 901
7 347 412
545 445 457
665 411 696
545 26 545
33 373 586
955 191 65
141 841 287
606 931 37
256 360 17
963 81 609
671 214 841
397 371 655
189 241 46
859 995 59
446 841 6
549 64 769
593 1 237
905 907 51
241 93 619
844 561 151
208 655 841
553 861 293
396 607 657
141 881 781
821 793 34
13 56 391
543 1 909
881 27 433
913 843 614
176 513 141
342 981 327
569 255 871
657 701 953
675 385 933
556 1 108
957 161 686
34 353 457
301 684 663
41 242 286
881 859 701
274 320 777
976 498 581
126 841 656
685 543 81
377 821 449
71 41 851
391 611 86
821 221 501
187 926 691
641 465 955
145 825 637
861 780 379
421 471 571
861 808 148
761 921 284
761 676 839
279 797 677
36 346 221
131 786 619
695 655 321
983 561 315
892 875 426
961 65 763
276 293 308
237 875 49
249 130 653
971 643 649
161 783 241
249 201 93
549 867 645
957 679 616
801 153 897
83 45 669
65 67 154
247 84 120
750 130 73
368 461 150
647 516 981
626 281 761
133 38 330
265 345 116
37 661 545
638 238 481
123 47 1
441 271 765
69 301 565
217 232 409
147 221 417
239 65 99
841 101 821
588 656 351
525 807 156
185 213 120
1 1 849
555 205 976
725 961 649
951 811 391
26 945 153
355 503 805
328 989 961
830 373 921
985 591 797
681 401 361
863 586 619
17 721 777
138 841 346
641 161 121
101 465 431
687 621 953
111 589 785
101 882 436
96 1 226
945 476 41
227 530 881
681 977 710
154 421 59
791 549 221
957 981 541
19 224 375
268 179 681
68 221 280
6 23 849
931 566 629
657 403 365
825 182 887
429 449 193
401 921 797
36 849 545
271 199 506
196 649 251
587 1 327
232 201 235
326 751 687
215 681 956
645 763 849
873 713 972
251 801 981
643 615 984
771 555 766
221 306 501
209 89 842
947 13 89
307 613 906
776 897 151
821 426 706
444 743 913
542 449 102
13 489 544
359 149 151
785 387 200
213 560 712
681 719 89
351 737 140
838 921 270
351 535 276
745 584 2
643 809 51
697 221 621
501 937 945
244 689 77
121 393 865
3 769 480
132 903 309
598 901 776
633 776 921
193 793 25
22 502 733
981 231 681
205 898 23
961 48 285
193 691 276
791 741 871
715 1 258
823 461 280
361 801 265
312 441 537
150 781 879
137 923 983
49 527 289
901 874 246
641 957 577
521 553 341
913 873 466
481 776 947
305 676 989
70 958 228
65 76 741
531 91 603
773 208 179
947 76 169
961 141 793
316 700 717
801 552 341
376 903 843
277 225 121
297 482 898
1000 193 631
296 201 426
951 340 124
596 232 668
317 805 17
401 377 877
883 97 465
157 63 457
555 660 98
233 591 881
521 201 911
791 813 793
603 131 881
711 329 79
612 71 371
308 265 933
250 670 429
121 693 209
33 831 656
789 629 243
265 701 205
567 374 633
181 101 501
507 7 303
698 151 861
441 81 807
341 439 31
498 381 727
791 133 476
677 431 881
371 863 778
17 451 913
922 507 756
369 300 869
788 281 323
990 545 368
837 187 237
341 813 166
372 321 33
601 713 837
73 595 396
551 284 961
377 883 641
413 517 79
201 969 927
113 945 926
451 186 207
29 520 605
241 421 91
513 534 721
61 70 601
176 273 351
637 566 191
631 625 381
647 601 725
361 701 439
775 11 872
71 222 361
351 841 169
472 176 226
435 90 869
403 873 360
587 229 594
471 412 41
85 553 693
801 369 721
701 541 648
609 735 991
857 161 618
208 516 489
686 535 661
16 881 661
225 895 670
367 598 456
735 919 830
803 891 517
648 566 841
216 128 521
937 717 565
38 701 873
626 151 484
553 270 171
763 409 971
210 899 401
1 675 709
395 68 103
750 329 541
687 320 543
517 105 541
401 97 578
25 991 909
65 168 501
431 482 726
523 481 391
340 786 567
891 908 407
879 422 882
273 601 872
197 106 551
597 865 707
937 551 721
101 865 121
220 436 88
558 643 682
303 953 213
937 429 269
627 728 494
311 237 160
341 286 15
436 125 642
156 736 100
576 641 522
457 321 629
530 644 51
411 333 997
657 332 499
834 781 658
111 658 891
769 989 689
651 357 171
649 183 123
625 841 619
409 926 701
540 29 662
287 657 358
381 951 441
557 784 509
991 616 503
401 416 416
691 781 977
137 153 719
263 26 389
181 301 780
903 963 501
689 841 23
979 268 827
558 357 710
622 841 535
501 501 1
90 116 436
193 413 592
656 602 722
913 167 201
786 478 378
404 626 408
851 25 67
313 126 821
244 251 902
833 711 937
288 777 622
577 849 97
871 857 685
310 412 209
17 951 751
666 823 705
1 638 846
101 749 454
459 265 767
591 971 75
481 161 509
470 215 535
897 761 457
721 557 117
545 521 753
98 157 681
153 461 34
303 467 943
321 461 161
691 818 321
433 10 367
507 221 616
911 977 535
239 712 9
326 641 529
169 984 683
17 977 546
819 195 468
333 761 489
499 353 799
13 931 946
935 937 751
225 255 677
773 887 110
781 888 121
277 776 361
801 101 943
306 1 474
436 332 350
131 251 96
1 269 393
393 781 232
273 350 200
334 193 344
210 1 896
179 758 701
481 25 913
958 425 501
925 541 381
657 491 637
721 329 950
561 665 546
191 875 219
977 201 834
481 361 157
541 778 561
580 481 273
421 580 793
480 381 583
231 157 21
904 66 961
501 227 546
925 541 564
445 451 529
949 1 317
137 651 701
411 872 369
709 761 309
794 658 583
104 8 746
496 913 456
971 623 965
524 177 701
676 486 761
1 93 890
761 81 299
291 722 904
523 951 556
449 629 33
191 627 678
189 1 9
611 105 412
925 336 857
136 232 362
142 617 589
432 631 901
49 666 284
685 36 746
553 201 753
479 957 956
959 451 801
880 507 121
151 521 809
304 793 964
461 56 661
527 931 751
408 995 97
440 886 2
855 334 751
769 791 705
726 3 654
965 671 786
236 191 866
605 507 176
833 49 959
547 721 610
963 75 281
476 106 193
826 136 877
535 704 651
149 801 881
411 133 623
805 971 885
531 983 759
205 241 681
524 189 18
26 441 103
965 421 991
655 981 822
299 835 226
9 199 345
545 801 226
865 426 201
293 566 869
1 918 473
737 41 799
311 671 433
297 177 721
297 166 137
561 281 986
409 749 241
195 189 570
331 793 60
277 281 347
122 463 937
41 324 745
971 283 865
535 501 117
801 890 801
655 399 71
525 526 804
389 837 45
841 692 857
67 49 625
665 883 206
189 255 693
785 869 769
191 609 448
896 761 431
933 625 377
461 833 825
345 94 351
517 205 176
261 369 44
651 831 681
833 95 777
798 211 198
649 713 279
851 401 686
361 275 761
833 857 553
551 793 325
427 977 189
89 427 273
693 461 145
734 53 39
16 829 389
951 169 771
847 806 279
845 206 445
605 19 919
705 39 677
3 881 701
691 897 705
181 717 355
857 813 461
201 641 253
251 997 756
849 371 251
34 765 126
13 981 789
235 869 951
174 81 376
353 347 356
768 1 301
403 533 929
949 913 106
905 159 658
251 926 875
157 406 801
137 261 601
883 21 13
313 237 569
119 519 621
249 85 625
704 226 974
4 126 187
605 568 85
841 901 507
96 141 316
181 465 283
172 986 913
365 749 616
535 261 732
719 531 864
501 441 307
249 329 867
365 501 146
438 810 781
413 869 744
757 786 531
997 613 801
493 127 225
526 681 495
434 17 501
351 801 918
968 7 711
777 166 145
801 83 33
811 203 341
601 331 597
237 633 438
993 676 173
305 701 229
426 963 571
551 32 161
61 685 502
136 400 646
56 262 452
821 735 753
628 926 273
999 100 955
26 981 311
511 588 251
141 262 121
973 553 26
41 817 851
577 53 326
577 261 50
575 486 273
445 538 139
287 169 601
761 137 87
23 975 230
526 561 588
276 441 793
925 9 399
416 69 165
739 411 731
502 643 661
68 6 561
271 570 543
218 821 101
153 949 657
737 689 454
317 917 351
675 291 633
785 605 511
738 901 851
740 974 253
995 557 733
783 497 503
389 28 857
826 409 141
991 969 684
451 461 105
366 313 97
539 43 201
777 181 91
179 81 851
1 282 21
363 111 281
44 330 219
370 717 751
716 651 726
806 67 49
321 424 143
457 321 643
57 256 245
455 9 773
206 853 175
531 281 705
601 555 201
41 369 307
195 207 981
311 911 745
543 43 778
771 241 597
241 39 723
893 397 376
141 628 969
446 101 245
415 268 533
251 55 921
268 383 992
601 927 529
453 337 37
495 465 46
921 743 193
677 921 257
860 427 101
39 601 219
828 843 41
753 733 481
201 701 787
605 666 441
737 700 169
571 84 234
653 921 233
587 187 39
156 460 991
581 311 833
675 726 423
607 361 149
762 321 789
300 793 438
107 178 771
493 319 401
91 171 416
33 375 753
585 823 102
667 102 511
180 291 996
236 549 9
629 669 377
371 971 501
652 961 919
321 249 613
525 611 449
332 126 18
688 345 541
121 207 62
671 309 800
253 631 210
761 661 83
966 337 69
157 825 661
371 193 521
306 163 735
441 691 2
558 329 691
685 617 973
484 908 287
847 384 765
355 718 997
126 317 351
751 209 877
753 505 913
523 211 248
321 938 451
356 632 325
993 46 785
619 471 184
66 817 857
717 526 491
311 201 513
437 997 899
45 201 181
7 425 709
640 709 578
661 640 659
705 457 28
603 796 37
353 237 351
961 661 151
921 789 521
761 716 40
697 351 145
913 129 959
5 776 706
618 911 616
802 297 906
690 543 425
391 335 631
969 201 356
641 521 351
553 347 726
760 133 341
862 115 257
643 758 171
526 697 750
417 312 599
673 257 653
471 701 105
161 571 123
446 818 705
501 537 901
796 153 601
582 129 101
455 378 441
42 11 857
765 617 463
701 693 36
307 301 233
381 773 305
291 253 985
817 257 127
474 649 761
923 929 156
737 221 37
881 385 245
657 356 237
955 198 532
61 713 364
425 158 323
519 787 489
623 351 985
356 22 263
797 945 781
857 162 561
126 181 265
570 841 31
916 369 155
308 169 439
57 889 566
401 92 720
981 521 922
347 301 591
907 54 301
63 363 92
653 333 217
317 578 301
448 713 320
713 293 851
812 316 677
679 637 400
187 269 201
71 551 881
41 622 99
441 256 329
887 617 73
281 796 676
801 693 711
797 141 608
37 669 466
899 1 926
493 561 326
286 689 961
801 459 606
153 199 155
811 615 324
287 855 905
836 121 729
322 757 433
570 478 241
327 748 925
349 111 437
501 807 385
555 231 653
53 466 681
945 941 161
921 996 249
721 1 135
733 889 781
577 425 801
668 657 851
141 496 561
764 322 399
905 17 982
524 998 805
550 765 1
41 337 681
981 171 525
109 149 491
545 640 321
697 193 701
373 564 893
17 791 277
645 745 5
24 769 665
209 895 793
5 489 341
801 149 575
376 621 686
461 217 648
167 973 962
981 257 189
501 909 660
699 380 981
845 625 921
668 649 645
661 915 368
341 996 807
531 933 481
161 961 986
928 892 928
901 721 801
416 137 720
61 621 30
553 543 510
244 771 47
851 380 537
837 789 337
217 962 761
814 282 969
501 339 986
916 569 713
204 61 581
207 338 177
840 921 966
966 288 197
223 473 516
909 601 947
103 201 841
830 803 781
709 577 88
795 173 731
339 898 1
511 929 743
508 601 467
193 343 283
916 699 5
175 537 173
161 325 465
251 457 466
541 881 835
71 208 1
960 126 523
817 321 141
474 197 336
481 969 753
439 885 469
55 749 225
897 945 537
277 548 919
249 881 136
153 701 587
776 929 92
181 537 481
307 712 271
137 993 325
501 957 287
431 633 736
575 914 749
282 6 261
313 971 620
491 573 651
591 577 901
489 153 111
611 303 89
161 497 533
105 751 541
430 923 210
160 941 141
521 404 257
26 161 841
577 173 221
417 329 979
229 938 561
803 369 841
828 513 953
417 261 971
689 869 792
540 951 951
461 473 289
831 528 841
181 164 470
1 369 433
682 399 406
651 55 121
581 191 129
490 785 673
980 19 725
958 451 394
573 3 571
864 557 169
169 71 668
631 601 533
887 972 761
729 568 451
929 616 851
769 649 225
161 961 791
281 697 81
902 241 413
59 820 641
582 829 537
104 497 347
201 927 272
505 211 791
266 936 167
858 342 682
240 688 249
517 6 745
271 249 146
164 606 824
557 601 504
852 851 95
325 17 159
16 673 997
154 535 927
745 847 501
961 227 1
699 233 573
85 78 918
485 441 413
241 29 971
866 111 603
89 453 175
1 199 161
637 51 980
713 271 951
120 60 131
475 31 315
387 141 441
557 403 999
145 992 733
991 521 438
414 41 773
961 941 479
491 665 487
965 931 723
801 201 16
956 703 841
679 123 177
307 57 41
107 334 985
350 985 371
784 354 858
547 289 813
241 547 200
195 609 999
397 865 893
606 1 261
236 243 601
727 681 130
485 684 845
927 374 602
586 697 266
51 201 468
997 489 817
422 569 601
314 70 473
473 154 961
236 668 310
140 126 926
213 381 147
283 725 76
388 750 473
129 745 996
949 773 159
496 896 481
296 433 793
41 313 10
225 47 169
601 903 872
882 415 962
405 517 17
150 241 266
807 989 71
796 701 321
17 709 347
81 59 874
202 177 689
151 359 953
475 319 784
455 308 65
977 297 921
528 713 925
227 598 921
299 524 524
273 213 847
179 946 478
929 231 836
247 576 161
71 421 561
416 882 193
573 963 151
477 831 161
361 836 441
346 481 230
751 49 645
367 36 373
181 201 946
11 662 755
223 429 705
167 341 601
316 19 901
328 106 295
89 883 665
217 855 143
769 455 106
281 265 351
61 553 26
45 709 913
850 732 271
417 820 393
425 759 840
161 693 177
545 793 636
261 217 905
401 854 622
501 462 1
217 931 513
365 188 259
242 197 85
445 737 674
621 881 371
973 540 372
855 901 701
401 87 224
841 931 325
399 352 803
105 664 529
541 233 372
601 11 792
914 301 411
986 361 182
131 351 666
201 249 789
881 821 804
543 949 286
9 99 11
972 97 993
242 848 695
836 713 511
768 417 121
33 287 35
731 207 17
836 849 625
243 881 837
550 886 569
437 265 161
762 151 609
403 405 763
635 612 451
170 351 515
826 497 379
63 512 733
521 998 569
461 553 325
457 159 289
237 815 93
580 894 593
874 852 61
226 1000 755
3 593 857
37 481 246
795 157 904
533 905 318
748 976 631
736 1 961
725 705 829
257 397 595
1 359 51
29 361 608
301 696 193
737 401 225
204 257 681
657 26 739
176 977 450
291 231 183
921 701 751
929 463 217
153 189 685
830 307 366
91 699 749
293 901 716
295 862 23
443 657 241
686 289 501
774 289 325
426 311 641
761 546 691
196 973 834
593 305 89
101 921 333
498 749 161
556 31 735
39 951 693
401 413 815
855 25 451
941 469 137
293 491 25
261 625 387
935 400 95
611 489 518
355 365 206
971 189 89
361 964 779
751 1 326
116 361 61
237 746 339
461 29 823
741 319 465
701 26 541
471 818 801
553 301 9
941 201 473
698 751 959
981 65 519
57 473 812
756 708 442
765 59 425
197 355 757
361 5 837
251 561 586
135 801 107
951 699 521
217 619 81
521 292 472
961 118 473
740 369 613
861 655 451
682 673 991
905 780 584
876 607 221
569 806 901
917 17 985
8 501 624
659 459 460
409 601 621
401 351 998
486 419 266
783 765 925
499 513 453
723 676 767
321 761 91
769 909 681
16 241 90
997 261 219
939 337 877
176 961 210
585 717 29
307 865 852
781 559 337
401 551 721
96 529 673
435 481 181
293 66 562
973 873 671
61 217 1
359 219 846
121 937 253
437 887 209
585 131 999
41 197 541
753 569 541
980 779 951
54 355 351
821 812 183
196 115 755
781 371 786
76 553 181
378 636 347
709 945 309
356 283 557
121 773 735
498 774 525
671 17 369
191 945 229
557 859 307
827 409 621
272 881 961
512 681 896
12 953 923
677 856 830
886 25 1
221 437 229
943 581 35
887 189 365
441 79 267
545 376 413
161 521 647
240 297 987
901 963 591
71 59 876
572 671 311
231 65 654
683 673 401
327 352 36
635 833 81
262 911 121
414 951 202
477 53 403
421 997 321
651 923 84
735 495 21
115 376 501
431 239 256
183 271 467
241 561 551
217 507 531
797 355 330
65 529 109
348 653 868
14 399 201
108 471 572
370 749 97
132 605 869
33 665 271
713 182 491
581 772 415
832 977 581
391 774 271
828 302 181
691 935 997
905 131 499
852 25 700
185 876 229
550 246 200
222 812 1
706 867 439
676 569 761
369 579 985
851 893 721
525 154 377
1 645 568
808 903 138
793 721 427
861 935 571
201 609 819
404 743 177
496 278 529
601 324 778
872 921 559
917 345 501
116 525 833
161 427 751
811 641 993
57 151 201
927 218 591
837 201 729
47 501 301
831 164 631
234 409 901
604 361 315
921 467 841
201 956 2
481 11 849
404 25 124
682 685 816
611 408 825
591 551 61
16 12 681
487 673 887
737 911 101
849 609 853
466 729 1
401 270 356
390 271 275
954 49 541
421 121 852
812 599 705
6 87 475
201 662 17
497 88 561
514 921 286
853 943 191
99 893 197
527 101 837
251 801 574
887 495 491
821 221 816
161 95 283
245 821 16
997 791 535
379 955 591
19 652 473
695 881 241
829 58 529
926 751 1
627 401 46
649 121 365
9 357 1
676 281 583
505 988 461
185 965 737
888 705 808
580 681 641
391 249 600
404 417 154
455 61 497
90 429 31
94 405 554
989 501 465
41 508 153
200 559 373
497 957 412
856 81 187
345 743 518
678 203 748
109 899 324
737 821 903
774 421 835
236 361 725
361 446 671
160 953 585
906 150 452
375 693 493
361 876 301
651 71 721
746 973 871
921 557 381
480 351 688
361 681 21
65 325 316
871 67 237
293 88 807
153 877 21
117 73 91
841 691 831
401 595 693
789 581 860
942 28 342
465 201 407
41 474 551
636 518 841
257 355 61
657 347 131
726 185 161
785 116 390
523 391 73
321 145 508
675 944 893
321 805 393
721 861 513
585 156 549
524 957 8
766 106 964
289 184 897
110 176 241
699 325 927
143 386 76
485 241 681
851 569 854
147 401 281
241 311 461
961 613 691
717 841 541
561 406 791
801 185 301
122 881 925
983 621 915
45 728 861
521 321 917
501 75 909
80 133 729
816 793 709
905 579 339
625 251 345
665 201 765
911 11 928
131 137 291
419 109 626
509 455 226
786 301 901
233 249 251
976 634 636
901 271 550
173 592 608
497 995 344
680 585 509
177 940 465
376 707 617
257 97 345
921 244 611
761 300 367
628 823 495
737 627 989
601 389 259
737 439 249
11 544 726
15 857 909
180 627 265
924 219 382
790 397 883
920 108 484
741 731 89
619 253 647
861 461 894
372 63 446
250 961 149
781 915 125
949 349 53
699 935 594
309 823 130
586 351 817
489 407 993
36 217 361
791 779 323
739 457 811
397 819 430
230 233 711
741 361 548
591 8 239
977 121 297
177 974 809
511 969 637
1 899 745
181 561 501
357 254 697
177 803 221
941 451 801
528 113 161
374 625 625
565 678 229
796 939 151
433 451 901
924 201 317
305 409 179
917 241 189
215 529 583
493 777 325
594 185 265
253 272 233
225 297 111
101 428 1
141 401 42
897 529 761
541 941 81
393 906 533
521 65 113
269 496 541
1 801 471
989 795 326
9 801 121
433 359 173
829 960 749
613 197 251
175 773 299
636 1 88
929 825 564
207 841 229
127 195 695
778 740 651
959 577 627
939 196 561
353 411 66
998 389 276
257 51 283
506 59 787
865 917 501
295 249 240
255 649 399
845 976 137
106 406 837
869 93 941
533 390 685
201 753 706
793 134 92
601 423 20
301 135 409
297 655 837
51 801 753
777 666 980
182 81 615
341 371 761
611 788 523
941 151 441
81 342 748
230 70 870
961 436 29
105 643 396
367 331 472
194 82 498
757 89 651
449 537 964
306 369 383
936 569 756
228 371 47
791 629 309
506 557 544
413 194 958
82 765 329
229 46 892
283 121 435
912 133 766
789 593 497
23 597 985
431 809 237
106 661 421
709 721 965
6 625 205
25 245 261
631 944 769
533 406 295
873 116 994
526 195 688
401 527 407
569 904 569
919 251 171
281 665 163
23 441 292
61 911 417
373 242 83
428 48 201
841 226 801
999 745 248
253 297 254
415 281 930
971 682 319
46 64 560
361 641 151
111 677 809
817 245 457
572 649 348
511 311 324
236 824 769
691 137 407
241 527 821
985 793 639
80 571 771
176 401 446
893 613 177
921 865 489
683 601 521
573 409 985
529 541 253
63 115 65
501 619 981
61 301 666
624 753 1
722 561 561
42 720 86
741 925 531
929 834 584
821 450 199
445 413 326
597 385 918
9 9 857
603 857 701
525 407 17
405 586 441
913 784 537
612 641 77
816 141 814
681 255 895
551 606 569
213 693 615
983 661 997
834 713 425
523 397 929
641 345 737
638 457 466
883 273 29
424 361 145
857 639 792
623 799 889
97 673 501
551 607 761
969 686 253
497 659 273
697 177 335
25 551 249
101 991 261
157 316 445
907 626 211
836 921 735
861 812 70
453 394 797
493 220 574
831 705 18
391 1 126
53 70 262
882 351 799
7 191 345
301 97 910
697 965 229
861 765 986
953 501 334
392 492 357
1 437 761
969 601 457
701 371 897
701 885 301
971 759 821
853 321 406
91 471 457
889 481 143
836 557 841
394 381 390
401 290 305
886 609 85
291 621 535
301 767 929
17 592 913
12 507 358
771 561 385
796 391 391
621 493 512
295 246 133
225 727 751
926 25 401
236 697 17
173 65 59
971 803 982
801 405 605
561 858 801
491 819 371
549 689 126
381 128 639
76 386 161
877 513 337
130 618 905
329 145 15
578 656 561
642 485 531
57 851 797
521 377 117
318 673 937
1000 714 211
481 148 245
424 513 571
581 161 97
159 333 725
567 325 581
726 950 342
721 345 321
531 881 309
97 427 457
204 148 811
881 505 461
295 501 751
183 569 711
189 925 601
386 165 653
521 710 103
69 977 209
678 289 196
433 777 601
736 668 793
561 481 79
703 41 787
831 34 945
967 421 749
597 887 937
142 550 205
225 855 373
647 363 879
413 921 486
798 389 778
663 15 154
941 805 541
269 491 281
993 681 320
113 737 89
251 941 137
345 923 497
501 953 286
500 495 913
24 809 381
791 97 93
543 617 958
814 943 577
233 678 361
411 283 749
281 504 941
440 297 441
487 685 623
531 727 72
262 831 146
96 101 285
356 83 780
641 88 576
7 451 118
57 153 281
491 97 857
879 553 973
829 87 683
865 598 617
701 293 781
371 105 129
129 181 15
841 693 719
779 13 375
585 576 481
869 722 893
472 241 833
190 385 352
964 939 81
505 660 303
621 671 405
696 851 417
205 424 71
485 925 419
710 873 917
434 791 233
221 181 13
405 407 353
513 376 88
163 715 681
79 571 713
846 221 257
681 358 91
462 790 999
873 737 890
673 147 101
693 981 249
712 657 257
522 636 75
881 215 655
505 353 892
535 508 571
981 925 821
1 941 154
417 956 663
221 913 985
230 847 361
760 371 401
793 293 846
656 601 225
868 401 161
411 207 861
561 900 597
327 943 197
247 550 928
249 409 484
723 653 799
366 447 783
462 54 221
825 727 961
293 463 779
736 833 685
1 21 265
756 324 947
857 793 904
595 379 965
587 713 21
889 173 105
301 257 77
955 949 841
448 773 21
901 411 31
435 318 321
945 745 181
723 633 953
1 613 459
937 453 161
285 871 297
440 361 321
633 517 173
546 121 463
261 241 501
851 57 351
589 609 509
59 117 94
129 951 209
961 313 259
273 126 601
271 319 874
553 196 928
781 365 446
561 648 396
211 966 53
859 367 201
405 753 268
626 621 6
815 741 106
777 881 91
460 641 965
329 998 737
843 396 881
977 226 157
798 801 248
354 641 17
756 609 446
9 45 322
729 255 748
1 848 502
211 961 316
941 15 181
721 345 521
849 153 371
593 925 181
235 592 691
681 289 385
484 461 129
673 577 921
785 558 768
443 516 558
633 769 141
775 71 769
81 681 991
28 221 283
12 71 641
395 974 250
974 421 926
295 313 319
865 101 657
151 954 97
876 521 643
49 601 471
73 599 601
323 169 969
252 307 83
709 679 570
705 441 121
683 537 369
409 225 765
751 937 845
379 533 863
356 245 700
161 208 267
337 241 341
371 244 995
9 561 140
64 719 392
691 188 282
261 791 474
657 9 61
913 881 953
232 204 855
914 545 344
911 965 601
724 978 841
114 649 417
320 299 705
871 611 395
305 851 873
373 617 817
586 496 757
706 261 489
337 781 360
353 591 51
987 101 651
353 119 941
160 584 326
141 906 396
117 617 205
321 311 177
56 625 433
673 833 341
81 833 718
627 921 822
741 573 221
585 305 266
229 901 389
219 899 767
661 67 205
138 243 546
177 243 393
730 655 159
593 181 316
593 821 961
386 645 530
776 707 961
311 936 607
893 794 689
767 183 583
633 301 571
217 121 323
253 445 105
953 189 553
641 853 800
591 431 582
504 406 676
321 33 931
591 313 39
326 365 663
881 301 313
419 251 497
931 737 401
457 676 379
472 175 897
333 197 391
982 401 953
505 89 733
506 86 466
625 386 115
473 695 465
307 293 4
361 414 578
517 443 81
607 490 261
46 161 196
425 899 865
99 861 239
313 321 841
402 142 161
47 522 186
46 446 279
613 209 216
41 753 961
221 441 748
259 785 563
619 425 779
220 856 497
195 552 528
337 584 681
479 921 407
749 521 889
635 987 939
945 773 240
715 703 801
386 331 529
301 276 101
856 933 922
11 938 969
573 841 1
957 201 493
689 689 439
401 691 901
317 827 520
461 257 848
638 633 31
526 151 41
142 763 445
855 169 41
283 233 531
41 389 865
676 251 964
977 467 823
408 73 171
377 122 931
249 548 605
209 636 483
559 185 807
393 356 441
820 459 941
966 921 778
589 351 405
1 507 985
305 153 929
319 987 301
845 221 1
321 492 785
65 115 257
626 197 268
783 379 109
721 121 213
941 451 213
495 167 457
590 881 539
876 6 711
153 916 809
531 929 126
967 601 289
38 220 136
486 74 275
611 696 851
11 753 921
272 457 86
977 616 429
126 112 225
609 628 392
612 289 326
81 713 896
639 281 631
118 115 570
401 445 413
334 958 786
273 909 429
401 701 675
760 761 491
673 91 946
492 25 201
333 106 902
219 334 264
469 631 680
154 425 524
441 865 666
81 459 493
576 757 401
41 487 851
753 419 523
81 512 161
305 906 626
361 353 183
715 339 662
331 43 246
471 136 733
120 206 4
276 331 149
445 373 706
124 229 131
838 806 827
432 293 45
673 77 140
276 821 35
7 517 761
323 321 847
545 566 341
127 71 339
747 123 26
961 153 625
651 312 671
521 724 841
769 443 777
881 425 249
1 407 673
63 976 324
762 113 572
825 774 249
405 305 981
97 481 876
881 951 19
93 665 921
706 155 806
867 448 117
231 661 611
389 271 65
476 377 211
303 785 807
506 401 3
337 901 391
481 837 571
591 997 321
169 673 486
511 137 169
849 393 34
593 507 513
813 74 1
731 339 312
101 641 465
211 225 457
165 394 701
290 609 330
553 729 699
941 291 163
569 316 521
865 201 329
501 564 222
483 797 586
21 33 503
146 987 246
319 359 931
14 13 137
385 416 329
676 429 785
551 795 81
801 985 353
817 105 281
241 445 577
957 921 689
424 571 614
457 616 622
898 909 946
113 41 381
771 401 737
480 345 324
999 867 102
534 331 959
526 420 953
841 19 901
571 761 581
571 269 126
604 761 761
123 201 216
401 609 105
677 145 41
16 547 497
617 99 221
981 253 651
526 583 361
766 473 249
611 560 381
4 76 481
176 23 845
473 245 185
273 145 312
556 848 413
15 498 626
937 161 939
385 641 359
553 953 967
685 1 561
169 919 521
426 788 924
509 185 979
970 801 400
711 591 251
162 313 429
935 717 366
217 121 244
601 353 979
901 173 501
650 841 71
601 421 966
831 417 891
689 185 321
1000 454 501
703 435 431
751 121 721
627 881 193
761 957 117
981 383 713
707 325 801
199 666 142
321 26 14
195 153 527
114 201 61
597 326 856
341 576 567
563 411 18
526 751 401
316 689 1
816 815 98
285 379 972
195 537 395
881 705 353
151 441 657
823 722 916
945 105 465
489 189 53
945 676 591
816 676 241
137 905 441
383 321 73
275 833 753
235 231 526
75 592 709
389 311 9
481 932 165
81 851 707
449 104 320
327 234 352
872 782 251
96 356 201
1 95 908
251 93 949
389 781 761
118 249 793
1 61 217
365 385 979
299 330 17
375 901 341
369 501 981
119 721 137
670 785 321
649 906 323
365 989 213
886 691 169
775 745 276
881 73 959
575 357 814
751 217 2
875 205 271
831 493 867
155 449 829
565 981 357
31 481 530
818 26 499
53 540 581
501 735 241
885 147 603
490 785 841
561 556 977
357 825 507
41 720 77
101 961 429
991 851 501
508 730 943
501 554 130
156 513 111
589 715 105
519 879 211
70 893 346
623 125 848
777 187 965
585 767 965
409 365 621
81 581 249
605 585 951
171 201 405
101 821 576
301 676 283
106 447 993
686 635 17
935 681 507
556 739 665
576 797 811
999 565 409
381 982 433
881 670 629
988 35 925
33 197 389
989 394 81
449 482 271
926 272 826
805 591 927
606 857 409
293 921 969
413 402 521
1 815 678
389 473 619
641 233 265
249 377 730
631 713 876
797 401 545
765 17 345
238 929 682
611 922 875
584 447 765
219 408 337
987 345 453
574 496 144
401 207 299
451 593 269
441 350 722
575 877 81
162 546 241
721 451 59
791 139 881
538 81 613
769 845 399
135 769 309
785 758 444
137 207 875
1 665 371
106 408 17
657 862 737
81 576 342
351 289 297
837 279 180
111 909 901
765 969 281
461 321 978
384 199 401
33 431 85
662 297 718
461 536 497
41 550 791
28 275 625
654 251 431
801 655 313
344 479 101
209 97 17
589 966 744
814 245 199
713 201 337
965 57 258
657 789 982
53 189 915
551 380 329
721 971 851
741 977 58
801 869 205
638 916 402
305 76 881
185 969 576
601 751 276
851 23 397
712 996 261
785 971 637
601 695 915
43 1 607
220 407 671
916 241 417
106 957 951
577 201 105
433 567 744
436 217 101
265 951 181
433 532 408
11 489 79
870 36 249
9 921 911
305 725 169
897 536 56
81 457 496
138 760 461
821 191 999
955 513 695
801 751 811
879 385 192
25 861 320
142 754 956
493 601 881
807 629 129
697 337 751
501 401 749
449 664 963
634 501 624
107 437 226
121 729 121
985 961 781
863 239 234
83 713 566
443 206 433
617 721 341
61 553 465
64 793 198
664 873 881
131 751 940
121 751 501
675 89 457
9 52 171
993 979 467
976 595 548
761 921 308
197 41 599
251 316 630
944 341 623
271 761 153
302 331 865
977 300 616
594 591 37
489 552 179
697 699 609
851 504 93
701 589 102
609 576 453
828 344 523
985 677 726
429 969 850
577 644 369
201 877 787
918 641 481
525 897 946
341 106 417
708 510 361
321 689 905
649 711 859
788 861 919
193 773 901
944 366 213
511 921 201
409 435 751
468 501 215
211 501 668
725 491 589
391 409 409
853 857 957
305 945 388
713 909 802
12 737 681
449 52 353
963 211 985
201 99 389
197 928 890
671 264 851
950 660 52
491 955 694
945 992 248
153 381 926
93 855 118
580 41 825
789 5 20
731 797 165
707 146 360
386 261 296
533 241 505
585 448 121
861 703 171
113 437 126
952 573 116
351 301 351
101 644 353
964 240 476
533 401 556
281 429 289
209 46 509
81 979 288
421 453 346
597 201 939
105 517 601
76 181 353
915 586 873
821 445 997
232 601 201
121 950 561
74 247 193
162 238 476
489 974 763
781 416 350
69 426 601
945 320 169
814 891 430
153 875 899
837 851 637
393 496 333
803 529 201
721 169 871
641 842 873
91 66 257
669 323 574
823 531 227
398 401 857
353 594 41
581 721 381
267 563 55
457 816 584
225 686 319
989 871 177
37 343 36
767 386 442
865 706 599
884 611 880
283 953 709
473 733 511
373 81 607
255 755 501
727 337 609
193 546 734
322 941 301
301 732 841
187 694 141
813 888 501
811 856 801
39 774 673
121 871 520
644 819 77
205 328 562
236 721 109
225 791 41
751 549 457
561 593 128
513 555 881
611 105 189
940 309 129
261 277 657
211 741 321
827 27 930
734 776 761
951 489 729
297 243 257
743 384 561
813 981 442
915 466 169
171 617 321
694 105 446
166 360 879
385 406 411
918 988 205
199 745 901
481 677 635
791 270 811
325 1 419
536 131 527
673 937 800
52 184 976
608 891 32
287 841 511
5 353 367
518 39 37
897 525 35
881 831 166
428 440 513
40 871 393
261 876 625
289 831 449
593 248 549
12 339 210
993 979 431
847 839 66
347 876 15
845 493 1
280 233 321
553 885 446
831 107 773
501 241 841
587 961 776
909 254 393
606 145 171
200 145 669
667 902 81
228 9 780
720 769 480
301 89 353
202 355 773
193 425 740
326 939 537
143 350 411
828 13 21
265 324 485
37 361 657
753 334 881
993 249 773
1 449 853
120 115 560
448 281 221
377 893 261
241 100 826
864 296 577
247 741 381
301 26 952
125 181 826
441 437 51
9 483 733
863 586 137
402 603 845
161 91 461
907 73 375
151 902 212
441 551 901
185 221 338
849 706 305
873 619 91
387 131 379
151 361 561
63 706 489
139 763 965
134 261 769
111 641 981
881 100 387
379 18 1
161 471 78
913 605 221
127 519 551
169 309 999
161 482 999
721 381 735
425 193 871
889 25 761
519 933 421
493 161 696
297 201 908
201 365 693
52 349 829
420 581 337
405 260 65
561 721 959
823 283 421
329 117 391
122 449 262
88 33 936
232 183 441
31 327 213
347 595 669
473 497 251
314 181 833
11 69 309
94 901 591
149 349 739
924 816 325
401 181 324
439 185 475
13 345 628
274 231 253
529 902 946
13 931 678
759 592 402
67 601 243
785 368 126
919 453 41
573 21 298
1 259 909
224 631 21
849 851 449
496 697 862
551 563 992
359 571 936
771 1 448
201 99 304
234 848 626
193 625 313
705 359 963
66 848 886
749 76 708
617 561 717
235 874 505
93 860 421
697 484 926
246 353 551
179 115 371
493 273 835
361 691 752
548 579 367
420 432 13
979 526 703
661 876 37
190 867 645
151 85 95
935 873 511
25 745 234
461 841 121
941 636 753
421 106 196
181 777 261
928 603 759
335 76 537
889 901 641
683 763 222
701 361 229
881 811 91
729 741 945
583 181 961
666 235 780
258 929 409
493 589 36
511 876 277
291 905 4
83 329 580
911 401 137
913 871 158
703 91 79
107 587 357
798 126 965
409 295 341
512 634 757
259 201 304
592 206 551
928 574 746
957 281 793
537 325 257
567 221 521
137 641 619
408 641 657
43 751 206
294 455 785
765 101 622
152 379 9
616 922 439
103 721 517
713 491 569
397 88 997
54 837 566
341 547 605
217 855 301
111 911 445
473 40 168
776 561 857
642 921 217
540 946 792
501 381 521
531 243 376
81 753 501
585 386 596
253 9 401
139 41 575
45 681 815
391 68 771
753 976 662
185 883 596
37 733 901
419 376 533
977 695 235
637 802 876
835 716 287
995 957 721
242 449 833
57 29 592
601 162 765
414 681 348
241 907 433
865 456 9
405 576 659
521 721 471
283 433 569
261 169 77
397 101 971
776 371 149
761 591 772
877 779 344
397 50 585
769 693 657
369 641 737
401 216 993
345 689 125
837 369 648
625 40 914
189 139 646
616 851 617
915 983 681
673 316 977
513 288 351
165 189 181
749 231 560
505 25 677
866 123 761
376 487 691
733 279 621
41 488 36
621 32 31
951 681 817
44 58 936
57 81 789
105 501 976
393 554 89
475 407 151
231 665 369
313 311 841
751 480 446
376 941 579
601 567 871
289 289 271
916 520 133
491 625 533
221 481 991
995 61 402
791 540 657
569 601 956
845 553 58
819 501 756
756 345 353
663 451 269
716 968 39
133 561 306
663 962 270
607 727 191
179 950 205
66 445 510
555 133 115
561 445 913
799 44 21
987 329 447
558 756 391
899 378 503
491 413 77
181 420 703
617 73 442
698 861 772
118 2 1
721 303 129
379 619 493
281 529 741
217 201 338
365 797 432
606 457 597
664 841 177
179 201 897
873 150 545
779 201 865
785 523 934
963 354 954
770 481 186
1 888 563
569 993 201
701 809 515
516 776 685
985 217 235
581 159 98
545 811 836
673 276 358
932 650 981
737 793 652
497 129 81
645 541 785
49 933 994
824 925 626
653 124 77
318 461 925
838 997 426
689 257 283
832 653 841
361 97 582
21 503 895
285 271 897
623 314 485
213 190 69
580 845 721
367 717 125
334 176 817
93 7 873
501 101 101
249 845 103
993 385 353
921 999 101
598 501 505
391 254 609
409 996 997
516 607 106
849 185 833
491 286 623
329 651 60
308 505 885
400 669 76
88 488 623
713 327 623
781 126 717
181 559 395
81 929 455
101 885 63
625 259 406
9 201 101
840 654 17
313 249 482
521 970 869
797 893 51
685 831 509
680 781 603
251 1 800
71 809 172
177 343 893
551 549 666
521 977 781
57 325 940
533 21 706
107 457 483
901 811 113
596 361 721
766 401 497
321 901 601
791 730 57
211 969 121
21 773 25
931 661 568
569 401 277
328 943 456
54 237 742
63 481 745
904 166 193
777 541 257
376 441 193
22 221 53
241 703 989
722 526 60
747 641 554
599 136 673
169 544 313
41 80 81
684 161 751
573 745 726
251 964 231
842 467 891
821 715 634
421 407 40
765 199 137
911 273 81
21 41 713
513 281 71
143 19 945
73 994 913
751 601 35
876 304 321
641 267 32
981 125 731
20 211 837
881 794 806
305 291 623
234 741 689
557 130 705
345 541 413
734 768 443
561 339 167
931 616 949
348 31 7
668 693 531
914 78 3
169 721 853
232 715 101
529 49 849
525 935 786
169 101 601
871 590 967
725 305 341
769 869 577
946 597 161
128 281 905
841 392 129
166 113 153
715 369 139
876 657 217
254 65 349
321 802 469
339 889 181
461 747 365
259 45 551
973 229 801
732 751 61
193 551 304
411 354 891
731 43 578
923 50 625
180 321 94
891 751 240
521 663 782
632 241 391
709 739 151
603 817 221
157 271 603
719 411 915
269 390 921
269 531 17
667 491 89
161 771 463
888 601 857
315 421 679
919 415 681
969 865 629
157 983 29
717 949 692
806 305 395
546 161 498
532 60 409
997 873 903
341 101 828
61 351 692
361 801 151
551 945 69
329 761 525
173 105 731
869 21 109
787 309 209
841 6 520
401 594 721
223 965 790
443 520 601
776 997 191
853 901 799
345 67 181
471 230 771
45 140 531
971 325 91
215 478 838
513 773 177
557 75 305
305 417 761
885 681 130
511 531 376
369 859 91
921 421 281
346 414 280
379 873 211
149 406 67
267 831 275
425 197 356
171 305 311
928 551 629
689 735 449
375 313 517
214 297 801
81 941 745
977 119 68
555 871 360
49 87 791
391 372 433
66 587 185
634 666 96
697 1 30
333 892 853
33 747 519
851 639 228
474 875 66
33 426 819
664 313 117
921 691 462
425 484 110
468 168 669
755 499 601
925 865 373
745 929 597
105 711 55
411 851 669
576 625 582
845 174 986
917 487 175
695 41 927
530 185 345
865 808 765
321 983 567
783 611 777
220 496 59
805 371 829
999 693 851
970 96 124
540 534 561
165 471 873
913 649 688
522 997 345
977 581 826
428 879 851
932 853 701
521 41 346
666 945 959
541 545 248
397 541 183
671 511 854
209 9 173
501 112 897
135 713 221
661 719 401
105 581 903
196 225 141
683 885 710
63 360 401
161 401 45
181 865 869
745 105 480
831 296 997
368 805 405
666 951 161
651 247 509
735 501 909
43 219 907
187 194 921
751 424 457
263 143 666
273 457 799
608 617 953
181 767 169
122 939 968
377 892 605
643 112 95
688 257 242
176 917 133
737 830 201
901 1 849
697 661 647
937 93 213
81 209 589
283 207 833
425 824 391
406 203 109
37 199 945
567 710 255
558 318 607
1 91 866
96 843 251
451 365 467
986 708 289
577 265 305
409 931 195
111 283 473
423 740 639
415 876 844
481 869 701
313 955 112
708 301 869
468 501 979
882 503 685
126 87 253
611 264 36
388 393 255
701 589 682
141 947 258
221 751 521
567 657 958
419 21 985
401 109 939
719 486 272
737 905 621
343 309 503
886 186 124
522 663 531
127 961 886
839 297 992
265 209 416
411 651 466
581 1 256
105 189 589
761 6 509
281 219 1
702 286 440
221 413 617
19 858 432
76 153 241
351 267 87
11 163 677
434 27 681
629 656 786
646 103 991
599 501 409
583 580 650
986 629 577
478 967 526
541 845 911
713 811 833
365 117 661
913 517 853
271 513 936
884 236 903
665 590 287
196 644 281
477 545 939
517 432 251
554 976 125
514 241 317
899 606 821
551 600 249
600 122 541
261 601 361
197 763 497
49 151 791
589 281 414
438 299 255
291 863 171
265 937 394
562 605 1
97 549 985
68 912 774
340 372 966
777 395 851
161 553 836
761 586 409
341 239 929
431 401 7
497 120 909
646 355 622
921 793 861
53 621 409
173 886 294
593 603 941
25 619 756
313 161 311
564 401 355
977 204 916
701 713 161
16 89 5
801 501 27
552 215 230
527 181 761
981 170 389
924 788 160
897 65 513
121 404 533
496 315 646
585 769 699
845 81 16
126 489 937
561 913 717
759 129 566
799 289 121
611 276 246
415 622 617
310 276 345
719 849 583
449 249 669
525 145 909
367 589 275
661 991 357
729 881 619
861 865 214
1000 11 761
185 772 105
73 926 9
567 239 449
20 355 803
854 765 551
377 325 765
415 36 218
530 897 1
719 901 941
177 401 293
65 354 961
857 19 689
451 993 974
346 711 505
501 303 211
269 299 111
237 101 881
801 451 43
984 609 833
587 362 461
145 589 365
233 939 622
64 583 703
839 148 293
497 219 27
468 402 941
554 725 953
331 53 89
861 992 638
716 986 621
126 441 921
751 65 171
602 850 251
751 417 801
951 245 744
926 721 195
621 683 520
787 696 772
125 273 919
913 444 101
485 476 211
446 875 168
809 104 393
521 929 318
536 848 821
851 795 5
630 688 491
937 153 198
615 638 297
87 3 385
81 801 841
176 476 804
685 939 401
175 261 895
839 223 57
805 595 747
622 286 989
701 5 881
371 549 46
431 465 179
756 691 997
865 321 977
921 231 153
333 939 610
105 117 292
983 581 241
240 149 513
400 335 861
829 623 168
425 161 419
273 576 697
230 251 703
926 599 893
670 561 987
710 383 801
766 877 336
898 567 301
576 201 905
780 195 871
351 522 798
521 929 178
802 215 495
557 645 864
489 585 946
772 168 363
569 1 664
657 706 93
567 993 68
145 749 201
889 19 982
361 63 485
993 719 506
139 857 805
639 703 572
791 761 291
207 160 333
84 641 25
990 361 585
689 732 937
601 565 241
254 554 916
308 1 91
253 477 407
278 26 232
687 522 261
166 389 33
155 301 113
46 216 787
911 561 636
497 161 137
721 91 785
539 913 743
741 268 505
490 157 41
123 473 151
628 821 541
97 925 445
231 993 607
909 57 312
229 162 801
569 72 594
251 480 321
859 371 644
321 241 157
173 259 901
666 825 792
727 910 202
152 996 956
56 957 393
801 827 543
433 781 760
627 173 81
276 513 754
397 949 559
276 360 975
801 945 126
108 56 529
56 454 449
817 143 171
591 937 97
601 851 39
961 315 917
660 602 847
736 877 215
926 941 876
864 743 681
201 321 891
735 601 442
561 681 7
682 98 773
596 969 96
930 23 689
121 795 639
753 391 959
81 562 749
41 916 807
312 801 18
986 952 852
911 142 719
709 581 699
813 851 643
733 247 573
635 350 720
725 165 100
826 747 916
839 1 25
717 924 569
395 417 451
786 611 774
778 97 16
780 513 355
175 1 905
869 994 898
170 167 529
629 514 825
81 123 837
281 501 30
751 423 925
889 569 580
621 601 277
93 361 59
541 1 288
87 393 356
20 481 701
650 33 45
783 721 577
729 153 141
451 531 945
901 691 313
651 740 661
409 126 921
221 781 705
777 791 856
265 369 991
151 661 870
908 269 213
933 715 937
833 401 857
535 40 568
753 576 133
73 861 641
133 564 355
521 281 831
419 695 210
934 322 171
561 1 881
376 837 861
304 582 869
376 109 567
637 3 112
922 73 837
41 471 595
332 56 676
147 897 455
305 411 155
921 374 363
938 895 601
793 309 811
971 363 885
81 89 86
432 345 73
553 551 237
601 265 739
831 19 343
286 296 171
976 726 73
793 41 773
176 426 101
476 809 621
511 286 10
713 378 545
471 529 509
485 215 112
786 785 229
821 483 629
15 295 955
945 424 670
649 321 998
835 432 461
993 686 757
297 709 185
14 128 417
641 113 873
761 730 101
489 879 611
449 534 777
281 893 435
21 705 503
47 861 721
889 239 529
431 419 801
201 703 517
57 201 171
31 839 769
668 371 542
384 685 447
863 554 313
361 488 633
506 57 753
85 835 891
549 134 929
133 953 434
825 196 852
468 649 280
534 6 429
667 613 243
457 101 576
136 701 671
167 110 21
562 139 191
756 910 533
346 605 8
837 731 75
23 958 929
988 933 449
809 167 182
633 273 233
599 393 500
711 119 441
224 362 113
36 471 736
405 961 957
125 348 237
461 215 873
112 141 846
269 161 653
951 307 363
801 105 521
167 669 225
769 957 585
176 953 885
94 265 561
5 849 401
657 73 591
351 521 248
205 456 827
976 291 212
607 811 256
815 881 979
537 1 413
81 39 961
631 1 53
987 491 141
311 513 720
301 291 56
163 928 257
29 991 719
714 741 251
899 829 689
727 73 129
945 587 471
631 498 573
806 511 735
773 109 492
857 257 685
36 688 901
885 331 947
676 859 225
695 81 517
305 506 169
762 417 491
495 571 205
337 153 941
801 401 57
731 141 619
437 286 900
353 272 307
459 125 227
801 69 120
271 1 265
444 281 661
557 846 1
601 126 467
539 457 591
85 151 264
713 181 561
171 9 59
557 833 441
617 398 215
408 133 383
276 101 349
446 721 154
713 401 881
661 763 273
925 765 906
841 193 421
454 559 81
563 78 114
500 746 153
197 521 337
927 769 841
637 626 144
395 727 796
33 321 849
221 853 969
671 967 1
741 661 203
401 11 774
169 289 478
101 755 113
15 949 490
801 553 941
878 832 17
937 571 975
116 513 865
601 711 941
13 213 276
793 603 249
794 13 777
578 253 444
693 41 721
819 831 353
751 751 865
201 425 9
533 353 855
893 473 228
581 381 1
119 777 972
569 322 355
177 161 35
340 233 647
853 798 953
861 275 938
647 967 13
591 436 921
807 2 719
492 321 420
611 825 734
601 885 931
897 453 169
929 736 165
996 801 551
1 993 624
25 702 803
285 8 398
985 561 765
465 839 959
572 437 469
921 129 815
561 88 813
831 295 537
201 597 373
521 895 960
206 521 761
193 301 74
817 721 370
535 500 686
17 145 866
971 257 113
95 529 707
81 273 701
95 126 399
307 726 285
895 995 425
321 387 101
843 265 697
326 761 726
838 399 301
686 441 523
789 153 403
65 443 33
553 385 526
401 368 387
117 643 369
369 684 201
396 489 301
761 726 992
113 497 763
57 72 548
353 412 441
63 147 789
494 555 530
977 240 981
67 385 329
689 879 437
273 521 723
927 271 753
147 735 235
320 716 249
235 197 693
573 40 377
462 224 459
693 401 361
761 745 551
205 286 891
381 593 885
81 417 997
121 435 628
531 21 143
512 337 761
367 91 137
721 913 775
711 295 674
41 373 307
821 832 605
275 287 704
418 209 771
505 336 357
562 971 945
169 497 373
441 81 571
250 1 233
42 448 710
577 121 501
773 448 941
365 251 1
754 341 189
243 121 744
76 999 271
841 921 72
361 381 339
17 805 803
171 201 811
369 93 501
481 396 363
998 836 246
889 547 917
313 965 449
787 459 357
681 536 601
391 1 601
411 976 613
315 403 745
213 905 73
697 952 678
779 33 861
476 810 787
575 819 69
329 783 63
931 201 241
891 665 545
421 971 729
57 682 607
341 42 457
893 334 998
145 211 351
297 27 5
798 14 616
601 513 965
311 791 285
11 621 533
839 889 541
366 671 42
373 587 705
687 298 463
854 767 31
498 657 215
443 297 487
681 536 721
573 721 945
214 452 966
901 361 609
281 579 601
834 701 610
65 609 326
453 593 701
501 57 548
81 685 387
766 876 361
473 185 501
829 361 301
321 297 369
729 739 221
635 356 631
139 544 350
233 81 34
517 911 969
381 408 389
143 153 691
241 207 596
584 296 787
360 373 281
169 581 575
435 895 601
739 161 851
821 21 222
575 577 617
273 546 199
201 998 313
404 91 513
386 433 851
851 729 22
691 255 541
419 706 71
276 233 381
893 228 666
753 151 789
987 436 801
951 976 141
714 847 119
221 329 421
252 961 146
681 501 333
776 971 295
801 447 937
137 241 798
41 343 149
775 729 903
311 487 633
431 514 411
115 435 347
47 157 257
449 918 560
385 249 641
201 663 269
785 481 385
113 657 751
151 489 238
613 905 626
786 855 601
903 608 507
585 225 15
905 221 238
465 711 279
381 491 673
965 149 513
39 347 927
577 295 571
421 203 284
69 56 365
611 632 681
177 541 737
14 691 342
717 237 890
876 690 106
181 321 695
109 515 371
985 454 652
169 607 244
97 529 1000
806 305 529
517 576 209
961 656 675
243 541 995
631 955 818
527 223 121
556 253 801
451 508 77
667 585 894
