3599
467 25 439
636 741 513
291 633 673
47 725 914
905 98 265
898 141 687
981 973 719
161 589 225
539 19 664
801 434 249
350 81 1
727 32 121
406 255 871
139 629 509
649 345 428
777 952 167
241 781 965
839 951 31
117 553 241
74 1 937
313 429 918
687 317 194
463 794 213
101 65 233
153 531 993
361 749 721
718 217 369
547 63 179
754 1 561
75 189 443
161 581 821
33 197 324
422 633 73
871 377 123
681 729 322
401 978 159
91 133 439
272 591 865
501 316 901
916 896 329
961 471 513
951 598 381
416 473 831
455 323 805
251 207 673
33 26 831
425 29 766
409 946 521
70 429 273
553 60 871
891 849 71
393 258 591
446 506 895
849 913 921
913 790 313
330 594 377
424 186 376
406 31 557
287 775 971
161 819 441
115 273 771
381 901 960
271 839 981
79 313 124
817 351 173
651 967 25
831 961 145
505 321 293
839 465 863
431 320 857
561 689 480
526 51 705
953 611 801
979 237 424
396 101 281
985 933 606
133 418 937
329 705 647
389 970 890
861 208 987
351 93 655
737 49 621
665 985 257
757 121 661
907 541 305
741 151 891
571 526 676
726 151 969
942 334 635
13 864 767
601 171 289
505 569 382
830 381 207
236 453 671
841 915 475
191 195 869
267 607 9
835 569 478
139 621 879
321 993 683
835 411 38
813 17 573
73 574 913
227 893 696
329 721 116
601 653 881
5 443 790
665 185 811
897 704 790
121 161 891
661 660 865
966 416 431
161 349 685
429 681 623
331 373 71
451 697 7
997 151 460
119 501 506
561 761 269
699 166 727
723 687 183
521 817 209
713 829 51
625 345 656
201 902 225
694 141 711
31 733 581
581 605 857
665 873 379
112 640 89
93 657 951
633 933 483
671 856 963
865 830 515
805 485 665
236 521 523
176 104 741
389 269 641
156 33 499
343 401 244
416 75 543
879 961 556
731 41 105
655 876 431
563 761 703
992 443 885
131 989 625
313 105 170
667 597 513
725 356 577
612 246 297
1 393 749
920 673 349
451 192 616
561 750 452
775 921 677
70 724 489
385 297 676
71 676 451
241 939 81
836 592 644
291 6 713
124 755 97
302 485 601
421 681 193
535 227 881
310 410 838
576 261 205
101 537 294
565 53 629
683 419 757
35 46 541
441 209 925
393 876 713
915 535 410
773 681 216
677 507 553
937 745 25
966 425 85
233 801 921
827 553 705
13 79 633
929 849 969
389 561 471
341 841 741
861 11 359
951 723 729
661 601 217
991 221 269
753 716 747
105 918 237
601 193 115
601 970 681
449 421 549
997 865 123
673 616 361
566 341 873
228 969 559
1 39 216
345 84 720
386 57 402
905 596 665
993 687 326
373 900 933
833 473 415
421 661 692
433 476 869
286 531 1
663 753 583
149 947 981
965 949 941
973 551 43
800 203 675
485 365 469
21 811 501
601 7 321
257 915 277
341 771 678
367 126 302
249 210 617
301 726 205
471 106 758
226 746 636
695 985 771
191 761 441
11 43 881
369 661 681
341 501 945
383 944 370
641 531 401
640 371 452
525 749 641
497 841 21
39 417 367
602 985 441
212 263 201
451 501 191
521 719 821
484 267 729
399 741 617
384 101 601
689 423 775
401 723 110
945 96 864
72 222 570
794 561 597
73 980 555
571 657 677
326 73 571
171 33 649
129 75 447
737 936 855
455 626 585
531 512 143
901 375 505
599 348 713
173 125 213
780 910 760
289 201 541
373 724 801
377 393 976
597 1 757
860 249 25
617 886 376
342 691 89
909 732 457
253 662 813
453 742 57
127 167 305
825 561 726
987 642 581
705 761 674
489 533 711
153 986 167
321 561 703
895 267 957
305 756 885
437 246 901
141 122 810
550 981 301
191 75 8
577 484 545
871 345 841
793 431 989
690 361 376
441 755 321
509 377 721
277 211 951
481 826 459
397 967 751
383 979 405
433 763 926
598 579 237
597 507 361
481 145 433
156 161 446
737 565 95
743 749 319
981 976 651
241 413 841
130 149 43
677 69 989
95 966 353
531 281 39
126 679 137
709 145 169
241 837 25
451 428 35
436 768 961
609 197 65
586 790 393
481 140 611
514 933 383
861 105 881
419 822 907
201 978 66
177 761 853
791 416 505
96 905 353
204 995 874
816 501 501
41 287 301
631 621 633
941 204 873
778 295 314
89 244 57
881 570 931
278 865 930
52 501 49
331 125 366
521 108 32
729 126 102
796 87 483
86 57 173
985 457 77
986 225 219
819 609 765
720 1 321
185 907 870
711 286 795
66 611 585
151 471 809
721 707 862
469 748 287
193 531 913
171 869 404
671 289 317
182 246 433
837 73 353
9 961 801
987 465 597
193 257 985
85 836 285
281 537 813
558 32 647
72 329 933
505 165 814
303 857 143
409 965 641
875 817 53
1 441 861
105 284 620
789 73 69
251 391 701
269 881 221
209 711 560
816 777 457
696 665 666
337 425 203
766 33 205
539 356 561
21 219 341
646 313 901
693 286 601
154 769 451
691 465 441
546 626 904
769 729 853
785 140 335
945 369 489
834 859 765
929 779 566
327 921 161
1 547 202
731 568 874
992 551 114
197 637 474
489 831 17
541 709 785
141 654 705
576 701 281
224 911 925
545 189 321
457 461 724
529 621 501
862 341 96
575 881 531
977 324 145
930 879 181
687 933 189
91 841 893
314 381 301
701 751 463
9 769 201
793 516 91
507 193 93
841 801 287
209 561 393
975 872 751
888 603 625
619 276 808
951 305 546
393 216 13
281 821 321
955 361 666
569 471 973
985 543 625
269 977 367
930 478 501
756 401 296
613 845 153
676 151 313
46 797 51
96 685 41
193 217 525
649 951 381
411 376 291
591 901 297
161 929 97
998 678 221
289 978 641
826 235 754
465 653 529
117 137 79
401 741 909
412 341 828
345 531 214
705 815 313
148 107 468
331 965 92
149 661 61
689 201 593
617 241 361
551 101 528
756 77 421
707 655 159
254 621 443
343 246 966
326 565 771
105 216 931
639 157 973
357 3 691
771 417 101
901 761 131
1 823 221
917 521 321
345 796 105
371 974 875
841 841 381
875 815 381
698 660 764
781 513 585
676 411 81
107 427 551
627 945 225
22 975 721
809 734 503
668 721 177
339 793 736
225 141 561
531 711 121
441 921 154
381 346 887
36 547 801
229 685 70
711 602 28
401 750 196
887 356 101
445 981 371
47 289 264
751 581 984
169 745 17
237 881 141
561 251 126
344 479 829
601 307 865
68 209 911
693 871 121
281 735 332
227 567 97
697 389 508
831 193 497
248 666 266
141 308 487
947 667 817
794 691 975
76 261 289
317 717 841
530 354 681
149 142 679
471 761 933
833 636 583
957 567 765
16 825 654
643 751 195
834 809 407
497 193 227
917 356 519
905 711 569
944 833 746
791 46 685
318 537 125
609 605 301
28 733 929
751 510 576
859 14 369
409 21 388
668 69 87
44 848 611
57 721 935
751 826 766
435 321 750
149 671 507
496 197 895
752 121 647
896 587 261
189 291 491
828 113 741
241 103 876
949 987 743
397 123 768
484 959 997
9 383 261
860 601 681
29 991 115
681 417 641
501 845 191
976 861 217
241 213 961
461 543 449
321 1 181
163 546 59
368 697 201
132 64 566
798 271 501
274 533 525
857 305 917
117 333 17
502 541 967
303 343 136
403 187 827
892 565 117
971 681 322
346 873 626
489 15 113
156 539 461
21 396 567
378 229 403
986 809 377
808 107 601
518 101 261
731 961 267
632 779 746
359 209 807
649 269 776
914 851 401
685 521 975
10 505 649
897 596 721
801 921 361
969 53 531
825 951 767
377 761 327
500 887 25
921 477 261
737 499 173
1 973 111
225 81 599
533 121 521
305 181 526
231 128 762
257 872 739
345 947 371
38 538 269
238 169 337
977 25 143
493 797 801
497 201 129
253 313 609
406 886 934
894 993 532
21 241 817
751 860 629
489 619 621
729 385 441
133 881 622
337 574 485
81 273 661
694 447 673
126 977 942
201 841 782
785 834 385
94 901 201
89 646 323
804 493 561
61 847 95
237 614 681
387 820 573
401 521 495
468 521 478
752 676 99
566 964 357
915 165 457
491 881 863
789 846 435
931 352 381
761 186 731
1 491 378
169 865 230
159 449 253
893 908 867
661 106 13
47 121 729
453 867 724
481 471 536
57 977 691
977 5 393
459 177 796
501 953 275
804 881 1
776 683 491
613 240 781
511 852 201
588 357 190
433 891 451
600 531 276
823 255 897
195 191 957
605 970 101
626 639 459
855 195 617
296 225 85
57 714 271
289 938 745
140 622 905
61 518 451
475 399 522
820 292 188
913 1 751
161 873 487
717 941 49
713 897 991
457 881 626
385 682 125
897 745 551
484 505 670
435 809 265
321 92 493
496 809 668
412 505 399
976 189 427
305 240 382
640 905 401
19 585 897
681 219 691
73 285 951
188 691 532
425 718 581
289 235 93
746 16 11
489 809 669
857 402 103
552 46 816
717 889 877
411 518 15
499 174 231
345 971 473
873 3 692
221 281 891
472 705 341
206 665 451
59 125 419
836 177 587
813 421 589
873 419 966
6 889 617
478 939 811
449 841 601
21 275 741
531 853 882
377 266 831
349 457 990
577 809 933
549 777 988
1 709 691
931 241 376
25 125 80
330 576 743
553 634 369
791 653 451
781 477 467
369 801 351
416 989 121
151 941 105
749 775 961
531 855 411
943 361 221
449 803 331
512 542 881
330 241 681
345 17 906
657 111 593
621 251 220
376 945 95
606 31 958
636 709 963
71 9 302
873 107 17
781 942 857
969 614 487
215 176 602
921 409 269
297 441 981
401 1 655
342 135 1
5 143 169
611 387 821
413 508 266
457 401 653
694 326 629
453 672 126
337 786 195
512 215 441
601 141 512
621 613 190
457 391 961
681 267 626
769 711 368
597 1 856
905 401 461
397 617 921
721 995 505
679 576 577
469 121 600
481 539 525
776 892 265
451 337 457
753 709 825
25 1 405
833 365 924
591 553 370
711 993 401
864 127 776
343 220 353
447 665 81
788 831 813
441 565 873
687 545 741
251 965 558
329 215 654
433 361 671
353 690 433
543 128 751
396 11 530
247 571 209
651 1 257
255 335 41
951 301 596
791 375 89
316 256 988
803 238 238
416 131 245
12 884 65
714 849 636
91 121 446
201 975 657
899 261 20
983 586 944
561 388 816
763 886 154
25 5 429
420 211 856
185 701 201
979 697 135
977 441 816
219 201 31
339 166 701
1 761 16
867 9 501
453 771 153
19 487 185
342 801 401
881 748 319
187 207 464
165 569 137
902 882 457
995 89 821
391 371 601
218 381 145
266 953 441
101 577 546
458 601 85
901 13 863
225 109 17
811 701 860
584 51 56
797 391 975
972 41 385
273 137 821
220 955 339
783 531 97
137 907 985
443 681 373
706 131 855
61 231 25
409 792 917
654 617 553
961 341 497
107 944 88
574 842 165
491 105 945
743 371 399
127 143 852
29 882 137
393 914 343
711 281 193
997 895 11
665 617 59
685 921 929
913 321 1
407 256 253
785 835 543
636 326 865
41 985 891
59 433 936
501 673 812
788 361 863
793 868 777
3 937 334
555 665 859
865 241 336
446 581 793
301 146 724
62 89 161
558 229 321
462 709 484
833 264 15
145 746 703
819 68 449
675 438 985
377 731 293
321 521 576
711 896 487
206 997 972
933 865 179
977 631 726
740 286 51
538 279 306
951 333 853
240 886 671
548 21 501
626 257 167
477 17 57
876 6 182
17 71 515
792 769 801
261 441 673
463 435 985
37 453 933
901 457 833
103 729 785
331 411 741
876 473 797
283 461 1
201 777 681
224 668 261
163 657 46
913 679 215
793 741 862
649 926 901
617 126 1000
991 84 432
219 703 42
1 5 107
904 249 141
71 982 61
601 557 327
73 310 109
715 141 491
231 461 969
793 721 135
576 57 249
653 531 629
451 801 691
28 861 964
516 344 596
237 99 882
353 471 786
61 826 745
242 169 87
9 805 797
473 926 889
631 471 999
831 426 361
130 375 213
653 56 541
962 837 959
61 988 201
413 701 676
637 465 925
253 510 456
637 177 863
315 529 9
866 784 661
129 212 309
501 337 505
962 789 617
42 897 781
789 681 566
948 429 897
211 1 537
385 751 458
193 766 232
61 478 362
377 253 876
272 861 653
81 837 860
491 721 628
881 921 963
801 729 661
176 119 334
567 827 754
845 625 284
251 95 391
571 952 249
320 333 658
35 425 382
481 99 601
625 501 957
905 181 873
886 783 536
869 301 365
821 21 37
141 401 620
345 300 481
901 969 834
709 451 401
929 39 421
800 445 631
541 52 842
576 39 877
29 351 239
912 601 573
675 91 544
257 371 489
193 875 189
91 395 230
213 75 257
155 147 319
779 494 87
721 805 185
651 570 973
21 441 914
585 761 276
376 241 411
280 961 838
881 766 26
427 777 49
551 261 107
21 331 185
676 317 801
855 413 908
729 120 321
935 921 773
441 679 958
981 254 961
699 451 602
471 45 937
198 247 125
526 261 217
417 121 549
221 131 607
213 209 978
747 55 815
393 643 267
567 705 656
981 862 558
841 618 543
901 801 362
844 697 61
617 291 16
2 895 659
109 625 41
361 170 203
25 367 122
593 701 41
79 491 896
321 147 273
257 721 415
860 178 489
776 675 777
177 953 429
475 60 816
151 347 1
341 593 843
849 361 841
409 163 341
88 501 521
276 625 440
563 692 817
800 345 244
385 164 203
167 424 684
81 312 606
885 931 456
604 401 677
469 729 92
417 863 787
751 679 91
723 261 209
713 239 98
201 126 87
51 297 586
857 335 587
695 592 937
677 537 393
121 845 81
411 821 787
371 741 751
979 101 136
735 700 767
531 785 941
701 764 941
541 911 981
816 337 977
201 141 466
311 291 133
573 211 294
974 381 545
513 101 922
649 281 516
984 659 170
638 285 153
61 195 886
632 43 104
110 659 129
595 487 403
781 905 993
403 843 623
993 361 475
899 371 201
550 290 541
203 559 409
462 601 764
57 361 751
715 389 121
846 635 1
194 301 15
781 113 269
884 113 356
227 350 444
521 551 103
608 485 234
604 801 861
295 856 323
161 717 985
955 201 931
698 833 641
985 472 482
455 931 461
451 181 569
241 740 505
822 585 121
224 305 501
601 297 233
561 816 858
121 865 937
784 85 816
841 213 417
885 656 337
484 267 241
265 631 551
282 998 595
131 547 257
855 333 826
417 301 161
96 74 401
521 651 981
809 669 432
497 676 426
499 305 491
217 787 863
673 73 141
29 152 997
547 73 633
313 845 172
91 523 846
300 530 885
431 257 129
659 764 905
13 267 257
155 837 491
352 531 905
21 889 639
167 855 677
27 925 37
797 26 927
506 561 873
274 257 265
447 291 1
366 777 681
791 76 373
174 171 325
409 25 853
97 617 433
956 611 892
61 267 863
81 536 146
518 569 629
297 713 43
680 946 457
116 272 622
46 347 625
609 757 146
723 961 660
391 601 814
742 893 976
588 638 47
731 384 501
791 61 621
885 59 671
287 41 405
676 752 705
297 701 583
939 53 741
422 966 114
425 726 152
151 979 748
11 525 301
771 473 201
302 765 926
197 565 929
76 599 26
694 755 75
877 138 55
646 879 381
745 196 707
211 895 623
641 607 205
461 539 511
506 801 541
889 473 345
5 745 619
37 151 905
605 751 441
31 341 534
766 21 90
761 846 145
101 409 203
925 953 209
516 51 421
26 581 511
45 978 191
505 569 253
481 98 493
883 395 177
723 701 164
521 545 821
995 250 569
341 557 286
626 353 681
415 143 145
669 109 866
795 876 885
425 417 20
201 561 456
556 776 303
521 241 79
851 80 948
397 717 401
33 79 357
257 665 561
1 841 442
907 909 941
884 21 541
245 401 431
58 521 743
689 373 391
698 695 636
756 883 987
609 473 821
240 921 245
969 751 1
501 731 533
1 609 609
476 215 941
51 285 327
349 176 461
401 695 920
764 705 322
549 249 745
881 753 722
376 583 731
227 129 623
515 433 789
1 169 775
166 561 461
201 881 537
679 921 769
197 58 201
846 593 337
6 417 70
105 603 561
203 315 122
501 185 179
592 221 165
781 901 461
659 621 1
547 476 592
329 218 601
481 280 144
19 457 999
513 613 369
477 670 934
154 899 681
127 557 941
321 428 302
825 266 384
411 561 272
117 489 433
890 689 943
959 79 227
551 111 106
356 529 741
433 233 47
731 201 601
583 261 251
552 153 95
259 617 891
947 169 935
631 602 621
701 971 126
987 171 518
181 651 589
807 849 361
679 826 57
291 167 61
312 81 953
771 820 418
121 397 719
131 261 785
378 524 351
1 172 472
601 923 402
781 421 1
76 579 171
910 336 251
921 445 432
341 219 505
159 871 385
741 843 834
608 749 231
391 816 33
801 401 385
408 319 672
537 977 457
841 680 571
163 449 581
353 510 155
840 289 64
326 921 951
889 701 177
726 289 913
520 507 501
573 45 935
247 711 986
961 11 557
186 365 837
557 497 295
433 795 795
449 581 51
161 509 856
911 277 289
294 225 66
474 225 681
456 985 431
861 601 656
373 532 231
873 21 97
88 865 233
233 347 444
857 93 826
51 51 729
461 36 99
777 537 861
871 97 325
377 398 544
409 437 898
305 537 53
277 36 481
661 200 729
401 621 306
236 151 753
86 109 468
394 409 75
535 315 961
841 705 905
261 847 987
957 186 534
545 501 291
636 658 171
193 49 653
465 493 713
426 904 611
633 880 323
405 970 539
273 521 833
507 627 707
28 185 714
748 724 477
515 371 515
891 311 681
169 466 127
143 258 957
285 521 840
439 451 947
733 393 680
777 936 993
526 23 721
433 146 241
593 573 449
344 101 351
97 884 266
809 881 529
781 11 309
557 203 458
735 376 400
310 889 251
698 901 731
122 21 896
257 765 561
991 540 565
345 441 517
640 161 219
968 504 385
534 547 985
581 656 329
673 459 751
937 570 161
233 988 521
259 233 521
999 365 223
648 948 119
589 59 989
581 351 392
409 937 377
407 475 775
185 217 678
165 146 599
18 601 161
155 762 109
5 971 433
336 185 142
497 645 331
761 897 593
896 435 467
521 169 543
247 513 709
681 41 109
529 477 261
896 377 221
373 743 297
475 540 320
401 291 81
692 145 575
611 481 935
113 541 628
440 877 725
460 749 813
961 537 491
476 996 999
835 745 558
79 771 276
900 137 376
631 871 513
43 537 401
454 982 943
545 77 359
473 33 263
524 177 793
951 216 204
825 51 912
129 843 936
897 923 976
215 638 589
281 21 347
887 839 193
145 582 866
403 593 261
109 804 475
151 456 835
171 487 759
209 471 175
358 577 355
333 291 532
839 401 573
707 922 238
55 20 313
559 201 845
17 504 634
441 711 477
709 55 181
558 320 161
479 798 17
197 45 156
187 905 942
477 478 874
681 814 551
153 891 449
525 776 169
685 793 874
625 896 801
99 329 891
469 797 862
115 634 901
347 447 94
41 893 569
121 561 649
72 699 691
637 593 809
543 116 761
440 421 816
137 31 647
853 506 861
74 225 712
243 621 659
337 465 77
51 261 881
847 703 501
937 104 23
233 693 761
869 614 667
21 53 849
481 73 865
626 993 551
53 727 490
337 268 317
248 968 401
301 611 61
406 781 551
571 638 31
339 425 881
44 41 985
332 526 185
381 749 488
306 471 671
57 723 81
673 462 402
9 865 580
67 761 527
666 478 196
574 832 139
101 89 161
223 25 259
673 847 157
757 759 337
846 666 41
126 521 401
473 867 691
721 401 515
760 661 921
201 711 892
531 354 63
442 737 871
86 676 57
421 676 241
61 851 717
786 761 81
921 286 501
167 929 245
151 321 141
112 789 860
71 223 117
593 533 511
373 179 150
53 827 291
573 900 525
126 81 171
51 446 291
633 301 169
36 219 50
385 901 402
337 66 255
131 961 556
477 969 901
173 436 356
47 761 127
897 661 57
625 252 982
483 71 857
939 417 623
321 960 811
17 405 985
857 376 402
11 854 727
989 616 933
641 219 949
991 501 97
679 53 219
481 123 858
53 786 215
71 857 581
73 489 751
401 791 203
451 306 916
579 981 961
617 655 297
640 656 919
928 85 672
17 831 691
852 237 639
66 478 801
755 1 641
277 881 369
837 667 1
251 964 331
225 894 614
856 285 251
476 85 903
455 793 281
461 536 387
858 6 671
214 351 16
439 725 291
886 609 937
790 637 1
285 509 62
37 261 67
523 164 700
721 424 375
169 729 403
26 965 385
301 741 736
535 995 20
845 953 379
30 911 251
437 841 641
633 671 551
441 545 331
41 301 508
67 562 251
843 21 903
228 983 631
900 731 466
723 372 301
225 673 699
11 90 379
101 865 311
441 372 601
41 609 260
916 636 76
255 662 166
741 409 401
425 793 819
536 594 107
933 738 69
266 676 627
85 294 392
582 906 976
649 441 532
209 255 607
602 559 398
979 601 553
960 111 406
789 86 399
924 111 409
765 142 601
509 239 498
737 231 597
121 789 121
466 76 725
996 325 431
137 710 951
789 629 417
638 125 735
596 930 549
221 294 506
221 1 553
657 191 163
919 791 461
73 940 111
463 437 5
321 699 751
36 836 247
163 823 804
17 404 937
12 741 681
578 310 61
801 284 778
862 570 657
945 393 300
230 862 186
60 272 399
681 176 697
437 407 887
403 792 905
173 657 91
29 217 241
57 985 164
857 672 557
90 889 545
651 168 891
559 45 521
929 78 8
185 571 491
485 673 267
903 714 31
121 251 725
875 911 735
221 937 725
769 693 376
297 749 321
591 481 166
233 351 92
213 587 443
441 921 187
940 551 409
751 563 176
393 96 118
321 777 36
871 953 764
585 795 889
316 792 961
945 411 262
231 927 8
841 537 725
993 783 413
293 332 767
321 339 657
297 387 193
567 851 957
452 557 681
597 801 41
167 535 79
73 431 542
396 146 947
196 383 851
129 473 531
209 391 421
461 354 276
628 641 868
300 105 691
180 651 769
553 161 811
705 901 337
661 445 537
629 65 696
473 414 1
601 701 579
22 661 537
281 935 507
265 857 876
309 713 391
961 551 81
251 16 1
685 346 125
53 980 301
266 793 531
665 646 227
1 102 271
29 44 801
121 581 61
129 181 864
843 436 577
921 763 949
574 298 951
802 722 456
615 501 255
330 655 989
640 241 583
964 369 855
353 501 166
33 381 952
451 500 804
323 735 741
705 720 129
795 603 251
121 201 576
961 125 557
404 519 129
170 590 844
155 777 311
840 597 593
19 916 395
567 670 241
645 601 249
776 589 894
763 39 641
388 583 873
953 481 560
33 821 559
15 563 259
351 231 431
576 157 897
646 146 811
436 439 49
583 1 314
830 251 205
751 46 912
124 443 13
451 426 409
377 526 579
341 397 963
115 801 82
318 976 489
682 782 1
596 776 753
7 129 137
126 577 533
127 622 277
591 751 221
409 545 593
863 35 868
999 513 126
1 187 461
192 469 652
717 300 684
81 481 869
531 521 89
458 929 479
183 779 321
91 777 177
1 921 479
308 681 213
81 441 797
977 248 41
841 51 577
889 433 202
583 965 751
41 202 685
231 245 947
563 705 81
300 695 93
679 425 273
919 793 241
696 431 621
981 854 811
165 930 152
281 629 149
103 971 777
81 377 985
705 903 484
281 741 321
195 573 933
417 126 366
609 83 623
321 121 761
865 57 479
481 163 743
249 226 989
229 1 295
166 713 45
153 369 828
720 635 806
241 865 709
193 764 121
403 933 329
71 913 241
789 293 977
139 905 705
501 209 665
38 593 233
152 789 711
127 271 481
401 597 533
106 20 761
56 301 415
301 878 641
401 31 847
353 241 399
733 569 225
986 305 401
881 510 913
241 177 541
189 459 751
745 213 970
147 155 679
409 838 609
615 627 111
381 315 889
991 743 370
788 441 719
213 821 241
569 557 521
929 644 126
931 630 941
151 576 465
41 209 779
573 571 521
577 429 513
968 951 89
71 281 68
526 910 976
276 771 381
124 416 761
299 65 598
893 548 973
509 473 826
636 31 481
901 276 554
581 163 39
202 111 101
896 33 126
537 383 597
136 421 896
182 893 871
893 319 69
652 599 844
577 789 193
459 745 245
361 2 531
252 641 443
761 67 134
794 853 413
551 356 609
809 354 601
491 157 153
80 741 551
753 801 433
901 979 97
527 461 291
212 411 525
378 881 701
901 551 16
196 916 384
396 874 356
357 697 283
60 445 749
634 787 686
267 733 667
766 795 851
83 453 225
219 457 876
641 351 521
263 605 475
377 311 635
84 256 313
995 207 59
679 921 641
521 483 751
823 102 540
201 160 68
283 189 121
253 41 700
581 531 947
843 653 474
492 773 747
542 837 333
706 851 356
306 153 951
201 661 965
881 476 127
541 363 77
475 581 785
413 971 22
861 74 799
604 240 205
645 951 29
599 793 245
899 256 649
846 857 730
869 273 267
475 377 456
794 521 161
19 443 521
929 724 837
881 371 191
361 834 781
99 863 1
288 564 591
851 253 318
415 356 106
712 961 357
513 456 529
793 76 329
996 391 301
381 201 581
765 632 167
441 265 81
581 143 577
486 305 123
731 140 221
111 201 181
367 276 375
987 481 15
609 573 645
431 275 765
814 765 265
719 991 901
771 571 199
261 129 181
235 48 819
629 521 421
611 505 451
961 889 85
549 729 576
641 937 10
363 844 801
491 409 804
815 481 1
209 161 937
101 593 562
389 155 1
676 713 679
472 908 103
201 257 649
47 147 879
566 67 701
802 949 601
187 623 162
441 251 573
834 713 402
157 509 256
351 202 451
157 385 464
581 398 277
947 289 601
215 876 91
642 896 879
978 151 386
132 121 539
759 65 465
259 629 127
776 505 561
793 9 401
283 527 221
140 232 746
937 193 214
1 435 403
743 583 42
221 171 787
621 769 366
881 331 233
356 633 567
681 656 297
587 636 961
555 780 8
697 377 77
359 961 402
154 375 332
327 712 553
128 507 455
773 230 413
816 65 601
426 1 518
613 974 499
749 835 210
596 895 81
85 849 439
672 303 964
553 729 515
131 940 901
801 556 425
213 327 376
561 781 287
901 265 364
478 765 202
573 351 58
921 679 14
951 509 618
1 755 913
869 588 685
913 901 521
59 756 671
93 57 862
441 751 41
876 732 528
506 511 788
731 569 676
336 177 859
799 443 951
281 665 85
801 1 575
113 427 646
77 196 597
570 651 521
976 263 986
240 625 801
566 311 726
177 945 21
805 451 201
115 21 520
848 897 601
761 801 255
513 817 589
496 961 899
556 457 180
426 751 241
669 765 573
501 291 983
363 137 841
41 418 921
107 441 885
161 601 691
265 5 821
225 676 697
397 403 953
311 1 161
503 509 851
326 596 284
21 873 377
164 924 183
751 537 720
415 737 86
370 962 465
193 177 420
281 973 689
806 225 407
441 820 331
146 105 436
211 601 821
153 36 456
921 458 195
351 969 43
732 121 554
875 371 805
50 891 224
689 180 513
101 829 730
491 633 787
165 309 991
572 13 371
693 402 615
506 425 993
914 69 1
761 863 60
681 929 722
41 559 1
100 486 65
916 485 693
625 216 923
943 797 563
784 9 851
401 526 228
805 57 385
105 646 221
761 31 979
245 80 795
82 737 782
702 281 449
751 741 997
686 201 499
983 583 361
180 231 529
451 549 937
763 465 631
951 463 433
517 601 81
105 337 761
461 1 59
519 465 601
57 441 865
49 981 256
21 171 501
676 568 221
409 264 706
460 831 435
781 468 201
881 721 505
576 383 785
619 693 641
135 497 651
689 997 741
13 112 449
111 261 271
57 121 862
361 466 537
221 309 185
589 833 301
257 65 526
627 939 595
665 171 296
521 882 891
451 129 225
365 110 334
303 775 889
89 41 705
821 825 758
221 175 951
39 398 575
291 369 537
49 217 76
484 904 736
377 961 170
379 785 701
526 197 33
139 864 138
735 672 805
372 349 901
831 25 521
875 7 461
954 825 13
361 884 832
241 257 568
341 499 751
647 321 100
643 877 964
488 404 977
905 981 692
393 641 405
69 1 52
635 373 931
753 222 315
270 401 786
63 519 941
31 681 336
26 809 837
537 583 522
379 311 541
417 725 378
617 597 41
697 437 607
9 331 627
798 401 719
350 207 365
801 209 926
957 216 733
903 961 673
999 585 956
941 549 761
257 511 137
557 614 505
281 275 931
409 501 804
857 131 483
49 881 421
70 647 209
841 47 73
303 389 612
561 520 623
886 296 541
546 996 353
271 244 642
251 481 115
16 761 534
321 409 159
576 377 241
529 211 313
929 783 951
171 956 568
973 556 801
977 405 671
573 361 167
777 297 909
73 29 147
407 301 135
441 281 491
599 481 785
457 99 339
881 335 796
510 909 501
193 273 60
623 617 17
366 226 714
193 885 757
904 739 679
946 373 417
463 545 826
671 361 519
347 560 605
928 331 195
51 861 910
755 385 697
861 386 526
961 137 638
691 641 33
208 531 81
557 639 781
993 241 491
277 473 501
761 777 260
201 17 956
351 424 681
29 365 717
541 181 17
985 254 736
321 83 915
936 754 251
932 490 274
348 233 815
61 894 457
497 890 526
636 600 3
131 449 310
811 668 425
455 481 823
641 748 781
403 212 399
905 779 221
665 673 283
73 723 313
19 356 253
857 655 193
346 105 524
62 213 439
353 791 233
452 411 681
726 631 17
777 389 966
740 871 730
255 573 732
553 191 25
861 682 151
329 875 191
805 149 790
221 849 401
141 859 845
869 651 847
869 213 2
361 181 528
119 542 865
301 161 925
251 841 65
368 481 301
904 417 694
716 676 266
451 1 105
196 811 911
941 577 166
89 537 146
261 89 647
438 819 265
521 526 885
420 341 683
376 42 740
480 881 355
877 595 653
465 633 793
631 201 297
436 790 9
801 1 728
266 474 596
806 786 124
669 289 399
261 436 782
146 286 769
669 971 948
245 989 631
778 852 601
261 561 881
577 969 525
685 41 481
291 103 446
90 811 640
681 971 513
369 571 991
319 303 283
61 825 721
257 347 81
80 7 826
141 585 988
715 1 741
666 815 978
831 151 201
548 921 89
145 365 239
58 736 505
840 460 177
346 913 735
24 874 185
688 851 839
300 61 237
751 609 888
710 969 971
229 592 467
93 61 801
616 185 691
497 876 728
273 865 456
943 851 537
377 797 136
679 199 756
461 693 577
571 921 497
742 895 157
326 51 235
289 9 449
421 431 401
501 362 551
977 933 89
361 106 581
699 529 261
164 166 645
273 665 1
393 374 861
713 572 89
726 745 860
353 721 33
688 56 671
931 541 25
957 617 451
669 651 106
45 646 161
233 875 872
393 360 571
845 6 691
843 973 661
345 771 961
277 226 1
58 796 401
23 1 133
317 297 442
585 90 6
37 880 187
601 336 868
397 700 649
993 717 873
713 856 7
670 621 311
121 382 31
260 945 601
462 319 618
861 421 339
280 481 345
781 531 263
47 625 61
663 273 767
471 345 706
74 121 681
321 97 971
176 561 78
829 91 941
650 522 251
751 596 603
793 747 144
251 184 553
521 69 727
585 185 817
53 538 497
818 601 604
566 621 381
416 155 171
194 744 93
705 511 401
353 851 7
26 653 901
795 805 476
682 39 580
437 161 421
657 585 381
697 701 361
391 267 837
873 316 426
621 792 353
793 985 101
731 417 705
792 415 376
137 765 660
301 408 215
641 633 700
713 801 233
665 611 69
580 415 964
237 699 189
451 909 171
480 136 211
201 821 301
405 329 621
400 801 701
251 73 1
241 710 683
900 989 641
361 514 473
981 481 570
508 761 220
423 196 751
71 193 829
705 251 491
205 109 123
573 21 465
933 215 945
341 857 211
456 391 171
541 305 991
859 487 659
538 541 105
751 219 871
219 61 934
153 701 229
814 626 537
271 751 369
276 753 941
447 995 83
363 719 281
145 337 664
285 841 777
115 876 157
965 789 51
241 526 336
310 892 110
329 849 69
981 883 127
361 681 251
421 901 2
577 496 691
381 364 17
920 873 817
721 350 422
329 186 321
449 29 971
747 835 403
218 681 985
956 438 726
842 993 503
5 851 681
223 957 129
950 21 234
487 103 608
601 401 1
907 411 744
555 436 891
389 631 551
941 553 786
211 227 1
285 849 331
377 991 113
847 721 535
351 285 21
141 993 910
497 272 775
713 987 541
418 465 16
65 873 807
841 281 431
949 713 521
538 625 286
365 356 696
625 993 871
11 881 297
891 834 60
745 361 811
37 809 705
861 683 933
977 927 713
97 609 756
951 35 218
939 468 541
715 402 783
516 109 365
844 83 686
186 849 515
72 127 307
681 381 586
90 713 313
419 85 548
928 765 526
59 817 73
631 241 276
33 806 453
903 573 501
126 745 8
781 811 810
390 713 551
271 570 288
151 297 529
99 373 741
344 621 869
211 301 731
801 383 801
99 95 491
49 827 262
121 66 173
935 493 175
827 474 734
96 79 669
777 950 40
243 609 496
451 606 214
749 21 465
987 163 405
476 831 510
449 781 210
641 433 256
149 494 702
261 115 759
627 376 197
255 951 144
669 886 615
1 653 905
237 232 707
61 371 884
193 907 413
591 651 30
427 363 513
875 56 188
826 457 21
767 621 289
561 412 169
851 690 253
583 26 963
129 801 391
648 542 191
76 469 676
207 241 101
481 131 652
153 510 769
646 407 607
570 816 634
26 911 317
775 386 499
730 441 489
446 221 377
275 923 505
701 668 553
3 195 538
391 730 111
209 66 409
579 736 487
65 779 691
154 205 789
578 957 401
111 382 470
241 910 121
701 989 93
391 465 461
17 879 128
803 489 905
943 51 473
951 368 201
73 455 289
401 701 947
188 796 23
161 935 807
297 540 29
961 609 385
911 914 716
825 57 397
712 1 350
677 856 396
171 711 329
415 947 571
926 127 785
553 404 105
769 426 73
817 981 718
471 589 393
269 740 614
980 991 143
66 569 257
901 861 492
555 501 745
755 906 231
801 214 553
976 842 337
557 583 971
389 427 424
157 921 951
506 885 137
361 936 223
807 471 141
554 381 681
97 207 319
385 803 647
771 821 623
312 87 791
743 616 817
235 929 577
391 11 165
835 841 4
33 39 457
481 349 689
35 449 436
921 3 381
89 871 937
681 769 973
1 374 322
468 377 375
541 141 506
830 17 491
803 857 904
903 651 891
462 709 234
821 905 249
257 209 618
200 953 765
781 333 334
601 367 526
897 891 510
275 346 691
661 242 33
153 221 814
159 731 251
297 481 981
911 7 892
73 285 641
92 746 527
11 355 913
793 199 861
994 937 365
901 159 375
793 61 71
372 939 675
17 201 713
887 63 260
29 979 907
301 456 471
809 311 927
113 681 141
921 139 266
945 477 181
649 912 10
934 250 776
145 561 697
356 782 811
322 447 1
937 141 611
789 933 256
987 329 201
665 126 236
205 345 258
889 413 962
687 775 681
757 957 939
305 141 585
461 392 381
531 95 602
306 966 125
361 333 161
208 293 931
957 453 323
228 106 845
661 437 9
507 369 639
401 293 5
189 913 813
121 94 869
985 456 833
345 302 881
653 201 975
251 681 111
831 989 893
180 965 289
635 737 85
682 851 181
277 531 977
613 633 51
421 611 661
841 801 915
921 909 727
493 602 736
971 321 596
651 877 21
439 648 800
291 25 739
353 185 127
712 646 285
628 851 350
125 526 177
126 827 332
941 153 212
113 505 671
527 404 161
596 817 121
785 751 393
501 815 64
735 918 601
223 381 61
441 87 401
893 189 409
983 146 959
577 221 318
316 61 109
326 571 586
111 245 116
766 94 424
761 867 625
337 354 781
707 157 98
850 671 456
281 705 411
981 109 479
711 857 19
391 476 731
861 576 478
594 361 651
597 741 269
153 433 35
95 508 493
996 393 18
805 271 288
133 181 101
757 801 535
528 555 501
817 961 561
375 601 153
161 601 289
707 403 201
783 177 785
482 250 809
331 831 225
687 298 881
329 191 49
899 993 997
804 146 917
900 261 975
81 821 934
161 461 932
801 531 173
857 25 125
497 687 363
321 77 111
965 817 351
189 737 465
467 517 893
739 232 177
601 549 589
513 869 209
448 873 301
265 623 913
377 417 651
343 399 441
361 611 797
882 531 201
817 405 737
259 253 897
860 803 77
581 237 911
261 959 338
349 447 166
65 193 792
321 529 866
371 365 496
580 446 991
739 1 383
639 611 985
681 668 250
96 5 521
232 605 234
76 43 251
977 627 403
505 100 235
47 945 157
128 362 401
366 664 413
433 296 285
413 879 783
393 865 996
161 726 249
276 827 967
211 351 537
265 343 703
913 919 913
951 202 636
857 961 464
37 681 273
664 32 673
428 425 221
191 494 40
876 472 871
585 470 569
557 646 586
891 115 858
348 672 619
861 737 882
473 993 376
225 151 282
945 772 102
331 611 579
255 493 919
71 163 501
240 44 116
926 477 601
750 12 87
612 417 500
951 743 328
97 921 941
193 629 481
407 497 739
91 911 681
69 625 756
340 321 593
939 501 789
618 186 17
277 692 881
398 94 636
375 452 825
679 279 241
650 85 505
494 755 169
1 956 35
785 947 111
415 361 117
501 20 795
242 392 193
569 181 27
471 961 879
705 601 914
57 865 951
132 551 2
66 466 205
205 317 915
107 401 241
501 753 725
481 420 876
459 67 732
892 459 729
187 297 806
617 263 189
889 460 491
571 575 306
357 125 335
629 81 921
761 401 108
661 301 625
217 545 717
421 981 485
229 541 897
569 205 501
703 907 70
585 684 489
253 201 841
752 556 787
441 851 70
433 496 469
356 716 175
265 706 869
168 225 600
17 89 16
841 843 257
694 313 21
355 673 465
356 501 733
316 713 997
195 531 946
177 615 296
175 561 678
625 775 251
41 763 899
829 825 841
181 709 81
977 465 112
229 97 103
795 377 262
597 683 473
9 546 711
934 481 132
505 633 213
795 909 641
707 986 821
17 501 913
865 825 66
993 107 681
987 395 41
395 691 501
538 540 671
73 664 209
26 676 796
781 22 581
21 42 744
649 551 227
137 363 224
741 466 818
515 78 821
268 761 351
617 569 721
231 751 421
117 573 177
165 464 434
422 986 641
621 733 961
905 721 181
144 717 921
869 901 383
828 451 93
505 821 884
147 205 337
313 645 367
191 377 887
756 861 100
809 57 533
697 245 551
531 587 621
851 161 477
139 436 785
263 668 156
337 153 915
396 405 821
856 29 179
814 939 9
456 269 712
730 193 785
637 421 265
877 609 403
180 419 947
521 751 529
621 565 513
387 251 415
849 502 325
988 306 727
130 638 169
485 785 248
564 818 41
445 389 70
40 985 787
197 175 381
159 489 26
457 145 24
261 161 254
568 279 741
33 501 506
933 877 483
381 697 913
857 460 733
751 421 669
356 46 126
721 393 453
63 721 721
963 4 561
528 910 373
433 849 161
293 548 807
433 31 847
353 334 609
299 129 153
362 326 549
865 932 9
656 113 311
733 1 800
822 527 285
9 461 951
217 301 938
195 865 243
141 73 326
801 685 189
316 132 157
617 413 451
511 181 936
321 991 758
79 143 175
95 972 829
75 625 280
861 289 249
957 537 19
41 713 635
433 216 305
545 746 249
73 701 660
615 731 213
987 761 829
731 505 279
177 307 602
310 115 593
26 967 281
819 645 449
705 941 126
134 681 273
43 725 866
351 959 884
466 575 380
21 845 118
92 787 105
656 380 750
31 291 981
577 889 401
393 329 874
827 705 17
464 485 975
125 909 713
775 321 699
136 657 921
625 237 45
593 973 311
671 421 851
641 521 577
992 615 815
109 801 181
185 755 876
743 752 561
353 367 686
469 41 824
239 941 105
626 447 512
857 354 415
121 612 61
95 37 275
97 711 361
795 447 289
926 486 263
38 861 849
11 965 813
397 645 801
411 128 427
812 631 389
89 635 705
343 812 9
415 657 177
603 681 601
910 396 225
201 922 877
9 229 511
856 374 917
921 109 531
793 650 508
81 22 633
261 219 857
288 121 786
710 921 385
805 467 896
881 341 457
81 933 193
454 625 871
417 575 639
981 46 225
826 158 361
516 553 50
241 227 782
508 355 907
698 276 549
745 166 81
881 751 922
401 165 142
313 481 892
292 779 526
633 396 251
899 156 581
243 849 281
317 951 697
981 755 889
380 1 249
493 172 481
631 653 251
906 423 65
449 769 963
9 569 593
157 772 817
21 41 185
556 923 1
646 49 169
711 385 276
151 177 106
121 271 777
245 321 571
313 869 477
61 259 371
689 897 817
921 476 195
73 191 449
535 983 233
616 252 176
641 159 665
412 986 987
406 373 495
391 584 897
121 767 106
463 503 939
909 282 311
601 879 651
353 560 573
761 993 757
890 966 793
872 243 515
761 451 846
901 97 59
961 616 825
943 311 291
369 216 17
890 144 419
240 689 671
979 441 617
41 979 473
281 63 923
769 789 745
626 591 291
417 161 37
131 609 371
593 37 881
490 720 783
186 392 817
9 145 814
789 217 593
633 93 326
101 156 603
182 9 977
48 118 356
96 85 7
753 349 193
901 4 625
607 281 207
852 569 753
805 593 250
409 441 309
641 601 855
203 459 111
955 459 561
251 25 408
483 705 401
681 837 107
411 89 501
470 201 566
211 883 439
553 271 596
913 321 579
764 631 221
421 937 380
783 960 706
403 58 696
157 367 833
941 381 587
889 773 37
808 975 932
851 145 435
445 857 731
680 601 762
707 849 801
487 429 505
295 511 191
385 501 501
401 129 981
226 733 916
454 165 601
441 979 445
791 811 51
157 141 593
512 559 125
444 880 714
965 86 141
985 765 945
411 89 739
527 145 737
169 885 40
161 751 844
19 601 402
605 977 981
25 823 819
11 301 257
880 581 371
383 661 699
691 648 843
101 25 767
956 925 309
701 107 625
223 765 365
501 554 46
124 937 971
287 324 357
787 953 150
109 435 167
801 422 477
729 36 633
83 213 561
246 833 959
553 588 659
703 200 14
976 62 505
313 831 763
921 753 6
930 85 145
461 725 981
717 579 985
601 729 65
966 275 206
826 947 329
201 243 228
915 553 227
497 981 942
456 576 269
271 467 229
193 101 725
472 461 885
705 268 131
93 451 105
976 676 525
172 865 893
141 436 313
51 901 817
801 521 644
884 825 961
23 496 168
814 551 943
145 180 737
659 457 339
569 531 20
677 201 416
1 851 767
590 349 993
406 88 393
624 751 625
401 105 389
489 977 481
707 631 945
985 160 31
603 985 925
626 241 169
436 103 587
166 941 219
396 701 961
745 801 625
593 426 153
89 706 69
513 363 969
400 931 922
609 905 492
397 401 146
123 458 761
438 231 909
49 801 697
457 871 73
102 201 286
131 294 761
79 413 148
197 677 421
749 120 969
925 709 496
273 175 826
529 601 119
169 817 279
92 945 204
353 896 991
181 586 201
481 751 937
441 1000 57
813 501 846
833 61 833
146 321 825
277 457 183
541 626 210
277 694 1
837 441 411
247 367 241
831 870 1
151 281 626
358 568 889
333 574 865
749 835 959
713 733 725
924 198 738
730 490 483
535 691 272
575 969 949
493 21 319
697 546 373
142 309 209
457 904 906
53 457 627
137 585 696
657 107 406
246 103 596
201 783 231
640 332 161
359 401 51
465 377 150
367 833 318
1 251 828
977 121 245
396 346 123
766 630 221
726 171 1000
273 163 653
281 595 948
601 93 328
243 41 201
497 647 137
820 893 417
1000 953 807
685 748 361
961 525 860
71 47 936
891 247 676
643 63 827
900 742 286
963 597 58
761 251 436
674 761 416
556 406 751
831 89 361
331 331 386
277 598 487
75 517 809
621 177 301
421 396 9
871 356 509
566 267 829
601 25 833
899 51 993
469 123 97
721 297 97
337 499 9
421 491 361
360 522 154
590 745 393
156 982 801
809 841 776
321 381 119
133 935 503
57 569 131
271 376 575
278 519 373
579 29 170
797 543 961
537 881 596
609 175 706
321 548 537
539 349 601
349 781 707
595 749 465
617 97 895
161 585 117
121 699 286
553 561 485
671 489 941
371 651 860
921 661 235
293 401 377
716 739 259
989 501 783
821 937 217
563 535 329
858 469 517
425 33 945
3 506 831
21 398 607
11 81 907
986 195 375
664 47 311
275 641 777
793 161 833
269 961 611
51 691 21
385 169 29
329 201 671
609 985 881
697 671 801
367 290 793
269 524 920
957 876 153
545 121 356
737 105 8
254 625 878
557 870 604
106 797 64
534 289 537
951 148 617
577 453 403
665 220 730
820 825 441
201 915 877
41 160 449
25 353 148
311 453 201
781 221 227
195 29 103
43 229 987
449 129 715
215 414 445
142 721 438
134 453 479
881 205 481
953 384 70
722 992 497
292 30 435
285 761 309
861 521 529
216 561 181
493 293 745
941 707 845
86 848 565
337 331 610
801 293 814
701 358 771
605 1 986
105 312 908
49 761 3
817 345 251
921 565 487
137 437 481
889 151 544
801 1 361
993 601 721
76 567 271
621 866 847
505 841 471
721 913 793
911 761 117
671 291 829
771 353 15
623 716 603
437 766 700
361 95 531
935 737 91
69 804 896
133 76 333
671 522 666
151 801 776
240 841 745
266 163 598
197 159 524
3 121 731
321 793 261
693 513 209
464 90 442
745 633 285
561 673 833
130 172 727
806 408 729
981 841 413
521 877 241
41 160 185
679 172 11
828 925 446
689 361 981
997 37 737
647 949 397
223 54 676
179 946 676
910 367 112
892 473 313
437 903 967
475 989 287
513 441 336
244 865 737
497 707 401
513 741 276
363 951 89
971 151 149
465 469 871
521 377 923
809 809 657
358 707 581
869 381 878
351 412 561
193 334 480
953 17 943
955 349 499
276 49 906
675 117 191
307 817 922
681 422 801
927 625 799
41 937 920
814 616 57
86 606 601
797 845 365
453 40 603
444 681 297
41 21 241
801 827 297
736 131 421
119 265 781
91 335 611
486 190 981
771 516 296
905 151 236
901 761 961
853 391 960
933 728 471
146 821 418
801 115 565
1 71 585
989 7 633
237 737 827
553 400 379
613 921 281
221 266 533
222 528 19
983 9 39
924 353 431
481 925 910
628 321 645
736 621 987
769 45 487
621 11 1
121 424 53
764 401 456
953 269 615
939 857 177
33 547 676
236 174 575
855 435 979
633 87 217
437 73 855
381 789 177
681 962 336
289 556 133
593 969 81
749 25 378
701 593 611
441 390 441
517 657 145
218 897 359
934 278 271
251 206 461
271 931 473
641 687 947
452 828 881
552 431 781
369 897 601
73 738 590
947 1 782
626 209 317
393 811 863
511 101 951
841 411 711
17 717 11
429 833 825
900 256 77
265 711 721
873 227 884
746 841 107
361 1 857
325 176 226
649 383 401
941 652 456
297 485 309
924 481 789
405 505 804
311 55 609
81 873 440
689 24 176
101 681 601
757 271 686
123 613 651
168 523 769
745 387 105
184 145 761
697 221 73
877 350 174
195 339 1
209 225 985
217 67 145
703 901 419
943 429 691
467 257 461
181 381 412
729 866 930
273 679 581
526 108 919
941 13 441
41 541 153
745 990 778
781 427 731
350 61 411
289 607 21
753 503 283
850 257 626
394 331 39
179 849 382
112 821 721
1 249 873
525 151 932
601 829 323
641 285 566
497 210 368
181 489 738
684 95 481
10 969 945
385 997 833
549 276 74
961 340 106
866 64 961
845 456 239
361 87 329
951 312 779
31 177 569
647 655 478
726 684 751
139 1 376
577 983 409
123 841 526
753 869 1
801 531 862
797 130 662
457 776 785
105 661 745
521 17 575
486 871 971
759 153 462
615 697 724
281 941 139
681 617 713
813 357 922
605 345 921
636 971 831
345 957 821
125 649 945
258 544 159
137 126 931
271 238 841
745 321 34
161 553 643
236 184 396
974 425 508
781 497 609
398 915 961
949 898 888
751 283 849
965 543 265
251 871 785
252 702 233
614 517 169
