3729
873 111 217
71 665 793
731 577 529
477 743 860
975 161 903
747 525 501
744 17 691
511 633 857
143 681 813
901 701 85
308 121 557
155 509 246
825 49 857
997 891 760
546 57 337
765 605 961
845 803 566
327 361 351
301 337 528
51 334 341
67 281 229
509 201 141
937 694 405
425 801 115
115 598 737
192 960 670
741 848 989
217 41 835
855 986 971
801 993 387
373 920 879
662 753 31
201 386 321
39 528 291
291 65 666
125 418 661
748 926 283
21 375 741
865 629 903
490 946 89
529 113 385
440 811 518
236 561 921
417 526 457
225 989 155
252 553 201
451 296 991
729 555 655
891 961 951
331 921 100
27 341 80
159 161 855
761 767 876
912 585 967
177 241 303
47 901 956
569 83 959
321 157 353
191 276 253
381 889 746
697 469 471
305 325 756
605 511 305
584 386 885
729 537 31
565 505 269
457 833 89
618 601 965
636 281 22
744 555 967
489 261 428
277 177 108
625 641 247
722 897 227
889 121 953
773 823 979
393 809 441
751 510 725
741 955 781
735 360 974
251 961 708
451 221 771
279 75 201
625 864 275
976 601 985
525 491 479
417 896 791
601 561 646
806 59 381
405 801 251
669 569 481
537 817 806
598 645 801
614 801 651
429 331 121
269 148 431
269 768 51
87 184 687
1 501 941
141 161 389
865 806 801
607 98 764
191 611 705
399 729 969
521 821 581
670 465 321
57 412 766
747 681 790
606 121 729
527 1000 678
690 598 513
845 661 237
501 898 125
681 361 737
57 881 116
383 263 67
759 911 961
361 905 241
619 179 771
959 526 949
449 501 673
641 749 121
481 361 97
97 7 683
239 485 117
193 593 601
950 561 113
22 616 41
931 508 153
177 158 932
551 257 125
981 641 525
965 35 548
538 726 121
717 171 301
531 239 401
313 292 556
37 809 511
588 981 426
901 745 665
61 77 611
585 541 509
633 586 905
516 517 943
479 916 40
813 681 28
529 301 905
801 667 769
241 908 114
1 514 281
958 649 641
265 397 29
1 525 813
842 321 291
169 475 974
41 201 786
799 691 561
496 539 815
291 536 313
895 341 53
740 541 793
311 754 281
103 851 985
804 601 220
316 701 961
19 886 507
241 21 941
56 173 19
693 21 321
425 289 853
841 521 935
734 617 76
687 759 564
461 166 651
944 171 193
719 490 526
961 356 529
276 955 475
990 233 906
793 131 886
903 629 868
49 929 921
143 927 625
816 413 647
268 150 353
925 446 601
711 809 71
924 881 603
137 493 613
253 363 201
713 899 824
329 461 853
366 65 501
862 785 394
676 261 964
593 282 153
841 422 271
578 489 626
945 396 841
721 72 663
886 6 841
774 731 691
421 607 558
97 134 776
991 483 264
501 717 277
104 397 99
21 321 569
640 651 537
73 497 381
145 313 830
961 523 657
719 438 276
205 755 855
96 113 541
551 421 661
781 785 361
233 629 135
577 307 376
869 619 525
353 1 237
231 561 765
199 164 726
351 621 101
609 389 249
849 341 855
537 221 428
251 425 471
291 17 709
469 926 483
879 481 273
782 587 833
921 113 146
973 801 712
58 93 155
977 136 821
403 86 813
614 247 615
577 441 333
801 555 446
901 767 292
229 977 766
33 461 441
229 658 561
305 323 753
478 493 14
112 716 851
644 850 345
805 959 500
897 6 365
284 873 757
95 431 441
561 201 961
781 157 202
921 451 879
601 97 1
980 224 551
200 400 118
682 726 1
433 76 281
38 197 421
255 205 971
349 177 61
3 359 961
199 513 371
519 602 741
45 351 780
177 781 361
756 217 488
61 788 165
625 439 776
854 909 48
37 865 349
735 489 793
1 730 991
689 664 651
354 201 697
73 749 911
813 835 886
833 463 776
251 107 457
451 45 241
883 761 897
793 8 657
551 687 882
514 449 129
751 440 287
751 801 305
651 545 901
616 389 119
911 466 384
718 783 619
781 643 818
618 482 981
4 412 913
39 389 369
807 312 221
364 308 950
771 65 592
426 702 81
318 161 831
201 296 381
705 546 919
461 312 596
437 759 357
1 879 859
689 204 819
697 873 962
301 111 513
684 843 576
361 615 311
149 895 999
780 580 611
727 626 856
263 859 925
147 354 701
721 953 796
833 676 721
649 801 733
4 543 841
401 259 361
257 791 464
25 713 302
915 931 861
873 552 988
731 192 425
7 221 987
127 317 841
616 615 321
423 416 399
429 51 437
581 738 140
667 878 303
823 652 665
835 233 665
151 321 891
788 629 305
951 57 289
891 397 602
741 138 797
626 421 659
105 361 51
761 153 817
231 855 112
865 986 897
606 9 189
851 608 961
830 603 251
407 785 573
449 121 628
193 648 35
517 981 921
795 843 795
57 441 209
74 1 349
561 905 726
91 733 186
691 226 993
173 321 561
565 471 69
805 377 341
446 457 201
647 587 727
626 761 565
495 325 279
993 881 517
889 941 540
262 961 845
91 741 151
273 565 426
409 26 675
71 609 907
576 531 285
229 956 837
204 544 405
549 395 445
707 566 597
576 853 723
603 271 873
391 11 593
289 786 547
921 337 182
321 506 393
686 561 305
261 940 51
543 897 531
433 482 835
302 586 483
37 269 321
249 862 877
26 114 261
744 402 592
326 427 161
331 251 575
385 887 961
623 273 887
421 961 48
707 963 529
691 281 524
545 859 761
191 907 273
91 57 385
261 837 145
475 721 307
67 680 741
305 137 240
566 271 413
193 799 421
871 197 816
44 5 753
657 701 966
817 138 201
581 785 755
517 994 802
281 144 327
955 601 563
777 533 873
101 405 601
901 421 597
279 261 29
397 91 951
679 398 172
166 667 969
606 766 271
653 288 643
401 607 761
101 789 782
14 661 651
660 13 795
209 663 495
11 895 93
847 51 217
175 817 750
839 553 875
221 905 199
271 735 798
341 789 829
961 126 953
271 905 216
797 429 580
237 793 753
193 631 526
785 501 671
201 960 230
137 269 863
209 332 941
998 992 611
169 353 981
149 365 139
799 401 571
247 357 787
133 51 156
531 77 466
1 409 221
847 422 451
663 115 819
657 293 241
393 441 671
937 649 784
773 190 661
742 201 179
635 333 97
429 57 401
957 117 751
536 920 445
201 993 507
749 585 951
931 392 135
601 14 767
41 57 241
724 21 911
72 912 757
729 761 869
28 693 391
371 189 236
72 575 123
923 881 460
447 597 137
531 628 3
31 177 387
592 775 905
791 777 9
829 245 546
871 77 241
917 604 201
140 286 761
933 937 265
72 241 401
511 24 984
697 966 876
35 493 1
230 468 717
573 521 916
707 932 647
349 159 593
956 456 460
279 78 729
164 551 317
718 329 953
801 5 721
851 271 681
894 690 206
32 817 537
101 433 846
693 273 781
951 295 553
199 270 713
261 461 201
505 892 721
927 331 962
761 897 608
13 319 265
957 961 949
6 441 481
285 861 401
343 501 805
801 211 781
601 1 793
41 341 171
841 121 345
1 471 939
51 551 13
461 585 201
131 661 201
321 220 727
481 158 181
789 701 287
833 794 769
85 41 705
117 253 847
737 432 49
550 373 905
412 673 171
689 835 248
601 764 976
634 457 66
809 620 53
461 771 926
645 604 517
625 281 667
57 165 452
21 724 613
302 751 129
35 921 211
213 167 921
201 21 857
509 35 511
720 823 511
833 105 521
233 903 169
569 19 577
881 743 361
837 7 870
539 806 430
957 786 169
441 374 85
499 26 846
178 954 212
547 985 7
307 637 529
471 231 229
841 417 553
781 521 401
515 376 930
597 303 785
736 191 220
321 877 381
661 9 985
827 981 115
938 921 337
204 763 333
95 493 843
29 51 561
28 231 789
731 641 833
40 113 781
857 491 235
97 751 294
205 464 184
576 246 26
274 313 249
445 388 415
63 1 65
166 529 255
583 473 397
953 967 699
577 576 819
571 58 865
287 208 571
61 187 101
651 580 381
865 225 705
492 30 736
865 881 149
221 892 513
793 681 72
369 425 81
668 841 449
209 686 224
126 279 701
397 460 561
961 830 913
945 6 665
851 715 993
997 477 998
791 282 537
357 821 858
69 157 411
605 106 851
617 501 51
35 911 297
821 396 93
557 190 909
161 482 186
350 201 73
347 183 112
509 156 705
243 861 721
501 491 145
386 401 120
401 23 465
965 81 141
821 887 707
321 602 79
481 371 803
155 559 761
173 87 686
926 567 669
497 559 241
721 221 341
668 137 374
797 33 91
11 869 699
73 480 647
769 713 821
794 73 319
145 585 741
819 478 801
663 533 651
78 603 661
321 25 813
601 553 649
751 996 831
836 112 885
209 41 801
346 494 205
193 164 911
266 233 131
393 917 513
231 606 535
461 490 906
993 401 317
251 952 241
368 73 1
508 663 826
528 745 729
841 243 241
267 737 273
129 812 105
394 251 250
777 164 505
1 306 775
862 177 866
524 401 265
231 721 406
961 836 728
677 462 822
516 675 951
646 541 449
177 65 529
570 781 943
31 465 713
920 709 181
989 407 350
787 646 439
786 439 93
891 611 237
501 671 862
133 68 619
201 111 941
239 89 316
723 81 781
934 670 349
777 633 349
721 13 521
31 501 961
521 145 853
185 812 953
893 489 741
894 912 307
688 473 301
257 49 326
547 245 555
457 869 461
823 25 521
617 505 889
457 756 548
97 901 181
743 907 829
817 993 945
597 51 856
456 825 873
776 341 506
393 821 895
350 265 561
351 236 1
521 839 601
382 849 193
265 326 817
770 505 71
415 381 673
250 570 528
713 301 201
881 596 939
201 521 281
522 895 601
673 727 286
3 753 201
81 511 146
751 424 146
736 899 506
937 441 226
669 603 989
573 433 601
101 774 669
200 809 233
568 51 169
81 149 993
177 141 292
81 173 337
822 329 696
891 213 111
17 844 509
170 579 289
283 417 361
63 509 265
338 857 881
133 811 123
101 401 265
521 956 23
175 353 809
553 701 27
93 961 653
59 896 403
776 671 441
839 924 336
131 245 210
665 296 777
417 629 725
911 185 906
805 83 913
121 811 97
785 861 195
34 110 981
684 609 776
933 405 305
548 211 609
326 505 351
176 497 673
377 421 641
201 611 673
791 848 303
411 749 509
137 501 913
710 6 1
837 938 601
626 879 26
361 9 589
481 801 467
497 201 641
636 381 876
533 359 294
917 675 65
868 887 764
887 261 84
921 885 349
713 949 809
617 781 661
259 869 456
244 469 633
247 987 283
982 33 831
451 134 118
886 145 839
577 656 687
315 937 557
993 263 591
823 229 525
201 401 351
793 347 521
221 409 225
397 476 509
471 166 327
177 305 325
711 371 73
802 116 836
189 533 321
364 151 533
311 791 163
31 401 869
782 891 829
149 342 291
236 89 301
695 861 856
25 1 81
695 859 581
813 645 706
433 778 931
860 535 729
937 721 854
851 410 508
701 766 452
635 580 273
769 593 943
923 117 656
347 877 856
881 281 841
633 697 205
925 679 614
552 427 465
969 311 69
316 601 435
153 899 669
801 523 804
967 539 101
601 337 436
91 957 785
768 74 394
385 148 163
887 431 561
482 559 643
788 921 701
905 509 941
666 218 497
701 198 51
643 841 469
313 676 35
785 851 677
88 129 782
351 987 479
866 965 651
841 477 791
337 76 787
801 251 117
696 601 674
883 534 313
126 169 633
221 37 17
476 577 121
419 478 72
31 982 9
529 989 276
68 173 675
188 1000 599
1 233 11
731 98 246
487 421 838
457 51 919
312 461 659
432 533 307
440 327 49
633 983 7
276 473 241
221 171 12
649 927 667
545 799 592
804 691 441
349 611 961
484 337 461
465 67 951
777 181 149
193 697 907
608 733 645
105 989 785
985 251 21
209 281 21
871 898 943
80 637 641
900 896 502
126 715 381
986 185 73
521 577 105
61 389 729
806 933 899
931 707 928
687 559 311
612 561 333
687 501 26
666 993 970
741 939 605
892 815 121
1 476 691
818 621 519
858 517 581
24 119 57
670 897 81
631 757 631
144 207 746
995 901 331
673 953 536
426 111 205
773 437 595
506 101 209
761 260 961
857 177 741
729 929 191
341 371 171
273 201 115
428 347 261
773 685 737
365 967 545
361 237 131
945 593 131
277 445 309
41 541 534
451 848 2
241 760 479
569 879 279
966 650 61
22 17 697
637 1 731
129 937 489
261 481 829
377 53 813
198 382 238
558 321 332
609 525 121
155 876 581
169 695 521
593 661 461
185 401 254
37 254 973
409 77 201
958 395 929
846 901 798
833 749 86
661 946 629
758 501 809
261 566 375
28 581 449
781 451 715
81 270 201
95 476 217
637 657 451
36 821 982
496 484 247
822 124 161
431 961 77
775 21 891
409 686 599
351 456 545
53 82 511
1 575 98
733 25 926
387 473 925
245 452 391
137 98 593
267 625 633
349 711 180
945 939 160
785 841 599
241 401 341
583 401 884
481 405 407
228 121 329
576 471 879
801 608 677
755 812 913
756 773 638
257 591 567
400 527 212
451 115 489
423 411 281
301 682 681
986 387 207
411 343 297
928 889 501
121 578 251
577 466 1
860 6 521
441 54 295
63 251 362
68 108 668
1 769 107
33 1 891
717 673 341
861 369 579
105 685 674
113 562 429
881 545 867
348 1 830
479 893 73
145 668 961
656 561 676
124 885 251
824 753 207
741 920 886
544 517 501
191 21 937
201 959 751
301 133 899
996 711 972
77 78 141
537 423 401
170 200 311
701 1 1
397 882 699
992 518 1000
981 193 249
127 910 571
359 846 107
501 543 165
29 207 44
633 345 439
448 265 401
686 345 423
231 669 551
356 33 599
513 745 249
401 791 566
22 561 41
326 775 599
645 245 717
909 151 593
951 729 858
773 426 531
965 649 734
661 213 621
581 461 140
1 401 431
935 281 976
181 201 904
338 392 339
737 570 661
691 921 263
921 181 951
117 865 123
936 401 713
291 693 881
621 251 53
871 723 319
731 569 217
613 663 151
304 286 41
394 145 509
205 69 562
589 891 533
349 471 100
528 781 883
310 115 646
868 873 503
795 521 326
465 311 181
461 526 117
461 270 747
51 304 882
1 25 881
17 397 377
869 285 987
974 811 801
529 251 213
519 511 409
353 284 626
509 261 377
518 822 909
693 240 718
869 314 527
216 811 717
753 309 872
101 693 46
689 27 89
501 647 842
633 851 704
77 833 896
209 649 233
961 513 645
581 503 601
707 888 21
321 677 664
493 703 61
904 972 41
743 857 153
745 761 585
913 169 929
673 561 580
43 985 906
219 141 81
376 731 560
171 860 409
851 41 421
804 411 361
225 269 281
803 105 597
319 169 366
225 995 526
761 329 371
161 2 429
75 280 483
172 551 50
723 623 225
759 461 433
347 283 409
859 529 372
11 331 685
916 120 116
567 150 94
472 455 689
236 564 421
506 401 380
479 177 630
285 155 385
751 465 380
403 66 648
41 764 344
135 246 50
921 433 601
916 431 272
613 21 709
975 937 3
773 369 592
903 17 187
487 542 281
213 129 976
751 401 177
457 407 969
63 371 585
70 1 849
81 956 635
239 99 8
273 177 385
478 530 417
431 773 849
611 599 501
466 681 161
810 721 969
93 217 250
778 793 113
253 365 451
241 449 249
951 433 932
120 527 648
929 475 931
356 41 941
133 401 209
876 679 935
251 103 701
293 751 497
599 417 1
810 631 563
641 579 885
541 624 877
30 233 629
721 161 73
895 280 320
782 826 945
343 833 753
491 535 315
651 35 828
309 858 25
729 946 723
443 761 741
121 595 535
841 853 503
153 601 605
689 801 113
243 800 505
393 559 635
364 694 529
773 737 839
575 241 352
601 785 796
92 561 923
101 268 649
247 141 902
631 541 327
705 813 544
134 337 753
481 258 276
366 905 745
598 945 785
734 337 468
501 416 507
417 834 251
199 84 673
239 998 581
125 927 325
661 41 848
835 960 859
950 345 836
925 849 463
425 315 438
756 710 151
826 643 922
891 953 341
104 126 451
644 169 41
626 701 659
721 801 837
36 598 214
161 155 711
880 801 641
337 661 685
907 159 457
417 465 665
837 285 137
883 29 165
247 823 405
636 813 497
567 1 865
117 885 61
688 372 405
631 561 758
801 523 387
401 33 286
849 86 273
641 718 768
27 836 696
439 891 626
233 725 239
336 21 909
691 518 841
1 617 363
281 718 617
15 833 455
683 225 285
589 549 675
464 221 121
585 55 81
247 885 887
876 1 12
500 264 836
465 31 82
29 427 170
473 234 301
498 129 411
341 705 729
785 326 945
91 651 891
275 442 601
698 571 441
561 296 25
74 873 763
681 60 569
121 205 972
977 681 841
313 974 432
297 417 931
599 617 753
266 16 297
501 116 441
173 501 901
362 369 273
602 689 165
241 989 502
620 593 409
223 421 737
821 707 490
165 998 440
245 214 690
621 777 908
128 513 73
537 297 804
279 897 468
241 497 415
497 645 889
336 107 166
35 79 90
265 845 156
79 283 539
959 192 821
216 609 586
183 845 982
245 39 629
833 921 945
25 1 601
166 179 288
521 901 9
393 349 373
309 977 340
873 276 365
261 561 650
421 679 109
169 483 1
608 401 851
473 276 770
544 731 561
841 955 291
456 993 945
703 983 992
277 711 325
929 95 533
367 919 6
361 391 681
831 367 707
455 166 707
149 681 541
711 626 233
573 961 626
913 97 316
992 813 279
992 641 126
101 606 282
479 561 461
331 537 399
809 479 681
156 577 801
251 201 876
653 280 101
955 189 469
329 131 630
169 798 681
951 631 914
771 941 221
230 731 225
886 761 769
717 401 921
617 903 27
913 921 338
551 843 267
877 415 431
331 281 176
241 966 846
545 106 731
301 525 618
284 753 701
433 911 728
426 491 479
593 801 185
681 234 943
9 187 946
101 549 977
363 7 96
701 751 145
737 281 651
476 946 793
152 703 497
797 541 425
831 948 280
51 311 689
105 957 351
809 641 873
721 151 961
176 749 921
356 401 240
319 236 73
696 161 12
725 356 951
331 16 620
81 40 678
541 911 968
476 25 273
313 65 52
961 651 31
283 419 951
239 721 249
721 947 906
881 822 691
983 585 130
153 411 399
187 720 77
985 837 921
633 449 705
463 89 791
383 49 91
791 557 848
611 948 163
951 529 841
17 268 677
853 139 757
632 313 329
561 641 58
259 119 845
633 479 974
806 257 785
97 81 298
181 961 316
816 255 266
510 201 661
481 911 638
376 503 328
214 703 341
191 251 391
941 485 625
479 991 91
953 961 159
151 959 193
206 466 97
135 355 289
14 401 452
173 177 43
263 481 301
118 511 529
722 137 51
393 541 793
76 545 92
439 166 756
709 467 251
416 241 698
300 861 417
171 416 351
417 781 233
975 929 711
626 921 913
105 536 562
787 863 157
271 141 385
793 236 381
846 801 41
256 121 141
797 161 425
61 216 914
849 901 417
608 401 104
541 417 301
969 896 541
156 831 873
593 347 235
578 118 887
759 671 221
203 953 794
181 549 205
744 706 593
937 199 845
921 201 584
325 220 218
311 101 151
541 431 115
913 201 777
501 888 981
231 389 953
541 921 852
391 551 526
964 450 969
971 801 1
575 636 113
117 695 129
279 341 167
640 751 225
81 861 259
931 915 541
343 977 481
353 466 51
938 117 669
290 81 421
947 959 281
422 81 521
795 468 689
798 751 409
29 433 769
909 825 297
284 551 476
613 335 307
301 552 690
902 801 533
125 569 743
640 234 729
996 200 150
398 391 161
181 641 10
311 965 676
19 861 662
398 89 1000
388 526 995
247 608 969
43 769 85
613 879 211
491 601 221
652 328 453
989 45 467
55 129 225
494 686 130
729 446 992
947 303 28
623 525 273
903 253 601
494 673 806
449 981 725
316 675 994
342 783 487
521 618 811
926 891 189
101 876 767
919 611 251
413 771 673
257 79 771
242 821 529
541 721 793
529 401 591
57 451 465
593 19 757
387 669 654
46 245 922
241 486 561
461 837 911
481 233 293
100 343 649
602 601 707
233 906 651
625 761 325
785 722 201
271 703 881
799 665 372
473 869 249
679 746 401
461 881 62
826 533 185
163 915 921
969 713 418
927 540 281
101 21 356
217 729 384
716 56 995
201 561 611
255 504 476
537 1 305
217 387 549
673 41 593
281 909 354
527 681 225
780 441 737
709 729 403
42 573 123
169 301 299
258 235 340
908 343 71
881 681 925
72 341 501
289 91 877
393 807 289
781 721 821
76 627 41
399 785 35
97 208 233
721 211 160
116 833 434
53 501 721
85 1 106
768 451 519
871 153 835
911 257 433
93 665 403
622 189 409
885 961 485
59 281 161
285 906 789
886 485 261
734 413 814
325 407 661
439 807 242
825 345 759
760 137 637
161 421 445
615 201 941
911 844 376
221 314 725
17 104 776
911 81 443
301 597 457
577 358 366
698 751 801
939 561 501
793 564 158
85 74 440
919 321 248
529 573 401
242 777 315
275 227 399
99 171 562
964 901 321
685 425 651
655 497 521
739 41 919
960 53 731
615 409 719
735 789 51
771 626 21
721 511 86
999 527 774
129 551 153
995 609 881
763 106 1
695 379 537
536 593 97
71 996 434
185 457 107
103 9 633
738 564 627
41 132 376
641 511 562
957 577 241
156 951 47
262 1000 719
601 501 40
641 375 289
83 819 457
501 959 346
736 921 451
147 672 101
149 761 293
88 995 656
93 317 881
913 776 111
511 901 541
721 526 407
752 985 976
694 301 251
681 701 465
78 941 609
760 7 381
789 641 51
731 427 506
981 999 193
706 353 621
721 569 451
101 703 703
301 1 879
301 53 456
539 585 713
886 65 642
386 201 465
336 529 531
981 789 536
561 316 587
241 453 601
768 481 833
301 231 684
781 881 138
351 431 929
797 212 863
25 657 297
691 29 897
189 726 432
81 369 114
341 225 321
369 460 601
121 576 109
801 553 386
252 875 293
598 785 476
146 853 231
915 935 865
741 953 161
401 467 127
461 890 926
1 241 711
844 290 231
121 981 21
873 973 641
890 456 279
825 376 751
905 18 503
329 701 637
111 359 63
156 801 426
684 668 993
279 95 111
343 539 601
861 722 259
331 274 1
741 513 352
187 191 231
749 805 312
773 904 65
254 651 761
881 98 209
201 245 113
720 181 451
89 756 74
409 349 801
985 951 157
641 303 930
843 128 560
542 677 919
786 953 655
266 921 256
973 801 441
51 460 337
157 397 361
8 177 871
520 816 825
926 519 641
141 696 441
97 119 731
253 626 437
177 428 493
479 589 481
155 829 355
448 492 91
833 743 801
941 195 904
561 105 161
3 991 819
329 593 326
813 106 635
610 801 937
567 306 673
537 991 981
776 385 478
169 641 191
369 97 369
616 431 751
905 641 435
771 61 441
897 697 865
1 977 669
624 617 389
801 875 569
631 20 656
933 191 21
700 157 803
791 29 787
953 409 588
744 793 429
916 249 761
241 601 503
876 276 651
583 13 230
163 559 972
836 801 176
931 331 217
143 225 781
478 46 331
497 321 979
381 513 91
100 201 601
259 16 580
901 463 432
969 751 576
829 815 248
539 414 245
861 97 711
11 171 1
801 902 986
599 853 601
173 756 735
811 456 127
479 131 83
257 539 251
718 705 23
325 311 788
299 405 973
951 66 54
451 428 69
995 461 961
261 512 266
809 251 681
305 835 681
598 176 181
875 126 861
821 305 852
567 941 646
709 238 178
989 126 867
629 743 53
705 576 225
393 697 162
381 440 777
695 33 711
129 217 38
991 826 729
271 627 422
341 153 777
241 477 437
432 775 991
649 641 1
403 196 809
984 185 968
757 603 291
409 802 661
914 845 696
383 817 351
317 33 457
463 321 981
3 883 821
825 432 931
793 1 437
385 646 991
465 681 393
209 381 681
122 85 51
593 947 922
949 276 897
440 688 821
1 991 405
326 381 979
895 646 51
751 973 869
852 801 405
196 334 905
97 641 736
386 611 179
105 519 801
805 646 386
781 873 4
167 789 971
786 270 428
326 136 711
381 569 177
259 641 455
193 331 633
801 251 761
638 522 109
750 585 881
233 951 975
137 197 319
256 677 761
269 147 476
687 722 939
874 601 91
998 596 617
417 900 713
137 127 257
762 97 189
609 230 361
507 381 349
467 401 637
48 117 556
291 891 541
609 917 395
525 287 686
201 15 199
921 732 113
134 313 367
823 926 87
1 729 421
116 111 362
341 953 234
901 754 51
111 717 356
793 609 481
761 988 892
163 225 835
121 917 321
369 500 70
55 539 585
31 921 555
273 616 63
441 277 189
345 776 994
95 86 971
201 616 297
737 111 497
851 929 857
563 281 807
997 255 626
841 186 971
291 677 593
113 393 811
857 483 191
631 66 836
191 777 437
801 563 541
680 872 923
96 121 224
305 627 847
748 129 51
786 446 241
431 461 113
337 921 465
637 807 965
567 84 799
137 942 142
72 17 47
764 709 403
363 273 469
485 864 767
226 102 251
126 251 776
771 341 351
6 421 429
438 289 633
241 625 766
201 481 983
623 228 84
925 992 731
265 101 383
498 277 825
77 857 304
51 631 436
345 401 79
286 19 271
981 257 513
697 291 715
741 321 775
573 201 868
423 226 415
719 881 779
924 931 3
628 655 914
983 764 481
65 501 111
751 746 327
889 733 51
209 764 541
817 505 948
788 452 212
859 334 702
957 193 473
73 505 575
496 546 895
337 314 593
386 516 399
121 734 632
758 10 808
685 781 132
601 179 99
42 499 174
815 793 845
528 451 806
281 550 771
924 795 549
745 830 993
273 787 626
401 51 777
393 981 485
370 996 881
876 513 651
357 638 275
381 801 65
774 209 979
708 930 309
377 222 274
261 977 737
805 203 487
115 451 333
401 996 675
563 225 361
241 687 771
36 652 707
175 907 876
773 156 825
844 761 413
122 54 449
465 228 794
198 90 341
625 741 212
454 918 458
652 64 571
805 256 289
433 651 907
511 720 45
893 509 943
841 517 173
653 77 604
713 296 481
794 293 889
591 448 351
107 649 369
69 278 376
585 7 31
57 985 719
731 338 715
641 831 881
551 931 211
921 537 321
401 465 248
81 529 861
331 657 750
857 731 876
901 535 471
661 665 447
476 251 801
659 183 624
905 56 726
889 161 636
835 741 228
349 327 137
916 536 817
821 823 374
427 691 944
953 785 733
701 739 421
997 60 211
501 295 165
413 911 865
171 591 721
836 705 821
409 533 997
403 51 347
893 891 526
844 466 823
100 171 343
57 165 63
193 91 481
201 906 252
916 597 636
676 149 39
420 911 905
229 785 327
949 821 961
913 129 253
297 729 168
153 966 781
725 201 95
894 373 461
185 755 695
541 57 660
601 829 923
13 275 201
687 416 821
825 378 701
169 964 193
754 453 247
161 190 719
233 686 931
653 252 705
701 253 261
761 1 896
127 916 377
641 311 921
590 610 67
402 10 240
443 513 595
746 899 689
760 233 643
788 637 651
621 481 902
41 77 800
951 12 164
495 43 97
113 232 133
551 879 951
345 469 88
521 121 57
76 627 53
530 550 164
735 817 971
296 613 969
471 28 591
27 726 717
701 81 761
56 177 782
271 843 757
76 571 825
797 121 280
221 153 91
763 735 255
851 923 403
176 181 589
686 746 95
636 595 613
291 701 786
726 663 937
867 686 488
996 583 593
959 282 949
977 326 951
133 49 351
415 613 922
102 496 941
594 286 665
156 504 921
563 601 337
126 337 745
963 110 97
411 811 541
969 185 69
851 527 28
99 929 102
345 647 909
200 385 500
501 300 644
929 893 9
151 653 61
26 309 851
491 607 785
295 101 957
345 961 747
476 241 25
169 937 377
389 776 169
137 55 637
185 885 242
619 897 835
853 434 961
531 521 999
495 125 1
772 371 169
323 801 417
491 81 301
704 491 33
229 718 975
841 802 896
857 121 185
211 335 985
77 281 529
149 611 404
121 665 877
383 141 769
913 566 118
525 31 531
993 561 801
349 841 43
261 775 571
121 698 793
681 341 867
206 849 57
553 61 276
328 911 38
261 341 821
117 28 717
175 253 721
987 585 973
613 265 865
575 473 257
945 745 225
406 817 93
552 713 307
779 11 801
501 249 589
322 284 257
800 113 539
549 734 105
473 987 523
33 257 379
657 865 345
962 625 621
529 982 513
41 181 425
965 783 619
309 701 138
423 231 163
857 886 209
147 263 339
385 687 789
131 59 882
836 969 939
197 637 993
805 809 53
913 804 734
879 262 693
459 48 997
5 289 583
997 15 121
245 241 409
896 723 161
643 545 940
566 686 456
188 55 529
252 576 809
815 49 526
505 700 881
41 313 906
396 363 241
89 852 570
541 431 395
794 955 769
648 1 310
105 571 1
616 89 168
558 473 875
701 787 281
164 67 140
969 801 9
951 121 585
501 26 103
372 449 975
577 895 670
178 245 425
635 692 233
881 546 9
31 617 245
280 501 171
497 5 821
753 951 761
51 77 231
164 279 549
298 373 613
309 995 96
252 12 376
300 490 476
217 721 151
836 737 541
250 367 286
567 117 727
734 927 79
31 1 713
183 245 604
649 563 125
323 617 887
841 619 471
420 296 897
975 259 63
875 1 801
945 335 811
707 614 876
133 576 700
15 369 809
761 425 636
545 671 391
191 605 338
532 261 79
206 9 261
906 263 748
986 833 987
425 981 417
961 804 107
701 247 501
191 233 201
41 487 342
193 426 19
740 776 249
301 571 441
115 933 245
767 400 701
262 841 114
261 269 751
871 89 752
746 9 325
95 631 81
121 180 581
997 359 291
541 98 353
303 651 141
584 764 691
351 421 206
659 76 482
320 193 373
221 912 537
769 460 521
460 171 741
833 21 89
961 704 883
985 65 849
85 211 537
166 721 527
247 212 985
723 985 765
811 332 251
735 65 315
773 709 841
915 15 49
166 537 813
795 179 689
671 311 883
205 501 217
183 984 151
521 457 981
631 785 551
545 213 681
785 921 792
433 337 666
575 612 657
671 401 356
811 101 257
501 913 821
521 569 986
673 727 689
364 949 155
1000 268 363
745 937 93
91 927 355
374 831 161
226 997 173
991 923 858
721 351 833
882 929 370
97 185 480
251 602 791
345 433 976
749 822 825
695 449 377
891 684 215
674 448 827
810 387 418
796 169 527
739 281 893
543 141 843
48 861 441
673 385 849
223 451 41
644 800 26
133 25 446
245 311 823
107 251 858
561 463 999
721 1 38
885 303 201
188 65 131
173 112 221
831 468 865
831 548 896
501 57 385
851 713 706
922 251 28
507 552 961
336 399 507
17 6 541
976 925 409
418 417 718
405 918 751
129 879 994
876 67 49
201 629 171
752 43 876
165 753 895
303 396 269
957 212 841
273 795 896
441 429 459
101 537 460
862 345 906
681 611 738
889 795 846
883 721 506
545 671 441
689 124 613
745 349 433
151 100 779
833 537 734
945 243 953
140 156 560
74 539 420
319 445 876
984 337 527
251 695 491
741 829 961
265 941 259
621 551 526
881 44 137
658 431 961
808 795 410
376 285 853
142 971 382
93 249 677
401 431 409
895 781 584
392 213 633
449 113 3
37 481 777
496 561 767
292 837 132
634 851 625
901 177 685
261 87 323
463 697 145
825 202 557
231 425 365
929 101 623
117 365 401
209 84 37
317 631 713
747 965 193
763 593 951
926 884 36
913 565 581
348 92 483
91 713 960
651 465 550
498 210 721
565 577 980
397 873 685
478 601 851
693 796 391
298 969 684
871 189 493
561 284 672
877 42 303
747 581 175
4 601 458
31 207 781
298 279 528
513 308 413
561 169 186
191 253 351
561 601 419
404 129 783
353 250 515
850 841 273
906 197 485
301 75 764
557 405 994
57 299 937
476 526 725
276 281 789
217 416 71
811 633 663
632 901 807
201 254 492
521 361 561
985 710 865
989 787 575
765 88 679
442 329 926
478 805 365
251 141 401
334 485 751
491 443 545
756 451 745
15 981 421
223 281 723
731 275 841
201 193 301
213 357 721
801 801 655
907 605 937
937 125 413
421 397 536
449 463 81
540 200 885
81 144 522
540 403 887
921 996 417
273 129 281
456 515 449
479 225 217
251 101 111
993 633 313
673 856 81
963 541 571
513 473 374
341 674 961
329 701 401
269 69 585
877 481 230
791 535 255
217 55 72
297 994 727
391 581 641
753 326 262
731 179 1
269 161 301
857 729 102
385 867 331
755 206 739
71 361 1
581 709 276
940 576 296
201 273 466
279 133 145
406 689 901
471 616 466
851 416 429
484 97 853
571 177 261
631 747 81
986 93 33
321 644 656
261 937 856
529 679 411
811 405 212
647 377 860
560 332 281
53 313 508
681 93 701
937 833 76
351 593 87
881 46 231
310 185 762
651 555 489
547 289 576
706 877 565
249 11 186
351 595 141
101 353 10
941 841 777
5 137 467
633 439 151
14 757 435
806 747 225
505 73 238
129 688 41
411 485 161
563 353 860
413 629 769
625 467 517
761 606 161
241 791 71
601 733 836
885 911 415
409 361 429
998 163 333
21 107 305
99 709 388
753 752 115
702 96 809
42 172 649
75 116 306
591 841 23
896 185 502
201 817 411
768 113 361
161 631 17
881 395 691
631 676 976
433 740 833
101 369 971
521 625 259
401 961 201
641 549 343
691 241 339
489 337 511
131 81 881
201 527 983
777 851 668
478 597 681
901 777 956
571 741 561
230 42 690
329 149 81
304 983 803
138 909 969
51 901 858
299 209 531
687 648 641
928 143 815
615 909 934
271 1 9
925 498 662
1 81 278
111 533 789
256 151 989
793 651 1
681 305 159
569 441 353
321 633 580
973 249 116
251 152 813
281 1 121
897 829 117
137 646 896
725 471 463
584 898 959
940 170 626
540 525 235
953 54 13
497 578 830
940 392 175
423 77 110
391 604 257
987 701 107
357 524 921
487 812 675
85 871 273
353 957 111
861 495 425
567 628 617
701 483 657
946 929 268
766 981 803
17 899 77
588 207 161
926 179 581
885 533 342
132 699 194
851 861 692
585 507 537
173 178 139
541 255 587
981 361 726
169 521 549
941 295 301
201 991 891
161 701 498
553 433 976
691 798 781
301 461 201
231 177 177
304 797 257
736 889 582
204 636 106
135 185 53
500 967 811
705 369 326
817 649 810
633 593 91
710 79 25
621 318 641
148 209 55
296 346 340
960 565 503
505 31 233
365 621 293
883 781 613
396 478 425
613 133 680
266 786 668
662 946 876
561 401 411
89 540 102
18 134 553
641 767 756
961 209 915
770 196 701
577 641 161
137 893 201
761 41 245
711 891 854
786 143 736
417 15 29
581 679 731
699 451 31
745 381 201
169 751 309
736 147 666
465 849 868
751 401 821
922 195 506
419 851 681
948 361 581
261 161 235
714 576 513
184 84 533
362 265 195
208 946 501
816 703 891
684 481 821
267 225 576
246 341 343
485 632 887
521 261 785
488 205 71
533 956 736
569 889 664
811 951 209
205 481 808
867 243 756
501 965 681
727 265 125
30 3 385
54 663 791
321 277 161
429 891 677
453 346 635
465 193 977
517 186 81
895 633 241
604 318 501
933 901 509
849 982 321
601 444 281
14 637 684
361 741 841
520 680 459
87 953 25
217 337 71
193 791 626
545 566 201
1 143 360
785 680 103
313 734 951
911 885 485
741 895 573
965 714 841
378 412 817
355 541 49
137 277 506
201 338 614
545 576 447
245 176 148
141 532 701
921 321 85
801 472 395
222 617 459
577 166 475
804 637 293
414 91 874
297 9 151
976 645 833
253 791 27
699 229 905
219 745 971
811 689 770
226 261 301
593 849 455
344 1 622
533 7 261
250 682 135
755 996 135
941 791 464
439 96 1
701 265 971
401 961 217
197 26 657
978 1 156
654 401 561
176 527 351
426 168 901
781 707 581
393 535 443
370 177 81
159 641 444
402 939 12
625 553 881
17 933 249
581 489 713
619 775 237
113 932 898
209 392 705
421 945 873
71 217 969
440 51 88
341 89 132
861 664 715
213 721 788
861 857 33
649 511 897
76 419 196
21 959 461
439 921 543
256 464 847
625 725 321
441 661 289
592 557 857
55 325 153
541 686 711
716 545 189
613 426 793
441 521 866
668 401 716
59 500 363
467 41 225
89 663 999
593 617 471
65 873 581
833 595 193
37 65 327
56 251 495
161 901 147
839 659 111
794 841 41
99 495 339
799 361 814
477 329 409
470 578 97
675 467 73
916 393 237
907 55 463
303 123 481
977 389 792
945 437 973
647 876 829
933 665 391
201 854 336
678 652 646
601 653 877
957 47 827
333 41 495
157 329 546
657 840 951
621 596 761
640 633 601
821 542 510
197 882 21
581 761 951
319 167 839
298 965 449
796 758 326
658 569 411
9 151 793
91 1 429
254 665 338
603 195 56
817 901 601
703 183 304
711 964 759
721 227 515
245 993 450
991 511 349
657 201 311
225 467 261
43 53 851
443 945 677
673 913 94
341 808 691
9 423 701
498 5 528
809 525 75
621 513 3
689 873 417
890 201 830
185 852 136
721 401 891
783 345 601
7 202 84
521 113 991
429 301 401
405 359 561
921 547 385
265 41 76
603 23 346
215 508 885
391 666 811
924 141 385
932 935 902
418 305 311
632 331 671
417 401 42
506 153 53
439 365 564
720 209 926
359 609 765
67 217 916
161 734 437
939 793 481
86 985 736
161 583 650
46 241 363
867 842 856
27 273 281
855 981 181
832 649 341
231 701 63
597 51 433
423 731 823
937 951 238
885 994 701
379 821 979
607 66 350
952 187 141
765 838 656
735 841 912
487 294 294
941 281 461
927 967 1
836 971 702
913 261 186
105 37 712
741 238 54
589 583 595
919 776 481
491 691 976
725 782 515
929 169 681
661 72 7
369 487 804
889 31 393
131 495 734
247 999 293
327 824 68
722 81 761
99 389 305
181 676 1
871 618 189
707 922 983
957 833 435
56 414 667
524 761 876
147 113 153
185 711 196
5 886 413
462 11 259
98 848 802
562 283 473
987 58 751
586 401 125
726 509 137
231 831 925
169 476 641
935 271 586
555 978 819
465 314 345
751 352 171
225 143 511
898 477 337
986 105 369
91 894 758
693 974 145
241 113 761
923 609 457
177 603 848
991 381 577
107 151 797
91 816 241
405 131 669
681 649 599
900 348 491
677 251 971
941 156 397
601 965 741
619 634 796
265 309 529
240 797 126
313 648 956
847 267 889
83 543 767
302 171 417
709 676 521
297 850 801
217 681 278
19 217 233
201 516 622
132 235 611
18 661 1
845 985 316
807 273 5
815 706 507
629 246 361
48 98 501
761 771 935
221 71 200
309 401 475
226 521 881
437 296 651
851 3 257
842 337 901
261 915 955
169 671 483
271 373 259
936 11 267
331 504 461
287 837 265
403 567 385
455 741 12
569 651 181
921 501 713
799 601 788
877 151 733
925 251 1
177 793 233
421 878 466
44 793 619
797 81 538
526 949 567
903 937 808
643 207 711
486 161 362
609 969 961
501 765 170
264 753 121
41 441 206
261 555 150
21 567 526
271 706 671
309 706 805
313 461 814
283 663 551
285 993 113
627 347 708
61 225 757
396 442 739
127 607 561
61 619 941
914 857 913
121 907 971
153 421 627
388 607 375
233 97 697
771 323 276
701 311 935
457 240 251
889 571 211
1 561 801
449 135 34
909 981 341
633 936 898
326 402 320
189 301 321
812 382 831
842 267 837
41 713 743
49 717 736
31 1 361
181 326 500
797 973 562
153 953 706
443 691 881
89 433 663
477 41 601
273 496 137
863 843 570
226 438 465
581 1 949
504 649 647
445 733 871
588 610 1
825 133 841
63 677 931
301 337 637
713 953 761
513 78 981
825 512 281
301 86 801
981 153 827
559 665 811
411 653 601
980 889 589
807 497 201
154 111 321
785 191 237
505 1 751
721 551 701
369 381 983
185 21 379
253 714 368
599 361 284
647 777 145
851 616 584
95 545 671
337 437 851
120 358 641
932 975 470
409 926 45
6 991 324
609 457 396
693 21 43
515 628 721
596 661 373
821 795 485
41 915 288
51 646 265
635 361 329
457 291 309
201 709 789
419 114 891
173 425 606
660 837 673
886 767 226
651 301 900
94 126 264
769 751 229
473 538 741
207 177 178
178 123 504
917 313 911
837 929 795
851 681 39
635 652 447
485 336 830
610 625 639
681 621 185
949 489 575
755 828 941
844 465 378
505 243 712
201 537 173
957 901 571
872 31 257
937 361 269
571 661 393
141 801 1
815 343 561
107 257 361
754 106 345
127 531 441
811 746 109
941 971 285
543 753 601
980 994 649
196 301 691
353 809 846
13 753 884
1 663 961
941 681 109
365 179 575
361 869 675
257 961 11
641 45 581
71 121 893
39 864 377
845 329 569
689 917 721
432 329 401
21 243 601
521 97 719
19 43 985
941 215 521
386 775 341
737 441 313
591 509 409
372 879 37
957 581 859
393 635 898
353 971 622
481 237 48
945 569 442
911 13 40
756 30 891
383 229 251
171 287 857
97 372 690
600 825 341
600 781 714
660 919 391
841 15 95
281 476 671
915 649 937
208 346 837
230 920 713
217 376 681
25 99 139
201 253 484
741 230 765
36 431 739
263 763 465
681 779 27
425 259 129
11 450 636
661 865 752
689 577 625
16 536 137
564 705 793
691 406 448
540 40 307
149 6 121
149 350 466
471 23 570
324 424 855
469 489 682
225 349 624
821 915 810
453 356 774
623 863 391
51 773 131
763 367 377
472 268 420
510 241 481
222 84 435
156 25 868
651 419 896
641 857 985
41 345 381
723 377 911
895 163 977
789 601 148
316 529 441
351 837 909
266 722 141
377 556 273
830 414 716
243 500 549
979 11 389
594 129 497
598 855 793
825 44 751
329 639 531
331 25 433
297 908 239
626 536 393
293 321 951
931 501 59
193 949 986
409 325 619
268 331 882
938 250 561
669 881 175
495 889 121
677 201 361
965 372 628
639 951 476
140 351 605
511 241 934
29 819 241
161 988 351
199 659 410
801 833 603
949 649 733
281 121 452
261 833 981
361 993 421
89 809 25
165 153 613
793 793 825
723 71 958
221 172 509
761 801 13
8 116 351
425 751 358
861 576 497
932 60 11
905 394 713
328 797 608
577 377 176
97 247 881
782 721 501
391 165 401
676 649 1
556 701 785
495 311 162
553 683 456
651 701 606
657 651 687
305 287 367
121 553 233
337 57 321
521 573 240
345 901 131
831 401 14
921 927 837
265 130 323
182 89 508
129 65 757
319 561 665
231 914 673
165 197 721
713 729 954
793 999 761
751 183 849
735 375 781
818 676 923
13 744 433
882 788 364
505 262 337
1 426 320
473 27 631
205 399 600
601 874 962
807 126 901
340 377 411
865 477 301
771 787 49
1 993 37
521 520 322
814 826 1
877 229 505
385 369 721
216 61 641
521 641 123
228 807 681
569 417 844
567 581 801
201 409 75
787 465 267
996 881 868
493 141 105
477 825 779
191 207 333
719 113 289
119 972 53
163 220 660
961 481 479
116 517 457
176 1 407
366 511 641
672 893 288
314 173 701
977 581 505
369 161 927
940 191 567
937 123 801
929 1 41
687 919 51
465 134 441
228 858 987
290 566 21
505 913 736
908 922 633
801 605 278
680 829 71
745 411 193
947 161 114
61 769 728
833 169 686
160 139 793
341 641 602
601 397 311
525 921 565
681 636 81
419 129 273
756 798 126
349 121 21
523 217 41
991 988 181
616 6 13
869 741 721
801 108 491
25 491 11
561 6 821
399 657 917
698 950 397
601 508 109
336 413 419
41 169 608
326 851 201
81 285 211
717 69 890
791 925 399
925 585 998
641 441 337
516 460 857
981 317 407
315 781 768
961 811 566
451 123 387
195 356 337
279 609 256
281 601 41
657 573 807
249 761 247
873 920 425
993 898 633
697 633 900
187 751 225
239 1 501
87 377 171
185 127 530
166 15 281
506 755 617
951 777 637
61 489 262
254 629 1
503 85 354
635 283 76
66 91 628
481 273 390
764 351 341
808 692 670
267 135 649
973 401 41
501 601 978
671 125 769
376 909 347
233 529 209
827 521 391
224 273 897
405 529 301
317 601 771
771 953 543
269 949 521
656 699 411
761 505 641
397 591 196
859 216 541
669 187 190
129 145 608
307 1 521
226 355 496
297 818 971
45 596 321
691 537 175
473 67 673
303 843 281
286 326 75
910 373 645
575 461 433
49 97 473
159 776 687
772 899 665
785 391 669
835 332 377
211 161 53
391 333 829
942 676 273
697 626 261
633 729 443
104 62 501
297 745 271
9 610 556
773 62 585
153 975 261
536 921 666
566 721 1
437 999 696
301 649 389
173 217 553
526 73 195
709 251 987
157 806 129
466 182 477
36 901 930
721 39 662
764 871 191
26 820 385
817 382 677
641 859 186
797 753 278
101 761 52
756 351 806
33 876 911
855 836 281
751 953 789
17 123 697
961 111 1
516 601 325
881 284 985
419 541 887
762 835 833
577 321 815
333 45 337
617 332 313
521 225 201
380 479 781
46 797 201
251 841 156
51 401 26
585 11 1
921 813 855
273 41 841
77 287 647
373 609 457
365 92 399
501 51 901
379 51 629
896 100 640
1 931 501
436 10 119
726 449 755
451 216 81
161 619 426
707 851 967
313 434 427
761 211 871
925 536 529
957 261 597
658 974 473
16 431 455
533 719 694
913 169 927
285 384 637
499 915 919
977 200 61
682 936 223
928 621 763
615 865 245
101 183 249
245 435 775
501 201 321
314 731 207
769 441 833
871 377 719
721 377 689
58 384 347
410 544 269
41 889 694
509 469 49
353 205 846
249 652 591
766 561 561
104 278 876
624 593 867
253 21 477
161 396 69
371 509 635
492 261 553
1 641 26
781 881 561
633 893 755
551 839 243
111 711 597
783 273 1000
871 825 417
217 233 511
647 217 293
646 417 710
775 151 587
469 611 772
897 361 183
156 147 417
869 461 988
259 592 338
375 250 968
481 171 541
937 661 847
353 529 385
864 867 892
751 181 983
345 853 335
960 429 498
15 877 173
867 705 401
387 523 843
601 265 793
801 17 625
34 545 380
62 121 761
89 871 689
899 751 119
69 973 333
416 251 401
76 576 98
265 134 217
757 949 417
279 89 751
291 569 321
689 281 904
849 635 492
983 893 642
593 689 717
57 547 295
879 697 657
344 501 951
11 205 743
751 640 95
857 745 371
156 53 777
989 103 221
259 509 201
297 26 326
644 297 399
203 852 141
751 13 814
581 271 363
81 46 709
881 76 929
231 957 185
62 865 899
145 540 327
19 64 878
256 446 501
801 291 559
521 377 30
714 25 953
973 341 473
53 847 373
905 577 561
494 375 566
626 71 521
641 71 164
567 329 231
41 977 974
560 568 81
451 879 321
257 841 181
864 569 841
45 284 647
61 815 689
328 908 897
420 837 121
501 76 393
79 261 541
593 641 524
388 885 701
731 528 496
86 3 827
737 196 581
247 721 479
665 223 868
381 1 88
409 855 211
606 1 1
846 296 893
696 491 65
421 329 921
501 561 701
71 491 153
313 312 979
855 45 273
194 673 753
476 451 191
286 665 535
924 929 897
861 17 265
365 658 465
769 522 661
241 23 57
272 271 978
377 125 724
825 305 778
879 762 765
78 859 121
65 481 705
845 683 973
286 441 542
191 990 157
195 741 516
321 41 669
201 328 329
33 641 280
221 691 626
225 145 227
805 605 267
436 337 868
509 672 771
285 922 329
209 723 801
689 856 501
357 585 462
689 733 665
202 13 889
61 285 75
993 34 602
397 94 137
221 281 599
419 515 969
891 254 109
451 177 506
550 352 857
681 486 129
433 879 67
197 929 593
580 558 834
34 170 303
171 887 432
771 937 233
1 177 419
517 106 313
142 49 993
725 704 74
673 557 111
113 613 704
585 543 622
886 211 996
913 371 587
288 300 125
403 409 655
653 529 606
331 505 430
373 431 436
989 857 721
964 426 951
886 918 9
526 351 792
29 463 25
201 263 396
401 201 600
503 961 257
121 963 157
116 53 77
656 141 571
241 308 573
501 485 516
739 427 160
567 395 468
815 763 103
532 582 886
727 673 346
801 951 700
722 249 296
684 990 395
59 409 933
95 895 706
297 990 339
175 281 261
237 361 785
849 740 793
851 732 661
902 799 729
341 241 413
847 799 733
57 671 173
581 577 829
181 463 985
941 151 801
936 810 594
326 5 245
292 310 25
481 985 80
417 905 51
585 147 771
369 913 751
971 720 99
246 91 469
751 501 746
881 955 525
333 201 788
953 355 450
461 204 345
511 753 281
101 589 791
751 317 521
429 21 323
141 273 249
153 551 518
341 689 101
523 301 193
351 279 372
425 321 639
269 521 689
76 591 15
41 793 627
521 901 657
823 779 261
10 561 349
361 505 585
407 650 491
761 454 899
519 541 319
18 519 811
16 691 531
191 705 717
133 485 741
249 205 695
903 327 729
481 449 753
521 129 147
201 1 401
373 483 757
491 922 949
705 444 456
841 876 429
1 121 596
121 57 16
22 469 6
493 254 324
922 469 264
262 101 697
515 108 121
821 629 919
313 596 458
36 89 425
325 215 705
601 72 601
441 833 428
971 1 681
501 305 991
295 929 411
183 545 47
421 345 535
475 246 409
934 461 606
326 829 411
841 577 97
161 176 366
66 272 257
356 334 111
657 709 829
401 541 553
376 501 181
677 361 401
789 15 105
846 616 345
837 927 522
333 745 902
61 358 823
545 201 266
889 72 396
261 469 15
885 645 703
393 469 107
709 277 949
233 195 776
969 457 101
973 241 437
36 187 307
893 546 51
545 73 51
361 801 641
707 81 561
715 519 353
351 953 131
811 596 591
41 270 252
529 363 143
171 481 479
393 276 464
137 212 629
867 306 906
843 501 600
512 841 29
