3236
777 170 999
637 295 244
753 445 415
145 357 97
151 859 71
6 981 449
679 293 993
158 793 505
486 745 939
869 141 113
865 65 901
633 585 17
848 967 601
703 561 565
369 689 841
508 473 555
316 270 241
177 659 495
251 205 931
921 621 445
217 297 325
164 786 761
274 847 567
850 121 810
149 692 112
797 370 729
161 457 737
620 569 484
799 628 161
356 629 209
521 476 526
466 98 49
57 503 956
851 605 509
384 343 441
521 451 651
771 345 753
651 579 970
635 801 801
793 281 455
991 397 126
331 24 929
140 331 805
581 301 893
497 161 251
193 742 821
271 1 966
177 485 600
27 181 238
676 27 443
588 731 242
961 965 105
637 761 616
989 42 751
226 909 19
721 682 1
837 71 431
610 893 857
889 190 701
837 434 405
661 702 433
813 781 943
513 601 827
121 716 876
352 785 134
207 965 741
873 311 801
891 556 531
763 39 201
93 781 167
985 903 671
399 525 874
33 817 991
461 889 563
569 557 319
287 481 371
72 781 257
268 371 889
163 153 633
70 298 456
233 219 15
147 621 561
681 941 213
773 757 373
169 541 508
721 493 955
911 363 655
824 513 911
336 41 17
361 801 621
681 573 923
338 461 283
73 17 426
900 294 617
252 847 992
553 591 23
507 419 453
121 449 959
301 761 849
408 672 261
481 126 333
636 461 141
940 200 364
403 187 576
501 626 16
961 31 701
439 228 7
689 426 461
561 186 33
900 505 905
179 639 52
952 111 763
901 17 961
417 971 159
691 601 989
181 41 187
28 501 471
191 664 453
608 845 57
383 52 326
746 238 329
516 45 457
439 833 24
625 205 425
477 285 658
276 234 601
288 529 154
937 709 913
41 309 361
224 328 791
875 44 261
929 161 207
961 577 69
103 377 81
861 617 875
591 505 705
781 915 311
786 376 336
910 575 281
541 713 61
511 401 82
876 809 745
695 736 281
345 181 971
77 1 571
319 33 896
244 869 177
221 631 376
612 330 346
741 926 977
374 198 270
1 465 120
523 387 619
101 801 122
451 361 24
891 962 707
401 937 474
756 561 649
213 998 955
936 369 543
257 153 50
221 807 451
825 525 256
691 197 844
628 977 596
561 653 69
40 332 486
47 541 93
739 132 141
785 61 220
409 273 801
795 871 257
201 477 673
429 759 440
406 785 205
911 81 473
849 173 613
430 937 987
365 366 945
94 589 553
809 36 805
653 913 805
952 881 788
201 601 313
369 411 315
596 829 957
682 335 7
486 403 917
312 426 197
58 741 377
247 591 873
417 6 119
964 153 995
869 489 139
661 273 496
369 399 399
605 295 876
941 283 311
876 391 169
766 575 126
3 481 706
195 685 232
149 93 323
539 349 411
185 763 984
915 919 932
127 757 307
341 686 881
201 866 690
294 97 231
581 853 387
443 493 196
23 797 387
657 67 101
537 868 631
761 803 851
441 111 10
451 672 145
457 319 567
855 419 320
411 818 703
976 1 580
496 293 910
503 137 913
181 995 881
893 489 849
794 843 836
629 161 581
13 637 216
251 968 956
148 307 129
811 297 625
967 525 297
21 345 351
785 621 539
833 511 14
621 427 817
361 794 631
914 489 641
521 801 916
521 537 111
1 473 375
609 811 356
858 391 913
419 605 686
961 593 555
434 839 225
473 601 849
667 911 556
122 831 825
303 44 14
705 183 367
6 370 515
377 281 151
65 841 331
151 361 206
529 251 801
785 61 926
945 254 831
158 305 337
489 675 206
473 50 674
498 81 1
705 658 421
181 801 630
828 705 583
281 652 955
319 116 741
481 457 571
101 574 577
690 931 425
336 217 37
705 857 901
15 116 601
857 361 471
585 399 53
215 716 159
31 466 161
977 969 69
776 761 417
121 602 606
871 506 105
233 41 758
181 71 322
257 889 425
116 412 439
827 311 751
317 481 806
863 809 585
143 907 117
857 732 843
457 281 561
988 402 376
863 947 405
660 221 21
360 586 522
657 603 574
519 511 486
895 770 645
997 513 976
593 773 235
74 297 626
675 841 494
1 666 721
191 775 201
731 385 161
647 826 728
226 865 551
801 603 945
401 994 433
245 339 482
961 805 70
887 664 831
561 546 546
174 529 449
385 121 841
521 861 333
401 406 915
951 657 561
459 101 981
216 249 349
670 702 577
653 589 149
11 833 726
486 985 109
999 146 41
17 25 977
841 818 322
116 700 198
121 689 953
153 701 541
685 91 979
514 717 657
105 901 451
231 619 57
597 41 751
139 391 46
721 990 85
243 643 76
601 435 525
230 377 298
70 701 147
281 201 497
918 41 479
441 425 41
673 458 501
125 377 475
17 185 550
673 583 713
156 692 757
228 101 105
866 151 296
341 281 935
493 431 691
261 431 759
195 229 142
919 521 928
738 679 366
981 6 896
881 231 365
865 291 677
4 368 639
133 946 403
729 977 709
561 908 45
601 495 424
273 329 661
269 601 741
393 541 6
985 921 689
420 969 561
398 489 525
441 839 837
150 716 967
251 196 207
870 39 593
417 407 271
81 581 572
141 44 625
641 379 431
881 529 697
512 817 411
469 967 401
725 555 106
233 469 865
204 413 412
667 305 605
491 516 839
25 929 905
930 168 9
669 63 681
451 857 413
688 201 426
39 459 419
68 921 251
463 511 675
997 441 499
281 825 526
392 991 465
271 471 300
142 944 965
24 793 521
131 691 654
726 370 139
829 561 944
38 526 441
353 157 169
510 393 897
591 93 171
459 556 577
849 103 241
491 375 96
401 445 93
476 163 47
421 385 266
373 173 557
43 407 776
536 285 34
899 146 166
815 865 688
588 5 383
441 695 551
569 773 599
984 901 541
40 973 313
644 625 593
688 654 521
323 395 111
784 553 553
521 114 311
979 513 449
775 725 821
892 490 59
108 611 142
75 366 900
451 425 19
521 761 765
633 293 451
822 381 81
639 703 916
441 937 465
952 438 669
647 561 441
525 833 769
107 301 983
554 701 401
201 277 529
86 321 658
20 825 401
621 455 429
393 601 525
413 851 786
285 321 833
520 803 751
305 506 425
461 113 406
745 691 410
776 959 799
301 453 389
885 841 756
596 926 389
791 463 430
637 863 553
669 977 921
50 148 649
5 75 293
266 159 681
631 993 27
201 384 696
467 347 853
961 969 829
256 371 535
157 149 993
588 725 857
665 599 921
779 166 253
961 361 493
104 301 985
979 9 883
89 115 139
635 621 537
891 275 81
921 965 665
705 537 281
951 80 361
317 105 89
275 969 599
997 179 485
627 467 481
925 423 197
173 206 471
401 529 361
1 438 216
670 1 101
791 429 203
541 601 66
801 279 489
497 375 544
346 251 307
545 719 247
643 9 689
11 921 54
508 768 626
63 821 151
897 901 615
786 451 913
671 265 313
633 961 730
721 753 687
337 461 488
738 149 1
533 525 471
329 707 271
866 601 601
1 185 551
151 597 993
92 633 347
271 201 365
449 281 27
641 8 761
205 663 255
581 876 863
195 691 993
220 54 889
317 247 857
98 152 805
573 641 261
189 601 273
232 694 856
933 993 217
681 307 365
727 273 441
849 265 806
37 322 241
313 800 471
561 780 317
413 17 317
987 785 293
616 633 949
147 361 39
115 693 232
268 742 125
667 853 888
529 369 351
213 501 926
132 697 451
571 801 770
475 56 969
541 378 6
891 661 49
905 957 116
771 869 611
375 613 991
1 186 95
413 167 325
549 561 981
435 35 641
611 517 25
17 269 505
558 531 841
53 197 233
322 201 811
947 42 237
56 225 906
101 567 833
681 18 481
624 457 180
656 783 125
818 233 126
897 362 826
717 201 135
52 653 801
738 873 141
269 901 1
500 688 316
397 611 449
536 545 161
825 379 243
776 125 960
225 487 990
206 593 195
201 385 645
786 983 19
121 57 634
362 775 526
870 225 886
822 681 467
382 149 256
405 227 647
335 5 521
417 57 841
699 929 755
991 861 957
445 841 505
385 505 807
697 72 449
559 154 673
155 765 931
983 442 84
251 41 697
441 161 839
124 682 611
550 774 629
450 701 920
379 7 409
844 541 759
183 971 483
579 332 894
319 1000 833
531 859 576
955 41 351
379 661 209
563 225 245
481 387 57
398 291 949
626 661 171
939 35 683
907 173 721
561 177 903
761 741 20
986 595 476
232 19 442
452 421 639
977 695 715
751 257 53
561 943 471
209 337 966
201 324 757
945 90 299
971 416 81
718 860 696
217 593 870
809 501 431
663 261 435
28 511 244
296 146 949
776 689 330
644 277 441
65 836 241
637 929 548
305 677 24
465 705 866
185 101 150
882 537 883
545 419 745
71 761 401
632 669 646
194 179 401
735 322 951
351 318 613
407 51 853
297 444 861
817 416 189
712 184 356
431 530 415
185 78 942
41 953 176
941 234 181
473 833 176
429 746 389
169 913 325
193 502 877
133 697 825
820 600 492
17 729 976
549 219 917
529 779 892
205 855 30
151 287 501
235 746 776
797 41 977
542 901 953
621 126 801
557 347 813
769 193 521
546 919 817
463 145 346
240 555 139
401 666 409
729 341 943
453 449 659
241 243 233
842 504 393
555 96 117
747 849 137
599 407 815
57 999 545
906 712 313
785 521 778
89 586 641
668 382 535
888 561 376
1 765 130
611 713 964
359 451 326
577 261 561
517 945 512
341 935 177
628 708 13
926 767 512
521 176 836
274 299 245
257 609 931
791 97 713
724 785 51
173 761 721
516 651 969
300 609 397
484 251 151
350 165 833
863 453 475
536 764 417
83 126 962
669 341 771
151 469 79
853 187 821
497 757 335
269 901 121
493 956 737
639 301 397
413 161 984
821 372 884
657 521 503
137 737 287
111 681 825
76 227 509
216 859 833
466 481 602
201 665 403
788 69 961
615 489 605
807 557 786
990 541 213
96 523 401
199 753 825
436 553 721
761 329 501
357 992 831
955 641 113
775 879 584
885 428 813
67 444 144
915 691 994
286 375 351
403 198 131
673 825 602
161 201 147
441 831 583
763 512 456
389 801 508
769 785 361
165 71 961
979 376 473
321 27 121
411 501 617
169 261 343
289 201 769
943 1 902
555 185 299
521 203 87
997 788 233
539 827 486
901 161 206
387 222 97
81 247 443
361 271 501
698 221 838
228 583 216
433 51 201
631 545 204
761 286 705
541 462 137
461 345 113
947 962 938
349 549 18
421 809 661
211 477 651
17 583 208
921 341 351
288 769 59
905 545 751
621 41 591
251 101 151
646 746 690
921 735 819
585 155 241
105 621 529
55 395 84
32 577 312
459 122 885
351 783 522
562 700 739
84 17 766
241 653 12
395 241 86
931 102 36
181 981 809
801 961 716
725 97 254
156 90 221
427 473 905
561 501 353
973 40 791
822 409 806
969 787 865
201 177 580
749 471 189
126 410 721
933 552 701
831 761 561
788 332 173
277 159 809
131 89 81
775 771 897
658 653 424
406 379 901
437 687 293
533 798 415
761 378 441
981 217 637
425 332 821
368 618 617
546 242 51
883 593 455
411 585 321
331 995 601
87 691 167
729 241 826
327 231 463
625 697 36
840 271 25
687 495 361
80 277 918
141 655 485
560 855 131
167 730 957
793 559 720
416 570 153
591 366 573
837 531 863
145 977 957
191 842 4
839 10 393
406 441 253
421 361 933
791 206 325
836 409 657
124 601 275
957 597 835
277 847 884
811 599 945
444 901 508
873 11 609
457 93 315
649 505 25
784 785 585
442 769 799
956 53 488
611 532 249
421 452 99
786 902 952
852 689 433
805 41 755
933 93 625
921 788 61
174 838 1
865 404 699
751 626 225
493 431 801
661 977 987
161 324 977
523 376 841
586 109 337
229 541 751
543 275 43
921 178 529
605 490 276
1 881 901
613 281 570
837 425 839
431 119 712
817 931 805
16 401 829
881 923 652
193 233 351
801 268 981
144 341 206
749 771 621
396 89 289
981 712 193
941 963 641
441 399 155
103 377 951
376 56 551
197 811 601
571 309 161
657 13 75
543 876 223
737 301 452
404 161 481
806 251 378
797 452 177
982 113 318
917 454 429
57 407 643
681 656 497
831 244 391
977 978 338
511 923 959
913 763 171
647 482 555
701 943 561
270 500 833
961 401 401
945 199 349
909 937 625
11 153 858
905 766 241
710 91 901
197 95 879
87 721 665
81 357 584
442 501 721
676 537 751
607 704 413
571 591 677
497 465 405
981 431 218
855 934 649
962 361 969
415 551 117
449 955 149
367 351 905
771 353 313
57 67 685
409 941 873
393 651 261
533 185 981
37 25 249
163 473 851
853 549 41
751 309 131
16 715 129
461 222 311
608 146 765
131 666 701
353 454 793
781 785 219
392 130 440
545 869 64
520 198 991
401 611 905
276 469 133
815 411 580
793 818 259
361 567 121
255 373 865
362 282 645
417 561 25
167 985 621
804 861 890
650 759 967
459 983 921
301 297 729
816 911 561
831 201 661
17 784 951
213 537 409
301 337 519
879 671 857
473 197 401
953 349 406
161 553 905
805 651 393
931 168 103
241 408 196
986 112 445
782 457 220
813 451 140
369 801 785
866 969 401
801 763 133
803 825 937
97 913 385
159 98 568
701 51 799
271 706 563
781 301 176
195 213 909
808 906 522
973 466 935
158 181 621
567 313 129
10 317 313
936 543 426
224 744 964
595 221 81
251 17 497
639 625 115
311 369 769
1 653 121
896 524 977
699 841 167
397 529 865
565 671 251
959 904 999
549 993 405
841 673 713
183 441 589
597 371 351
657 373 919
185 93 262
333 247 515
251 297 262
330 629 780
559 369 176
695 554 901
789 416 998
938 949 925
935 451 129
331 317 745
809 733 531
613 641 319
403 985 305
585 195 353
352 771 974
369 621 793
774 1 177
485 441 99
107 501 961
933 841 81
672 876 545
830 772 383
837 346 85
571 967 469
908 996 446
521 681 969
634 993 273
697 136 526
222 33 225
876 881 38
201 589 199
636 471 529
818 576 591
74 86 719
133 266 401
385 266 377
872 407 443
919 525 69
157 253 756
93 68 801
677 821 778
219 777 653
89 569 830
485 111 381
297 449 189
865 525 481
625 6 547
846 145 53
587 961 691
801 721 351
641 807 201
227 289 67
401 821 687
377 111 432
668 641 656
534 629 285
461 585 505
808 157 145
349 539 121
901 533 381
571 9 901
871 987 336
961 51 761
958 962 26
831 541 113
267 649 815
855 26 281
753 855 253
823 108 413
249 289 681
545 597 913
163 726 225
696 956 555
64 797 623
797 471 990
235 285 185
925 77 1
568 497 865
493 166 817
959 824 425
856 961 491
203 578 161
351 621 808
936 205 311
455 479 609
749 675 301
289 671 273
707 629 391
206 471 833
249 891 669
297 425 88
361 842 961
689 60 929
565 885 851
711 209 983
871 429 131
107 941 425
763 17 573
501 101 667
993 92 957
150 361 444
876 731 321
311 908 293
431 609 87
211 553 526
417 777 953
652 830 990
903 12 241
513 665 949
235 616 143
513 568 169
65 633 191
37 341 929
647 201 410
41 889 211
457 849 297
556 601 871
907 701 702
533 191 526
599 576 47
176 923 114
181 801 923
436 311 923
777 421 913
881 504 529
169 743 407
401 556 496
390 505 689
664 931 539
545 881 586
19 576 401
615 301 411
206 694 990
754 771 728
545 75 261
301 599 800
324 996 94
66 721 639
236 75 740
301 431 733
291 231 17
209 885 537
57 523 100
825 599 305
317 219 305
261 501 961
305 721 659
937 431 331
585 401 361
955 41 356
371 561 921
680 321 209
281 111 503
341 623 304
236 401 241
790 281 466
649 456 577
445 313 57
52 420 886
347 149 769
145 569 177
65 173 624
944 542 972
931 281 221
702 235 521
785 281 161
886 966 491
652 475 888
81 233 159
856 301 639
715 797 346
25 733 741
661 121 924
545 118 685
541 191 610
841 79 980
481 241 869
177 769 607
199 73 638
614 551 997
665 526 387
849 1 553
941 518 795
672 241 657
339 361 976
57 49 569
721 921 141
217 963 722
501 837 830
425 599 361
951 113 277
53 542 887
921 29 77
237 381 475
971 401 156
605 849 753
101 873 563
683 536 973
854 361 336
101 321 811
919 964 901
89 235 8
858 771 597
451 196 907
401 57 904
20 632 351
346 440 829
783 369 652
831 216 43
879 479 739
765 351 501
311 706 556
677 665 473
565 869 361
837 622 778
639 55 499
221 41 561
593 774 982
375 853 999
755 757 375
370 859 763
513 241 271
987 426 305
59 781 901
326 406 126
233 49 1
841 267 397
751 401 173
536 273 2
438 704 809
965 849 911
706 701 19
837 845 701
803 788 606
816 879 721
435 371 125
437 966 243
541 361 201
63 818 447
436 319 592
137 463 913
399 426 574
998 848 109
717 809 448
933 33 491
633 681 765
299 486 601
402 368 987
156 189 23
606 969 679
181 194 513
36 513 800
281 399 776
365 788 959
241 328 433
289 373 648
659 589 965
274 278 201
895 1 526
564 281 506
1 525 161
513 587 827
476 901 981
921 776 342
401 481 41
385 208 425
145 31 949
483 460 161
101 751 457
161 524 641
821 991 825
361 683 541
741 721 785
427 121 751
333 98 413
596 177 856
525 149 509
795 285 376
823 337 985
545 33 979
464 486 57
916 565 961
97 206 66
633 964 702
169 447 773
393 501 761
419 529 818
529 441 69
79 796 893
41 487 598
297 514 960
661 337 737
77 995 301
761 99 167
642 81 879
841 214 126
434 336 301
652 886 326
921 472 625
93 536 611
289 805 181
351 737 513
873 481 669
653 851 885
55 25 909
833 556 221
438 679 832
698 119 602
731 41 613
23 433 236
963 177 103
713 929 565
564 871 61
409 851 535
205 31 473
749 936 713
9 179 91
451 401 565
53 488 826
333 506 564
674 161 81
780 1 633
901 586 1
645 919 121
92 483 265
961 811 991
29 537 459
161 251 61
731 415 656
220 427 353
633 966 335
913 701 807
106 905 959
248 84 141
976 225 623
11 49 547
134 383 951
57 567 183
1 543 601
945 652 960
928 549 721
976 629 817
355 500 447
710 401 541
302 421 209
201 541 973
90 345 306
21 402 357
957 119 673
559 310 761
113 805 738
766 283 56
65 481 821
849 156 457
873 205 604
93 85 8
11 241 173
133 54 246
111 191 477
417 445 391
877 521 696
871 369 863
140 552 344
43 249 247
236 829 36
941 276 65
468 635 652
531 16 345
113 755 535
721 61 139
970 541 709
49 565 137
433 21 973
861 50 126
721 169 673
165 425 531
736 243 65
951 921 159
657 181 619
662 641 45
81 731 163
301 685 521
109 452 231
501 1 816
291 27 161
369 873 553
166 396 301
926 585 715
227 971 65
905 285 49
201 379 333
89 529 641
601 377 501
954 368 153
536 609 549
951 145 170
769 473 874
833 740 407
310 901 890
719 803 457
151 474 863
376 719 645
330 464 983
657 637 197
485 950 561
852 485 420
834 705 72
493 121 411
241 756 780
721 796 657
75 999 603
761 281 337
568 849 299
134 197 49
747 387 125
827 443 902
501 17 56
379 386 237
247 246 676
859 660 945
156 711 525
833 476 882
726 113 975
95 604 285
968 701 599
816 895 601
195 621 181
349 662 873
80 416 93
219 622 881
425 770 399
255 833 446
651 668 691
577 529 96
511 779 549
841 322 689
393 581 37
276 521 499
626 951 799
426 526 25
436 996 849
697 433 441
1 18 121
109 184 201
491 545 192
756 711 125
609 807 561
995 7 792
886 1 63
690 627 475
976 901 672
393 587 587
227 5 439
417 693 706
519 65 441
321 901 980
351 822 97
983 337 631
946 897 251
501 163 282
351 713 49
324 488 863
201 47 841
131 26 631
756 555 151
834 371 820
557 791 851
293 521 409
401 494 321
851 860 101
425 741 888
237 30 893
689 38 57
545 511 921
251 196 181
705 353 687
490 990 431
266 684 269
767 505 981
419 663 401
200 70 436
381 655 669
746 3 908
348 878 479
474 31 61
155 785 271
297 814 30
993 865 405
471 376 466
53 61 465
387 957 431
255 515 485
327 404 721
275 361 477
53 304 177
271 1 335
541 671 26
821 786 1
289 961 706
616 581 745
113 351 109
865 239 589
309 901 637
20 126 951
188 85 744
715 153 491
493 401 445
897 992 685
897 589 979
921 185 56
209 125 762
92 941 581
226 286 977
525 249 317
497 401 766
519 629 845
669 337 28
767 341 39
525 269 563
441 431 553
910 793 293
588 421 974
273 31 243
777 121 707
209 548 718
721 380 940
427 924 676
81 101 133
257 132 481
897 209 526
161 953 939
725 565 127
534 409 689
385 481 688
304 961 95
465 468 825
356 961 283
773 459 271
401 156 116
461 719 809
817 363 803
765 691 931
353 662 661
67 683 559
673 424 105
868 79 51
914 306 176
893 961 833
306 639 665
507 905 289
255 440 581
14 865 765
587 645 55
957 287 753
769 971 513
71 313 57
869 229 277
837 421 221
673 308 301
503 655 426
598 71 392
473 72 620
644 561 329
592 845 745
301 625 291
957 887 881
391 941 509
108 234 413
36 137 167
701 801 967
328 241 877
908 544 615
605 587 586
481 17 902
841 445 913
257 475 105
403 26 61
613 478 831
15 730 561
779 61 201
101 37 68
82 535 455
572 753 701
494 419 91
929 871 449
765 757 781
685 547 531
311 321 801
961 415 694
816 492 281
533 215 757
807 500 548
777 655 773
325 851 993
61 277 476
913 958 97
636 321 233
106 240 255
827 683 25
377 915 691
974 89 281
225 285 491
957 591 301
73 121 356
217 483 426
219 385 446
183 816 889
121 950 953
753 973 941
110 751 241
857 501 732
211 625 953
64 866 875
329 608 351
991 801 218
901 441 689
329 373 155
309 397 497
451 137 377
231 785 323
626 367 711
23 456 621
685 169 667
449 425 233
601 393 185
941 901 524
833 450 601
696 472 630
625 9 589
501 217 57
84 551 321
894 450 231
352 986 631
601 581 234
600 181 961
55 239 411
257 385 728
883 597 679
713 521 525
646 281 646
601 234 961
870 35 713
399 496 897
784 373 691
811 317 751
341 72 701
430 631 455
905 993 796
281 593 949
497 719 555
651 379 865
441 270 604
792 827 137
561 924 401
425 181 271
926 361 798
131 49 743
276 591 297
227 49 22
629 201 33
565 116 209
737 57 36
873 121 65
833 501 765
209 306 489
716 253 499
115 913 753
1 169 659
716 793 574
97 426 897
491 889 740
869 556 268
1 743 927
894 805 1
173 678 732
998 831 496
761 726 507
931 126 733
71 817 967
757 485 207
521 175 29
637 481 744
371 138 769
605 483 789
665 454 785
909 623 25
693 541 239
549 893 1
666 369 1
235 374 861
553 983 182
471 841 164
941 870 884
247 23 466
660 95 481
793 997 321
956 131 615
245 909 610
782 733 78
781 32 171
659 317 789
65 417 853
891 541 481
291 867 297
796 502 69
871 17 268
401 729 359
161 301 741
81 526 701
667 137 773
353 1 70
626 161 441
537 921 977
6 706 105
665 245 506
821 885 453
830 905 561
516 496 194
261 426 115
802 387 321
849 277 941
945 112 665
81 625 401
856 744 381
89 435 697
798 665 229
940 685 593
627 681 343
51 148 369
857 71 529
820 631 157
256 999 396
299 817 275
805 41 242
38 991 441
583 73 477
371 301 611
1 148 265
445 627 316
685 771 207
393 926 530
909 661 573
977 553 686
377 801 313
101 937 768
441 506 313
341 589 891
161 729 176
137 555 653
953 251 913
721 57 241
865 270 601
901 678 306
986 161 349
937 788 821
389 367 79
781 656 926
985 187 528
289 96 605
307 409 859
76 686 201
831 361 86
671 557 251
728 735 534
37 876 477
962 296 1
649 433 721
201 349 361
561 686 124
640 921 797
609 425 333
18 753 251
941 368 529
903 561 49
281 781 908
321 571 446
181 169 989
391 786 965
31 665 376
996 53 481
271 842 100
329 876 891
405 845 670
586 641 363
529 179 781
50 124 953
206 178 779
890 797 101
801 999 953
117 726 53
863 521 351
2 495 471
245 436 333
6 113 646
543 261 909
101 81 839
875 513 617
31 171 805
276 987 239
963 769 819
216 981 969
41 295 549
961 386 696
43 949 645
848 642 609
264 376 684
91 415 143
611 79 590
951 141 929
318 724 407
793 793 288
927 491 293
778 327 821
195 525 761
601 398 713
57 689 997
57 95 692
473 401 45
535 237 283
765 5 789
924 477 825
235 841 301
545 173 181
27 800 677
220 661 428
76 445 566
1 605 559
329 699 561
741 51 11
721 134 949
233 745 491
856 791 609
132 1 866
131 999 989
661 522 421
1 297 157
677 589 361
592 359 863
152 121 653
211 397 451
266 689 85
21 382 393
141 917 261
218 552 135
728 213 49
216 351 751
854 397 841
102 97 429
589 472 637
856 68 759
436 757 345
741 481 301
781 4 201
193 66 471
6 437 726
801 871 185
579 842 761
611 506 876
826 350 981
882 811 587
103 395 8
521 358 263
376 1 883
150 270 537
501 253 146
364 633 401
68 557 356
633 433 495
798 986 123
90 789 601
545 743 191
230 401 957
111 461 446
613 285 21
989 585 169
753 334 546
949 361 89
121 371 664
357 233 879
150 612 57
976 105 483
182 212 657
901 473 607
151 415 77
841 239 329
626 829 121
895 714 751
348 505 179
255 521 81
335 601 346
647 11 811
533 203 257
701 291 198
419 631 205
385 193 617
333 505 121
555 834 51
443 346 722
295 156 855
203 753 501
910 417 771
432 742 613
721 1 129
936 726 841
55 1 702
155 771 21
673 468 809
833 836 461
51 608 40
521 300 441
464 817 156
686 321 456
485 154 511
641 997 897
549 812 521
661 900 89
401 817 377
665 533 461
301 401 469
289 787 471
543 703 517
679 933 33
789 173 865
463 821 567
649 959 443
118 457 676
821 883 149
68 897 201
701 521 861
697 707 441
391 126 987
885 814 421
230 526 86
941 157 501
41 297 659
521 561 987
716 688 115
633 495 721
771 733 716
424 921 491
517 735 794
199 937 9
109 504 722
136 891 945
847 721 826
551 22 866
633 949 17
949 281 43
476 633 472
49 137 746
49 331 643
319 380 305
428 457 297
318 841 610
901 241 676
406 189 720
253 133 559
416 29 545
421 451 926
737 863 985
621 885 764
633 875 705
281 261 761
157 567 785
931 830 365
624 787 91
823 645 742
864 698 112
721 981 357
687 411 741
767 962 205
89 701 572
841 601 777
644 779 577
709 849 269
866 675 375
337 46 251
465 352 843
957 93 601
973 306 557
631 29 817
755 401 493
401 209 191
976 17 281
497 581 973
702 571 25
777 425 156
201 1 465
241 607 557
386 957 879
529 481 365
967 543 408
373 211 727
901 153 801
261 171 476
781 812 616
296 171 289
577 189 114
457 155 629
61 210 471
894 374 421
29 331 628
61 489 321
913 871 587
724 315 764
191 129 41
789 891 997
789 861 779
903 249 513
506 241 863
827 873 154
626 241 409
513 1 862
965 126 292
561 577 442
42 695 143
191 689 486
543 501 158
931 692 437
634 774 254
882 677 775
253 661 135
121 221 700
504 173 85
701 326 265
274 84 775
146 785 855
996 649 161
315 284 691
489 379 148
951 217 832
116 851 661
470 6 647
901 449 183
121 667 645
64 421 3
128 243 829
881 452 943
129 801 345
321 791 787
910 91 925
626 627 329
804 165 501
561 931 379
387 546 345
726 691 193
261 969 400
176 201 221
791 566 135
164 296 246
721 161 233
586 30 533
117 826 837
123 36 220
38 297 693
1 73 87
26 635 940
3 543 721
1 530 303
329 801 661
641 978 444
774 386 489
981 210 531
919 787 641
957 47 205
897 281 271
857 515 695
73 477 486
324 649 101
217 907 961
672 861 751
1 46 825
825 521 761
401 901 809
217 851 277
27 185 181
669 755 233
651 521 889
486 796 267
953 781 709
628 861 301
745 787 131
75 601 850
261 75 950
201 875 453
523 517 61
389 701 313
361 331 674
233 485 333
315 901 641
96 426 971
229 197 145
616 617 192
813 736 351
843 831 789
648 833 493
253 187 940
945 495 448
471 201 41
107 547 137
141 929 285
200 291 481
467 597 59
942 16 241
993 977 807
581 397 152
817 183 233
279 356 689
509 626 769
441 241 701
201 135 735
251 986 991
613 88 684
76 325 168
761 575 239
235 360 283
529 349 635
649 819 8
223 342 805
535 617 537
76 111 404
951 641 929
101 645 356
603 85 461
541 713 29
11 737 664
241 225 927
363 675 875
865 193 632
827 276 693
501 270 662
385 315 180
421 559 451
859 229 774
135 921 440
374 121 901
963 117 160
823 640 257
163 410 281
1 191 952
671 823 149
233 973 465
693 569 760
333 809 463
547 121 167
616 865 258
573 381 860
321 410 936
901 901 161
941 19 200
641 601 865
251 929 141
941 137 216
287 433 121
533 448 237
646 96 391
925 321 209
482 291 630
203 481 749
611 196 864
623 146 443
721 969 697
471 645 971
19 787 698
241 486 355
961 316 357
653 721 386
179 482 245
669 32 7
43 261 946
509 673 486
261 31 77
386 272 489
433 360 737
25 196 294
651 51 793
757 884 841
874 899 885
881 973 742
871 81 213
346 118 235
765 738 387
825 849 63
665 119 431
709 859 197
344 657 889
317 278 983
441 713 206
788 798 561
759 607 129
521 157 329
121 761 337
943 49 657
33 369 1
474 57 931
851 224 193
733 811 261
945 523 129
876 881 161
652 363 520
651 221 666
888 877 593
18 309 49
435 914 662
851 921 644
789 746 722
501 521 251
911 691 881
524 523 322
771 873 161
566 971 153
505 701 481
581 145 671
41 360 730
41 683 87
946 339 621
23 41 445
107 850 73
65 1 571
41 985 320
549 846 365
821 113 481
941 231 689
909 657 649
416 313 263
604 996 551
741 401 433
163 545 153
529 537 513
988 847 933
316 681 721
18 669 91
129 721 263
555 121 441
500 979 851
573 421 697
756 129 819
181 893 201
957 601 869
682 883 275
127 990 952
851 393 193
344 723 478
417 57 309
932 341 729
897 731 377
401 421 285
281 801 767
859 793 537
885 931 265
79 251 196
864 545 61
745 427 281
326 49 821
329 76 361
44 281 359
17 913 818
341 879 361
397 381 362
825 314 934
17 336 933
821 751 624
151 653 987
313 54 876
729 97 145
147 151 681
254 416 513
137 231 881
726 236 774
179 183 333
296 381 901
28 388 771
547 117 361
441 17 14
481 834 471
961 846 801
501 505 499
98 407 741
961 361 229
730 55 324
176 343 990
377 323 9
215 873 793
221 380 261
889 696 347
647 505 449
237 805 133
95 613 974
48 693 865
630 761 221
707 973 569
57 626 164
705 388 351
201 556 384
466 803 780
17 519 131
373 977 156
127 387 379
425 770 895
661 308 601
641 1 201
681 321 9
910 11 33
47 199 291
345 617 941
45 389 910
84 630 341
461 414 101
477 551 424
985 673 301
537 384 723
801 451 251
351 526 939
573 886 691
932 66 699
99 576 159
178 290 537
993 89 937
529 34 849
825 673 862
413 621 643
9 427 273
54 476 806
801 501 529
861 471 409
615 761 121
571 401 409
481 181 831
679 240 317
296 813 785
631 723 361
681 307 305
542 901 457
353 347 943
316 565 572
445 601 701
884 760 117
411 41 451
431 253 455
279 39 646
401 761 905
191 998 209
441 65 96
601 31 448
561 297 775
457 697 70
463 706 817
851 447 306
495 517 745
345 505 118
218 395 256
137 825 641
650 911 719
369 677 81
73 929 782
657 317 53
41 802 772
760 455 407
343 926 901
961 793 545
41 964 227
271 153 205
663 731 801
376 406 121
369 981 733
924 661 453
913 73 361
777 95 717
751 765 351
394 281 828
786 373 925
865 689 475
921 408 873
795 777 81
26 654 112
659 663 876
751 561 65
966 651 109
225 221 988
301 147 249
111 241 273
961 775 301
699 809 493
135 374 915
147 317 603
549 799 26
517 940 381
679 176 17
57 429 501
149 279 51
821 881 949
910 297 725
579 397 321
141 501 411
89 461 836
911 12 903
778 229 641
641 973 617
817 516 103
550 948 331
943 231 823
919 417 21
661 692 922
696 433 900
441 904 905
713 273 751
107 369 311
99 457 300
93 1 145
835 167 485
957 596 347
719 543 841
265 41 25
881 477 171
244 331 554
286 355 921
769 325 711
795 775 994
941 969 628
302 751 637
593 951 521
889 28 411
493 250 895
859 181 729
970 649 436
937 678 871
225 800 509
454 26 411
687 421 449
624 525 593
697 417 41
601 401 571
91 866 351
9 97 257
551 373 948
151 416 475
50 76 749
926 501 546
881 395 457
416 621 542
95 913 369
611 151 737
745 214 51
534 197 387
549 453 29
795 703 348
881 488 281
959 656 305
141 543 845
273 4 546
690 503 441
203 551 986
46 6 713
11 541 825
107 521 533
937 56 798
306 690 407
376 11 721
976 511 300
5 511 141
387 531 392
136 952 153
429 763 426
177 969 561
453 365 501
236 381 89
9 466 793
865 101 411
871 614 819
660 337 409
939 853 71
381 7 828
701 332 697
589 445 185
211 101 221
529 694 639
369 551 874
81 817 89
237 662 185
711 437 780
81 320 761
609 609 515
755 541 875
776 796 181
495 875 403
500 643 346
209 145 223
201 153 73
160 843 741
521 81 751
86 139 991
993 456 717
885 960 811
981 961 721
1 374 650
401 43 317
509 268 51
680 251 433
97 272 885
881 590 189
424 236 302
106 403 845
141 788 208
953 523 865
565 864 270
76 351 531
201 915 275
7 515 601
785 483 811
585 689 42
41 25 639
410 943 81
926 597 368
11 609 699
613 431 516
779 329 697
1 985 249
83 725 218
290 577 841
987 597 961
287 847 911
253 481 614
851 449 122
573 621 586
941 327 102
662 17 819
647 245 515
963 553 71
39 54 411
311 841 57
180 1 96
651 841 441
657 275 769
137 923 511
974 37 453
553 960 231
713 401 279
209 486 272
477 49 219
745 751 866
531 23 161
869 836 93
313 761 769
993 257 433
89 876 463
761 381 829
69 665 401
45 908 47
967 946 638
121 725 29
415 865 438
681 624 579
375 462 724
400 818 119
673 977 361
733 429 837
812 970 913
117 765 577
681 656 121
359 624 337
235 292 390
111 853 813
129 552 879
826 841 431
761 412 610
177 680 57
64 349 801
243 741 49
255 758 341
589 181 453
531 346 351
837 507 937
640 317 576
729 205 294
201 201 665
857 591 301
993 136 337
833 881 513
350 901 81
289 380 956
101 645 6
13 391 73
231 657 727
291 262 362
686 305 801
191 543 425
41 501 951
146 945 304
961 546 633
251 521 897
395 906 945
487 658 13
467 351 761
185 501 747
133 843 293
770 791 815
501 755 226
877 217 609
177 614 239
491 19 285
610 536 321
151 920 220
809 26 735
777 866 992
987 605 916
762 9 841
266 258 676
613 488 951
573 89 663
218 641 447
739 249 937
177 721 520
506 336 721
288 731 881
185 493 281
437 771 176
233 322 317
206 65 427
433 289 251
837 261 201
738 882 949
818 332 685
28 827 947
133 57 883
641 34 282
999 786 301
691 721 253
796 373 713
211 621 63
999 936 261
681 849 313
823 901 195
753 929 773
241 376 944
494 381 293
221 56 881
425 985 319
29 727 665
967 978 701
353 584 365
915 50 78
122 670 700
677 245 756
923 707 605
628 473 492
911 161 400
318 121 341
971 627 43
591 122 915
401 758 97
477 786 305
453 13 57
901 741 517
735 865 235
689 427 413
733 770 423
123 561 458
986 817 713
239 111 919
417 461 801
988 839 161
220 600 461
373 325 897
524 984 398
646 57 511
901 336 101
614 376 913
885 198 415
806 701 339
193 125 21
576 675 443
777 745 972
221 375 246
380 445 437
203 121 857
870 953 621
217 928 562
785 27 417
601 651 684
747 42 406
768 299 1
401 814 207
857 337 126
113 604 446
131 189 561
77 95 245
546 990 96
779 641 61
201 479 962
137 51 319
503 971 563
703 756 439
457 133 913
733 289 825
475 434 77
337 803 491
518 221 432
565 821 57
606 446 807
265 61 345
46 33 335
637 129 161
785 60 691
496 114 531
701 137 711
957 691 549
738 26 111
814 246 691
392 1 691
597 511 509
679 225 234
931 113 977
81 39 337
241 876 849
487 75 945
651 611 41
201 161 276
742 53 887
418 61 301
413 3 201
789 305 212
81 921 944
326 51 329
860 945 185
400 25 461
97 135 835
861 306 329
465 483 155
591 356 902
21 11 915
387 833 639
741 574 366
801 441 201
489 509 677
561 469 175
841 971 401
372 699 31
231 797 689
433 743 203
100 223 201
817 630 402
988 575 611
586 869 533
761 71 751
867 345 897
669 281 660
585 541 985
885 738 809
827 337 251
182 504 501
791 743 197
673 431 727
531 937 355
886 181 183
199 306 117
302 966 825
137 766 788
469 269 737
701 501 579
114 349 779
16 111 60
629 38 481
531 187 291
361 769 551
405 208 143
913 442 988
825 687 535
857 959 757
957 693 97
326 423 153
837 287 153
927 345 505
23 401 641
425 635 481
77 316 147
225 509 601
168 487 953
273 541 583
43 996 167
337 657 411
956 237 182
887 927 281
629 889 401
831 926 459
779 515 113
221 433 113
65 465 365
611 661 613
296 521 723
594 689 96
819 945 625
394 520 125
133 121 865
1 841 526
865 289 237
859 771 941
461 601 226
873 810 9
546 969 831
251 362 702
788 277 805
15 241 149
183 731 807
65 201 886
423 399 119
721 5 365
416 651 441
744 361 837
334 645 451
673 650 126
269 978 213
401 726 274
315 8 225
407 593 125
812 621 898
628 701 831
685 851 351
237 220 671
512 1 193
641 293 721
788 721 625
803 225 417
379 565 26
476 839 341
961 345 541
996 1 521
465 146 331
871 546 858
741 553 217
756 667 635
665 707 395
405 288 6
612 839 621
201 46 816
190 321 461
546 161 33
781 891 305
283 101 401
351 265 257
121 529 619
975 965 865
983 1 696
233 177 575
371 278 551
97 865 169
777 951 235
311 821 743
1 855 85
507 91 721
201 923 976
893 663 617
153 385 716
875 355 784
205 662 326
261 14 306
919 743 611
201 896 379
415 262 351
135 738 325
101 341 881
652 659 731
988 505 374
393 617 493
414 646 967
439 266 784
717 981 483
437 961 45
801 665 175
831 193 697
872 639 629
501 981 119
801 227 751
44 725 846
417 925 369
361 481 671
999 76 841
235 537 541
1 543 379
661 154 877
213 431 697
939 608 305
684 431 431
661 766 96
153 633 81
662 850 633
901 169 407
225 141 706
819 51 121
611 151 101
241 201 746
587 677 725
701 676 246
981 640 141
90 301 941
247 971 665
308 637 441
21 601 825
306 961 433
853 601 835
774 941 425
819 906 371
961 674 654
175 663 740
605 31 534
965 741 902
921 462 576
928 297 784
812 945 835
679 641 777
402 801 885
836 37 742
617 649 323
111 781 257
529 217 753
26 73 525
669 775 922
884 409 207
889 921 121
786 233 96
441 280 353
881 351 853
911 735 591
341 340 161
321 553 566
495 603 247
831 351 176
541 540 153
895 747 1
541 813 601
401 756 34
177 256 145
787 606 139
324 101 956
881 101 211
681 456 386
56 705 876
225 809 497
662 759 233
319 36 201
251 151 265
321 519 81
217 946 89
349 135 233
33 785 319
29 81 405
657 213 765
257 295 321
726 965 237
449 11 321
469 121 119
65 775 486
947 769 421
873 572 715
689 321 169
193 126 43
437 121 471
444 121 699
915 701 536
869 519 818
385 545 823
767 842 969
493 365 701
114 571 637
734 381 587
1 785 799
631 716 201
617 769 563
973 476 981
561 717 196
369 376 451
305 393 568
824 111 371
727 51 768
537 259 648
996 991 929
883 880 241
121 625 303
349 249 720
795 661 185
983 377 585
641 901 334
160 151 217
481 711 55
148 736 977
240 636 791
260 201 145
621 677 546
833 551 720
655 83 394
452 40 517
284 313 417
210 69 888
601 983 637
913 25 776
991 98 706
335 197 521
103 624 865
676 675 115
841 917 945
577 303 213
153 4 818
476 93 445
365 657 216
656 481 445
241 876 211
193 238 293
880 496 761
586 767 433
337 70 601
509 421 341
419 713 251
151 905 469
213 401 735
506 66 658
633 51 183
407 831 156
653 49 35
642 101 324
452 331 981
643 974 121
313 664 45
651 196 505
513 621 789
233 183 251
311 245 267
417 395 854
55 601 133
227 777 737
731 557 471
711 57 824
152 51 605
551 980 265
1 407 821
641 73 985
157 369 101
756 516 241
29 469 70
833 270 786
501 904 919
171 725 879
135 179 588
683 553 521
32 960 889
701 123 161
216 236 60
261 950 109
824 545 209
891 624 995
297 953 392
1 635 311
901 977 256
429 353 976
661 331 861
899 951 850
762 324 409
909 336 829
9 71 229
641 556 21
57 977 451
975 21 409
289 773 216
947 809 828
297 401 604
328 177 741
195 441 147
501 857 281
1 605 355
146 436 567
326 793 201
286 438 953
273 655 175
877 511 125
106 617 408
481 303 521
601 761 698
897 155 22
216 993 761
583 499 841
363 377 27
561 521 597
769 337 85
247 689 243
823 866 846
783 697 99
338 483 996
222 313 41
693 881 451
351 365 649
729 253 559
881 601 977
734 241 676
106 353 761
674 600 145
513 201 725
809 61 525
871 742 771
155 797 201
331 405 619
326 103 153
357 92 282
537 37 121
181 764 193
345 633 851
957 997 811
381 492 318
356 905 376
471 647 431
410 923 192
467 650 153
127 143 897
209 529 41
729 84 458
941 667 986
214 165 359
4 842 973
771 387 631
905 689 875
369 427 23
649 891 378
1 91 865
971 801 133
116 655 969
847 211 13
31 432 949
419 946 341
376 90 965
752 558 413
631 157 89
814 961 446
713 601 834
249 267 1
689 790 476
392 667 309
221 666 4
862 113 102
71 466 591
116 561 889
555 151 137
521 629 946
841 415 343
221 921 733
741 108 654
82 821 857
401 561 823
433 602 730
653 731 145
721 818 41
76 901 807
191 400 982
801 126 422
464 296 401
963 65 399
161 31 321
287 49 128
267 422 641
791 958 921
181 512 169
35 322 187
825 276 215
496 901 851
145 786 326
137 961 933
834 466 974
993 315 417
237 356 139
279 533 357
651 69 949
233 111 431
566 317 769
897 973 271
393 91 297
758 859 457
779 407 1
496 716 598
79 408 373
673 904 361
845 927 881
781 891 641
165 632 401
299 571 581
767 929 773
506 841 281
433 116 492
131 821 824
194 153 985
74 81 893
186 463 21
329 892 221
353 993 673
369 493 901
902 609 359
744 714 121
385 649 941
883 561 361
362 961 401
401 914 433
309 166 705
850 475 753
699 473 699
529 256 433
969 17 51
161 401 945
126 843 451
569 191 18
67 993 648
671 531 35
131 936 279
75 765 873
397 848 981
33 394 191
185 958 850
113 813 9
17 531 961
469 976 122
385 526 979
841 315 277
487 856 269
676 1 149
738 821 45
486 225 431
673 435 458
769 128 931
251 385 211
738 665 892
79 364 533
