3450
574 1000 602
773 681 489
471 536 757
417 171 864
888 649 910
104 137 47
161 981 749
283 987 593
46 251 809
151 603 519
376 59 590
506 912 365
877 505 265
496 886 155
81 586 108
259 439 607
751 995 513
9 121 819
537 251 431
711 896 765
961 239 213
369 696 561
763 632 607
393 725 473
977 321 84
723 769 601
721 681 685
739 727 895
259 543 352
145 705 427
580 981 961
498 961 761
337 683 677
165 99 665
983 494 192
413 1 171
542 670 189
902 41 141
921 721 527
861 601 501
416 641 738
528 25 695
421 89 637
135 521 681
320 432 7
508 55 181
391 641 396
661 767 926
673 866 751
857 727 793
351 581 569
259 425 491
808 129 901
825 818 671
147 832 308
869 549 401
887 187 144
993 411 681
21 777 601
399 811 954
186 218 375
287 497 716
105 651 5
213 313 61
81 806 961
55 954 151
291 161 361
716 471 156
409 781 847
300 947 257
393 145 651
465 321 470
200 886 884
377 623 491
477 815 913
99 104 832
17 796 487
165 814 811
253 953 255
856 689 443
575 405 53
363 561 749
921 950 440
183 297 292
227 327 398
961 686 778
965 767 535
375 963 997
929 466 121
911 432 882
865 237 481
342 451 281
993 545 823
76 709 821
519 389 553
991 209 761
646 593 258
945 909 385
391 540 161
729 206 627
919 603 811
896 41 689
721 603 118
878 71 669
953 385 900
545 836 993
601 854 476
903 931 999
936 643 549
401 353 57
731 146 899
795 351 559
396 133 401
317 982 741
641 631 961
17 505 629
811 575 826
97 441 368
910 701 310
401 13 486
461 805 689
170 535 417
399 624 160
419 232 871
549 5 156
565 477 853
67 528 981
5 785 701
185 145 445
694 11 193
395 409 914
61 339 276
580 612 203
636 863 42
308 137 904
40 815 471
843 722 191
176 881 321
7 369 426
177 847 726
266 821 679
793 322 721
749 541 361
795 408 775
393 793 88
317 391 185
215 500 50
447 157 93
402 307 506
381 41 192
79 739 387
989 651 1
987 701 137
357 817 861
633 926 1
905 511 785
201 743 418
415 913 57
789 890 281
289 1 311
309 709 421
65 707 766
817 129 296
885 15 601
493 945 689
673 425 561
716 889 12
872 346 961
566 508 7
971 153 785
5 985 126
353 785 609
141 603 167
305 303 901
843 117 912
629 921 26
481 886 727
61 441 127
357 73 937
572 605 753
453 191 833
341 317 937
281 649 233
12 645 544
23 839 804
656 937 221
321 186 504
382 888 581
232 91 903
818 486 865
131 286 957
3 63 488
103 1 141
341 382 675
229 505 784
711 517 233
667 911 200
548 193 323
851 723 557
189 796 161
363 378 729
561 406 545
113 820 477
733 628 558
280 437 83
6 674 931
985 436 529
678 330 897
50 328 899
185 100 877
801 607 538
337 977 651
942 803 917
354 963 148
318 843 321
281 255 245
385 513 431
351 619 137
247 785 151
385 509 333
549 698 713
173 67 849
893 993 707
369 322 388
607 969 65
925 431 38
473 305 613
615 226 917
983 885 594
549 954 157
696 987 308
929 777 305
231 646 719
186 881 465
932 321 993
273 1 985
541 643 603
701 101 626
4 862 601
31 303 977
465 629 553
905 61 279
685 299 281
667 207 681
869 705 97
156 617 889
154 83 165
665 771 45
127 770 581
181 11 60
126 577 421
49 719 46
419 655 477
587 849 6
601 167 88
92 581 476
43 99 453
123 825 137
691 85 857
196 251 16
935 850 141
785 725 793
514 145 867
16 717 976
101 774 381
310 871 191
598 951 701
365 297 868
633 173 691
716 726 181
89 930 635
801 505 669
683 687 703
145 881 375
809 561 179
749 558 465
551 654 813
469 385 234
601 277 267
801 133 670
875 185 693
475 411 201
193 74 615
860 616 376
81 934 737
17 356 931
77 401 73
481 417 19
625 411 633
32 217 111
89 430 416
550 258 717
560 477 219
417 793 681
615 117 145
793 256 35
369 41 773
707 1 441
341 809 1
558 17 739
975 425 635
561 469 145
481 765 871
421 371 217
761 981 541
553 747 877
757 650 314
256 435 851
161 121 491
146 521 881
573 129 19
525 355 945
827 207 96
105 241 449
97 455 581
797 441 96
513 187 501
688 676 936
413 207 705
5 157 225
623 417 653
44 338 542
331 498 97
153 481 775
961 859 636
236 111 468
961 80 834
41 306 889
237 846 7
691 833 305
848 237 329
929 917 241
281 527 45
153 606 79
764 329 881
921 292 402
281 951 178
422 706 303
146 724 987
569 281 793
81 563 551
955 621 177
741 381 537
807 687 393
129 293 287
307 995 881
334 321 638
972 785 561
60 109 415
1 741 81
316 895 521
551 852 830
1 837 241
737 1000 601
841 689 677
503 134 821
630 551 109
401 697 961
571 225 885
597 757 711
513 317 633
500 235 3
795 453 163
480 25 107
773 906 413
630 879 916
881 898 981
352 329 1
313 476 65
696 253 436
480 666 489
689 273 150
7 265 683
611 537 695
855 985 739
706 375 851
437 449 191
882 476 350
745 685 65
781 430 921
201 558 801
1 221 25
621 649 769
885 817 499
631 861 217
979 685 981
71 517 546
782 55 476
349 151 801
453 591 952
513 881 349
87 131 5
763 239 953
553 697 233
929 241 701
479 351 213
165 176 53
85 827 784
665 169 493
782 961 27
185 560 357
849 809 138
883 129 633
249 576 573
816 161 601
340 377 925
352 751 23
571 963 2
617 39 13
581 889 529
849 851 961
715 881 359
947 562 673
689 275 649
721 449 285
49 399 289
1 313 1
722 298 888
999 851 712
476 334 879
785 977 623
96 248 673
797 921 665
91 401 193
997 800 550
627 356 669
582 430 584
568 401 674
421 740 643
941 201 57
598 33 733
265 957 209
293 931 959
807 457 585
99 965 609
732 929 44
896 81 141
935 231 282
389 845 571
746 431 151
821 332 831
572 630 441
593 351 873
877 651 559
393 313 11
231 781 201
425 501 454
701 163 677
886 401 451
444 713 353
269 838 476
935 193 905
661 257 69
89 837 477
823 493 101
401 449 597
579 10 37
671 547 321
746 577 497
949 941 541
181 257 997
281 179 251
356 376 945
185 697 407
603 481 201
179 517 744
364 170 57
175 777 111
991 955 411
36 193 227
341 571 641
923 283 414
24 49 261
755 327 235
765 561 921
941 361 251
699 571 299
667 49 357
133 994 623
521 321 251
741 209 549
552 209 751
391 871 825
377 811 715
421 573 460
958 884 987
241 301 965
583 355 879
969 630 623
41 801 727
514 757 221
766 201 1
961 537 347
986 951 665
472 870 185
905 681 473
276 131 973
703 627 133
314 401 608
211 742 224
37 641 801
821 581 617
131 608 607
861 961 765
631 401 493
233 351 259
833 383 221
151 929 161
375 689 162
56 636 222
495 563 890
399 747 329
660 458 892
461 781 881
71 378 477
217 81 56
743 287 701
674 391 949
643 902 251
377 345 633
430 511 222
657 489 49
585 69 591
719 346 906
415 365 429
229 207 601
977 770 437
24 131 861
726 343 33
134 206 865
611 409 265
875 563 839
777 351 353
293 422 839
347 625 89
881 181 686
294 838 979
163 429 380
148 529 971
429 785 941
366 485 452
570 121 515
250 735 785
1 927 155
685 876 641
551 365 785
691 31 656
101 274 735
117 447 66
713 271 835
571 363 905
393 801 301
991 145 907
11 80 841
383 989 981
249 997 558
391 859 999
278 603 88
85 81 603
1 781 407
138 605 707
170 376 777
341 283 571
968 314 741
991 649 963
347 165 79
956 721 481
329 1 145
61 13 637
921 856 182
18 141 283
538 1 185
713 979 656
753 545 180
666 45 267
677 736 865
789 328 567
793 889 213
859 714 97
935 161 471
353 434 5
477 769 610
236 214 401
945 291 560
337 41 215
359 186 353
63 381 505
415 663 345
271 590 963
799 977 853
12 625 986
143 31 921
973 260 971
807 37 881
149 345 189
611 996 184
605 977 577
433 141 813
329 77 529
361 451 786
161 802 41
319 811 271
455 276 731
501 249 790
641 420 377
911 471 221
966 403 541
641 726 83
829 755 951
877 276 721
955 307 169
1 283 111
201 473 491
51 445 65
839 551 965
480 269 101
238 937 381
585 393 801
699 1000 721
289 376 935
41 97 493
862 245 897
963 146 151
761 123 131
71 158 489
762 845 529
201 449 207
761 381 381
585 641 13
560 650 459
920 926 793
32 665 453
109 303 221
442 97 215
241 174 793
905 863 825
696 945 944
394 26 501
463 516 497
191 923 266
706 180 41
25 675 353
171 62 498
309 954 636
775 33 961
318 245 631
6 346 281
691 617 185
659 131 671
796 41 777
801 889 97
741 126 341
31 278 251
395 967 929
841 941 844
765 921 169
677 66 286
891 768 709
345 601 34
467 171 631
595 979 145
890 248 241
461 529 217
455 299 794
765 804 151
493 201 669
736 776 413
155 632 91
851 913 307
771 511 465
48 386 41
179 156 211
766 951 682
611 826 861
381 881 976
349 321 261
970 869 56
691 862 424
477 665 325
426 346 701
238 692 977
773 595 851
321 332 629
319 506 521
821 717 559
266 206 511
61 177 761
313 366 251
963 867 765
625 815 899
451 231 243
876 473 57
379 1 544
758 709 171
796 540 950
43 737 241
13 41 405
856 9 132
771 615 385
709 754 501
156 942 409
900 453 217
732 141 620
699 761 277
929 306 73
107 749 290
461 741 381
321 184 841
367 160 281
173 552 313
285 573 729
461 232 901
76 951 96
485 517 471
757 613 997
397 955 793
975 487 151
865 891 341
455 316 69
521 365 464
616 691 365
786 387 101
601 929 929
802 458 29
500 885 71
673 786 406
563 861 217
771 95 14
319 201 729
161 761 662
867 984 10
91 501 885
759 804 375
396 514 985
793 511 129
609 743 426
913 131 637
646 753 228
221 461 401
613 471 801
16 751 77
139 209 727
281 153 453
639 204 526
341 603 441
994 226 257
849 501 500
265 57 712
313 638 899
311 672 253
133 902 532
789 371 694
47 841 411
969 834 42
317 71 833
961 944 761
203 231 921
887 61 233
836 765 756
989 711 917
111 999 1
789 986 213
753 617 545
527 125 821
450 376 265
403 953 255
829 386 145
325 966 707
601 769 471
321 556 637
251 202 265
992 53 213
993 501 35
211 87 881
605 813 444
501 511 881
581 995 493
446 371 577
393 91 885
655 515 353
101 929 295
311 451 729
161 226 479
905 71 690
384 469 951
768 651 103
631 801 28
368 631 862
65 701 552
417 249 992
481 853 945
705 197 701
587 237 489
579 964 591
355 24 201
921 927 809
861 131 625
251 917 821
699 160 77
363 634 369
169 965 878
681 601 361
461 795 489
206 721 481
785 928 275
417 259 130
899 50 318
487 188 391
227 689 361
181 183 3
141 789 266
81 381 979
398 16 555
582 473 217
817 57 449
765 999 37
909 721 656
856 873 650
151 65 293
112 493 473
952 41 771
353 405 429
669 177 539
977 359 823
797 921 219
497 171 139
200 537 138
625 468 33
439 201 481
205 85 53
179 597 673
831 937 580
697 395 256
85 861 871
251 287 969
634 393 351
67 889 649
551 826 455
810 953 627
68 681 821
151 513 449
101 923 691
657 225 313
571 211 250
681 176 9
471 489 866
357 481 77
621 681 705
901 289 208
985 865 127
346 275 441
881 785 329
345 631 977
1 471 568
661 746 131
939 159 633
165 580 977
553 969 371
745 195 81
329 385 924
429 651 509
745 753 329
961 225 453
29 129 945
627 658 925
221 181 931
237 541 939
773 352 361
445 24 125
633 311 481
876 199 433
165 151 976
85 771 181
839 891 24
123 22 575
945 251 697
633 851 941
205 337 736
965 466 709
361 651 106
28 281 737
241 541 526
796 915 911
91 167 1
701 951 729
925 61 607
16 941 449
351 875 609
129 551 213
2 871 401
362 657 433
479 813 25
881 187 161
291 901 981
999 281 545
553 73 996
943 871 246
501 604 981
151 233 167
566 410 761
593 6 947
665 883 781
363 547 821
689 249 856
861 751 777
729 289 603
125 433 365
99 321 303
840 779 897
265 811 313
730 313 117
313 586 291
989 321 836
145 425 636
328 697 911
249 233 51
698 697 268
675 115 942
15 691 785
741 947 791
497 321 817
757 203 991
278 325 637
263 471 111
755 983 367
913 77 849
561 365 813
991 501 547
812 335 745
877 555 614
11 561 451
365 529 187
255 650 533
714 777 595
1 971 781
201 405 421
865 263 553
577 697 214
653 927 853
2 671 91
466 815 51
465 286 45
971 361 295
492 801 221
382 982 18
895 327 191
261 263 646
676 877 352
277 654 342
145 12 101
383 218 731
8 27 595
381 952 183
796 211 201
841 785 813
671 697 505
982 761 97
665 223 543
903 697 871
156 665 89
421 591 585
777 377 283
797 909 923
141 267 321
589 749 453
953 639 321
636 5 881
407 953 605
313 823 751
742 894 139
401 417 368
152 737 711
806 641 801
583 881 688
791 976 165
532 423 101
498 229 1
809 781 963
776 377 336
330 747 621
454 877 441
533 601 745
787 11 613
121 147 825
505 251 477
361 371 81
751 607 409
26 273 805
400 473 597
385 997 541
412 701 651
818 751 201
428 421 985
801 961 958
771 291 531
316 748 487
271 121 537
631 459 291
557 610 618
394 201 433
361 441 947
821 851 865
91 401 653
392 471 183
329 451 579
791 4 639
663 358 867
783 68 853
105 669 841
351 441 407
423 46 221
825 417 156
89 491 496
252 940 441
441 1 397
689 157 939
477 883 501
481 48 305
956 232 616
105 722 32
697 571 882
254 135 841
686 89 132
846 451 105
187 273 505
527 292 753
791 33 819
29 781 129
811 561 462
849 197 622
66 181 577
505 863 451
551 391 768
893 831 6
876 79 601
957 377 777
257 177 1
281 607 499
262 178 601
449 961 587
605 534 401
939 351 187
309 724 841
476 809 769
485 184 303
817 917 745
491 801 646
945 205 373
709 646 537
563 678 371
111 861 831
329 251 561
541 989 984
425 871 269
337 585 961
351 676 948
944 497 433
806 263 73
71 29 729
481 81 579
177 687 977
151 587 876
894 35 84
56 241 236
361 251 729
577 223 633
861 753 220
724 591 773
566 981 863
169 541 508
781 153 751
110 221 899
259 863 179
581 365 277
51 963 625
37 211 111
417 450 901
679 319 529
726 859 841
503 453 589
29 607 423
193 850 131
897 926 548
145 535 661
932 451 452
619 626 597
556 751 641
201 561 50
386 825 756
893 736 486
139 196 515
465 991 647
530 193 281
1 448 155
383 301 699
367 193 621
467 305 833
237 37 343
995 493 732
477 961 180
357 597 815
221 673 677
750 161 676
922 619 927
265 481 482
989 372 985
457 437 878
349 726 108
801 918 326
228 9 299
930 175 707
515 91 737
331 113 86
681 10 351
41 642 841
855 773 677
863 331 691
369 851 977
803 153 681
166 205 662
489 921 56
91 123 25
511 159 279
995 592 787
957 746 520
249 126 518
397 941 984
581 315 715
486 357 751
201 65 964
676 571 81
146 650 161
57 794 309
156 433 822
11 826 270
835 697 419
449 632 201
89 425 249
161 961 409
995 339 631
259 627 338
311 879 791
585 161 279
82 981 677
217 801 144
906 385 559
277 689 415
303 163 525
485 865 284
849 682 776
835 256 343
949 631 241
568 6 519
302 220 713
731 249 697
641 935 661
790 261 426
885 691 851
301 579 483
631 283 47
241 705 610
640 74 26
453 321 567
406 111 22
92 372 959
868 959 603
922 101 394
417 444 697
105 179 751
795 281 709
785 463 727
993 401 369
628 665 575
761 266 601
841 52 442
187 283 516
935 720 612
693 34 172
945 209 241
24 449 135
747 181 517
46 497 833
894 986 993
357 313 41
567 361 941
685 601 364
249 850 243
175 583 641
931 933 713
769 965 401
457 926 714
201 618 934
833 357 533
436 587 550
465 310 141
161 891 923
981 756 751
489 254 626
971 929 627
761 285 928
969 560 148
375 332 56
1 216 321
841 998 689
48 734 673
813 265 209
994 465 29
906 365 313
923 801 41
856 581 861
655 167 437
307 33 305
537 408 811
31 624 370
121 71 206
184 245 401
887 696 285
303 876 9
709 212 745
241 737 457
262 581 373
861 401 936
147 372 237
246 852 836
536 951 275
481 983 325
569 65 387
443 471 1
958 1 411
241 969 49
122 772 845
905 226 606
537 793 889
349 742 481
401 417 281
450 217 111
409 401 931
749 685 721
201 817 669
231 783 497
587 599 321
73 411 819
297 310 457
596 837 959
825 825 797
285 461 209
650 412 599
106 551 11
346 947 488
405 586 101
785 256 434
425 401 389
69 404 154
529 561 316
961 424 893
169 440 901
156 951 226
426 431 937
616 241 321
291 761 625
85 41 787
348 264 243
645 246 498
281 526 940
215 48 895
76 346 329
619 825 227
49 621 731
21 157 931
17 301 132
837 49 911
503 715 826
967 1 896
709 737 370
947 411 206
806 721 606
361 845 565
441 455 761
309 187 130
350 65 241
422 376 103
778 524 661
571 5 376
491 951 573
31 693 107
369 200 529
749 569 161
246 761 841
275 393 401
638 305 358
854 773 910
146 369 264
177 871 803
153 496 951
925 434 436
202 361 731
115 375 621
105 45 582
205 226 561
456 811 366
925 20 17
118 840 361
556 47 358
393 61 52
855 809 465
891 247 681
751 291 883
655 161 444
901 335 241
539 131 149
963 676 629
133 805 3
365 473 524
916 968 37
105 925 129
751 289 701
790 725 245
272 840 423
789 561 313
413 288 43
57 669 593
999 636 181
687 423 869
627 615 71
137 383 533
557 705 257
114 181 375
769 161 636
866 457 46
473 859 688
401 821 101
681 225 221
399 994 109
581 666 101
142 195 279
337 851 796
655 615 41
649 569 673
321 855 21
785 318 700
977 723 105
361 129 777
321 563 321
561 757 495
705 982 427
981 576 781
891 820 666
50 737 743
801 816 120
94 645 557
828 836 360
306 611 385
65 473 332
63 194 581
420 361 391
781 386 501
689 302 357
26 697 226
134 337 901
5 136 361
241 705 921
285 563 480
826 62 405
393 701 447
465 486 244
535 478 506
458 489 837
89 925 961
825 712 663
249 963 523
614 553 981
625 889 901
763 721 51
548 919 225
281 915 717
766 491 315
918 61 21
346 169 221
57 449 6
459 601 749
376 865 791
26 624 49
666 335 953
273 177 729
229 103 808
445 585 405
173 860 324
23 343 241
597 185 733
556 441 525
836 306 71
814 141 756
521 47 129
151 993 89
96 491 817
171 788 503
131 557 744
216 103 276
585 831 321
716 175 17
257 838 237
530 518 443
117 81 857
801 433 343
57 364 1
791 1 652
986 73 1
237 611 842
897 313 428
417 341 41
293 145 849
441 379 145
616 905 727
65 547 689
827 449 921
479 862 738
29 441 31
997 356 410
291 440 490
555 581 689
83 534 989
528 436 831
457 841 817
528 605 421
10 631 351
189 738 681
692 136 1
233 761 580
541 113 409
617 361 973
951 881 698
511 771 716
781 981 851
301 161 529
485 85 141
514 285 841
281 688 741
107 988 841
379 489 865
541 741 616
251 235 376
769 141 483
671 426 155
107 245 71
841 951 549
289 789 736
129 721 517
901 981 351
924 907 113
161 329 863
406 928 806
1 321 465
801 857 573
13 318 585
481 701 388
845 735 973
399 465 495
126 1 233
471 641 926
469 131 76
427 663 777
477 11 631
361 865 512
609 511 593
495 495 249
196 876 591
548 581 617
205 733 238
433 381 7
602 161 426
841 183 920
387 80 665
311 841 275
120 547 706
957 535 317
168 79 1
921 711 951
586 32 22
381 687 662
653 521 333
875 951 385
126 401 101
738 761 419
993 846 611
671 217 981
997 641 989
169 992 238
675 321 225
685 1 93
236 305 835
876 973 291
386 991 59
104 191 865
641 647 844
531 241 761
511 477 957
581 414 167
945 536 851
746 1 485
793 289 498
785 681 797
501 737 505
165 321 257
881 879 186
21 901 795
836 421 208
999 652 282
568 985 766
791 985 696
319 117 946
295 641 401
945 729 401
561 165 689
769 714 811
253 207 1
137 732 447
657 222 491
593 476 881
105 358 121
476 233 827
83 901 834
342 211 601
521 23 627
305 221 431
759 109 401
899 207 3
689 300 938
257 497 26
743 180 531
513 623 288
891 858 243
324 268 723
496 241 591
697 857 409
531 571 763
797 281 765
55 991 819
539 811 1
661 465 445
259 399 833
36 530 921
937 974 949
281 918 483
593 436 136
129 121 901
785 190 671
501 6 371
71 185 183
987 489 877
365 200 220
681 621 3
87 921 481
361 329 816
279 292 829
351 311 374
756 935 621
761 801 519
231 329 786
553 863 942
33 69 605
684 493 559
947 201 901
71 753 621
33 831 682
791 281 156
89 381 743
489 881 977
685 641 489
233 977 183
241 561 953
43 297 433
951 889 945
751 985 226
213 402 689
552 77 31
571 51 13
570 311 936
575 262 137
501 801 461
318 294 670
753 688 525
561 471 551
186 297 56
151 551 705
433 797 265
786 535 5
846 601 313
765 693 850
760 225 1
179 997 886
833 150 601
21 537 223
947 265 634
263 709 916
738 819 994
425 48 707
576 618 216
700 930 997
829 497 525
669 551 424
343 993 381
288 501 479
91 201 471
543 755 439
719 891 747
743 411 281
441 117 475
529 271 581
241 836 323
443 967 543
105 521 1
905 771 973
651 916 11
611 497 761
281 161 661
609 217 616
800 53 11
781 49 251
611 64 302
133 427 555
391 411 773
454 617 521
297 637 285
15 869 917
301 673 509
17 956 201
773 681 57
401 205 931
885 319 561
27 289 133
855 959 293
439 590 505
721 11 77
873 343 501
67 599 846
481 477 933
893 249 705
591 425 299
376 821 197
630 1 297
653 897 953
851 569 231
353 7 459
471 177 661
609 899 205
421 509 798
488 458 113
997 449 697
249 369 136
519 733 841
761 402 632
650 801 641
109 759 873
1 353 801
305 158 613
29 465 307
788 45 717
51 25 414
716 335 291
955 531 898
974 635 885
941 561 576
609 108 213
307 277 152
627 721 717
919 413 9
509 853 831
300 953 245
665 749 653
645 373 337
885 375 913
756 801 709
322 617 256
907 887 449
355 685 395
609 141 137
745 121 299
61 461 74
776 951 75
713 121 814
700 513 273
281 307 489
89 201 376
831 996 673
146 215 151
353 113 739
561 449 111
613 355 417
849 985 537
909 511 313
444 385 708
377 641 761
66 257 671
349 849 441
593 666 377
731 336 151
817 400 189
481 811 966
293 233 958
433 309 356
147 60 531
407 801 621
807 485 186
148 409 401
513 886 566
904 369 561
496 625 152
424 741 751
953 779 925
633 833 931
835 513 765
122 654 434
531 633 226
823 104 777
776 277 243
281 993 625
45 703 409
585 637 402
131 104 956
396 849 329
155 121 590
849 231 709
397 629 30
968 461 592
523 681 205
261 92 641
1 441 169
709 835 147
694 161 84
29 85 403
389 541 421
921 401 401
729 431 147
509 375 247
356 817 613
411 608 845
263 388 953
501 422 616
372 501 121
547 91 796
873 165 783
349 583 83
905 117 624
821 609 97
103 817 302
650 121 737
313 506 903
159 245 609
166 413 473
255 609 503
881 511 77
345 629 601
954 217 347
529 69 596
425 595 441
711 645 867
231 546 262
11 39 981
501 680 371
825 68 801
347 607 46
711 631 46
581 691 586
81 181 718
625 637 601
893 753 979
777 705 281
277 620 197
325 488 336
99 276 553
705 187 397
230 595 551
49 891 99
561 391 256
585 542 901
305 953 749
297 741 141
145 117 561
929 881 765
190 631 554
447 292 447
967 31 931
1 773 266
377 847 783
508 401 166
619 281 905
71 753 887
489 586 833
137 257 433
100 661 65
581 285 968
671 966 61
516 786 538
69 747 817
981 689 143
789 806 717
137 189 829
212 87 150
451 936 394
348 625 761
63 897 29
311 532 247
901 881 981
177 924 698
350 277 31
811 621 441
676 431 398
155 16 139
893 341 999
196 361 905
995 387 45
423 957 614
675 565 540
300 606 943
31 723 531
569 189 565
984 691 141
81 1 324
773 991 451
95 59 497
865 686 985
626 721 639
490 936 329
480 202 220
271 352 245
881 475 771
741 647 578
529 596 185
412 862 545
78 653 735
897 213 951
241 7 153
685 857 293
286 761 576
651 301 49
401 897 527
825 897 301
961 89 731
321 525 401
801 122 598
453 514 719
509 45 431
597 360 775
105 754 281
801 721 257
143 763 745
249 151 801
521 711 529
815 537 658
785 437 134
471 321 917
53 73 785
690 165 209
174 207 101
563 946 497
922 931 554
29 321 737
655 21 198
843 841 265
339 920 717
301 971 921
240 488 425
983 429 381
423 429 493
828 540 958
761 137 612
319 561 491
494 156 442
236 435 321
861 537 467
281 423 953
681 597 843
406 459 665
303 753 133
547 191 216
733 347 969
745 665 369
80 1 969
541 627 743
823 181 505
273 143 61
697 585 978
885 935 325
910 544 881
273 939 164
463 718 321
878 341 505
431 287 126
137 441 274
361 181 249
277 582 806
353 41 41
926 867 147
911 182 822
817 329 974
871 243 843
87 321 229
747 197 25
257 777 81
57 799 236
601 890 933
371 31 97
687 645 921
481 761 929
929 661 326
123 462 608
732 709 489
362 257 781
791 424 161
613 891 689
414 811 113
202 427 256
284 86 490
401 601 953
226 744 336
816 329 881
397 222 583
826 992 583
881 713 181
739 495 479
346 948 173
655 718 493
293 33 581
521 381 697
261 749 829
544 690 186
647 377 76
161 862 273
681 705 354
395 497 689
161 178 533
705 196 740
957 680 945
301 665 929
176 357 721
117 186 819
761 701 1
706 275 338
848 725 737
365 865 129
32 901 541
291 736 17
11 585 171
715 459 861
121 986 531
457 269 943
65 550 875
889 501 13
971 618 811
71 327 993
315 847 402
236 895 253
918 81 403
484 657 648
971 849 894
346 756 880
71 163 895
1 881 825
879 616 76
913 703 711
99 806 651
161 881 373
617 597 725
227 53 97
413 676 901
721 393 256
253 621 109
757 551 679
817 701 709
153 543 481
361 335 497
933 583 160
416 816 286
301 953 721
363 819 445
506 59 323
407 93 751
79 297 656
73 298 296
846 809 195
824 185 853
16 409 687
17 333 606
223 257 225
169 570 872
441 221 441
349 219 211
315 489 673
681 896 411
696 9 311
241 211 71
941 241 1
997 901 392
550 459 208
925 705 639
83 440 105
445 473 281
521 903 203
643 71 661
894 344 801
41 836 651
183 76 780
601 767 301
113 386 753
467 381 883
721 346 350
453 606 24
547 869 913
754 430 557
65 601 695
697 37 329
601 606 161
151 601 617
636 951 993
1 801 959
752 881 539
221 726 49
169 168 491
659 617 714
873 345 6
712 878 251
865 431 65
121 789 332
421 601 614
226 276 793
903 185 151
369 344 92
873 209 953
427 97 731
917 993 169
107 647 19
381 912 443
335 308 72
169 435 239
507 979 405
582 568 497
365 68 555
769 895 209
466 817 751
241 501 735
780 825 542
989 162 991
233 881 685
235 75 321
411 67 957
49 150 579
257 833 130
451 740 441
1 521 445
471 346 681
141 869 961
49 526 785
641 241 891
999 809 569
181 361 97
309 144 918
133 523 837
999 65 320
327 51 609
549 811 647
555 265 281
669 665 16
701 673 521
385 251 153
177 621 778
973 217 725
145 793 271
785 20 857
1 613 801
326 281 293
777 927 655
377 901 475
116 931 535
937 233 625
73 530 244
876 777 159
779 795 136
743 63 271
808 161 604
576 312 135
731 645 471
726 670 649
527 51 697
491 860 961
633 951 725
993 637 951
949 401 654
139 565 845
514 301 634
505 368 855
743 984 586
809 857 945
127 163 341
136 432 569
844 721 605
835 219 41
527 144 774
529 129 153
998 601 298
186 269 946
775 904 296
645 839 71
873 201 281
217 909 575
81 76 819
571 116 985
653 667 277
472 206 339
417 381 484
1 439 495
581 309 951
281 939 21
81 251 793
441 133 901
75 557 667
353 73 949
963 569 619
841 129 300
511 773 410
853 397 806
441 675 421
824 506 188
17 541 611
100 100 113
1 558 231
797 305 367
921 454 594
613 329 410
155 638 245
535 730 921
933 141 897
276 331 401
771 521 166
29 187 640
53 461 672
41 141 148
549 919 509
833 81 247
187 701 366
996 521 501
472 488 945
321 557 416
321 701 477
608 441 221
437 298 401
560 529 417
711 111 693
307 297 805
657 36 252
73 341 769
251 353 617
4 79 548
848 473 323
301 601 667
784 127 31
777 725 363
839 625 421
355 126 565
117 301 105
268 747 865
857 281 867
192 865 51
489 711 332
946 189 3
47 80 506
291 751 853
969 44 931
552 997 261
220 365 865
111 661 601
577 253 146
869 181 197
33 9 227
28 217 493
69 776 177
241 281 226
867 851 601
249 510 217
341 344 963
976 781 973
265 825 754
531 311 151
119 541 851
741 357 352
431 999 513
541 972 976
131 191 639
600 673 611
921 62 823
261 489 551
741 796 216
654 201 311
202 135 421
536 49 991
289 995 36
550 807 683
285 747 633
713 627 406
808 688 828
751 907 341
177 429 649
833 176 226
889 25 525
575 69 136
685 473 817
713 417 321
849 547 949
76 577 728
712 985 81
879 789 985
441 811 575
997 1 732
402 397 823
776 312 291
871 94 385
146 383 901
851 134 29
244 487 415
535 573 57
426 961 689
629 525 781
236 417 441
533 73 505
271 25 161
965 77 673
121 843 158
228 671 721
550 577 33
11 712 545
101 717 597
29 433 499
879 829 425
9 582 91
461 283 937
501 971 421
331 851 793
961 766 255
665 561 613
606 747 900
377 203 301
293 663 71
37 971 330
629 51 641
302 761 521
376 97 691
501 291 689
969 752 801
751 820 137
82 845 59
97 605 341
577 501 828
932 601 521
19 123 131
31 399 617
149 521 881
104 490 87
181 943 292
353 117 451
539 1 177
809 44 616
951 139 801
97 213 353
782 791 904
571 269 32
226 683 994
841 401 561
985 407 168
845 63 249
865 200 230
1 439 76
349 692 833
32 561 541
96 263 241
979 76 324
641 299 469
515 601 966
839 343 402
670 669 701
372 820 946
541 616 383
505 48 101
901 42 21
739 434 901
193 411 541
442 398 963
405 189 612
901 31 525
591 287 81
611 55 739
216 493 162
703 366 831
190 365 746
587 873 661
891 16 667
613 418 245
989 899 513
508 83 401
919 301 167
101 159 673
545 621 977
175 788 651
926 909 237
813 751 765
773 781 848
71 777 235
210 843 101
813 996 363
914 791 285
1 441 57
626 94 45
879 691 141
271 657 731
405 463 352
857 391 800
422 710 259
947 306 281
797 249 683
651 593 721
99 121 321
120 785 121
431 81 36
951 646 277
881 799 901
293 763 734
45 711 761
981 389 985
641 552 144
273 773 41
168 801 700
237 975 496
421 151 301
662 231 697
766 681 135
160 713 751
801 331 902
281 817 509
876 905 337
771 726 353
249 201 521
733 611 833
471 401 596
289 671 161
413 771 17
633 685 816
172 57 125
951 894 181
186 239 644
300 301 1
751 208 541
320 916 417
171 501 121
406 277 745
215 925 9
231 156 266
481 35 41
506 444 589
72 448 786
611 929 501
296 12 610
713 579 449
177 921 972
429 281 741
473 953 929
850 243 731
621 181 841
461 9 305
872 738 105
471 627 407
866 425 109
579 199 551
131 601 136
393 583 437
189 401 340
961 873 890
337 931 101
144 455 461
152 67 385
217 723 373
161 471 136
31 65 745
563 664 701
381 265 93
921 550 815
282 701 513
76 208 137
761 507 873
993 481 476
784 646 531
408 51 973
966 169 487
361 207 776
699 949 44
489 553 641
321 937 493
41 72 365
55 282 174
155 341 920
73 366 928
779 838 773
889 549 255
659 121 269
482 601 535
921 964 81
41 774 945
951 361 401
231 365 621
521 582 809
433 834 573
737 745 593
689 239 621
439 361 785
226 888 721
502 51 173
281 983 531
251 573 327
899 31 873
174 661 176
361 983 926
977 401 161
506 617 35
901 245 868
57 237 605
285 777 688
443 831 126
444 747 337
525 397 564
801 246 981
289 614 764
96 885 817
271 943 371
177 951 873
882 885 421
344 278 849
982 401 581
221 760 441
159 847 561
549 637 388
166 665 63
5 666 947
401 350 551
831 819 263
873 791 831
452 877 33
278 214 497
799 391 421
681 153 527
651 976 411
285 953 697
248 418 581
497 960 1000
340 421 229
46 255 311
513 688 925
125 26 409
289 327 876
477 867 361
645 570 171
323 141 461
429 628 860
89 243 691
433 453 601
838 349 673
757 921 240
1 851 27
741 761 567
177 577 622
431 185 641
98 841 448
273 145 859
715 366 603
658 263 645
17 1 302
645 326 931
865 361 393
22 801 241
219 994 451
41 407 141
812 301 428
598 85 541
457 1 29
183 827 841
542 981 701
521 952 149
281 966 913
605 505 501
33 859 431
504 587 865
656 927 792
317 83 856
899 89 861
752 331 54
65 657 911
251 307 261
569 526 883
259 788 179
481 148 342
479 733 885
681 399 835
117 1 1
161 751 329
479 813 192
167 103 961
301 546 99
265 509 49
443 773 466
526 758 33
170 174 577
249 649 102
201 737 789
142 549 190
967 357 761
609 1 824
365 133 214
961 267 57
991 315 26
881 495 665
501 826 861
985 465 193
403 13 115
601 949 491
511 617 651
281 361 750
522 228 226
289 641 946
201 989 189
693 479 68
754 289 611
645 313 81
530 781 403
481 80 206
359 9 665
311 610 446
802 839 939
375 797 885
771 771 693
10 321 976
249 60 397
301 544 636
551 273 545
195 977 589
18 876 507
945 301 495
4 431 474
291 721 110
921 705 333
86 546 285
29 885 963
206 41 525
891 437 531
203 489 648
424 9 801
169 769 413
481 135 883
17 988 18
398 1 921
393 955 297
866 81 347
301 926 831
324 367 268
693 693 445
526 8 847
779 289 121
365 651 934
397 951 537
554 644 451
725 715 681
71 301 400
617 764 713
381 811 142
120 876 33
155 385 910
714 498 209
888 489 421
276 209 783
127 753 333
351 279 42
761 596 713
933 375 665
578 626 501
209 497 629
598 969 241
576 624 921
281 753 721
953 805 905
95 500 605
541 390 401
445 116 699
429 854 601
521 921 483
151 596 273
511 277 153
757 969 68
161 431 166
429 163 261
331 670 809
545 994 505
49 648 178
769 153 490
801 31 30
820 87 297
369 781 891
763 899 466
307 210 509
151 753 787
157 669 165
71 905 526
161 801 966
457 865 41
141 249 929
241 761 771
502 857 866
301 501 866
681 5 161
991 314 889
775 566 549
243 145 497
677 376 284
839 370 43
90 989 443
909 705 697
435 801 664
689 256 307
963 881 721
368 385 361
497 654 69
212 451 150
291 921 948
969 761 669
434 424 757
265 761 59
107 649 149
9 611 333
1 261 297
556 341 681
571 836 613
295 737 695
762 169 691
473 569 319
776 270 635
861 51 17
501 495 689
661 65 187
367 261 201
364 129 831
881 137 641
116 838 346
579 159 577
683 901 399
43 773 835
433 645 351
267 481 331
321 75 369
511 93 321
476 265 704
145 165 49
25 662 683
886 201 409
889 955 505
995 336 101
276 86 101
449 901 961
169 777 819
81 512 801
515 225 517
492 953 308
319 585 993
145 45 940
351 175 975
966 962 653
401 369 851
1 877 78
999 361 426
608 741 501
273 483 921
147 663 721
225 732 901
51 481 885
855 29 424
260 481 661
826 281 342
191 923 549
811 981 761
56 785 356
241 801 314
651 741 145
481 299 362
114 647 323
226 938 369
921 127 446
61 913 41
109 139 621
301 963 677
493 622 601
481 161 946
710 869 501
269 321 626
169 903 449
871 441 429
602 226 546
741 25 223
97 476 971
409 521 81
889 724 209
737 7 143
901 119 985
249 849 265
353 972 909
467 345 253
923 284 77
349 265 993
491 379 133
659 587 178
319 617 181
323 330 465
216 599 451
91 220 561
981 713 851
207 539 201
988 1 978
949 359 569
225 221 370
346 391 796
589 397 161
893 406 156
401 242 945
786 787 89
201 169 501
659 501 321
57 363 981
256 453 301
599 343 510
305 895 114
353 980 429
147 371 169
142 697 49
551 263 633
303 278 825
692 49 604
400 641 45
749 467 761
615 9 67
206 593 365
601 809 751
858 121 516
881 409 233
921 340 626
29 897 444
582 154 44
590 108 26
201 597 160
392 1 534
393 654 465
911 881 297
759 913 833
901 646 761
646 609 801
741 111 701
585 41 265
545 137 471
366 421 778
771 473 105
757 871 26
48 511 761
473 805 800
941 25 799
9 677 21
232 81 118
573 341 813
577 716 697
593 605 249
813 515 901
165 890 484
561 354 531
421 51 196
251 651 739
871 205 551
541 832 57
177 81 351
960 61 461
26 854 800
284 555 166
647 65 204
331 712 487
653 544 629
483 745 517
505 249 353
61 147 29
210 501 830
657 417 125
571 226 129
414 921 711
51 316 313
295 517 11
991 267 424
479 932 601
713 723 501
117 177 515
802 51 589
960 551 751
676 599 419
55 541 320
803 597 911
29 771 24
251 501 378
517 286 989
289 661 773
763 929 903
779 983 749
497 209 907
811 933 137
397 416 851
985 313 867
81 411 93
281 632 161
965 881 874
521 718 414
155 723 289
433 81 533
21 623 990
321 949 821
149 577 823
601 761 419
371 283 145
718 233 371
606 783 885
361 609 745
881 867 849
143 913 66
364 355 471
145 881 417
321 121 576
273 180 935
417 934 961
17 283 894
261 77 655
643 61 621
852 929 296
814 873 18
31 73 169
313 429 486
473 281 242
581 237 385
772 345 205
413 89 441
111 313 961
641 505 961
49 553 7
874 325 731
745 591 427
1 505 549
141 527 961
671 226 233
94 91 849
551 797 120
657 201 844
451 419 826
536 273 467
1 884 346
937 468 137
326 751 853
311 855 181
419 931 981
179 501 741
731 26 473
923 23 781
77 295 5
549 689 47
281 717 613
113 445 413
143 851 742
951 801 191
585 863 213
49 153 177
289 417 664
61 286 841
909 675 394
820 425 913
816 833 929
437 186 693
844 37 325
615 417 988
629 729 301
51 554 360
756 961 133
807 201 33
97 401 256
951 147 265
114 169 793
33 709 343
953 762 238
566 625 25
161 841 977
426 718 769
551 81 165
991 302 241
175 654 631
401 285 385
160 700 991
175 884 191
339 537 386
781 661 131
267 421 679
511 301 297
953 205 226
8 762 123
951 504 277
661 986 406
399 173 501
321 281 36
355 451 824
605 470 341
41 317 269
905 857 921
55 358 941
813 351 156
297 333 609
316 458 118
21 819 951
281 493 424
505 906 891
254 463 782
94 337 897
949 745 843
717 101 400
377 996 285
654 139 301
11 269 393
201 407 361
667 736 853
297 323 31
535 858 723
153 789 724
971 714 801
423 641 335
989 649 383
284 451 981
951 673 257
969 174 91
394 321 642
565 488 811
285 584 203
449 121 130
807 161 793
121 661 777
767 801 182
561 385 209
485 446 241
941 898 278
676 745 197
191 581 604
656 621 437
45 566 917
135 827 471
791 596 141
873 615 433
771 141 360
593 214 745
39 721 41
849 584 603
929 321 801
345 45 816
637 545 583
664 699 266
841 27 565
137 555 751
301 793 307
1 671 513
167 171 754
426 25 879
163 241 216
99 501 777
576 245 101
553 108 311
732 879 15
391 379 529
326 521 672
489 852 511
432 220 319
171 377 537
103 321 608
711 739 985
601 4 966
700 173 994
225 267 281
198 989 351
721 261 757
931 505 376
16 984 305
129 113 933
426 921 701
433 420 936
98 421 156
741 832 881
645 632 861
321 613 111
257 516 499
853 561 302
151 59 34
994 877 541
725 171 221
222 617 497
439 615 75
121 267 973
577 504 461
1 913 401
211 863 412
217 751 808
411 153 872
998 961 137
543 345 138
365 974 945
813 616 353
111 278 281
731 515 744
477 801 649
691 911 133
845 225 873
123 561 986
141 584 41
761 353 973
545 85 577
19 955 542
761 397 759
173 476 710
941 725 351
885 862 725
29 698 514
703 449 641
505 471 586
255 385 251
209 726 371
879 581 766
241 537 341
727 868 401
837 206 995
301 43 815
945 65 881
761 26 820
861 329 513
819 546 221
401 547 68
830 237 320
435 1 176
161 41 646
313 964 101
521 856 261
816 771 497
171 321 763
551 205 60
571 882 297
871 866 5
262 669 888
401 430 123
546 113 714
389 431 509
537 196 56
992 321 1
19 549 101
487 441 537
643 49 601
847 38 897
543 369 749
501 151 61
313 429 139
433 154 269
341 45 545
133 691 483
677 459 211
417 657 681
451 601 29
766 941 551
695 905 924
948 626 591
937 615 657
749 930 926
164 157 434
736 717 469
467 81 289
426 371 707
503 696 401
481 229 285
4 751 377
257 94 739
117 751 361
160 889 449
203 881 365
475 913 961
205 449 631
182 37 551
433 465 623
114 341 816
117 761 441
23 845 286
957 926 868
548 141 649
665 421 958
661 353 393
181 191 651
595 661 549
827 164 709
523 891 721
866 981 553
181 478 758
866 236 521
321 252 216
609 961 913
551 145 145
582 745 705
465 473 169
904 109 285
315 269 57
553 41 453
817 592 391
1 6 909
513 405 721
771 511 643
76 688 421
134 997 694
485 336 375
187 923 872
978 721 81
43 201 401
646 704 225
105 145 711
725 83 948
226 929 643
782 93 720
21 645 306
626 825 905
107 991 257
917 635 601
955 1 968
921 746 588
598 948 161
401 445 397
591 129 617
37 465 591
329 165 823
374 21 868
505 561 453
69 579 657
534 961 537
113 572 509
33 681 689
711 749 646
448 951 30
719 275 861
551 146 447
371 716 199
236 489 341
407 366 691
348 767 721
873 115 978
662 763 386
33 701 151
865 281 593
748 385 689
351 901 313
346 514 346
583 141 954
476 141 877
475 155 890
237 491 889
361 639 167
581 341 801
935 391 531
758 841 101
537 771 175
861 615 732
252 299 777
167 89 524
376 404 501
51 321 368
514 417 959
821 97 222
502 109 833
721 90 561
297 989 335
356 873 121
177 931 277
677 491 26
427 429 316
717 749 471
873 728 240
37 6 527
356 391 845
861 729 79
281 10 601
709 289 927
681 541 281
239 776 326
881 485 889
743 519 305
431 243 269
129 601 497
657 46 25
721 137 487
450 961 818
945 981 941
595 853 445
2 772 453
339 449 897
141 478 799
711 426 478
11 503 530
261 881 745
995 361 564
816 85 73
321 685 826
833 463 251
553 29 857
53 285 445
193 221 983
845 813 852
2 796 601
824 631 65
999 466 261
708 466 913
17 65 201
279 306 711
649 853 739
252 784 601
689 47 281
645 582 909
611 795 48
451 445 919
977 327 371
426 843 748
141 251 277
435 365 167
751 743 31
161 670 105
70 939 220
217 461 22
393 273 57
971 753 484
465 977 534
241 774 428
801 334 101
816 435 729
501 121 376
572 473 43
481 993 13
615 537 661
556 11 101
122 349 289
225 628 39
713 79 915
712 769 901
105 1 395
171 997 251
457 758 999
841 937 951
141 821 645
459 18 993
116 341 407
726 475 565
381 430 535
310 537 713
713 139 823
301 231 834
436 133 400
803 601 325
697 521 22
921 770 811
121 33 907
741 691 769
579 739 985
133 937 401
698 500 287
245 267 366
745 187 821
641 801 61
669 126 201
841 705 1
753 606 481
919 301 171
335 307 241
82 593 676
294 153 65
780 561 81
199 320 819
262 321 572
49 661 128
315 833 831
652 266 353
219 571 286
361 781 963
367 100 701
851 453 401
675 201 426
657 321 861
931 226 326
188 109 131
563 28 707
123 737 241
681 846 157
401 153 710
913 551 152
151 800 286
693 671 507
427 799 850
481 795 29
425 576 726
985 161 245
193 772 571
221 719 804
156 108 207
877 524 879
149 321 617
999 31 985
325 841 381
417 41 721
581 249 99
867 671 836
211 152 874
111 665 223
167 881 241
903 90 341
633 579 11
158 301 564
343 985 8
559 394 675
696 321 953
680 83 903
895 204 489
173 795 352
813 801 651
905 51 571
967 903 201
685 537 321
289 585 610
389 218 511
469 349 93
161 53 89
680 351 526
371 549 881
977 60 201
101 985 349
459 773 37
419 725 571
101 477 743
6 273 22
447 393 113
108 471 689
838 356 651
721 593 817
183 344 751
78 403 985
421 377 437
221 76 501
209 749 531
937 654 1
757 797 971
481 225 809
697 87 331
812 774 611
603 727 481
736 901 13
873 131 21
973 109 928
433 719 279
985 125 873
41 119 457
577 993 984
261 961 191
959 124 143
569 641 937
467 756 226
963 885 361
946 682 90
241 678 251
556 977 901
377 890 344
9 976 251
612 633 479
51 741 557
106 769 505
721 81 821
681 805 944
789 147 906
301 313 689
529 856 476
117 995 497
970 955 573
901 741 7
171 127 786
487 633 697
231 143 617
87 410 889
633 666 305
281 980 137
153 779 849
57 826 182
375 381 771
11 967 941
585 365 677
261 90 185
256 693 409
461 931 86
799 373 104
337 233 529
317 276 21
904 645 352
401 431 213
501 56 423
806 934 391
491 377 432
451 355 279
171 201 201
797 591 41
663 457 103
602 756 91
521 751 8
625 901 977
895 973 17
575 698 998
135 611 437
59 761 255
953 861 758
771 201 21
789 631 535
601 926 369
625 71 611
815 81 679
585 285 633
185 635 331
423 268 137
157 801 581
939 133 184
847 791 333
49 698 720
222 906 916
606 933 174
454 201 375
705 425 597
876 426 5
291 464 185
91 637 261
92 313 693
128 865 913
586 337 652
69 955 881
161 955 824
39 801 912
579 57 259
641 621 150
74 639 555
106 649 132
77 205 62
