3758
593 915 57
353 109 533
793 817 176
386 970 401
353 517 257
889 161 658
396 271 446
384 169 501
761 893 801
509 233 961
264 441 391
412 923 724
205 438 881
657 101 757
965 217 87
901 181 631
294 844 251
2 564 830
951 952 396
865 377 29
823 623 155
101 911 817
817 96 460
929 841 769
459 409 225
781 596 891
503 329 803
175 501 569
469 351 577
121 915 465
833 353 302
843 701 701
789 126 111
276 489 897
838 232 673
449 287 251
101 651 844
841 258 667
749 71 371
753 210 377
150 889 759
89 399 265
33 624 846
696 897 70
646 721 229
941 365 101
376 619 84
537 561 169
629 153 73
331 225 824
187 925 671
753 117 11
551 683 446
934 485 819
596 216 145
447 556 173
97 481 229
143 416 661
448 567 626
917 66 161
371 21 481
183 305 221
279 185 845
9 283 1
8 411 621
881 993 701
34 117 878
64 635 679
465 503 676
49 551 561
133 462 124
289 13 208
453 347 801
461 415 725
955 633 769
528 573 636
921 64 721
517 327 851
113 113 601
507 196 372
78 111 647
427 907 921
375 425 309
241 263 901
237 1 289
346 608 313
900 821 657
241 673 101
753 538 21
305 363 825
134 201 61
193 801 90
801 991 214
790 183 803
958 701 591
11 393 481
103 107 604
780 121 368
751 269 753
785 225 81
842 294 491
121 30 666
737 789 353
667 687 23
125 447 321
851 967 513
261 275 501
681 9 396
688 669 873
791 761 17
651 916 346
33 971 41
465 865 901
296 970 449
895 905 317
516 464 721
173 661 276
785 485 573
753 156 663
839 673 641
233 856 841
40 600 669
201 513 645
175 46 203
37 411 216
619 41 1
219 553 832
641 753 569
101 441 301
846 686 987
51 977 881
257 657 745
619 761 223
581 11 167
909 251 451
857 669 925
197 420 97
306 874 17
39 341 806
884 359 829
253 433 497
509 881 369
486 266 101
267 67 766
365 795 217
631 197 937
951 107 58
449 266 394
251 751 771
625 30 496
253 873 601
753 1 509
551 644 97
53 755 481
981 998 521
746 336 765
801 506 364
959 593 738
625 825 113
997 57 261
668 210 337
60 146 946
248 553 421
496 551 313
103 201 231
200 251 343
729 825 199
751 166 822
532 439 443
641 536 921
119 841 523
761 182 329
933 305 721
387 334 61
282 142 81
856 721 121
741 961 265
681 879 894
671 611 791
233 62 951
337 284 449
445 627 665
81 1 533
421 338 581
329 353 924
427 551 201
349 565 741
753 601 754
136 103 577
278 907 687
566 417 593
17 818 449
1 27 564
960 108 710
473 204 461
417 369 606
11 201 141
850 264 695
211 561 829
727 337 739
103 841 460
766 801 646
789 513 219
516 293 332
694 225 639
949 165 439
933 457 274
785 201 61
673 382 692
561 881 93
581 986 493
889 751 284
237 321 377
449 281 406
101 174 717
863 585 73
507 119 708
887 155 59
81 41 914
69 726 381
991 626 349
647 775 551
701 731 657
665 500 101
889 441 743
489 865 817
831 754 709
33 177 495
579 869 461
17 641 576
317 495 773
786 927 42
335 536 18
68 114 527
771 801 675
906 654 81
771 968 713
578 156 985
385 313 625
76 91 651
201 391 194
966 800 175
471 378 501
561 41 283
490 681 571
968 281 785
693 388 786
893 199 576
641 213 176
561 840 876
922 947 1
873 153 641
661 193 301
205 41 471
671 579 421
63 251 617
795 138 209
301 721 741
643 249 476
543 1 501
722 733 704
313 817 708
657 746 156
489 87 324
616 81 534
103 437 120
626 277 746
171 721 821
201 574 339
536 553 641
599 67 461
763 221 457
412 813 441
617 767 201
251 813 361
681 718 331
718 737 525
431 676 191
837 916 665
613 641 961
761 751 881
569 45 990
613 321 268
288 1 300
211 568 161
701 561 363
40 472 991
894 201 722
475 446 691
852 94 501
281 171 41
671 651 209
377 303 526
895 537 689
633 169 874
680 226 219
181 845 491
163 541 407
416 577 792
893 491 422
91 761 542
314 921 541
519 436 731
655 761 56
546 708 52
225 897 761
329 603 956
161 841 1
713 271 561
761 391 841
819 677 901
201 969 661
257 521 526
665 755 306
279 96 800
65 495 721
649 905 609
777 216 795
978 921 743
231 38 851
781 681 901
281 437 442
41 656 766
227 531 917
944 331 498
416 137 812
681 897 785
148 123 891
599 394 81
425 552 379
460 601 913
695 126 524
714 268 82
551 711 61
105 141 517
433 471 706
953 825 229
251 373 271
263 876 578
161 243 206
273 75 653
125 137 415
499 937 211
261 162 836
651 921 290
85 556 773
844 76 551
651 379 605
137 863 878
89 161 905
734 171 542
869 55 261
257 581 66
745 917 380
976 761 261
501 527 15
529 911 51
557 447 687
753 266 241
911 691 313
761 793 286
551 149 169
987 82 546
739 201 392
431 988 293
222 473 93
538 601 369
469 297 504
469 1 541
521 147 721
981 916 166
503 92 523
201 441 733
923 665 289
626 340 806
865 199 273
101 791 971
98 575 131
525 505 605
93 97 507
381 775 151
892 441 782
13 241 665
458 941 217
941 973 450
422 417 371
131 59 713
755 471 981
793 449 401
351 191 606
141 751 426
929 721 666
89 286 421
149 496 362
529 773 473
661 23 17
886 85 22
601 413 593
479 721 789
141 75 519
247 41 289
741 599 657
16 411 977
407 698 361
985 501 601
696 33 605
528 561 455
441 697 401
57 549 641
901 6 829
13 440 74
145 41 326
475 321 96
681 234 891
1 491 105
716 351 935
501 170 1
588 962 210
721 55 13
13 940 651
681 513 25
431 63 786
377 919 241
213 238 356
785 783 949
411 827 894
480 885 209
439 576 805
885 561 841
782 686 196
893 971 833
486 549 571
360 634 131
626 680 197
361 893 381
980 110 867
337 865 24
181 561 361
256 837 626
155 729 782
465 97 89
671 850 735
391 730 341
628 548 981
581 51 493
711 182 396
446 861 129
145 217 885
581 108 698
724 277 670
856 868 937
661 285 648
795 977 719
519 413 733
300 872 341
829 661 439
927 965 216
681 555 633
882 160 456
775 695 388
518 209 88
387 981 198
605 508 531
144 585 108
21 365 585
951 362 329
237 453 761
961 469 167
577 351 555
76 797 161
441 126 367
71 371 84
201 953 401
873 537 488
563 251 609
625 1 183
285 372 665
941 361 759
993 906 919
826 390 989
841 441 816
213 894 163
421 131 281
198 731 82
441 18 745
41 261 721
471 723 344
709 866 943
407 885 946
394 529 261
685 782 312
75 591 793
433 840 724
779 696 346
228 311 747
793 33 913
177 473 627
869 549 801
609 131 213
89 689 752
747 176 731
941 803 273
7 540 306
161 429 380
403 146 297
593 569 971
193 289 159
15 851 157
976 332 333
661 843 441
85 837 531
111 161 906
616 146 729
913 295 669
983 841 232
696 413 398
621 241 677
194 305 761
211 529 989
676 720 341
65 641 806
649 365 557
985 730 611
963 407 281
762 941 635
119 933 906
397 717 171
131 977 866
477 949 822
170 19 246
836 101 779
961 414 599
741 9 201
432 257 433
477 528 243
905 267 905
503 33 986
46 361 96
40 525 153
201 150 57
601 17 113
373 296 657
764 571 388
169 444 65
899 851 989
820 758 253
257 825 801
854 185 925
57 505 461
699 289 719
773 157 369
951 402 369
846 311 501
696 756 139
791 1 821
143 321 790
717 433 397
362 205 593
861 341 630
867 769 806
865 965 603
1 26 51
855 12 153
519 341 193
506 347 731
407 198 809
497 361 206
858 576 369
873 261 193
469 126 705
317 615 21
919 308 107
81 981 945
629 617 266
306 936 19
411 73 949
94 201 33
985 74 746
319 373 454
201 321 937
141 578 399
933 919 26
281 486 401
602 246 969
795 236 611
301 186 675
33 545 776
117 7 164
431 439 141
813 751 546
496 503 12
327 3 199
215 15 42
333 511 871
583 715 1
125 877 508
421 699 441
96 267 436
862 205 452
872 941 436
173 261 693
891 993 101
201 226 471
751 236 586
641 313 966
33 181 101
661 537 368
697 721 461
309 935 123
933 826 291
585 891 681
705 851 165
781 41 206
121 839 631
937 681 963
223 86 443
436 336 134
817 527 521
530 353 681
833 881 276
353 551 926
979 321 439
297 521 236
551 577 27
971 830 201
916 260 918
851 351 281
678 305 356
873 101 613
81 161 409
795 740 133
888 550 333
773 94 70
857 211 756
453 9 441
422 139 261
377 721 623
817 167 955
589 997 631
271 321 366
966 985 544
326 741 506
489 635 9
579 507 296
188 401 31
433 723 649
840 653 361
234 801 151
209 529 1
805 335 101
172 81 55
597 569 109
870 989 239
546 265 897
361 421 324
751 386 65
863 256 921
685 332 597
272 296 82
771 741 453
906 147 661
567 829 949
726 905 517
69 203 521
163 961 472
347 549 173
681 45 696
633 631 769
358 745 412
451 101 751
741 241 91
485 142 272
361 435 625
988 159 185
596 41 77
130 217 439
363 761 341
425 740 25
308 543 659
821 414 601
920 669 613
526 721 112
25 857 971
549 353 265
661 647 451
873 214 877
281 929 91
657 451 801
342 576 985
21 375 990
251 478 61
410 387 289
461 719 666
737 55 441
703 329 946
465 770 387
465 501 621
237 658 638
590 140 963
505 183 594
798 153 529
644 953 245
971 833 281
424 771 777
396 104 355
160 639 334
471 525 861
848 495 101
570 333 398
425 977 605
281 249 537
501 385 961
177 221 663
957 489 163
689 795 209
669 426 772
637 231 617
772 45 141
695 818 228
99 249 651
316 265 870
655 351 536
181 401 575
977 661 105
121 276 108
359 240 393
251 726 907
112 813 171
447 86 651
751 331 330
176 585 801
832 437 211
491 449 181
369 197 948
403 84 313
911 841 910
111 37 126
41 621 497
793 231 821
709 603 99
465 569 986
185 411 901
889 489 777
154 79 889
825 155 37
89 809 680
998 297 193
925 420 681
511 507 377
151 916 937
81 224 271
51 461 697
484 704 691
526 501 976
971 548 455
81 511 697
824 431 740
943 739 473
630 996 983
785 893 75
251 463 807
325 501 785
759 431 844
567 949 659
969 291 541
761 223 458
965 345 889
368 999 795
329 770 821
805 703 278
89 177 468
265 480 261
889 552 201
519 382 621
785 946 647
317 100 566
252 233 17
521 303 833
867 187 517
586 167 901
169 339 773
617 777 401
610 361 801
853 455 965
609 571 507
53 961 767
716 769 663
777 731 847
271 183 780
825 666 350
201 876 389
101 561 857
117 684 23
4 919 701
918 351 169
135 39 128
88 308 649
263 241 633
645 753 822
945 869 577
743 951 567
804 421 747
911 863 833
701 917 16
490 827 389
161 580 781
751 51 751
419 906 57
733 191 95
461 795 764
347 265 281
89 473 350
57 829 955
745 921 726
753 129 155
227 548 411
51 35 161
51 55 719
493 999 776
545 477 322
96 568 257
55 831 343
476 181 121
882 51 387
251 756 79
450 33 119
387 310 257
571 489 39
904 811 661
482 796 36
861 546 629
293 141 325
13 533 721
225 481 826
935 397 182
729 236 241
33 716 21
526 919 133
626 557 877
293 126 961
33 901 137
348 945 442
671 239 171
789 53 100
791 309 418
761 423 359
563 695 4
464 864 916
353 466 161
841 521 657
119 574 778
841 907 601
906 976 164
661 338 213
24 57 745
432 490 249
935 277 489
582 354 1
435 45 595
818 785 793
49 265 190
801 771 761
967 323 221
457 432 601
43 56 188
737 585 325
564 251 610
136 841 135
593 749 267
409 961 788
889 714 467
691 495 590
657 319 67
653 701 791
103 383 917
593 971 152
371 467 683
824 65 56
353 766 813
686 9 178
881 307 69
137 401 61
241 113 431
952 403 513
527 853 18
339 732 983
113 956 701
972 953 871
725 225 501
305 1 33
40 601 991
309 909 441
25 901 133
921 693 725
483 876 543
93 861 451
973 735 459
806 271 66
118 877 249
806 62 763
859 991 951
501 268 390
401 245 185
749 25 241
651 544 151
105 543 548
126 251 175
198 651 217
817 311 561
690 728 612
25 715 589
975 932 151
426 253 192
583 85 267
136 898 619
353 101 79
651 733 911
542 496 181
819 161 171
129 895 418
61 313 825
993 40 583
576 289 329
631 425 710
149 623 832
802 426 26
363 79 49
570 579 541
805 247 369
532 479 123
802 371 773
989 801 517
31 97 64
397 81 895
351 201 334
892 269 875
665 307 196
664 16 141
561 201 600
949 334 229
755 567 642
25 406 517
356 876 308
357 126 149
401 625 184
506 998 544
685 721 490
363 445 691
853 815 497
722 833 205
845 813 777
277 133 761
95 368 522
854 481 965
424 155 830
441 231 961
7 486 845
875 902 678
291 527 513
743 293 644
493 535 72
596 553 726
111 615 505
57 957 641
429 5 937
527 11 801
111 700 852
855 725 323
878 393 241
776 788 301
692 953 585
365 221 636
580 70 316
256 101 87
751 473 901
349 467 973
15 281 681
113 232 481
881 977 536
181 600 335
16 265 413
541 301 135
889 806 989
336 481 875
541 265 77
764 681 121
165 167 209
163 917 617
724 976 849
229 555 558
321 825 33
283 479 291
998 216 979
981 737 991
686 245 646
244 436 521
641 41 809
517 770 771
266 921 615
949 787 473
45 200 621
929 185 202
441 901 401
532 54 801
21 213 136
372 240 271
973 25 494
705 163 545
223 145 825
601 719 713
909 193 323
301 586 249
226 129 121
17 909 47
445 916 500
649 921 326
547 517 105
921 329 651
121 354 38
351 351 483
413 251 761
144 557 579
956 606 799
761 499 63
49 657 457
889 362 33
455 577 936
451 641 461
809 726 51
776 601 325
499 221 21
83 63 461
241 543 561
343 704 86
249 703 319
610 833 121
481 897 81
639 380 200
421 803 922
208 201 97
22 867 376
106 381 533
92 1 781
465 611 779
158 214 482
474 541 209
441 176 305
481 188 670
843 475 963
201 527 595
647 516 697
486 171 141
639 830 687
720 301 377
133 831 557
804 925 637
259 312 3
532 412 665
815 433 137
879 516 586
261 447 147
511 31 566
46 361 937
81 819 336
601 973 296
369 57 681
113 545 726
70 549 718
997 557 539
477 565 347
422 993 145
416 671 676
111 261 193
95 201 589
826 626 225
325 728 688
151 41 601
801 761 831
767 185 417
698 761 215
223 427 821
61 231 698
657 957 431
888 805 229
259 285 681
841 641 451
69 213 135
42 887 36
101 183 751
345 116 759
401 871 526
501 662 764
783 509 41
476 785 963
567 950 475
90 329 961
817 754 911
47 991 425
190 1 785
799 110 724
516 557 941
689 271 317
51 551 909
953 321 889
661 65 313
575 70 105
313 597 949
56 132 817
531 797 311
611 35 215
129 421 426
88 189 806
937 505 569
793 589 441
737 861 963
249 979 426
726 166 281
181 179 425
163 951 910
422 298 875
605 880 426
317 129 575
761 550 322
311 658 485
237 305 601
897 839 457
501 221 176
177 827 901
368 521 723
577 539 246
81 831 44
441 89 340
993 389 905
472 257 333
507 216 469
864 601 220
192 807 590
273 165 951
852 673 799
153 501 621
297 864 705
164 487 870
282 284 244
936 158 717
181 671 137
572 465 865
894 176 113
113 468 520
905 211 901
621 126 782
56 571 985
381 552 416
792 289 666
654 377 259
141 936 361
132 457 123
214 633 929
765 626 412
486 711 133
754 875 51
271 454 711
186 249 893
209 963 241
265 763 605
745 316 776
429 912 895
909 546 950
375 849 181
275 345 863
91 761 786
376 217 129
999 496 890
857 106 326
110 86 739
668 73 72
97 533 114
671 581 101
99 781 498
802 727 1
156 90 543
620 31 279
897 993 76
433 176 413
393 332 707
216 796 353
964 388 877
525 176 61
841 535 237
8 306 546
233 457 615
66 841 781
921 141 857
12 299 716
677 543 561
561 762 373
737 548 521
426 607 433
27 126 81
339 726 681
821 136 745
353 223 367
889 201 401
237 215 213
304 841 861
233 718 503
130 841 565
176 329 213
289 313 1
59 291 21
1 235 91
173 266 531
501 673 146
321 277 1
313 797 412
872 555 417
813 849 543
105 281 402
368 57 331
873 619 309
654 800 150
828 649 301
849 740 496
41 527 810
280 717 39
301 747 755
631 462 689
733 657 753
727 215 420
956 94 321
599 309 389
176 851 641
704 711 92
601 613 737
801 247 871
135 299 601
801 256 448
985 905 969
359 17 733
865 726 957
880 223 178
955 840 766
817 452 793
897 558 906
749 368 801
807 125 635
216 51 185
49 961 65
305 281 860
447 104 877
233 325 669
885 917 118
541 215 817
112 201 925
449 532 399
867 323 897
291 391 241
275 445 456
645 609 847
73 905 505
176 205 433
636 941 281
393 708 921
390 953 897
437 106 895
465 545 651
799 529 636
393 941 601
97 155 105
793 967 367
151 441 986
831 916 772
641 948 571
251 769 66
859 757 55
745 813 465
927 533 698
101 949 113
997 21 421
972 68 751
677 256 548
146 977 187
789 986 793
173 1000 908
305 551 56
923 267 555
410 411 266
285 626 875
371 717 647
400 91 551
133 477 925
589 953 106
75 571 37
425 553 682
321 820 333
625 446 146
206 49 319
928 804 233
529 540 541
316 261 237
241 448 952
133 749 557
353 877 731
487 196 161
297 897 157
473 381 337
745 562 657
101 853 453
281 609 503
609 785 21
913 875 309
705 21 704
331 594 499
480 504 589
108 644 441
9 889 785
37 209 801
776 201 481
835 451 421
101 28 399
185 19 107
87 507 24
505 892 289
519 6 381
486 61 270
289 741 33
293 945 19
895 623 651
834 405 895
571 22 269
917 259 289
546 685 876
765 587 285
866 391 262
439 537 757
429 349 449
451 169 553
795 127 787
997 701 869
801 491 217
401 121 549
546 891 621
516 709 469
104 381 748
193 601 493
8 434 313
681 16 11
425 753 750
211 497 399
739 647 369
23 931 621
439 417 576
233 271 692
601 37 501
1 185 757
163 916 767
251 751 588
133 277 301
851 751 73
177 883 19
63 457 127
765 735 937
765 183 611
741 265 490
386 212 926
228 209 361
57 125 953
606 129 906
736 951 654
907 661 557
329 1 64
393 841 1000
601 201 701
27 645 609
238 320 1
693 69 727
359 753 871
847 681 57
345 741 6
305 861 29
735 71 697
523 937 217
640 697 501
708 74 945
681 431 551
161 376 16
493 431 465
113 901 562
505 285 232
641 301 1
801 641 369
356 589 651
401 84 825
13 929 635
209 755 45
96 81 937
422 671 65
237 493 868
305 681 38
747 788 645
695 85 736
701 133 276
739 626 85
715 518 523
361 121 865
706 905 365
521 201 711
856 925 955
105 699 601
503 753 196
918 21 563
966 376 377
89 201 131
299 747 146
489 465 961
105 691 529
268 77 341
773 193 261
532 601 181
651 22 206
97 801 281
421 197 601
673 576 491
262 951 521
937 223 763
1 431 947
289 405 377
597 19 76
571 576 911
58 269 311
905 521 585
46 361 1
393 513 121
769 772 403
376 429 252
881 601 458
841 417 941
289 521 297
656 746 561
871 901 986
997 433 501
611 901 681
324 305 492
194 153 173
773 671 793
672 452 169
997 813 559
41 842 3
448 941 757
691 669 617
137 201 353
533 869 945
467 351 549
773 485 706
989 470 162
525 305 586
841 447 389
501 67 26
586 129 244
729 873 49
882 171 933
87 436 441
621 251 601
771 45 561
287 36 181
359 379 263
209 613 567
167 985 73
639 811 21
704 781 393
331 70 733
776 729 910
351 410 407
73 51 161
988 989 191
677 97 169
137 201 165
645 166 223
81 801 510
430 125 859
545 151 613
78 717 789
359 241 846
309 961 141
251 106 396
405 185 449
309 45 619
633 208 817
251 963 985
45 397 161
24 593 421
287 170 196
268 121 721
251 577 585
529 446 901
509 254 793
889 990 873
81 669 776
957 51 775
425 881 205
305 873 27
426 391 228
641 221 240
47 386 471
889 645 521
437 715 641
605 753 53
269 681 45
911 601 26
63 341 570
238 769 152
292 383 733
331 873 418
837 779 920
810 961 301
393 501 333
517 800 761
263 117 577
665 408 328
359 341 376
129 539 11
535 170 619
875 340 378
201 947 409
455 921 276
148 937 518
377 625 98
974 868 281
671 873 561
67 421 55
459 265 697
569 328 329
41 194 417
89 633 465
414 871 842
941 393 257
857 725 689
819 747 817
801 115 281
645 807 832
170 405 766
860 255 705
921 851 213
768 497 320
261 827 455
13 3 513
319 750 512
114 231 419
721 403 505
829 727 661
537 732 377
521 355 281
531 806 541
301 961 341
626 671 353
225 478 295
881 640 41
679 759 535
313 835 140
289 392 71
671 360 241
327 785 376
438 697 765
717 130 99
561 307 75
789 806 786
165 163 473
851 261 305
22 1 340
237 325 983
76 821 401
932 265 561
331 83 637
69 591 613
417 711 134
91 321 626
199 11 375
831 315 605
97 233 505
132 205 689
173 81 142
571 97 183
497 301 529
73 839 713
653 100 281
951 688 427
781 501 506
338 337 809
857 737 393
236 515 249
95 435 645
276 529 241
977 35 114
15 953 574
487 821 621
90 886 173
997 586 23
945 715 817
513 753 948
819 651 571
597 334 166
726 691 573
641 501 711
228 993 846
700 701 105
46 981 273
398 256 105
657 171 341
809 301 313
936 981 211
851 581 923
556 147 564
161 917 156
65 427 999
221 975 724
97 1 521
205 9 951
205 695 516
66 508 201
141 569 769
241 753 208
261 221 427
721 845 210
876 333 553
603 963 361
469 2 818
844 25 950
553 241 46
560 715 986
601 377 337
359 169 911
861 463 289
391 315 946
519 441 501
741 721 702
877 387 569
257 701 262
26 745 661
541 233 911
11 585 721
973 761 521
476 631 133
956 821 541
11 376 809
489 621 36
881 149 11
301 351 429
585 385 347
134 966 645
841 164 903
315 561 261
268 73 237
164 689 923
793 481 341
71 795 865
641 428 197
901 119 756
45 876 435
545 783 901
955 467 968
904 998 564
805 236 741
524 126 601
73 595 227
786 783 809
825 531 329
654 141 585
113 401 631
719 76 765
617 104 344
545 969 439
663 209 386
273 271 58
317 191 482
881 593 626
393 197 597
809 15 973
745 631 749
663 328 1
437 141 261
650 425 499
209 931 121
225 959 514
417 497 801
801 349 457
451 281 701
159 661 65
121 761 971
863 295 408
157 797 101
453 787 401
221 87 876
325 268 149
9 560 501
417 373 130
720 833 21
804 201 481
71 225 417
852 473 648
185 543 901
479 461 861
545 831 164
365 840 967
583 901 945
953 685 276
495 687 901
846 301 542
884 872 218
213 718 65
111 733 5
221 209 791
249 981 589
73 77 721
726 201 465
613 469 385
669 841 949
957 145 526
1 913 33
609 746 473
673 873 185
601 105 993
931 521 33
153 32 543
817 849 921
441 7 666
189 917 745
855 513 803
849 711 715
749 539 346
624 1 876
944 331 691
151 94 639
227 709 521
177 912 259
576 945 981
613 773 127
260 681 612
961 677 481
643 344 49
746 823 707
169 645 140
101 691 702
843 917 401
181 673 657
113 796 241
264 301 248
25 226 493
895 660 961
926 925 903
272 25 401
966 772 945
197 38 167
633 169 473
12 669 385
421 486 89
685 152 839
934 886 391
865 179 456
138 81 126
970 195 426
866 406 261
643 955 961
153 545 169
176 177 377
609 70 905
366 73 261
859 1 841
401 821 24
421 321 567
866 88 989
361 849 25
987 776 515
885 854 89
305 85 443
109 929 15
991 276 965
434 321 664
391 787 186
969 486 181
361 741 699
561 996 11
426 312 675
587 985 601
637 884 965
474 111 115
435 311 27
587 604 683
300 659 891
514 143 186
841 935 313
383 451 711
641 697 355
89 1 369
253 585 521
861 889 73
951 839 287
201 210 57
945 501 766
231 463 443
551 514 571
441 193 455
69 336 77
275 932 645
377 401 33
921 801 549
833 821 242
766 684 655
428 981 705
621 60 411
807 889 129
581 491 225
437 35 251
641 937 369
21 533 149
801 490 512
165 812 790
251 23 764
426 537 63
671 796 721
617 360 801
771 743 1
537 91 66
555 421 831
105 241 853
665 532 392
609 25 27
167 779 361
641 855 329
401 265 956
871 684 436
391 553 161
701 768 849
95 475 841
585 629 121
287 309 837
185 788 503
977 615 694
31 273 121
484 773 59
551 66 812
21 741 599
372 1 456
951 186 301
74 121 256
449 386 266
469 610 463
89 549 935
531 253 345
161 301 999
779 235 537
609 20 219
751 513 619
611 501 219
129 441 697
541 719 611
821 346 754
533 981 663
457 941 1
953 811 308
129 946 791
41 675 471
61 941 505
481 441 689
543 391 909
751 715 767
747 393 48
360 521 211
417 742 681
785 822 317
701 585 859
116 775 631
376 337 998
57 379 521
251 313 215
225 739 888
149 959 901
311 621 701
447 181 279
434 601 882
247 73 313
451 889 957
297 652 253
790 35 899
893 691 809
249 101 705
723 856 161
593 36 225
881 561 231
61 637 201
437 689 569
305 89 158
171 435 789
211 207 864
346 694 451
978 870 211
251 690 117
798 169 341
913 321 537
70 451 795
130 437 981
206 137 360
923 327 41
769 441 101
45 774 170
613 761 45
142 425 41
871 736 561
840 454 571
811 297 611
585 349 753
953 856 781
274 903 371
37 937 509
666 510 471
607 876 209
397 584 137
461 505 1
669 41 75
381 541 358
693 655 729
697 97 693
971 909 514
526 857 921
791 546 869
185 641 333
139 226 117
822 373 287
329 204 243
952 481 540
991 765 754
723 21 81
97 765 561
193 151 937
501 841 821
657 880 343
405 965 401
787 309 581
234 497 471
851 564 691
229 427 176
711 237 321
209 421 155
101 636 65
240 617 601
626 175 448
153 282 644
313 63 26
559 169 247
66 5 783
798 457 177
685 101 512
932 357 580
549 806 41
363 425 641
61 717 876
757 265 27
354 89 847
881 113 147
747 470 961
621 34 71
221 476 847
906 63 118
396 937 956
491 416 252
400 816 693
615 799 161
876 431 216
826 704 889
376 515 866
149 825 357
122 221 351
457 689 899
388 869 601
401 891 170
493 433 716
984 925 757
228 936 703
23 154 871
606 981 221
957 485 406
537 312 585
710 847 21
964 235 436
345 8 721
420 405 1
287 897 226
92 101 456
539 462 653
577 490 743
55 325 19
631 905 851
936 591 433
238 851 171
326 158 961
377 830 691
953 501 979
177 791 343
267 421 125
633 360 510
183 817 98
831 110 101
626 334 251
620 355 295
666 369 704
493 322 149
173 488 928
651 449 891
673 726 483
593 702 711
480 97 885
157 251 941
121 46 3
69 393 929
801 1 927
181 526 451
762 997 276
971 641 269
726 470 329
165 240 925
353 863 661
582 719 295
601 616 5
421 761 172
801 141 705
523 401 88
241 153 325
357 209 956
38 763 206
237 915 593
887 771 421
689 823 549
401 339 233
541 626 1
201 51 301
865 941 2
421 280 298
905 616 217
837 591 468
736 632 605
111 525 781
242 98 85
566 146 684
431 436 391
306 253 335
887 241 997
22 987 133
257 321 193
366 726 315
636 533 105
37 93 421
1 437 777
978 238 241
829 709 1
682 681 780
705 919 476
361 997 785
86 878 910
487 490 225
318 171 321
159 621 361
559 119 1
20 347 561
462 356 827
129 129 665
958 287 251
713 131 670
657 441 403
713 17 161
801 801 513
953 929 501
137 633 767
409 792 295
62 31 501
546 739 265
29 349 647
745 31 64
40 990 961
476 879 399
393 337 265
313 85 765
841 493 551
777 321 997
927 939 961
616 401 945
886 166 591
817 449 65
526 369 315
815 721 819
220 292 161
341 319 474
681 993 400
581 469 409
435 33 870
277 833 909
52 431 531
547 223 915
967 49 9
594 329 761
536 596 841
545 1 145
955 402 477
537 96 341
854 531 812
937 401 936
761 734 277
935 387 51
691 753 971
599 601 213
854 968 1
181 226 133
301 351 701
861 363 33
167 961 769
897 892 25
481 469 668
224 139 321
809 840 144
24 81 866
953 601 76
927 461 471
303 500 591
799 131 556
754 865 426
905 139 41
273 919 461
701 311 673
600 552 626
1 649 91
321 603 507
673 71 394
98 369 609
622 275 311
378 710 937
132 764 281
703 521 173
678 581 371
395 731 597
337 501 631
241 500 156
376 49 1
843 616 490
21 785 515
23 305 541
775 721 785
289 461 959
386 650 593
21 996 646
995 265 113
351 165 417
169 689 163
559 725 269
809 531 627
425 1 22
392 963 81
713 671 969
113 498 736
961 201 356
857 107 276
545 915 888
18 761 741
341 867 33
60 529 639
197 57 176
937 131 243
926 693 299
533 421 306
351 633 441
443 807 667
689 29 251
826 571 841
128 617 46
537 613 313
615 769 824
189 321 11
466 382 587
826 173 300
555 651 33
388 542 280
726 359 265
159 627 466
326 195 26
497 501 63
831 266 334
228 361 953
97 925 11
459 129 101
858 521 420
350 901 659
1 201 237
352 922 343
119 720 199
681 767 25
501 907 742
408 801 351
775 597 725
193 186 201
491 901 754
527 751 309
68 95 63
374 681 795
98 888 269
661 633 113
1 438 296
819 737 1
937 349 739
715 924 367
693 221 371
999 740 90
706 763 501
203 441 41
941 529 211
511 425 771
773 176 15
817 852 361
700 929 242
776 281 526
107 895 87
529 413 470
665 613 883
25 829 269
531 741 681
913 479 409
605 45 417
120 830 361
926 259 991
813 794 365
689 982 311
603 692 507
370 361 357
180 795 281
373 293 900
543 241 148
251 1 351
835 707 170
724 666 123
457 529 716
472 41 791
583 313 337
38 747 805
381 950 414
761 593 731
426 321 415
296 696 792
945 683 16
476 875 606
639 126 600
306 501 817
677 435 939
777 865 89
101 92 431
673 71 549
444 816 401
230 426 671
945 632 406
923 384 299
623 65 793
899 225 569
697 489 526
1 16 251
922 213 449
739 2 261
351 55 63
751 239 661
751 631 542
338 229 493
324 158 701
131 73 808
66 397 295
625 591 708
984 841 517
719 365 516
995 193 469
319 379 301
331 511 957
361 408 237
156 954 801
568 329 891
475 426 1
70 43 335
865 911 191
533 521 271
58 841 271
703 977 994
3 926 983
115 204 585
841 775 669
321 557 921
28 921 671
445 649 406
371 993 333
739 897 989
491 731 1
93 549 621
893 489 665
961 723 216
6 101 217
621 121 903
966 917 361
644 117 701
103 648 811
729 993 706
405 969 101
447 872 402
6 584 793
597 169 249
706 201 869
111 621 609
985 761 477
477 753 156
501 385 269
813 136 921
1 242 81
805 822 237
171 621 395
875 958 382
660 466 351
551 927 181
324 361 857
741 996 916
181 598 340
617 937 327
831 671 465
341 649 566
189 321 417
761 877 788
469 126 338
92 17 657
865 707 764
742 313 253
506 320 501
605 261 241
981 667 981
745 537 883
801 821 933
636 519 985
793 751 745
916 105 669
756 1 991
959 57 923
91 600 577
697 451 81
137 591 449
921 361 485
921 516 505
121 705 736
371 959 546
455 161 373
85 495 619
961 193 453
822 220 891
719 881 358
734 961 902
457 283 301
481 213 343
601 331 804
545 426 940
649 809 489
349 841 101
207 331 316
468 741 128
457 585 153
571 272 635
249 670 901
274 329 341
821 213 121
627 581 169
681 25 236
975 825 475
538 821 137
92 800 633
115 89 929
729 716 649
901 777 609
269 355 829
301 226 970
626 397 617
841 816 905
581 241 667
201 809 57
438 1 477
138 845 429
657 489 288
701 552 841
75 769 880
885 183 335
355 177 361
61 958 620
150 80 283
85 305 139
273 275 609
716 612 505
16 361 969
374 321 17
393 413 428
269 833 821
815 51 729
421 679 429
846 644 117
365 376 13
717 6 985
630 202 691
365 153 161
665 991 211
178 989 181
476 474 873
39 847 286
873 141 497
999 661 1000
751 299 821
671 973 493
685 787 998
787 66 683
731 511 913
952 503 969
806 21 581
569 265 604
305 411 691
185 606 678
261 873 25
469 256 833
328 603 335
70 616 153
177 137 596
201 87 681
831 121 401
378 701 881
261 21 232
401 365 225
454 281 561
925 451 283
619 25 621
677 738 947
851 28 38
721 726 247
139 670 887
11 65 194
817 293 25
964 332 769
684 561 33
687 784 511
651 553 713
596 521 943
303 3 21
913 681 750
9 603 617
163 618 979
41 776 464
776 29 744
981 786 640
181 460 276
605 913 233
314 733 724
1 175 349
341 762 763
705 830 570
895 797 321
546 657 227
257 691 257
828 137 781
333 892 271
701 745 689
504 730 593
123 351 810
457 826 131
161 956 405
541 941 713
541 441 481
411 177 51
491 919 601
46 647 453
125 573 5
873 202 729
623 583 481
378 227 241
137 521 519
575 943 41
805 190 435
701 428 475
245 67 491
321 937 243
651 849 32
167 656 956
426 69 406
656 241 493
847 631 967
971 262 883
297 851 591
453 925 971
621 479 9
159 36 1
701 690 27
446 517 363
127 97 831
985 19 576
601 273 347
893 25 971
531 991 661
199 657 776
111 740 865
129 256 700
575 871 3
266 596 102
548 987 476
325 249 986
854 969 733
582 271 701
77 476 681
893 231 451
70 645 711
689 60 913
145 603 741
921 732 952
929 273 101
189 787 587
504 131 397
802 645 635
662 793 19
808 279 523
56 790 204
241 1 374
890 841 109
696 499 550
946 307 426
948 209 611
856 521 73
109 490 235
375 829 806
501 603 298
645 416 542
457 241 881
157 175 503
961 793 845
321 177 741
501 113 983
7 811 55
978 587 369
569 447 857
101 105 319
378 312 213
173 89 345
913 94 863
881 171 873
2 131 593
263 410 771
322 801 292
773 560 837
191 361 241
718 997 546
901 127 136
881 791 121
131 505 603
853 341 311
535 386 264
486 99 661
805 831 419
659 193 995
959 513 801
41 793 661
345 785 667
513 443 496
99 903 450
441 7 921
501 161 841
570 423 321
65 504 750
905 219 401
133 926 965
277 873 833
529 550 481
609 28 608
321 928 369
353 915 401
949 377 489
543 125 16
653 188 837
394 719 583
177 151 906
959 321 436
771 276 561
566 201 566
785 317 398
181 99 311
851 120 491
625 773 776
814 969 15
186 601 775
643 91 793
261 429 169
157 389 479
301 61 907
998 279 941
854 559 297
803 778 937
991 653 603
791 542 141
453 259 41
373 657 619
770 441 928
700 692 671
414 289 37
256 81 903
515 85 73
309 745 193
373 585 860
741 241 711
670 476 518
858 339 372
617 737 945
549 883 605
161 611 601
308 893 393
161 651 77
677 457 831
601 755 686
655 45 65
503 865 419
831 371 93
599 637 591
649 1 311
83 385 407
877 871 27
290 178 844
389 317 851
231 837 938
129 391 137
195 13 211
449 785 149
425 676 969
445 789 41
925 825 71
541 532 501
465 287 316
368 724 571
725 65 193
401 643 421
75 987 784
882 6 773
746 361 681
351 241 701
301 448 216
445 632 153
740 226 351
450 147 671
494 105 361
339 553 180
107 921 977
705 509 551
885 335 915
886 345 56
73 289 627
168 338 193
861 26 870
82 137 226
8 621 751
699 89 369
1 149 649
291 601 161
577 121 389
789 347 57
321 765 273
1 509 998
861 766 64
611 713 120
531 225 105
275 103 960
245 201 493
368 606 201
259 113 521
476 161 43
659 323 465
822 783 846
569 315 253
195 161 881
65 87 795
263 989 925
345 585 304
181 501 741
403 381 708
255 625 251
282 15 94
53 16 193
322 793 636
409 865 911
984 519 876
889 96 796
562 407 251
433 766 1
777 9 97
401 525 661
441 209 218
949 161 479
755 601 362
576 318 725
603 903 169
566 101 601
926 761 527
199 493 681
297 915 151
987 461 489
727 883 809
961 35 181
55 322 750
669 768 553
653 499 915
809 468 503
937 131 385
21 251 757
265 227 641
983 503 877
11 867 969
497 395 867
628 451 83
845 380 159
837 145 366
501 109 449
892 483 863
275 530 961
993 109 35
188 763 684
751 625 800
965 489 556
897 609 81
709 26 597
321 951 155
181 535 267
205 401 149
931 485 945
954 861 807
77 279 865
749 915 169
981 569 425
755 441 722
570 628 841
381 660 72
358 801 41
847 97 812
484 927 543
491 233 701
901 169 609
116 790 361
736 179 526
150 244 276
699 226 327
696 17 503
639 751 566
923 65 419
755 89 527
129 241 861
11 889 537
15 591 280
211 696 380
921 329 329
901 354 551
433 297 266
129 105 961
392 661 648
158 625 975
65 573 723
601 177 617
689 737 33
723 449 537
521 542 31
249 923 534
657 293 32
311 271 351
846 920 917
835 731 681
137 331 581
207 383 333
267 967 221
473 553 841
586 267 485
929 761 810
737 353 807
681 891 591
57 555 551
105 181 56
196 899 461
115 673 325
371 297 385
419 956 448
786 885 705
411 613 541
301 585 816
481 985 499
701 73 853
249 454 452
611 239 497
973 205 559
685 431 417
681 321 721
793 177 525
301 891 159
626 257 9
847 773 123
311 579 468
761 377 301
533 529 79
621 681 271
401 520 734
176 437 649
841 355 721
269 369 135
926 777 901
417 741 826
65 849 286
185 23 733
39 909 266
465 901 836
838 85 827
593 297 376
285 793 325
857 47 146
481 956 101
854 548 489
361 745 999
571 391 801
892 81 191
819 95 161
117 191 685
821 285 121
881 179 397
273 305 997
151 42 212
696 54 221
305 746 421
933 217 776
938 280 35
899 163 133
786 49 497
35 516 741
493 361 170
445 697 261
6 981 485
899 831 662
961 926 861
233 513 969
121 277 513
226 178 601
59 127 143
521 527 977
26 803 516
541 179 846
421 241 342
38 901 661
751 761 745
465 529 501
537 503 783
398 513 241
481 505 509
359 510 550
982 49 161
569 80 416
731 793 911
143 891 150
35 632 506
601 233 474
445 811 993
345 413 531
336 801 89
1 733 409
797 84 137
82 869 97
265 282 217
877 301 965
849 269 383
857 625 653
993 701 329
996 907 789
411 655 41
961 934 529
301 213 518
77 284 521
371 177 71
443 465 74
41 761 906
508 209 327
57 593 196
282 795 117
769 505 297
187 633 912
305 523 601
807 199 601
507 713 297
676 510 354
515 761 146
361 111 95
433 668 47
265 392 186
231 441 891
68 495 771
756 741 531
447 39 621
186 569 461
153 937 391
906 187 697
401 74 88
126 29 413
693 28 343
879 125 1
586 921 121
615 623 153
761 201 317
950 941 729
303 619 528
801 130 253
125 401 561
592 693 745
41 361 721
431 611 225
392 420 257
911 701 501
651 599 851
247 257 929
977 778 297
418 385 317
321 401 201
176 581 1
301 38 857
752 375 321
137 171 854
965 811 185
614 25 457
817 317 747
736 741 421
693 457 807
869 505 721
849 485 73
161 621 969
417 667 980
131 599 446
789 99 401
779 51 941
372 425 343
636 141 781
403 751 142
787 465 757
130 117 337
693 461 1
470 641 386
371 643 569
469 721 1
363 131 401
337 161 940
402 745 620
646 1 892
991 195 391
101 369 186
605 877 55
126 969 913
33 551 428
937 876 706
626 889 409
24 353 513
621 82 226
136 547 77
409 841 201
174 114 33
330 976 405
379 471 166
617 737 158
770 123 413
471 313 161
29 565 304
147 689 651
287 709 761
830 945 85
86 529 593
497 905 81
345 288 771
681 53 991
626 142 617
988 499 257
645 266 477
133 729 869
145 461 386
460 49 39
977 857 401
869 786 497
736 385 859
967 833 628
716 79 165
180 297 605
73 193 557
205 597 36
34 429 645
920 457 942
277 610 681
634 171 975
763 868 635
793 55 706
191 564 353
238 564 793
667 271 826
274 447 606
88 821 631
541 769 359
576 433 309
258 511 895
715 381 658
766 537 159
381 401 679
606 317 801
117 369 443
165 569 901
389 309 104
961 1 717
417 324 238
449 221 152
376 374 261
211 717 761
617 193 716
121 968 785
601 641 201
210 407 816
902 739 328
975 927 944
887 160 581
291 849 601
242 899 301
699 946 407
491 67 171
396 3 501
500 47 51
804 953 287
867 775 39
20 747 768
661 124 841
743 81 115
291 531 775
589 541 449
457 717 385
481 187 981
744 745 81
313 988 212
1 257 106
285 303 153
429 201 138
306 407 176
47 169 275
370 350 241
79 785 505
981 734 325
951 483 601
441 902 701
756 490 661
615 623 1
896 81 592
538 639 55
217 505 665
73 466 957
681 75 990
41 48 411
907 201 439
449 63 460
353 457 101
815 957 115
561 601 601
616 126 599
521 385 490
618 751 217
135 696 995
1 492 21
6 701 261
956 851 227
766 976 83
141 430 61
185 921 17
994 114 311
557 969 209
300 801 261
785 783 45
475 425 840
31 600 121
161 79 361
861 381 681
658 123 123
219 675 657
49 417 2
772 5 41
321 381 777
986 447 763
750 561 133
889 717 901
240 371 881
922 695 124
113 659 617
879 1 805
393 161 275
655 264 167
5 179 907
61 11 86
865 761 333
445 329 5
177 585 727
681 945 297
605 371 545
378 65 329
165 26 84
551 353 724
221 721 573
809 672 596
361 166 361
511 676 617
273 548 949
515 771 839
623 251 701
241 807 953
776 625 697
124 857 361
777 833 33
577 569 237
891 113 69
772 379 933
786 281 455
515 654 561
509 201 547
33 927 590
361 495 271
244 453 547
649 250 377
50 302 581
472 317 21
871 183 991
129 317 267
105 602 299
471 921 518
356 953 646
861 17 991
757 721 345
993 457 551
641 476 84
161 298 781
481 775 596
859 603 732
665 961 921
871 679 927
911 701 21
749 861 113
405 953 41
225 425 540
783 586 825
1000 881 25
621 169 297
209 535 321
675 933 301
811 632 51
921 76 447
731 149 245
461 11 394
185 41 145
171 97 893
570 677 482
905 705 448
879 287 361
719 365 827
657 653 721
849 967 901
901 298 565
316 875 9
1 426 91
481 95 377
201 553 507
101 276 165
537 701 626
941 907 757
403 721 563
981 195 521
289 724 551
474 449 501
941 851 191
656 111 441
33 281 341
25 637 603
431 16 631
445 879 869
527 791 813
711 87 851
857 539 493
10 833 441
863 177 831
351 217 951
716 771 111
836 311 991
77 763 936
61 17 929
521 108 921
493 911 589
769 764 865
878 133 913
61 155 685
1 631 419
729 532 31
226 467 823
381 42 688
423 851 241
711 878 216
905 61 501
825 531 841
257 545 983
571 241 276
651 143 821
601 111 189
721 721 178
941 865 970
577 341 445
587 659 905
801 97 413
153 95 773
185 581 621
87 104 525
45 166 855
536 351 181
201 865 446
90 719 153
886 833 961
609 135 301
517 41 801
987 124 527
81 701 993
881 753 699
717 887 305
993 761 868
269 31 823
5 451 426
85 451 651
226 913 977
111 416 859
377 376 220
255 477 121
501 161 946
281 176 945
357 950 841
593 379 649
189 837 399
649 379 355
121 981 358
251 939 557
317 401 313
101 297 117
631 565 595
441 295 577
943 389 176
629 759 481
201 726 781
523 249 743
241 597 361
74 91 370
985 285 159
985 259 601
65 411 893
145 945 871
145 774 801
857 87 338
253 313 426
633 433 945
606 465 781
421 185 520
139 281 886
446 690 705
321 861 547
833 950 192
375 404 379
782 726 229
624 231 561
482 681 676
421 645 249
564 693 640
197 699 25
469 423 921
455 301 710
767 551 169
861 301 537
231 785 704
153 451 851
281 873 985
135 469 191
787 1 259
305 683 299
903 799 609
861 687 408
151 531 977
321 167 145
877 417 542
574 141 405
779 284 772
905 209 350
933 967 285
721 292 781
844 707 352
269 379 554
51 79 457
745 85 236
681 212 186
801 211 926
601 491 643
423 17 393
801 307 905
57 305 167
221 401 569
13 621 269
181 721 594
285 9 996
181 851 561
241 835 296
851 601 514
49 591 864
375 605 793
751 462 385
961 641 136
256 405 309
751 649 33
553 609 913
66 682 890
225 419 201
407 817 369
217 153 345
481 799 228
45 25 805
301 421 989
832 217 621
654 441 337
712 487 971
65 857 737
421 861 901
102 619 731
521 776 889
69 916 456
536 163 237
601 111 889
871 725 897
933 555 125
916 29 592
788 556 481
802 300 949
501 826 750
357 753 718
277 448 518
865 53 5
931 277 521
960 113 261
401 89 971
291 999 317
41 494 641
241 374 770
41 889 729
169 457 129
17 852 465
529 454 672
181 251 243
105 551 225
701 755 395
913 489 934
706 885 751
783 933 939
478 773 49
549 261 831
416 1 120
737 701 331
516 521 787
393 263 273
511 54 691
903 747 679
806 513 481
766 905 565
793 969 365
321 877 963
409 44 151
529 481 41
905 557 665
784 920 108
465 383 62
921 147 941
331 999 261
563 625 585
833 781 281
845 248 758
477 976 956
1 816 631
953 421 751
197 325 191
497 784 608
721 809 118
699 589 281
97 136 395
189 169 102
823 489 529
525 161 761
759 867 181
261 567 511
37 701 891
626 391 181
337 821 14
557 131 21
819 843 1
189 421 25
346 333 501
702 296 5
293 679 40
973 560 601
706 961 232
633 441 881
681 170 722
561 976 11
980 6 373
760 501 661
745 961 26
17 197 201
764 353 905
681 221 521
51 417 33
159 401 871
431 777 313
691 256 443
561 240 633
451 313 751
569 601 622
337 392 242
741 561 817
49 482 963
208 623 997
9 334 169
398 192 241
886 582 376
129 49 306
997 921 65
65 161 269
481 470 649
962 209 215
506 991 757
599 281 205
517 953 51
933 677 837
819 857 262
225 678 571
147 380 653
381 193 681
361 549 929
356 157 313
410 796 23
430 614 123
267 876 231
377 241 838
111 101 139
989 192 480
721 253 498
746 251 99
626 719 320
993 190 501
362 430 501
975 565 613
732 951 603
351 57 321
121 219 685
785 749 645
805 554 261
473 777 37
477 133 330
963 81 29
29 484 650
929 213 15
921 373 857
813 399 847
141 224 569
154 756 669
268 201 113
629 51 356
382 373 814
656 951 865
545 201 677
681 843 30
249 514 999
981 777 851
73 133 21
977 165 599
545 298 84
986 914 843
19 233 806
141 790 112
200 493 816
977 681 506
561 146 321
280 295 641
813 837 141
957 353 641
593 849 905
27 1 896
393 177 35
34 971 985
416 898 553
469 336 637
932 776 419
554 136 873
997 681 28
717 313 341
841 843 446
569 965 6
954 591 409
329 815 921
273 451 303
553 736 531
746 865 437
329 835 581
401 425 233
201 711 569
102 2 527
82 190 777
791 555 736
265 30 145
390 911 217
873 597 719
256 245 177
950 946 69
397 213 591
1 284 155
4 336 221
600 820 731
124 669 11
718 801 884
630 761 223
483 631 866
577 939 722
63 777 1
633 361 108
943 521 937
901 1 977
489 617 621
356 197 601
796 106 487
961 670 868
619 377 973
876 91 525
952 671 871
936 277 1
943 691 142
691 879 903
819 972 161
624 849 222
416 696 276
925 177 941
693 57 761
921 245 49
821 633 222
345 649 589
721 231 802
608 371 107
826 214 961
101 121 801
382 481 801
211 345 258
361 601 263
789 913 489
683 261 645
431 619 481
93 449 705
501 669 545
501 901 391
942 725 976
571 581 617
899 631 7
279 357 42
904 305 578
589 397 178
61 980 611
210 111 767
196 666 81
5 691 523
72 746 189
931 160 369
36 535 551
860 451 496
661 346 170
761 513 540
533 649 641
935 625 751
167 245 120
996 705 227
806 938 169
366 648 265
436 513 872
754 887 701
501 285 651
171 793 857
505 493 451
345 336 343
607 121 233
461 738 961
311 148 345
949 426 281
977 134 838
571 566 777
695 689 269
193 465 843
525 610 38
661 921 70
276 369 466
248 311 793
899 156 181
429 267 353
615 877 835
412 567 337
785 883 630
503 577 281
201 311 870
379 670 6
945 926 482
607 452 649
861 133 161
804 329 839
298 576 346
49 229 881
901 967 481
975 654 475
2 861 732
945 374 57
600 609 654
300 657 680
457 846 381
423 112 57
243 281 825
937 597 545
81 857 897
905 336 535
177 881 813
721 897 57
576 615 441
417 413 705
203 968 640
236 769 631
113 943 13
91 675 766
259 715 676
756 441 223
685 457 855
884 489 931
315 187 601
8 17 265
341 553 897
49 673 825
361 201 107
77 769 170
583 785 63
21 800 778
471 102 81
337 420 767
651 775 579
961 601 933
506 975 841
610 467 406
741 521 681
953 592 645
409 81 257
873 177 25
313 27 643
894 128 601
101 1 177
861 981 865
185 687 481
187 941 801
102 869 515
124 463 229
544 946 90
629 249 963
940 796 54
323 719 896
816 812 178
89 991 827
55 816 909
546 713 232
979 1 843
746 313 125
766 279 850
1 466 406
585 273 843
644 179 51
223 301 663
857 876 66
454 705 965
305 433 541
638 936 945
334 226 402
261 361 337
881 191 859
436 217 161
797 113 422
627 15 453
965 179 589
137 901 336
821 255 201
345 403 406
781 585 6
313 263 306
181 961 571
681 566 205
101 239 444
605 245 2
148 551 482
1 511 401
851 549 283
697 564 11
489 723 471
744 680 601
489 505 463
923 695 96
201 849 856
578 977 54
891 624 897
17 137 845
331 751 124
449 177 317
80 737 289
449 820 316
705 464 243
601 813 680
685 157 675
398 827 858
30 237 689
667 713 563
677 925 663
1000 281 881
527 480 82
209 57 491
85 810 941
633 992 471
791 481 1
255 673 625
597 383 668
11 1 301
101 229 541
871 375 421
766 466 729
561 253 607
464 290 485
876 146 365
65 409 805
142 907 372
56 537 883
845 737 844
33 179 754
721 161 713
786 667 960
260 951 593
209 120 679
171 633 81
1 399 229
651 138 641
45 984 571
647 521 683
851 801 249
251 159 626
307 263 861
140 631 637
456 501 301
765 341 65
835 772 701
13 380 969
275 761 289
946 969 541
889 1 29
