3322
961 469 538
440 681 924
26 673 557
171 545 806
661 201 945
86 121 209
695 54 271
281 576 93
66 385 856
185 313 105
108 840 359
383 981 46
465 576 208
476 329 273
431 126 286
859 287 493
597 907 731
721 487 59
892 823 141
197 257 45
729 45 241
850 831 162
501 830 568
281 109 873
137 292 601
725 611 393
435 210 311
155 548 49
985 954 626
229 662 134
917 475 853
929 433 705
251 389 351
171 361 706
165 847 143
108 721 276
785 473 531
169 511 113
737 941 556
362 851 323
406 893 960
321 977 484
688 289 459
496 791 505
279 605 878
341 211 996
346 891 596
918 40 325
326 635 541
937 207 987
250 21 153
521 291 797
201 41 892
501 831 747
576 105 363
1 361 33
521 738 1
813 133 807
111 145 425
68 251 873
227 701 937
727 201 751
864 55 966
826 298 651
345 572 721
537 805 438
939 619 939
112 856 1
281 517 533
281 126 561
816 34 879
969 332 831
241 32 643
281 401 265
285 537 644
869 801 71
301 543 659
6 691 27
881 561 571
437 505 641
237 401 81
871 767 499
951 265 575
914 205 396
844 841 825
606 607 686
425 132 376
670 521 325
809 180 611
295 361 476
314 801 676
588 165 733
501 926 845
531 551 93
251 649 373
705 76 971
1 937 146
703 639 941
327 483 513
531 581 171
659 487 609
456 161 252
177 936 235
496 123 100
565 873 589
201 376 745
381 592 470
143 490 886
489 719 801
810 490 989
551 524 611
885 561 121
847 834 281
296 922 697
533 751 9
737 446 471
889 897 469
421 281 421
336 143 262
339 673 903
689 441 561
691 57 976
199 786 612
867 556 945
557 584 866
664 901 308
857 575 358
136 196 151
149 821 521
697 629 561
829 139 473
20 701 468
106 865 137
608 111 257
311 223 640
13 37 551
451 313 631
441 747 1
92 841 506
947 847 945
541 629 169
477 601 481
481 773 723
125 219 871
983 292 818
778 679 857
701 256 176
405 25 202
849 826 794
926 610 526
311 517 866
341 347 136
1 761 801
35 275 397
965 761 461
733 421 199
281 761 143
261 32 291
901 905 865
1 881 41
551 494 459
308 920 447
101 581 501
826 9 745
913 962 608
851 527 599
989 71 591
277 105 392
242 631 149
134 835 657
161 305 211
587 948 128
93 441 781
797 541 829
701 136 675
489 301 52
565 192 806
601 193 852
705 41 49
436 33 833
891 209 655
343 364 903
336 121 167
985 721 443
253 584 619
71 645 453
813 191 129
373 148 197
311 49 209
484 383 808
190 551 879
333 329 785
21 796 120
966 308 92
315 91 107
561 705 593
91 875 97
283 431 61
278 233 994
301 845 736
143 147 789
857 747 291
673 362 646
327 753 904
541 417 134
551 369 277
501 569 656
847 90 260
673 471 565
760 577 741
881 493 347
326 77 441
137 36 896
842 536 647
895 217 661
301 397 404
741 453 755
537 969 502
476 157 729
491 914 397
260 663 852
194 278 659
809 249 870
825 457 129
489 508 526
745 161 896
745 784 571
321 297 901
435 221 137
901 501 53
353 403 107
846 601 40
255 338 983
740 181 298
426 136 931
549 129 405
137 709 788
657 303 378
78 90 604
226 409 521
225 765 33
611 885 801
441 81 210
490 239 180
361 939 733
561 65 363
852 956 793
739 341 757
230 274 841
248 671 945
785 151 576
181 67 1
453 477 775
391 337 212
932 557 305
457 401 61
964 113 98
53 789 17
609 966 883
601 705 73
349 744 653
351 509 149
463 228 337
481 406 901
151 367 17
681 909 441
61 484 791
421 565 601
601 421 29
141 341 49
432 953 777
461 810 25
901 569 35
591 115 929
511 908 888
447 384 513
122 345 979
951 975 194
447 641 145
101 425 991
849 630 29
814 857 275
571 501 994
531 661 907
130 191 772
492 809 905
311 726 791
783 781 176
721 481 139
624 646 5
251 879 154
413 849 329
362 777 425
701 803 501
701 345 89
305 21 949
853 973 757
941 1 256
93 777 744
501 217 787
591 93 406
145 551 547
936 821 253
501 769 51
415 225 461
154 640 185
21 554 229
769 844 1
49 665 465
71 589 905
976 295 369
815 897 81
957 737 128
49 131 607
81 892 67
539 761 365
807 237 706
933 321 388
833 137 576
298 1 147
649 788 321
579 66 251
857 47 529
26 526 641
729 65 65
136 351 889
273 265 481
921 27 81
161 301 541
831 496 663
57 541 887
329 517 60
621 707 794
5 766 875
1 863 896
562 385 126
241 291 301
889 997 11
61 751 253
395 833 717
482 233 497
883 533 687
651 663 818
328 578 869
134 361 129
1 373 961
353 873 368
551 896 477
169 273 721
33 345 437
887 137 407
457 301 566
46 585 362
865 621 508
676 293 521
607 776 583
406 263 757
209 345 113
494 246 191
449 811 801
353 134 249
753 943 765
909 528 885
141 706 227
495 321 901
541 948 265
793 417 585
381 826 608
65 151 201
822 626 66
809 475 596
807 999 836
713 515 49
995 56 506
752 424 41
874 861 425
211 273 81
501 61 181
863 793 948
179 401 951
249 906 91
701 241 501
905 64 235
636 731 701
577 425 301
993 811 263
393 785 1
873 316 785
329 158 984
265 889 251
955 401 364
260 113 357
585 356 43
437 429 769
1 249 253
421 327 167
176 965 1
859 431 901
328 57 941
267 947 551
543 969 797
25 883 761
128 393 821
471 402 395
461 474 351
997 81 497
845 785 589
118 697 254
529 713 641
511 541 706
164 383 41
46 937 976
701 11 657
262 563 31
434 754 237
915 789 33
761 727 111
905 483 689
784 823 299
927 703 313
189 573 829
193 731 556
848 107 61
321 233 830
889 93 133
787 880 777
571 873 517
653 712 625
437 478 89
22 974 385
751 326 486
636 871 694
455 401 969
135 449 745
976 508 58
705 340 381
981 593 69
133 793 756
575 473 147
101 409 983
821 73 917
891 260 251
226 993 261
921 461 209
186 252 408
633 751 80
657 854 409
233 439 41
275 559 188
997 65 781
249 768 256
633 867 697
398 81 201
978 508 601
853 281 586
879 865 817
86 398 143
721 201 391
617 394 429
723 501 521
921 465 958
474 951 231
995 180 631
459 239 465
857 297 210
37 625 100
729 834 966
649 560 993
489 56 1
939 661 251
621 471 268
803 101 437
815 249 405
26 570 841
127 690 65
388 837 161
8 927 466
753 809 373
781 801 711
201 185 901
708 727 870
671 201 483
116 41 728
121 951 461
554 329 320
621 989 809
452 229 238
43 179 185
329 421 488
253 657 66
493 80 361
321 285 305
706 147 1
201 909 905
49 445 833
21 281 310
31 582 817
433 345 475
884 574 81
101 121 748
1 151 305
531 706 673
492 277 675
9 201 585
519 209 710
393 641 18
627 261 291
681 805 721
653 211 902
726 17 711
458 761 425
585 365 277
761 769 978
766 394 561
1 216 111
161 206 201
481 777 279
171 106 639
441 251 761
560 75 336
165 673 281
185 757 233
781 696 713
251 133 25
211 633 111
793 424 129
173 686 781
305 681 360
645 969 485
510 706 979
837 437 315
913 267 23
816 677 105
911 907 465
857 464 885
1000 116 201
365 189 276
896 980 383
826 201 626
351 81 353
706 601 117
397 993 433
150 470 457
115 209 127
9 47 231
161 51 781
741 461 212
806 186 79
451 387 881
666 661 205
771 477 761
201 602 546
283 625 401
801 423 188
871 897 481
175 641 393
233 531 141
34 828 126
961 112 201
614 743 115
485 969 887
504 836 41
329 465 75
961 957 792
841 489 201
568 77 345
901 701 428
131 406 569
24 184 671
557 785 961
929 361 499
766 713 977
870 214 111
129 676 817
249 429 413
586 851 179
563 469 697
705 717 161
379 781 310
401 255 216
563 810 11
257 281 513
92 116 989
591 302 534
352 293 329
943 591 251
761 969 49
927 657 521
789 305 201
923 584 549
198 133 233
633 155 885
737 726 309
320 373 567
907 918 634
233 329 163
223 1 623
751 669 120
589 382 81
893 234 641
577 954 463
364 429 928
129 680 428
921 657 886
737 7 665
868 401 621
3 413 234
313 629 179
367 35 26
873 998 706
436 616 723
885 594 831
57 425 506
771 361 97
661 415 906
57 593 609
905 37 566
911 546 961
155 240 313
997 898 812
211 55 29
21 75 929
713 235 371
447 157 65
931 185 640
15 786 401
181 329 131
785 161 956
5 495 129
945 89 618
16 441 151
655 441 761
261 313 754
477 193 941
868 463 731
946 928 573
601 793 561
663 904 390
701 532 156
888 321 981
61 682 953
951 536 432
326 989 165
99 331 53
193 781 334
993 525 850
137 689 731
791 201 351
326 376 849
66 991 673
981 1 754
95 743 861
881 73 353
71 433 899
467 53 577
435 135 201
351 835 514
727 470 217
691 181 101
569 911 809
309 26 513
985 578 657
931 501 87
229 363 451
861 409 249
341 433 649
133 567 725
776 119 962
793 31 1
621 458 586
701 353 775
391 825 949
340 61 955
713 161 601
701 30 553
961 329 991
900 522 677
871 181 27
353 393 925
61 177 845
365 528 611
989 674 297
885 551 1
251 652 371
251 132 409
681 733 665
829 685 221
233 297 505
545 547 542
241 331 833
918 579 319
802 999 820
151 721 355
209 193 205
831 441 489
456 249 1
211 103 293
841 485 803
227 477 61
841 177 461
546 759 317
981 524 945
593 510 657
661 539 489
726 647 64
181 659 665
721 122 781
469 951 822
833 145 498
113 784 621
823 647 371
746 915 399
561 413 81
505 580 811
681 487 637
489 969 701
141 66 649
885 681 951
941 425 963
633 649 47
25 577 169
691 581 410
465 175 651
7 886 2
321 708 511
375 333 92
571 436 441
225 809 530
99 67 241
347 219 334
73 473 489
629 722 115
105 456 959
181 801 321
864 1 85
329 453 721
945 65 286
701 904 251
631 751 218
746 561 946
361 335 701
23 541 416
153 66 318
781 731 969
486 305 633
183 567 506
205 855 409
709 721 826
464 14 331
408 635 972
421 33 626
2 881 821
93 709 371
885 355 85
459 815 177
337 597 956
145 427 489
918 989 451
716 317 306
131 817 41
609 769 757
299 635 541
57 870 791
721 686 569
259 71 509
721 839 946
585 545 271
409 151 341
277 190 10
817 51 950
829 601 797
584 120 515
686 764 332
281 946 728
309 982 77
231 292 421
337 183 577
422 33 961
883 891 812
617 909 129
963 737 41
269 38 497
385 527 1
191 563 713
341 120 897
309 18 544
292 241 945
915 625 976
879 801 501
401 835 641
971 789 941
11 875 149
601 976 154
241 475 901
33 516 914
626 575 561
441 521 434
61 476 781
711 831 477
871 333 281
614 11 867
65 181 351
862 796 33
951 721 217
196 735 320
105 327 89
59 141 909
856 185 777
325 32 701
791 689 896
741 799 156
307 481 504
316 865 25
945 306 112
337 321 209
185 286 201
211 481 667
691 919 97
233 651 625
475 209 936
145 41 501
372 111 805
853 675 957
569 491 76
9 23 1
971 610 5
437 427 51
880 211 417
526 356 636
281 43 641
10 673 294
994 331 805
696 934 377
2 377 601
508 721 804
411 193 925
876 845 175
521 161 241
81 722 957
749 533 516
783 817 698
101 741 791
684 651 149
550 37 465
429 918 43
446 281 826
36 21 861
618 246 401
457 405 239
87 259 961
911 551 17
433 581 617
360 377 121
411 256 912
511 33 221
585 165 243
969 727 156
91 665 721
529 225 1000
585 229 420
671 388 249
910 682 440
125 969 413
161 875 813
839 713 266
105 751 337
609 539 791
532 745 531
831 53 645
593 881 271
571 1 711
645 111 721
761 436 28
741 460 845
103 653 917
232 770 961
374 716 73
359 1 779
513 691 361
947 187 499
621 27 169
956 311 501
737 281 438
409 937 65
425 163 936
525 181 865
283 313 391
177 53 733
81 785 67
343 34 127
401 983 807
889 641 113
509 885 770
725 14 366
939 211 894
12 315 5
323 226 581
476 377 353
511 361 21
753 17 242
877 646 403
834 465 721
401 461 917
433 514 553
385 361 55
298 691 705
821 627 521
256 295 571
935 229 257
201 121 633
711 93 724
325 94 441
343 457 881
610 671 494
665 233 281
426 341 797
913 746 441
409 301 463
561 778 924
301 937 76
713 874 971
385 905 138
359 38 113
951 863 281
871 301 201
960 25 666
175 841 913
171 652 803
545 173 501
641 258 751
490 131 173
626 911 977
771 225 151
749 515 601
52 383 787
41 758 351
931 213 466
656 761 593
899 971 515
937 1000 481
401 169 706
469 711 661
449 739 353
976 288 286
3 703 151
513 481 553
863 614 5
309 841 751
987 881 459
833 30 499
191 848 877
274 632 750
33 16 749
6 766 101
209 603 146
771 374 97
515 145 15
913 301 133
251 335 529
281 633 601
9 722 572
493 413 289
197 813 831
350 977 997
5 283 896
146 28 536
619 441 381
756 533 961
873 251 671
705 127 463
64 333 496
989 713 73
776 201 107
931 497 999
741 291 513
369 399 431
865 761 515
152 237 971
289 381 81
413 569 141
907 976 753
43 543 889
577 801 1
716 569 381
457 301 346
675 504 941
81 173 577
501 153 361
523 661 328
77 251 537
51 861 78
769 389 919
653 407 846
237 851 507
943 80 865
615 719 541
723 511 709
681 347 581
432 31 9
665 25 613
360 512 737
386 761 842
615 79 29
792 629 543
897 721 817
622 781 978
176 308 57
881 121 585
451 471 637
561 681 589
766 559 920
981 155 719
101 711 28
838 738 621
411 897 529
717 884 441
273 793 245
329 263 954
597 501 11
517 601 457
955 975 855
431 18 905
333 659 457
345 549 205
99 913 202
999 743 352
573 150 464
651 939 376
223 641 209
137 290 513
141 536 371
625 241 951
993 741 428
630 253 81
257 321 145
665 285 799
357 476 363
997 347 905
333 21 952
695 289 764
496 819 953
531 929 773
809 389 955
86 686 113
794 629 451
145 725 217
413 197 398
1 377 72
301 393 307
453 6 957
841 777 426
141 127 201
211 698 56
881 255 901
861 569 155
107 560 875
261 37 981
185 985 506
190 586 931
185 421 409
465 141 51
415 211 836
5 545 117
426 811 313
61 747 900
361 213 836
679 138 121
257 1 635
711 875 701
633 191 741
709 460 450
366 825 976
409 436 353
666 297 156
241 980 38
896 1 507
465 841 953
792 732 277
653 933 449
433 976 631
321 977 637
885 211 179
526 381 526
153 767 441
497 857 265
326 123 789
636 171 556
730 785 683
131 438 233
961 73 830
561 657 789
801 301 671
641 674 326
957 543 166
376 131 660
15 977 857
274 181 11
469 304 227
332 376 779
697 241 481
482 309 21
993 726 540
189 451 641
205 461 33
521 456 51
281 651 821
829 61 169
905 167 831
394 497 640
488 129 225
873 965 879
526 5 149
753 681 869
977 901 751
177 221 945
873 635 231
670 765 395
681 279 327
861 617 863
129 489 391
865 816 58
671 153 637
421 53 531
907 801 849
421 16 988
393 441 177
613 118 401
836 143 130
96 723 825
573 909 441
38 85 163
589 986 659
625 209 316
201 19 241
21 126 316
729 436 23
5 981 36
398 593 377
75 586 743
246 718 289
533 351 688
377 957 917
71 777 571
29 303 561
194 649 827
985 581 403
297 655 155
859 332 311
773 199 395
161 153 329
278 649 353
336 529 131
219 69 41
677 461 321
113 983 809
441 611 97
965 97 611
253 439 72
131 301 851
283 35 176
185 483 972
379 117 961
993 426 661
661 103 333
673 807 150
179 329 391
151 746 963
857 561 475
304 461 306
841 961 728
761 617 361
767 657 91
895 114 709
665 621 21
559 59 243
912 595 885
343 263 331
898 355 557
405 25 719
617 81 228
203 287 901
901 689 863
127 1 901
343 36 817
40 429 501
281 693 46
55 517 462
67 751 556
627 466 497
293 367 659
641 331 211
308 571 501
681 677 433
276 276 265
276 598 863
121 276 43
369 801 95
361 790 929
17 705 421
281 938 263
585 261 489
365 931 387
316 153 745
273 107 133
797 769 121
313 61 689
863 95 972
793 736 132
781 297 292
79 593 25
435 371 226
290 109 361
313 375 536
533 9 241
801 381 501
829 646 789
926 921 304
209 670 79
445 540 976
379 989 369
101 87 109
165 761 913
321 645 341
993 290 866
540 195 437
825 341 611
16 945 593
837 41 901
401 477 701
955 370 286
911 973 551
171 225 617
217 794 119
373 121 425
409 137 281
773 889 351
201 428 201
804 167 265
863 706 366
535 438 205
821 549 456
25 113 261
1 915 467
243 298 9
521 745 10
380 857 179
681 593 55
481 201 517
938 1 446
754 779 175
665 57 353
300 180 851
13 946 177
720 379 806
169 817 545
422 967 205
697 821 661
826 617 338
617 751 306
251 297 456
871 1 731
155 617 115
174 227 835
90 366 176
102 87 546
217 973 163
328 633 851
321 946 783
233 115 759
806 588 557
127 885 247
141 895 301
585 41 411
658 936 721
836 70 519
534 494 769
201 827 989
771 683 163
136 302 589
641 656 531
979 365 10
145 65 45
985 564 966
410 721 89
156 301 573
137 501 807
438 533 341
155 601 501
26 736 715
975 181 17
913 853 616
277 973 446
41 351 291
401 331 841
372 507 311
132 3 901
771 375 192
127 1 433
577 89 395
903 852 963
60 225 366
961 993 361
191 89 165
363 409 666
852 605 721
393 497 135
477 181 503
681 761 815
211 256 475
849 966 705
209 521 469
23 779 557
254 714 61
326 825 947
697 507 557
711 401 867
393 77 483
287 447 946
673 269 201
861 978 109
182 262 167
353 953 832
281 506 751
639 289 82
17 488 501
562 345 281
516 850 759
811 684 521
608 682 337
732 375 635
723 509 561
393 641 261
681 425 881
4 65 641
181 426 341
549 213 601
836 829 796
827 725 541
51 945 118
401 965 61
809 441 947
473 169 673
925 876 427
946 357 163
775 41 433
580 821 857
651 755 727
69 189 885
731 113 861
411 793 103
393 819 111
907 337 203
615 394 505
963 355 463
219 76 893
303 105 770
841 889 341
981 461 371
593 673 982
26 281 387
625 641 201
96 193 49
635 507 285
396 146 605
589 945 772
224 460 201
155 15 596
980 989 677
977 335 527
70 710 587
986 166 11
361 227 446
527 881 625
819 501 901
785 881 562
401 449 868
981 156 162
878 88 776
561 415 36
981 575 558
227 185 205
983 57 823
961 291 625
331 497 776
11 869 731
921 98 893
510 525 76
565 226 539
225 837 51
701 131 839
87 817 339
193 839 290
489 391 969
361 753 338
25 491 369
295 285 358
681 363 71
671 727 595
507 521 291
658 398 901
72 421 761
272 256 481
573 23 903
385 967 931
841 682 201
116 479 761
433 629 96
764 193 783
360 136 77
371 534 629
781 413 379
521 795 341
13 811 465
434 457 49
104 399 181
744 920 207
259 1 245
263 719 17
743 23 735
459 455 738
546 311 77
703 20 539
921 93 866
898 319 967
361 76 141
365 217 845
97 868 164
188 706 681
585 26 641
849 173 301
725 607 757
502 156 537
966 760 865
616 76 826
539 22 992
777 305 226
369 817 467
593 632 691
581 241 996
891 991 525
281 1 915
637 45 975
761 126 252
361 646 21
961 501 464
407 139 535
824 193 305
891 569 428
858 82 705
936 818 721
576 318 349
574 152 72
361 814 969
111 1 268
566 116 781
355 401 43
737 708 405
365 585 539
414 361 841
161 88 101
151 241 758
581 334 953
255 318 57
289 45 257
981 861 343
637 821 888
753 700 626
980 838 793
73 787 481
248 53 126
799 637 993
641 94 69
701 641 980
614 909 551
761 631 577
228 852 736
144 501 483
745 367 426
577 988 351
1 616 637
347 985 881
208 604 519
227 479 852
657 89 373
461 19 476
51 691 653
706 345 831
679 706 666
141 911 177
67 617 181
433 231 367
796 716 376
605 368 829
884 673 257
605 969 459
9 115 553
19 788 945
656 579 533
608 476 462
609 941 361
67 509 489
2 166 21
403 567 901
913 474 561
625 471 622
871 849 789
185 401 307
1 969 181
408 729 413
121 307 31
809 690 503
108 90 852
881 319 100
351 681 266
559 990 169
118 501 545
551 108 561
396 855 293
603 929 153
877 948 201
526 111 41
41 443 297
145 9 26
207 7 210
989 399 99
121 569 286
667 97 35
326 186 345
927 361 630
335 777 50
441 457 878
507 13 929
601 688 641
569 501 891
587 43 33
761 175 871
901 124 418
244 72 153
994 301 399
236 671 101
281 597 559
936 243 915
281 147 251
225 775 269
223 676 411
651 241 561
358 773 270
451 877 253
540 161 988
109 149 56
858 577 534
297 26 261
211 961 465
857 131 321
941 592 660
456 121 822
693 901 141
691 77 868
769 430 41
621 989 301
803 981 901
462 221 19
665 285 873
177 413 713
53 237 387
980 731 247
726 459 447
451 511 458
189 99 791
825 238 889
281 517 845
861 962 177
217 31 105
729 576 885
266 821 777
469 545 143
655 121 926
305 713 900
559 538 381
874 617 81
753 21 617
960 345 63
771 573 263
401 753 769
516 151 411
693 393 561
121 234 201
215 703 829
161 321 306
959 536 12
493 927 151
249 893 788
203 81 694
266 817 530
5 55 254
893 485 321
483 318 356
363 531 114
89 809 790
74 953 476
109 65 441
805 122 333
633 795 781
801 181 130
273 946 289
971 795 241
945 873 669
969 621 361
329 51 793
960 177 11
751 839 642
823 273 376
699 915 216
3 621 242
147 924 721
625 833 741
749 557 441
999 49 981
591 121 35
203 887 225
340 81 781
33 161 341
669 136 801
361 137 838
17 729 725
199 899 145
455 417 297
46 421 96
621 221 783
489 905 73
97 891 165
249 806 424
737 801 474
725 413 821
794 11 614
188 31 405
829 876 93
271 409 925
247 541 87
949 836 391
785 515 542
243 576 601
307 730 903
786 794 766
476 5 833
381 337 726
787 553 921
19 754 337
501 140 40
488 187 940
1 679 412
967 947 958
521 351 390
801 995 849
631 236 657
501 78 634
181 625 527
761 261 129
903 9 794
483 249 657
247 351 631
991 869 449
721 81 926
80 833 811
625 664 201
809 441 940
973 805 98
645 385 947
786 527 959
41 507 613
545 706 791
561 514 85
993 771 721
196 723 817
666 761 947
213 351 857
847 151 468
837 890 685
461 251 121
741 1 664
641 991 786
851 439 361
241 407 375
148 501 765
921 762 235
989 223 716
683 897 129
577 705 865
288 74 293
889 73 225
416 548 516
281 628 739
326 889 200
737 15 745
571 441 801
175 154 457
623 771 215
792 301 221
905 903 547
911 703 285
575 746 429
182 884 983
161 15 161
201 966 198
969 185 176
51 591 753
267 734 941
483 611 273
708 191 537
537 597 957
984 217 401
223 777 857
937 763 211
505 936 611
141 308 322
351 481 751
331 385 430
391 473 865
495 201 675
228 891 919
201 243 737
1 977 137
250 865 138
577 849 261
83 361 667
837 405 21
964 251 411
101 841 140
917 947 503
913 681 207
124 553 153
78 466 751
897 549 717
116 173 661
515 301 681
410 851 89
14 915 803
832 723 51
158 789 881
363 153 796
30 901 1
805 627 843
451 511 556
613 207 581
361 560 956
880 602 66
137 834 374
713 43 508
285 980 771
517 29 737
102 39 291
47 101 419
882 863 449
394 97 511
305 817 310
88 930 397
769 852 983
481 252 356
843 658 606
449 378 337
266 609 326
117 425 45
846 237 465
903 337 75
621 538 56
253 451 225
595 411 507
345 45 333
393 729 317
309 517 426
333 518 666
958 789 115
466 726 875
926 727 331
1 793 936
626 953 5
614 846 927
743 150 5
366 726 915
979 405 151
105 627 986
703 864 14
623 248 672
240 1 111
951 208 504
743 17 429
739 59 259
337 526 857
206 329 541
254 351 669
337 517 433
281 777 995
937 653 61
123 59 638
683 337 181
577 876 446
619 479 309
401 521 9
134 49 92
89 545 168
381 757 175
216 357 937
446 491 717
749 717 95
331 875 588
192 385 830
241 246 769
736 769 527
883 553 676
549 39 905
937 603 961
577 905 878
858 761 63
371 734 652
201 651 152
389 709 716
721 265 853
189 717 801
378 871 577
961 819 877
573 433 625
21 865 310
571 851 280
319 470 386
561 664 43
140 437 665
841 570 183
915 572 968
306 291 201
589 264 541
429 1 210
115 827 474
749 793 267
266 521 464
629 610 157
959 807 21
767 953 70
301 113 121
657 31 241
777 681 738
336 439 671
994 89 679
165 121 275
417 403 251
873 657 501
825 661 651
645 749 709
451 33 655
121 85 293
777 813 801
111 355 214
275 471 381
375 584 349
791 1000 745
570 891 272
74 408 404
5 889 949
1 981 352
451 811 441
661 983 905
851 989 205
126 373 671
587 841 614
931 137 630
672 801 138
832 816 199
786 777 249
633 921 151
593 702 905
755 345 649
241 385 164
730 11 671
561 941 891
529 198 164
51 766 578
586 465 945
642 937 429
381 925 889
989 517 959
423 745 900
580 201 209
795 279 601
804 181 869
211 121 777
768 431 62
732 577 161
404 406 103
827 363 476
736 191 626
551 621 9
285 993 889
731 355 613
358 761 201
145 193 626
927 174 211
939 271 151
215 689 927
120 235 541
279 722 895
185 975 901
745 869 321
937 10 601
41 436 553
551 321 522
1 251 177
262 641 561
397 561 727
733 123 877
401 91 846
568 686 251
75 431 262
11 145 185
741 198 161
501 631 531
844 218 799
90 109 671
906 721 877
421 761 9
148 607 15
492 391 425
980 981 407
291 661 523
369 602 81
67 218 244
579 517 678
165 605 741
839 961 913
305 417 263
94 641 901
844 37 465
805 595 97
657 479 701
601 363 357
426 271 216
101 35 11
274 467 681
945 71 821
771 515 566
621 939 719
673 956 385
601 858 531
493 872 585
244 985 266
721 83 675
619 1 920
387 155 66
91 465 224
941 777 968
822 166 689
753 1 651
557 889 819
531 970 93
79 235 379
387 501 489
193 489 669
53 265 651
819 217 14
1 876 286
260 716 102
605 963 451
321 829 431
609 736 737
5 593 552
663 105 686
34 141 557
513 615 258
941 272 86
205 73 76
185 193 459
619 580 375
456 307 940
716 321 267
349 859 611
486 301 367
381 285 553
267 841 596
969 745 627
497 672 748
71 136 631
341 214 177
295 151 936
203 584 953
285 681 841
41 437 628
481 261 929
160 677 143
699 373 565
969 543 649
718 601 471
841 715 761
431 513 485
551 218 723
631 851 806
847 241 303
927 875 571
218 801 99
697 687 526
167 626 662
377 739 817
413 849 145
581 767 113
469 122 225
152 37 621
102 401 784
329 912 233
401 51 601
326 113 201
408 417 257
715 758 293
305 850 339
189 816 646
227 437 801
113 159 417
333 681 455
301 514 71
721 901 609
647 107 981
969 696 561
863 45 807
511 585 418
490 653 361
35 481 639
717 461 13
609 160 193
677 441 345
185 649 866
613 771 987
281 743 817
417 521 276
521 621 249
825 866 111
857 955 97
446 125 903
169 438 103
252 363 865
546 355 217
577 751 579
785 377 449
43 85 651
9 447 774
182 333 961
268 641 201
241 303 991
825 737 601
438 201 93
841 605 376
379 824 889
137 931 841
587 781 175
190 161 761
461 803 141
21 973 501
505 235 296
797 455 951
917 621 272
509 261 445
377 67 75
381 541 651
923 105 294
760 225 69
111 752 137
751 49 123
821 589 539
113 303 795
949 144 929
419 781 711
589 73 481
117 486 803
776 61 131
803 441 179
641 348 355
202 857 658
388 609 33
446 824 788
371 531 819
338 709 261
545 226 105
521 460 905
529 701 81
891 761 394
476 901 399
301 921 443
832 169 282
763 521 665
929 1 56
473 480 121
474 154 826
594 466 513
153 427 401
29 419 220
243 425 306
828 921 251
648 841 759
429 649 511
403 569 255
363 1 421
591 929 153
920 737 384
226 483 561
241 1 679
481 785 165
797 593 881
129 321 321
235 153 233
485 837 285
75 243 10
89 913 561
504 276 465
701 381 631
641 301 224
85 626 601
586 511 100
925 929 83
749 135 486
185 420 281
569 767 673
189 986 725
337 21 589
615 41 126
625 315 877
979 101 241
381 319 419
81 251 519
21 457 639
739 836 618
341 815 591
565 1 293
451 779 643
797 37 799
448 6 790
110 949 47
418 248 131
571 849 425
945 315 150
969 135 138
6 770 351
318 205 377
177 681 691
241 327 581
136 815 966
140 863 537
174 538 131
159 998 434
931 659 88
801 205 787
925 893 685
496 255 793
633 487 77
551 808 489
849 721 264
289 343 397
599 725 33
343 734 396
301 218 49
1 429 361
737 749 165
11 451 797
533 264 456
821 749 149
313 929 176
987 234 60
851 581 239
499 433 421
549 621 601
205 623 913
716 737 501
135 827 475
143 351 255
315 716 837
517 369 679
109 757 491
693 291 715
922 305 139
835 30 896
470 601 196
656 101 969
81 927 885
548 961 921
801 328 645
720 368 809
691 397 313
547 873 435
61 785 145
233 36 537
572 151 304
273 935 441
253 821 512
145 169 121
244 396 635
328 731 859
616 59 405
41 406 532
193 865 541
893 781 556
353 801 59
541 379 327
941 338 361
109 871 721
768 842 971
956 953 785
65 596 830
415 153 549
870 936 701
185 784 282
689 645 6
896 575 917
801 921 108
295 929 801
913 982 71
107 797 374
876 213 851
571 577 571
888 807 559
726 604 921
689 741 62
56 985 69
801 249 961
255 210 113
183 301 401
864 519 673
77 941 829
798 131 8
121 830 871
941 868 281
741 205 645
897 605 397
657 318 701
109 185 623
967 979 771
31 371 725
21 347 958
945 738 161
824 599 624
289 703 801
861 211 671
661 461 29
453 341 161
787 415 276
161 653 257
717 79 332
671 759 661
389 21 841
41 253 401
111 169 361
913 152 28
537 826 423
181 816 789
381 780 641
225 646 235
543 116 451
841 921 967
965 345 143
63 381 294
751 839 521
1 504 861
751 239 61
793 481 216
203 650 773
717 403 147
401 727 313
361 508 567
705 81 338
206 16 436
961 29 281
625 657 556
769 253 737
419 617 815
221 359 791
297 401 61
581 3 302
721 481 461
625 376 749
51 720 901
925 25 989
64 489 368
857 384 801
169 202 109
987 841 361
330 42 693
494 931 79
876 346 314
303 211 106
531 83 569
931 33 530
153 549 801
1 23 531
526 541 306
626 277 431
299 873 993
109 903 310
577 627 456
285 426 17
713 651 401
357 731 193
415 47 65
145 141 77
808 922 937
817 497 765
101 220 483
281 423 1
251 225 545
453 699 377
105 796 251
705 881 81
383 315 673
913 1 681
869 89 561
245 303 781
806 33 499
54 576 86
622 881 683
601 401 727
113 521 520
377 41 251
520 785 665
791 33 227
477 601 825
17 240 760
81 901 541
828 505 525
821 311 768
323 693 681
17 319 985
465 471 945
235 769 729
421 486 626
705 521 313
857 612 721
341 262 299
56 993 321
537 298 381
611 670 737
591 633 389
29 347 385
565 803 531
887 185 487
801 589 203
289 653 377
371 881 44
429 367 25
1000 41 115
621 136 709
929 4 613
67 425 581
35 301 609
39 377 543
968 677 975
452 251 716
561 396 881
887 312 321
331 736 31
687 599 191
841 819 666
183 995 122
525 300 782
381 551 849
9 721 240
93 730 11
793 189 808
537 126 911
941 265 939
67 730 525
110 601 785
569 849 657
317 161 19
286 37 431
953 634 318
571 706 37
858 720 638
106 316 377
635 78 305
642 113 904
616 553 766
270 577 899
93 831 61
469 441 785
881 181 611
181 741 47
729 670 232
409 281 41
122 717 401
176 461 293
303 243 151
461 864 97
321 888 957
543 331 545
497 561 821
849 290 22
712 175 921
137 555 934
125 153 901
851 127 93
313 47 974
876 231 367
919 851 199
449 911 372
713 71 968
881 996 601
921 197 381
603 680 999
203 521 867
644 935 876
216 163 759
309 417 353
181 41 116
992 115 321
213 417 365
821 708 98
81 847 605
295 340 787
213 585 949
901 811 389
453 402 445
28 193 766
556 259 971
668 289 249
380 241 409
356 145 986
738 666 891
425 19 601
41 675 465
425 966 657
691 905 821
137 741 978
321 429 202
455 82 837
921 578 799
172 675 105
261 426 351
701 971 479
265 521 302
437 156 833
127 241 924
597 576 986
398 479 231
233 401 365
801 79 533
692 297 132
541 122 965
204 370 496
417 256 699
153 699 1
376 572 593
643 401 596
161 361 601
941 237 533
907 595 936
626 185 449
161 41 527
343 947 789
277 635 903
241 201 916
577 329 26
233 331 190
596 175 273
782 211 883
319 817 591
194 643 706
209 353 987
478 865 21
307 797 580
469 289 609
903 565 101
451 811 507
441 926 931
721 117 720
83 529 241
659 750 356
253 143 377
975 941 443
39 598 707
6 923 737
991 673 119
101 149 377
377 41 684
313 773 435
923 51 793
308 355 263
551 573 893
807 930 800
522 817 280
793 535 861
221 25 233
731 333 153
451 891 176
721 696 391
397 569 699
631 215 625
470 566 626
245 70 880
111 583 871
643 606 441
995 865 951
911 161 805
222 761 701
541 257 611
365 400 49
461 542 217
521 321 523
625 97 46
679 889 171
249 666 115
801 878 891
621 913 682
740 790 381
895 447 751
731 653 21
43 41 89
57 13 601
431 377 489
738 57 641
987 761 331
585 751 713
848 781 687
514 981 411
237 721 109
151 811 536
73 824 745
190 623 691
857 5 506
162 225 475
407 948 681
681 361 789
65 771 969
15 301 121
876 873 671
961 45 486
881 784 575
921 956 109
247 443 416
49 301 170
419 678 786
841 273 701
21 281 766
169 519 316
208 81 215
819 539 16
197 177 975
66 441 673
611 691 697
880 400 171
515 852 345
625 225 849
413 558 429
833 501 461
381 129 335
539 345 799
956 391 371
109 135 383
611 859 991
555 553 698
726 117 539
17 791 221
517 221 651
396 811 25
726 724 201
811 44 149
365 77 482
837 504 641
611 489 333
893 161 913
513 787 515
189 713 401
801 341 185
81 481 761
161 556 921
561 735 813
811 849 549
26 59 205
521 469 99
496 521 221
450 279 769
945 681 369
848 451 293
241 221 69
281 7 193
853 466 499
101 312 223
489 371 73
937 277 121
922 831 517
461 591 778
961 395 473
501 611 901
441 127 319
761 910 632
263 377 127
301 761 801
669 849 357
573 81 981
543 916 632
571 111 149
280 673 55
651 976 895
646 369 501
463 281 639
69 627 186
179 333 298
18 947 581
433 897 519
246 476 926
241 333 393
908 201 961
721 229 177
83 285 893
313 890 25
157 833 570
693 976 273
333 303 101
762 369 697
756 573 668
391 980 1
737 401 451
851 909 825
361 503 647
191 353 843
709 548 23
907 185 218
247 324 337
341 576 449
836 83 1
971 261 301
427 27 284
661 338 421
761 727 758
755 393 353
236 61 248
735 45 493
159 58 543
500 941 696
909 881 753
734 497 599
83 993 379
242 792 331
531 422 761
233 857 91
1 999 669
630 529 121
913 71 881
729 681 446
441 126 65
681 155 13
979 373 715
23 841 499
426 285 1
121 966 129
721 487 509
207 913 431
491 411 552
126 923 701
138 905 433
605 625 443
877 931 86
355 445 816
611 97 135
339 201 613
630 441 427
417 264 519
541 669 145
201 313 961
297 628 498
785 467 491
531 118 896
746 635 740
237 864 881
182 305 65
617 713 301
81 849 17
966 427 912
530 899 443
226 547 1000
633 741 28
336 745 765
734 32 851
84 567 361
321 377 741
325 639 611
51 175 290
335 423 975
699 356 901
425 142 461
309 651 461
181 201 1
869 917 791
981 741 941
792 41 998
899 769 461
751 376 845
917 401 152
282 126 824
811 162 307
526 817 162
571 931 617
585 185 277
583 760 226
674 823 7
771 717 681
673 245 601
197 64 404
781 413 538
461 793 897
211 353 592
593 369 165
141 59 335
945 237 747
759 180 881
1 976 200
122 226 629
643 675 535
721 673 193
656 96 167
321 513 636
503 341 81
289 101 377
457 497 697
771 836 316
199 867 191
125 432 930
778 324 199
679 343 544
130 491 551
471 954 169
834 305 897
231 508 961
757 841 64
317 985 265
987 956 955
401 205 120
369 452 108
241 372 327
471 101 25
705 411 529
241 341 922
275 720 347
724 223 877
595 751 806
802 776 417
641 865 289
45 321 321
745 755 901
949 163 409
355 321 604
421 62 745
968 484 321
481 409 193
766 769 601
521 301 439
868 321 45
216 851 575
252 283 651
944 615 909
923 775 459
3 809 357
705 661 242
509 901 490
997 562 476
89 996 933
931 130 730
576 771 331
815 501 601
279 867 983
686 853 851
751 393 961
847 809 454
307 951 461
393 961 41
56 53 293
665 861 613
557 727 764
69 701 274
135 921 837
437 205 649
81 749 21
101 1 53
54 506 769
578 25 936
849 589 65
135 229 43
316 898 763
273 161 609
941 512 737
466 366 41
641 401 303
745 165 538
521 23 661
682 301 839
521 276 581
151 411 171
825 50 729
301 633 212
50 417 636
67 104 568
891 348 913
805 201 1
917 441 201
341 821 700
117 77 721
361 481 715
843 916 557
834 448 206
233 361 75
201 653 945
521 625 121
95 881 771
521 531 507
577 221 993
279 58 311
61 288 895
831 481 219
471 484 219
111 809 9
355 177 113
504 326 725
171 905 243
346 851 525
521 129 886
201 311 657
445 92 173
265 902 245
355 209 536
528 803 1
909 656 564
798 625 711
579 61 501
964 229 265
473 749 139
857 457 323
899 735 206
36 529 386
951 695 859
281 351 46
128 154 463
573 853 835
591 72 469
928 36 655
806 45 831
396 245 585
927 105 313
401 299 558
911 201 509
959 604 411
613 561 769
893 578 385
799 603 731
813 251 41
876 703 605
241 844 245
327 13 9
539 579 331
531 305 91
398 365 346
784 51 731
931 671 281
506 41 251
469 925 168
493 237 601
777 693 945
756 981 699
331 968 69
341 927 951
854 961 541
393 805 596
186 213 465
253 457 261
145 985 18
716 519 633
26 234 505
168 289 906
993 745 701
1 690 593
49 962 223
764 924 401
341 666 667
315 371 785
132 809 297
917 961 34
348 108 63
801 737 259
321 841 551
351 35 613
26 527 486
903 501 332
321 209 355
456 24 847
529 181 553
249 297 379
607 349 11
801 876 9
401 217 769
429 291 111
453 926 788
595 145 127
63 886 449
179 462 421
149 657 542
527 953 429
161 645 438
688 168 352
846 251 929
533 981 349
921 891 795
197 761 868
565 81 209
401 809 441
683 388 461
657 366 133
253 116 51
991 381 126
381 529 311
433 81 251
528 588 58
11 97 533
97 795 147
206 401 105
511 603 15
341 705 781
661 881 165
148 355 233
555 355 896
593 289 141
241 224 205
342 738 15
875 545 670
481 607 126
229 721 556
391 485 241
99 726 241
496 346 535
556 373 123
985 871 591
961 307 972
814 329 421
785 883 701
765 185 186
251 871 97
801 541 501
666 775 381
153 796 479
111 403 785
421 329 331
256 195 627
201 837 65
184 75 376
201 881 882
581 546 220
665 853 73
461 859 733
428 613 701
251 913 61
888 305 701
891 11 881
593 581 605
705 751 811
61 271 377
645 180 271
20 61 381
461 529 614
584 425 801
741 434 554
381 553 705
657 419 817
501 876 85
123 485 353
937 976 479
1 301 169
789 449 769
340 817 351
515 424 406
681 221 333
466 48 842
57 29 223
777 641 146
641 526 342
117 731 287
419 244 836
979 933 164
189 804 275
891 297 93
225 641 54
34 61 696
521 677 229
941 365 597
321 789 504
985 991 342
539 503 513
153 938 925
885 812 885
185 889 908
504 301 267
926 758 221
701 501 201
993 227 397
690 393 748
171 51 765
497 276 685
193 683 854
375 419 313
453 356 317
341 899 616
501 705 385
909 188 401
341 299 100
474 981 316
801 45 284
872 626 641
209 571 281
285 504 225
281 301 11
179 242 305
310 515 549
341 340 380
45 437 161
652 321 233
701 58 641
825 388 585
701 181 921
977 963 6
531 412 511
813 13 438
353 961 411
707 709 497
906 729 641
21 571 557
25 136 139
537 487 721
163 840 439
245 314 926
401 38 935
61 647 519
241 700 480
758 761 741
268 574 787
481 757 219
929 889 876
782 61 817
193 41 821
875 626 681
857 156 159
696 176 157
401 421 826
641 521 61
693 706 1
361 251 681
897 51 309
692 187 553
991 254 41
669 410 681
369 935 129
135 801 355
169 389 291
543 601 921
844 279 181
251 593 347
405 233 986
803 891 549
641 855 721
57 78 971
741 63 681
129 526 399
713 733 779
21 431 381
245 713 159
266 676 101
541 813 143
289 346 771
843 299 989
131 601 481
868 976 281
416 201 481
174 5 329
97 801 933
895 6 926
776 622 1
640 33 39
353 748 654
633 607 185
621 951 601
399 209 649
463 113 921
603 46 672
77 659 377
309 881 363
325 193 579
433 783 211
65 761 785
697 748 375
637 17 503
921 961 617
103 721 742
839 705 697
481 993 123
121 126 525
705 891 676
951 909 535
993 846 740
882 409 745
447 942 837
889 415 852
898 16 181
21 751 721
851 961 615
381 745 719
151 44 191
379 677 367
169 119 996
576 813 421
633 153 85
263 75 993
449 997 513
577 869 709
581 468 96
321 825 410
287 349 205
512 529 621
441 168 11
137 721 841
877 594 17
885 151 411
512 930 913
897 637 363
191 56 641
449 245 260
131 521 691
876 129 786
953 761 407
553 641 189
305 529 613
53 821 87
676 251 364
489 101 987
51 936 180
585 260 541
405 857 279
77 196 945
163 161 166
401 659 445
95 318 822
297 481 147
723 203 537
498 438 77
697 98 783
160 371 702
221 109 949
253 895 598
176 351 74
721 297 251
549 937 417
374 1 188
163 223 117
797 700 401
527 401 671
511 731 989
141 829 157
335 24 350
785 926 503
731 868 759
404 921 469
217 771 28
545 173 156
391 789 833
367 481 145
633 493 479
152 537 985
221 501 888
351 353 148
684 137 154
721 347 101
579 701 641
910 697 923
257 45 251
281 556 164
405 836 342
311 216 853
361 650 857
321 997 341
361 348 501
77 881 416
526 1000 21
111 717 273
28 981 601
409 101 451
919 441 919
817 681 383
281 831 701
261 901 699
161 997 161
946 361 651
47 111 841
457 903 741
994 704 333
910 928 662
801 838 251
944 801 313
604 9 763
940 203 17
537 503 201
768 627 676
91 943 919
145 901 334
971 967 626
354 387 680
699 751 601
201 601 156
857 924 281
90 960 590
914 523 603
553 578 623
371 81 663
423 193 219
841 883 713
663 163 781
944 309 331
907 496 187
801 927 785
460 931 353
309 743 205
505 678 649
43 321 80
868 225 689
421 369 386
489 319 265
816 501 501
432 19 66
568 476 245
918 241 78
920 431 821
281 915 238
667 624 535
843 75 464
141 801 267
45 83 897
511 339 271
953 721 936
196 907 390
147 734 203
421 121 107
981 571 622
169 697 430
393 667 309
372 891 481
653 730 946
379 211 539
175 855 371
337 79 391
177 639 933
563 891 961
407 852 526
201 785 174
949 527 11
959 801 575
673 123 556
917 215 934
891 571 733
912 281 19
693 53 305
569 345 841
825 775 204
527 845 505
731 187 973
1 939 174
161 540 195
489 13 249
821 793 751
199 177 578
805 234 101
531 720 213
416 666 847
229 407 376
319 472 333
994 235 7
716 886 770
469 121 991
331 825 31
137 371 11
476 257 213
749 441 256
81 51 176
155 931 713
589 438 624
595 865 139
701 162 552
240 3 137
34 635 119
712 909 489
41 449 781
453 563 981
662 193 403
237 303 266
637 545 531
512 25 905
41 447 448
298 179 869
272 161 659
981 809 793
355 207 814
929 903 101
492 751 845
59 115 901
961 61 727
547 381 395
263 865 374
467 806 691
730 219 701
879 541 921
579 701 642
611 933 173
463 439 283
84 577 777
253 373 489
412 393 637
311 697 332
722 901 734
653 244 541
956 473 838
125 615 121
55 523 725
633 515 40
201 394 161
538 541 881
355 306 165
37 901 781
309 955 777
