740
6936 3809 72
787 1873 85
2460 9358 47
4336 6203 57
3486 4100 63
2687 2390 89
6077 1299 66
4462 8477 85
9018 2438 35
3286 4047 38
5523 1702 69
6195 1197 85
9253 3185 36
3984 332 18
1635 2532 58
8347 772 31
2743 6510 13
8750 8468 27
9429 6335 13
1720 784 56
3573 9803 37
959 1613 5
3223 8035 26
169 5309 67
7997 509 15
102 4444 9
9298 1594 79
6494 5475 69
4357 9289 23
8505 3376 75
4673 867 89
2955 6560 15
5839 174 66
3741 5401 62
398 2015 40
2650 5318 89
976 757 12
3281 3710 74
2430 8253 37
8791 1447 53
355 6652 44
3417 3599 37
5087 710 29
7462 9039 24
2745 2463 28
1772 855 1
6752 5563 98
3704 8098 63
4212 1369 35
6944 5334 53
9170 5405 36
4959 6871 48
9395 5098 27
4148 3325 54
1517 5918 73
6013 4005 78
6383 3913 22
2110 1082 5
3189 5175 36
2260 9580 39
8822 7037 67
519 2838 91
1918 5754 89
1098 7430 29
5448 6790 37
3908 6124 24
3580 1273 92
8763 2255 96
8080 289 56
1287 4332 50
2015 7079 35
7940 6530 82
4884 7036 11
9078 3344 68
4926 3757 49
5133 1525 31
5919 551 49
4362 926 19
3843 608 99
4855 1719 34
9022 9164 52
4922 3119 41
4391 8818 35
2375 4776 11
7513 1345 59
2633 1054 8
9311 8533 38
5922 2985 51
8228 9436 7
3742 3236 48
1543 1448 99
7322 1093 10
3047 2885 99
9378 1619 76
6428 5227 64
8744 4911 55
1353 6995 79
6448 1441 75
8207 341 80
7130 2062 13
3 9952 34
6696 8855 63
8776 2665 74
5231 3878 52
804 3566 80
8581 8457 18
5416 5989 76
193 7511 55
1648 15 43
9105 8600 38
548 3787 100
322 7883 8
9789 1088 60
8725 5510 41
5294 9923 25
4362 8971 13
9200 2694 50
165 3657 66
9749 4417 90
3729 9170 73
7909 1292 37
8875 4915 91
2351 2083 35
2216 3606 45
7885 2683 29
4275 9487 72
5269 975 25
8541 99 81
3196 4299 32
8280 8560 38
1871 5483 62
8543 7562 73
2387 3562 16
3182 1463 32
6129 1660 80
2239 8874 93
1435 3627 38
3071 1779 67
6629 1763 35
3800 8093 39
466 6145 46
1497 5357 36
2282 2357 77
2416 2533 67
1482 7436 77
9992 4931 22
5165 1291 11
3183 8935 53
2767 1555 84
1409 3412 100
7591 2170 36
5984 5336 17
4920 5570 54
1455 4397 4
7766 4131 100
3191 6791 4
7394 2230 19
850 8563 22
3279 3053 45
4161 1018 10
6809 9624 82
2997 2354 3
4628 8338 21
6738 7661 8
3447 7655 28
4702 9764 81
1874 7384 76
3259 5527 50
6913 4777 19
6524 5957 51
5565 7426 72
6219 5982 96
2719 3555 22
7324 2262 24
6079 3638 79
6169 3006 37
9724 6983 90
7660 7007 85
5294 7472 47
1278 7462 28
5262 4126 68
3012 4954 22
2604 3223 88
8568 2259 3
3879 231 48
2722 3164 21
6869 4926 66
5597 863 16
9901 3887 34
3958 1623 77
5844 1582 78
3069 2620 62
7606 8529 55
5950 4734 41
3462 835 54
91 1805 13
6296 2559 59
594 2647 78
8818 2148 91
221 309 53
3567 3682 33
5747 6839 30
3384 231 90
7891 1668 33
4718 5119 63
3280 2730 93
1209 549 53
8708 1870 62
5259 4843 66
4569 4401 48
5591 9466 12
192 7886 37
9702 401 8
839 5264 52
3406 4608 23
81 2106 30
1754 1713 52
5052 4200 96
8434 5485 30
2195 9351 73
9702 3804 30
4904 8257 99
4426 6746 39
983 4016 7
6125 1213 61
6396 6348 20
9516 277 15
4386 9987 88
6620 2394 29
7714 7959 63
314 4937 24
9468 6620 42
7308 9948 69
5916 7313 20
3709 2189 41
9430 8949 95
4280 1964 24
5277 833 73
5793 8843 87
7115 317 3
5648 3535 18
854 5745 21
1200 1954 35
7179 2391 41
606 323 34
4434 9216 18
6387 8958 60
8452 9510 18
3399 4490 78
884 1991 11
2629 503 3
386 6328 98
8134 6390 91
6975 1483 19
1033 7096 84
184 6784 94
5253 2518 82
8118 6580 28
863 4257 43
4512 8279 26
541 2305 50
6598 7597 84
8562 9263 75
6672 2020 45
3632 2289 95
6737 700 97
4325 1754 34
558 4938 90
5188 4546 54
1212 227 67
5726 7103 37
565 2003 68
4642 5755 6
9483 1176 74
1427 1600 98
5832 8171 3
3998 1467 7
8092 4033 56
1252 8969 16
7095 4960 69
488 7048 14
1026 6995 32
7624 2196 85
512 6407 52
4196 1541 65
9908 1132 81
8219 4016 70
2905 3890 58
8535 7459 51
6037 3551 14
807 4046 30
8299 528 91
1219 154 29
6997 1344 30
770 4237 49
8529 3764 69
8692 2359 90
9047 127 61
7176 3830 92
8401 4523 21
2730 504 29
2661 5225 55
2986 3978 96
8186 7511 48
41 6070 98
9026 2333 65
6967 7051 36
9919 8497 16
4639 5827 15
9790 2059 7
1016 7400 49
3220 2477 28
885 1445 63
8047 3940 57
7441 6462 97
9255 287 54
9465 1250 59
9886 4925 29
4614 1724 24
704 3535 12
6330 5692 75
9600 4116 12
5740 7365 89
5452 9432 74
2245 8670 36
647 9640 95
2994 7339 52
2759 6038 70
3759 3688 44
6521 9155 32
9438 842 31
7497 8671 64
6467 2344 57
3183 9722 53
91 9252 59
8434 4354 83
7533 6458 74
880 1288 77
6515 636 5
7849 7184 40
6024 258 42
9487 6295 85
6473 8148 49
9521 6408 30
2036 9912 70
1187 6288 69
8570 5643 78
6238 6439 61
5947 7459 42
5078 8469 55
3860 4497 10
8935 2542 23
2422 8745 40
2160 2171 19
2822 1149 87
5852 9925 68
7019 4998 33
5733 9741 16
1833 578 31
2570 2720 89
2457 4443 59
125 2846 26
6911 7822 84
9788 1664 89
6390 5289 2
5554 2735 53
107 4 27
8021 4205 94
3463 3534 93
9280 9922 50
4624 6666 82
8204 1361 34
385 8800 32
3592 1020 83
4493 2405 47
8024 1864 52
8207 2089 60
1445 6241 44
7193 4067 20
5724 2182 61
9924 8674 78
99 6956 87
1211 7754 97
2901 201 69
7411 1090 44
1597 2045 55
7836 7088 72
1249 8560 65
4909 3912 13
4119 4024 6
1664 9866 63
498 6315 14
3530 200 80
1963 3307 12
7858 2857 2
9092 2788 65
9531 8355 91
6232 5630 24
9407 8914 99
9148 1197 89
990 4091 24
4055 8849 47
1078 3134 26
8674 8700 87
4226 357 56
4960 2243 98
8029 2498 8
3472 2580 93
2621 9487 34
6494 1966 46
8118 2511 4
1083 2613 5
6412 7189 59
6014 3466 61
9700 1436 88
1 9958 47
9786 9071 64
4158 9569 61
9032 2243 53
805 6897 88
1252 7374 64
5188 5520 11
175 2874 34
1800 4559 12
843 6711 67
1436 5839 84
4704 7716 57
9400 5716 31
8890 8814 17
3654 3202 4
450 1495 15
6109 861 52
1163 4023 51
2336 1888 58
2588 15 21
9889 185 58
20 3785 83
1200 1714 32
2273 2515 67
9937 4757 63
2551 1028 39
5765 5904 66
4155 3735 28
4162 3372 14
6393 790 41
1407 3432 90
134 6626 87
357 4958 100
3154 904 52
6156 7616 3
6048 6736 85
1086 5343 93
2886 6671 65
6469 6845 93
3902 1179 63
5522 2115 40
611 8832 87
3544 4484 96
2337 5078 77
9344 3592 53
1740 7731 96
5479 9824 74
7931 8859 15
3153 1188 18
2916 2171 98
5153 7124 94
7260 3734 100
1587 111 100
8974 4501 9
832 5683 67
4033 7681 60
4210 8755 54
5924 8575 2
4291 1998 18
6735 1410 11
377 6179 71
7893 8284 35
237 173 56
2171 1698 6
648 2505 56
9012 518 8
2270 9488 7
989 1599 80
3302 2084 1
926 1346 94
3009 8504 82
4389 3653 38
7273 5041 97
9707 8827 90
1654 7553 22
4269 680 39
9428 1176 31
8552 7192 40
3041 9458 22
929 2181 80
1089 4329 39
2003 9247 5
8066 1383 91
5660 2698 86
3679 3320 36
1033 8943 90
7127 8909 54
7893 8820 32
6877 1862 80
3020 7560 58
8240 160 74
9753 9496 58
856 529 60
2135 2270 86
1217 6593 84
6009 628 58
5810 2367 93
5670 8175 75
7245 5531 51
2886 1543 71
3300 5846 68
2449 1969 21
769 584 20
9260 7534 56
8150 4623 68
1818 9136 34
895 6558 28
9244 2865 74
332 1003 98
4070 7542 57
2428 6719 45
3534 8238 89
1747 9365 84
4832 604 87
2237 2992 10
5285 8997 51
3484 7962 51
5947 1808 78
7037 6809 84
8980 1283 58
5081 1062 94
6471 9127 88
8307 6270 28
1266 4563 27
5831 2000 63
1848 6374 34
7810 3485 75
2393 2994 26
1803 5703 64
2099 7084 43
8656 9288 45
4933 1569 41
1568 1438 77
505 7363 79
3228 1061 18
3914 4593 76
7503 774 53
1288 4071 88
5834 2819 72
7398 266 3
144 3386 54
1775 149 82
3409 1343 45
376 3870 26
7985 5072 1
2930 9000 37
1655 9015 33
5023 6700 55
196 2734 33
8366 1584 20
9500 5454 27
8504 7095 86
5918 266 74
6798 6293 52
788 6017 97
9026 9000 97
2942 9478 94
1263 2475 75
1625 2296 67
5379 1201 63
5611 3371 48
2384 2326 10
9680 5808 48
16 4821 26
1538 6980 49
7949 2912 96
2011 5799 63
9832 500 98
1246 8638 99
2045 5352 36
7264 5321 36
1330 7963 29
6056 3022 62
3882 5710 13
7736 5419 64
4935 7051 80
913 4386 21
7409 7372 63
8683 5253 69
8994 6329 83
3182 6876 97
2746 2248 57
7129 4964 90
5447 7271 68
8580 4779 76
6872 6712 54
7580 8288 61
2177 7810 33
5 6860 33
3348 6245 73
3485 5754 42
9567 7723 88
5242 3153 31
7431 9155 21
3557 7178 48
5184 9194 51
8513 8368 99
5302 2256 59
6262 3015 85
1806 8224 91
777 4750 38
1442 2107 70
2648 2856 23
7801 1947 76
972 6845 51
4112 2103 40
3608 8922 89
8469 3056 74
5437 9939 25
37 529 81
5742 3473 82
2710 388 99
914 8475 95
2277 4334 25
7295 6116 53
7641 3964 89
7748 5137 4
222 8217 78
6179 707 52
5094 6279 17
6708 9658 93
2576 1612 16
1735 12 19
2869 632 97
9728 2530 85
4335 9165 100
1894 3150 20
7181 6264 58
6903 4809 80
2891 7291 54
6036 508 19
2404 3564 62
9594 5344 15
878 5337 61
9515 182 97
7731 8499 56
6900 5103 16
4919 6538 84
5674 8644 7
2777 9987 68
1948 8522 8
4935 7918 19
5323 5252 97
1378 2293 21
4808 629 76
3353 2172 88
1044 4805 8
7928 4926 8
6356 6036 45
7190 513 15
8608 2403 27
6314 607 23
7380 5624 86
6617 6296 87
5631 9109 61
6508 6368 82
1894 374 99
9776 2426 46
3596 517 34
9679 2360 14
9595 1593 71
4244 3705 91
3373 9503 41
273 689 51
5608 810 94
2409 6216 94
2689 8029 42
4504 9274 66
489 1358 54
4729 13 24
565 4802 88
5738 1549 27
2933 9392 51
1341 6394 17
8280 2596 56
9903 2978 59
8152 5280 88
9406 40 74
1408 9279 15
5227 5204 17
1133 9100 71
6010 3478 6
796 4007 68
8534 8979 7
3755 6893 55
186 6273 31
3644 3901 70
2253 3129 44
7282 788 9
18 8116 73
8702 7574 81
510 4722 32
8582 1782 21
4393 978 11
2299 8039 99
4607 3830 3
1595 4005 18
3212 561 62
5361 1396 70
8431 3449 57
8561 8016 88
1773 3482 6
1362 9962 67
5777 4277 81
8066 3197 13
8082 223 26
5533 9019 1
1813 7062 72
1642 2149 10
9834 1548 66
5100 5674 78
9001 5446 81
5367 112 31
34 8865 67
5966 2119 49
4144 8795 11
514 5074 76
3960 8543 24
6231 3133 89
7952 3022 50
765 3734 66
1982 50 3
4549 3049 77
2737 2573 82
7726 1753 10
