72
77 342 59
727 732 55
939 41 86
335 343 26
558 557 17
979 699 74
630 328 9
653 503 60
575 334 95
61 353 19
176 522 50
774 836 59
517 168 4
624 251 57
91 973 84
865 40 8
324 310 39
627 932 99
531 719 29
313 800 57
915 408 75
288 337 76
391 223 100
36 957 77
149 422 27
635 12 9
456 792 43
692 31 58
282 127 18
776 28 43
161 371 30
797 612 21
510 27 77
988 931 75
297 323 39
104 56 79
657 533 71
912 368 7
261 814 71
726 461 66
223 493 8
243 694 11
370 234 21
529 285 5
584 708 17
743 901 29
129 453 34
847 342 79
827 200 26
366 479 52
748 953 50
247 406 61
375 146 53
534 6 100
16 398 41
761 832 80
659 774 99
817 629 97
156 66 28
136 493 31
614 465 54
393 460 77
66 558 37
34 326 25
249 345 42
876 345 28
483 674 56
138 898 8
685 600 87
3 731 92
575 467 89
829 451 43
