3951
541 45 625
216 411 77
897 429 609
655 521 625
136 678 386
156 841 247
251 557 958
893 121 676
871 577 706
105 467 237
766 633 483
255 31 715
1 695 291
426 277 101
463 501 978
726 861 945
883 785 987
376 912 681
525 948 551
333 94 905
926 119 69
901 87 379
307 251 307
985 273 676
89 554 401
784 116 673
501 366 895
889 457 12
2 57 651
41 206 701
781 987 175
999 787 33
419 409 737
309 217 951
796 551 426
723 300 785
371 857 176
685 104 755
279 809 133
599 411 477
681 601 569
969 664 116
281 117 831
511 401 961
131 332 26
258 65 612
986 801 26
626 485 817
173 325 177
631 871 992
29 273 121
871 221 918
524 955 903
902 345 891
337 174 761
710 151 566
795 924 1
583 163 657
497 91 169
81 29 21
958 650 717
761 109 41
72 97 581
470 731 839
313 106 223
626 129 447
521 9 541
233 393 624
325 529 621
217 551 35
477 467 401
961 469 737
786 769 137
901 655 752
233 577 443
791 881 567
361 200 915
829 814 760
55 803 384
15 918 797
621 537 251
577 649 275
512 542 89
771 533 411
251 2 629
894 119 801
74 939 585
760 167 501
648 121 221
441 455 886
183 840 124
377 251 802
225 251 821
513 414 665
81 173 136
59 287 967
3 330 95
116 409 204
929 123 413
856 544 135
137 351 884
329 471 961
517 981 409
203 574 585
359 604 99
557 337 911
187 896 608
947 811 957
905 387 148
617 959 506
909 851 702
801 571 398
726 201 121
701 441 14
701 29 81
305 977 632
877 869 651
688 887 855
346 857 433
210 22 313
1 296 81
11 981 383
921 841 81
153 397 211
361 882 601
361 451 1
635 496 661
441 299 569
657 875 91
801 361 403
120 441 837
79 20 281
376 202 37
393 699 214
568 350 785
726 947 83
465 593 45
615 741 255
817 711 953
1 20 47
785 465 823
635 128 751
801 821 905
339 521 523
812 755 451
653 609 713
761 241 591
343 987 253
204 241 198
953 929 860
617 819 26
425 235 811
19 463 104
101 48 921
351 685 33
848 457 451
539 805 716
281 296 57
189 659 301
57 995 506
612 256 124
531 81 107
76 441 956
771 651 438
191 181 166
856 45 797
293 584 649
1 411 635
449 426 953
126 690 901
931 465 378
144 901 359
640 791 841
361 770 983
180 785 526
486 644 579
845 501 152
311 641 557
957 9 463
926 57 963
873 291 948
981 251 377
769 626 961
57 311 981
512 875 581
633 173 925
248 241 577
321 231 315
263 955 299
301 621 650
201 779 537
201 596 513
884 246 829
125 581 191
498 231 188
537 795 851
337 329 143
249 785 1
633 369 555
687 888 313
317 681 516
257 209 61
988 809 360
745 365 969
701 132 877
7 899 713
287 33 277
913 171 572
685 674 291
370 750 583
315 757 800
901 539 953
705 51 627
591 389 901
293 973 121
97 827 489
301 801 737
6 401 874
980 167 291
121 56 537
194 369 921
591 761 531
161 121 941
801 738 721
281 69 177
352 737 733
161 33 353
123 577 372
608 685 501
435 793 195
257 388 409
359 344 806
319 825 961
362 921 206
421 257 113
991 101 443
74 625 617
352 805 375
278 941 538
377 181 497
268 41 577
33 265 656
781 241 839
405 256 307
659 588 505
285 716 509
137 341 891
753 439 437
829 957 751
190 17 699
921 648 31
166 831 133
300 857 705
653 293 828
931 649 893
610 260 321
370 206 466
636 588 1
311 310 491
173 307 50
96 846 852
257 763 924
184 613 621
631 193 401
876 51 235
906 865 341
619 501 467
411 125 311
181 1 783
105 462 926
591 497 987
603 839 833
282 889 777
617 743 325
995 209 539
311 721 784
69 821 117
92 376 513
801 401 585
205 403 233
353 425 389
659 516 273
137 57 246
374 761 271
561 1 941
821 177 377
531 637 581
999 857 332
512 109 899
965 13 261
765 751 421
333 166 885
62 531 293
476 66 130
761 227 747
755 213 948
901 733 701
663 57 123
118 13 873
64 601 387
113 55 826
23 968 759
537 526 426
330 963 162
709 265 464
111 519 597
734 321 987
98 486 651
505 10 691
232 488 14
536 510 734
167 571 997
689 15 880
896 366 15
207 401 304
39 623 69
20 108 63
260 101 581
885 581 458
93 349 799
105 845 876
826 41 778
275 401 755
134 849 202
681 81 761
456 531 541
129 319 473
919 977 306
146 529 287
869 185 649
293 961 148
325 584 1
699 159 357
708 519 591
525 814 75
25 240 336
859 655 601
177 426 94
815 349 520
245 36 769
741 305 167
796 106 471
401 813 205
827 101 697
755 592 697
10 951 86
921 901 355
597 136 145
951 29 338
297 6 329
961 761 1
681 649 885
264 345 251
676 226 733
361 341 961
785 869 733
289 497 642
441 893 561
251 547 330
287 633 29
410 816 521
137 72 283
229 673 588
33 295 999
751 679 896
27 599 237
223 494 926
1 606 225
565 261 313
887 280 857
194 731 691
897 369 722
39 643 197
75 192 336
965 281 657
713 29 972
529 37 291
305 724 741
1 500 597
55 951 872
163 337 844
546 315 401
426 471 686
533 281 290
141 259 151
297 775 400
517 7 302
161 81 865
56 239 251
402 76 409
24 813 161
756 851 91
937 337 445
281 501 461
248 33 751
561 441 379
742 870 549
671 321 921
778 953 619
417 1 401
649 576 757
426 41 657
594 391 925
541 420 451
401 694 809
935 169 329
425 509 523
451 881 343
80 270 973
506 632 705
266 348 21
9 881 867
143 401 686
589 971 636
927 201 382
768 396 701
268 181 689
363 301 631
547 927 377
273 625 297
641 375 220
675 476 123
595 225 69
696 817 521
891 618 441
740 397 602
781 353 85
619 87 701
271 745 157
677 857 119
446 681 14
249 141 481
65 299 216
877 478 317
581 49 489
646 765 91
254 383 51
986 517 725
117 26 773
136 59 906
187 567 287
707 381 519
426 635 635
408 549 985
769 121 475
593 51 77
209 773 661
451 747 543
487 737 567
281 641 569
817 540 433
85 669 430
573 809 646
5 851 451
401 536 509
537 961 326
832 27 23
231 850 897
739 425 201
111 769 841
153 338 329
881 970 505
677 279 7
527 515 199
770 913 509
881 681 501
583 843 608
144 72 738
787 873 137
705 237 729
615 443 569
629 233 626
929 943 185
213 17 887
587 237 1
597 792 332
623 654 211
816 607 675
137 249 201
786 19 381
431 152 956
488 201 931
641 526 241
51 657 731
452 651 276
9 997 400
795 657 51
777 961 822
190 365 890
601 483 257
365 889 211
301 632 241
59 117 833
697 217 343
556 849 282
617 291 281
697 809 559
876 391 938
809 371 57
697 139 936
579 261 881
451 401 841
92 605 53
229 351 103
191 890 178
275 801 21
705 303 617
465 421 350
731 53 95
401 165 981
761 137 201
109 385 131
849 129 643
808 393 73
318 333 661
241 872 349
424 585 285
699 657 626
56 415 1
586 160 437
289 955 715
728 185 87
739 161 501
18 398 803
513 171 861
117 123 267
647 297 185
877 889 691
308 151 751
100 41 100
64 307 565
705 876 126
534 337 241
79 569 449
809 311 441
993 905 777
251 409 629
945 108 241
807 995 305
380 211 801
129 333 665
585 565 592
496 821 453
1 259 966
845 959 191
37 356 616
13 649 275
230 73 473
230 385 234
59 481 213
379 467 51
541 497 488
937 205 737
153 836 687
681 617 932
601 601 605
971 217 661
505 45 641
671 769 858
495 961 471
824 385 752
854 417 809
376 277 184
706 971 333
168 737 641
291 847 693
897 710 701
545 872 29
204 109 291
201 502 101
376 782 955
553 673 191
637 757 445
824 599 952
595 312 897
310 886 652
790 816 569
986 349 865
800 687 183
567 469 825
901 385 695
571 650 727
979 561 268
596 1 226
537 19 649
971 301 357
675 833 781
144 21 105
156 566 845
561 416 346
572 71 97
747 157 91
496 529 253
659 561 437
557 167 215
849 577 291
705 506 517
431 169 591
209 583 523
901 736 545
618 403 737
88 327 81
481 641 51
801 536 26
251 477 229
784 715 968
266 99 324
761 916 297
765 301 401
572 376 417
533 399 909
741 25 411
481 971 283
506 201 919
345 494 200
806 301 81
562 327 307
841 281 64
536 381 21
126 405 361
431 766 395
227 460 259
346 185 518
641 45 841
361 465 471
317 775 907
69 591 486
541 821 541
659 51 708
549 857 541
959 217 396
65 677 509
117 681 185
877 552 651
53 303 591
689 514 401
614 873 831
297 1 134
625 153 81
615 705 159
200 409 661
33 96 153
645 513 197
972 987 676
416 199 873
705 121 556
896 683 906
353 841 371
938 977 849
966 663 866
451 899 461
797 456 351
716 201 23
293 139 176
476 283 869
591 625 734
614 121 88
865 81 440
461 577 201
550 489 949
136 501 679
985 126 617
804 591 525
826 374 240
1 113 411
1 424 129
193 613 421
722 679 725
65 209 257
20 485 28
105 309 713
103 393 736
481 821 249
123 156 661
851 443 465
595 989 225
189 313 393
39 693 497
641 479 576
862 792 726
363 891 709
887 570 349
272 86 521
971 201 91
673 953 813
246 601 777
169 216 486
585 733 663
759 153 648
301 740 449
887 859 57
651 511 11
669 832 183
408 601 180
742 506 80
301 844 581
510 892 1
289 649 961
981 602 40
195 433 761
621 833 62
505 767 905
9 133 291
233 147 901
961 639 231
621 398 741
849 617 729
266 953 219
97 361 441
583 724 251
499 81 747
403 621 859
564 119 969
636 357 63
617 309 549
617 625 401
71 961 601
101 681 572
41 947 625
45 403 506
31 173 218
210 441 851
561 489 681
220 18 384
167 729 414
719 420 196
691 569 268
964 537 967
903 296 537
36 745 431
95 331 987
287 624 733
805 320 757
728 381 101
339 109 999
421 311 741
677 41 881
273 188 582
357 171 163
312 661 929
704 585 630
142 153 329
748 816 288
291 553 761
501 991 13
537 407 366
416 253 422
226 681 647
185 897 859
313 63 351
841 277 746
793 421 346
746 905 547
1 173 745
40 629 823
525 829 433
245 27 501
771 101 686
838 261 429
801 993 376
701 276 649
245 161 231
481 806 509
853 77 81
937 141 975
55 961 673
299 326 239
539 401 921
395 385 443
60 161 979
294 1 571
131 750 447
416 785 149
737 813 263
480 411 799
71 39 397
851 701 609
525 395 253
761 201 921
26 141 289
123 436 427
747 673 385
1 880 791
423 661 610
473 969 665
911 251 677
683 482 665
741 101 947
81 196 401
311 787 481
187 501 654
565 357 183
121 581 977
787 796 929
641 529 185
933 71 885
632 393 476
507 461 240
841 425 399
661 933 949
530 480 301
853 791 497
301 280 497
149 705 226
286 951 672
271 721 657
994 853 877
503 151 641
145 423 620
85 513 797
271 668 131
178 478 55
459 183 651
751 502 521
951 773 250
375 534 96
199 301 896
905 897 263
377 853 409
797 543 65
361 506 520
54 101 61
203 21 941
289 776 485
991 401 651
1 622 680
790 326 326
577 720 907
777 897 520
641 553 604
242 450 274
641 809 925
295 397 976
890 95 225
676 363 128
720 357 29
961 153 985
906 841 116
159 826 342
498 715 911
263 638 376
901 579 41
764 601 350
311 693 361
29 591 957
689 431 481
714 281 471
881 57 331
526 15 1
159 873 817
893 700 767
91 422 661
807 936 26
374 961 996
407 881 457
459 124 93
341 737 665
773 327 985
869 521 176
17 861 293
171 394 561
152 924 831
201 10 921
297 551 316
561 461 926
741 877 626
385 34 561
542 444 12
505 601 77
889 79 113
209 41 117
592 163 376
977 877 896
800 444 209
945 243 217
607 305 459
867 19 193
676 461 617
596 269 646
809 353 901
251 1 827
413 937 371
235 493 681
505 451 655
121 805 869
911 437 911
995 81 346
492 511 331
186 437 197
770 188 110
233 915 901
319 226 396
515 466 161
539 975 310
339 51 446
763 841 403
661 495 89
783 701 841
353 706 601
347 796 357
256 967 763
948 801 670
823 677 589
57 46 707
375 601 845
1 251 481
666 437 541
853 287 889
805 795 899
566 301 442
281 865 455
932 897 251
583 721 788
733 765 427
591 373 593
165 369 197
289 422 687
839 1 81
33 945 469
779 241 721
625 617 207
201 1000 41
941 746 953
816 411 313
851 416 742
839 114 307
827 392 846
841 721 650
841 321 822
571 102 126
746 481 169
297 973 651
1 901 254
999 961 651
71 419 226
911 651 726
508 576 711
665 889 321
733 645 39
815 173 641
751 971 743
885 933 475
175 509 478
433 917 561
433 133 21
592 641 249
26 115 526
715 826 301
838 119 303
93 793 601
449 161 879
89 796 439
296 181 590
277 861 41
256 737 61
143 275 324
453 38 801
559 909 193
494 963 531
960 481 881
311 853 489
993 637 14
81 409 263
21 258 605
333 581 821
601 79 870
791 876 293
456 186 111
395 635 71
170 394 311
907 425 721
426 556 1
802 559 333
161 269 951
547 239 75
774 597 95
516 794 329
789 256 143
484 209 817
417 689 741
845 499 551
909 751 559
350 702 126
207 931 921
821 721 641
915 129 751
888 736 961
185 919 187
729 311 577
49 73 597
471 899 583
786 1 435
171 926 221
89 39 75
326 847 344
193 279 375
924 344 65
787 881 529
113 569 741
841 138 761
177 745 995
91 765 221
654 6 707
247 173 473
229 473 421
363 297 110
518 513 658
601 929 490
783 849 711
219 293 797
935 437 164
201 921 569
129 947 459
29 61 55
921 61 14
568 525 833
156 801 993
769 705 41
133 665 734
246 49 395
119 566 689
757 797 371
461 844 727
316 183 467
629 169 917
1 897 276
134 289 706
252 135 951
984 697 176
211 132 916
525 833 246
301 347 97
17 861 987
381 887 647
251 597 373
1 662 937
283 41 391
441 31 881
377 951 509
521 519 593
821 191 877
703 588 401
115 530 161
892 657 613
646 241 340
432 69 459
259 176 33
251 365 887
716 957 241
215 276 761
887 723 605
462 411 19
770 597 1
359 281 651
559 745 497
251 412 716
797 157 401
693 253 825
358 291 429
145 214 489
558 294 641
129 481 106
431 465 811
201 51 565
972 961 363
306 760 341
541 1 105
1 101 680
661 752 497
41 523 107
921 391 922
151 808 533
183 105 967
934 653 151
756 721 301
665 721 894
948 253 671
896 499 813
357 569 531
281 616 305
197 941 271
101 54 132
631 419 776
29 79 153
286 501 937
286 566 291
159 281 887
195 417 1
436 611 895
859 451 607
168 376 141
775 391 876
933 53 159
21 871 451
683 835 921
411 1 115
349 911 669
876 51 583
441 981 585
893 382 457
121 997 887
905 149 411
699 751 861
253 411 497
319 153 931
796 667 107
363 241 739
402 801 461
919 129 271
73 421 449
111 269 279
141 217 542
497 641 321
19 143 521
51 806 489
653 397 186
391 848 708
727 881 150
551 964 48
441 958 167
261 425 483
705 937 376
18 753 230
477 11 626
281 937 365
176 711 999
351 598 889
733 376 699
203 730 401
310 233 436
346 953 481
408 151 326
827 265 226
721 93 832
551 676 406
997 35 112
793 513 215
247 495 289
731 891 765
689 959 659
561 28 633
801 281 441
96 329 457
623 671 317
311 38 300
81 728 630
33 753 667
921 317 873
85 305 573
688 407 645
768 901 325
201 198 826
726 371 454
721 561 937
419 615 231
709 130 337
632 487 781
29 591 17
175 921 141
913 83 25
784 873 265
641 657 106
3 9 931
709 599 321
841 991 7
289 633 569
781 411 697
352 849 680
617 236 805
403 53 819
509 448 537
1 161 272
876 601 972
605 336 362
963 733 658
635 321 65
219 671 661
116 144 609
394 609 356
749 975 185
656 154 491
634 353 927
268 841 357
21 973 225
201 329 5
491 881 633
226 716 811
330 775 971
821 65 500
433 629 301
101 609 665
507 681 131
876 612 926
151 322 808
779 33 201
801 181 873
44 561 721
265 51 111
231 401 190
121 675 942
335 547 793
41 337 458
249 51 351
421 993 421
505 477 697
810 237 986
1 669 169
514 417 881
433 57 504
251 673 641
674 479 58
764 425 137
725 396 741
281 986 371
589 321 493
881 551 529
129 267 149
115 249 161
839 11 481
579 639 796
145 969 214
420 478 712
933 217 237
281 757 149
966 511 477
401 825 257
173 933 913
665 737 305
755 560 349
876 845 975
785 171 661
214 881 657
923 235 235
218 454 362
505 66 449
181 469 497
405 511 488
101 470 274
561 553 497
29 42 759
702 719 416
161 425 135
301 977 825
221 973 531
386 950 901
425 906 586
350 790 313
537 351 604
771 681 939
649 57 632
705 921 821
521 81 921
656 596 373
301 676 92
315 772 897
353 997 989
391 861 141
221 525 761
393 195 236
25 401 37
970 141 741
319 368 17
76 951 578
101 706 1
91 785 461
799 27 879
421 579 453
553 633 601
311 765 932
911 785 292
326 965 713
198 101 411
478 161 411
665 905 917
921 875 613
627 607 111
768 921 448
473 101 21
596 173 497
513 986 225
501 616 967
567 416 625
741 357 429
593 832 593
144 993 87
446 815 730
937 489 395
185 785 129
577 599 403
561 629 851
915 241 681
519 808 401
377 721 153
74 151 472
225 109 651
41 801 863
705 281 539
681 401 671
526 721 729
144 110 741
797 504 831
717 801 246
173 91 509
238 192 516
486 106 933
957 364 357
561 663 565
212 901 878
849 996 351
806 660 581
81 344 620
696 797 614
857 861 876
501 139 937
526 373 402
975 55 881
414 654 866
115 49 23
905 391 681
268 921 261
791 177 378
56 121 607
691 330 6
505 630 188
615 141 916
146 1 464
549 209 810
175 781 315
676 241 861
37 589 197
631 913 473
667 116 91
801 322 698
827 377 945
849 413 830
549 141 46
209 468 921
532 46 496
952 261 819
467 281 58
744 927 1
966 270 401
908 505 511
147 761 424
296 895 521
345 159 799
13 9 941
293 486 751
929 841 65
581 765 418
733 723 901
601 940 821
965 696 617
719 141 887
559 431 281
49 165 313
321 100 656
362 307 360
911 638 939
745 101 183
879 805 408
977 285 321
947 309 849
258 145 854
369 292 425
489 961 637
995 393 351
776 869 501
645 791 185
594 967 41
281 711 137
121 41 9
201 953 393
371 541 126
961 877 697
555 681 266
451 997 745
641 634 501
697 401 796
991 171 801
637 881 145
63 938 761
186 637 490
273 731 293
503 81 725
555 832 537
201 309 553
473 696 382
601 307 698
401 51 541
146 885 622
977 661 497
806 473 605
763 852 981
448 783 75
657 253 257
451 457 427
141 1 551
601 177 725
795 743 281
140 873 350
157 100 918
18 639 858
109 209 663
61 421 995
940 371 976
265 161 182
182 725 917
110 248 373
539 501 207
453 609 673
517 783 854
576 975 601
721 905 772
61 351 435
409 513 231
420 745 469
553 409 399
601 179 581
30 217 953
974 889 921
361 828 351
760 656 771
820 121 417
139 891 253
121 35 492
712 356 907
481 978 490
569 767 769
945 811 925
259 79 617
97 689 359
185 761 1
594 536 544
651 611 433
178 981 708
969 293 881
178 913 27
201 103 758
611 531 672
417 431 421
955 689 625
442 897 297
717 185 198
789 501 757
371 65 21
740 526 289
49 985 197
117 229 385
489 565 257
705 987 511
659 161 201
481 703 817
713 922 926
137 322 126
969 281 689
754 73 857
667 926 596
611 868 641
341 65 26
78 69 375
552 51 617
716 937 66
391 525 880
801 427 681
825 197 921
181 413 295
221 546 416
611 203 795
661 751 473
911 288 569
556 696 851
967 729 657
973 351 749
793 651 391
233 301 846
613 76 595
627 265 311
941 8 479
601 433 801
161 692 36
241 666 516
276 398 241
316 680 443
549 405 176
513 1 865
75 905 551
174 791 915
141 323 89
633 985 25
13 474 185
101 865 231
591 689 201
321 601 825
102 231 181
107 546 809
515 791 291
966 689 343
501 103 632
231 901 773
861 179 646
857 51 978
449 983 741
261 955 957
13 631 579
89 103 97
365 181 82
138 866 205
371 376 975
793 37 913
25 821 657
370 831 389
77 160 409
599 847 389
715 196 417
609 63 817
785 173 1
456 90 321
105 370 714
752 415 393
575 661 237
677 5 165
846 383 826
577 467 4
383 41 497
729 301 1
503 51 761
833 649 431
657 163 57
161 473 657
655 999 548
691 56 941
282 17 721
974 13 241
153 257 381
544 325 469
524 863 649
493 883 849
299 806 521
687 614 307
360 873 843
707 695 831
17 66 285
839 658 317
998 340 866
441 589 201
126 321 579
113 425 201
439 546 673
141 965 686
651 311 1
681 965 373
593 793 218
949 153 56
601 775 751
747 887 859
758 219 578
833 434 537
876 401 411
581 484 617
297 575 745
30 476 612
23 237 753
385 181 993
629 870 610
965 443 327
258 346 737
297 97 905
341 53 945
674 975 9
871 49 405
753 381 591
611 990 544
189 973 625
561 151 205
322 564 505
295 846 193
901 516 326
757 455 793
705 45 640
313 427 931
503 135 817
27 423 626
260 45 649
473 261 931
678 523 630
311 868 281
877 246 869
120 501 233
94 853 721
21 353 691
684 497 215
673 961 185
463 926 332
958 961 321
65 149 101
281 281 906
329 311 502
441 723 241
533 536 651
701 149 245
759 419 426
659 417 303
718 536 922
601 576 789
333 797 332
381 61 240
621 85 833
316 224 371
337 337 657
113 401 609
513 515 721
728 101 409
40 113 155
746 451 441
405 889 221
617 909 852
112 551 435
201 25 791
867 696 436
413 977 861
614 376 593
443 155 837
765 241 401
501 308 492
639 551 276
746 876 51
809 381 817
661 1 505
811 469 581
329 71 516
623 985 796
62 346 872
441 283 831
341 551 1
441 947 821
455 849 89
957 220 701
346 395 396
201 211 426
781 881 441
749 233 315
401 65 266
21 441 134
577 566 379
911 225 201
711 257 407
956 181 142
28 777 765
865 241 816
1 145 801
477 945 411
599 824 509
643 993 521
196 529 744
731 725 136
611 897 321
589 368 62
292 95 857
365 89 855
246 261 391
669 544 652
626 825 921
509 956 221
121 45 155
613 444 11
239 887 430
241 532 43
776 596 841
961 487 262
411 521 218
851 560 95
917 331 813
134 59 847
875 477 898
435 178 121
984 94 553
585 819 121
927 393 661
496 463 85
757 487 305
892 990 273
361 611 855
507 793 705
560 135 405
393 825 16
161 737 1
757 849 115
379 503 191
121 643 776
869 241 146
784 765 201
585 664 937
793 797 151
579 101 753
835 244 882
101 324 985
342 296 112
761 709 446
113 780 52
47 729 862
391 733 54
536 21 851
587 335 496
873 601 235
305 802 620
570 601 860
803 263 185
281 188 371
923 781 597
877 707 918
340 803 72
569 271 941
391 176 387
456 916 296
329 501 776
837 391 855
905 518 571
105 989 236
601 897 202
129 711 253
215 65 641
736 451 865
149 314 337
215 691 171
780 603 821
459 510 855
626 949 225
626 406 168
631 710 465
939 244 214
455 66 481
585 476 283
286 849 654
21 821 737
961 301 209
681 484 311
857 653 73
575 655 325
101 986 419
417 186 459
751 805 558
201 93 489
782 413 51
439 906 745
311 965 593
329 873 361
191 356 620
651 454 637
643 181 337
259 117 496
961 466 794
587 594 753
976 1 556
793 993 635
1 763 833
345 757 257
153 109 191
821 469 851
531 378 726
698 521 377
969 536 593
137 566 183
291 172 863
961 68 561
205 742 187
413 829 284
976 869 809
131 556 170
968 443 291
333 97 731
1 447 741
565 941 292
601 825 497
609 81 275
16 895 917
913 809 581
101 875 287
77 701 658
6 612 335
561 923 415
341 281 179
249 892 31
167 873 626
277 442 165
617 921 493
350 163 590
774 996 981
921 110 453
726 16 387
969 619 123
737 23 973
465 414 253
939 849 21
124 909 237
499 361 212
536 140 604
116 441 500
805 597 385
91 685 261
318 501 443
639 191 481
473 893 950
760 380 793
716 217 361
163 392 541
305 581 943
1 116 27
680 309 306
43 441 361
133 141 906
905 640 441
777 625 449
900 703 671
185 55 126
793 965 521
335 851 33
601 75 916
751 286 747
126 533 61
996 673 841
361 366 945
712 601 760
772 561 660
257 681 45
42 601 371
655 865 648
38 657 411
841 926 749
368 463 951
545 896 15
99 953 569
871 6 221
793 977 601
731 827 331
660 685 268
436 881 913
473 17 11
321 736 434
812 516 89
729 327 291
97 986 884
297 535 578
125 931 385
585 537 721
905 938 203
530 101 481
381 301 875
209 973 193
193 126 192
215 701 137
859 361 842
353 210 973
457 333 641
901 221 637
961 71 901
617 882 743
453 729 479
86 67 353
277 735 875
889 976 485
585 258 543
189 329 398
185 801 169
981 189 501
53 935 53
131 322 581
607 731 729
551 257 817
105 251 47
937 347 215
833 863 756
885 915 64
249 191 839
616 175 679
944 711 381
651 376 129
559 3 461
117 877 447
265 471 657
626 769 854
748 159 748
788 413 265
333 325 251
873 721 323
593 801 933
738 103 545
741 75 735
502 827 153
921 25 585
32 580 523
639 697 536
793 721 117
219 279 816
306 945 9
651 974 90
651 685 902
541 964 522
517 17 833
721 644 542
401 495 265
79 555 906
741 897 651
116 233 551
703 445 261
164 41 398
617 229 916
929 881 892
37 633 860
953 257 412
746 308 890
165 109 327
861 517 809
250 316 446
895 528 616
987 401 857
809 986 633
33 856 337
9 312 846
230 285 285
481 741 345
423 655 17
873 41 620
896 505 201
56 100 551
677 46 153
179 104 619
726 953 387
301 75 49
777 31 449
871 801 130
723 461 625
961 128 479
81 66 752
103 121 399
508 105 101
857 912 357
801 435 745
505 413 166
41 341 801
177 273 829
811 95 341
545 299 287
754 1 376
946 93 333
563 215 752
977 240 263
481 903 184
81 675 968
381 293 873
97 541 366
377 409 61
457 101 111
142 686 251
713 869 235
36 594 713
993 453 324
532 350 145
236 502 674
241 791 629
665 611 133
457 185 521
371 515 701
84 245 761
973 813 182
782 601 121
3 761 310
764 157 269
228 82 469
773 341 367
921 845 301
977 388 753
6 723 622
403 753 713
751 569 241
781 249 801
271 596 236
196 781 193
226 449 91
336 826 412
211 971 851
837 733 60
793 1 935
141 226 336
899 831 937
545 115 277
921 521 69
917 504 785
793 884 558
145 677 752
387 291 51
733 164 529
339 101 45
331 306 24
281 32 181
901 393 395
482 737 579
373 675 860
653 434 139
670 873 416
433 933 33
447 980 587
695 428 773
49 283 77
937 613 895
625 711 691
823 427 561
876 801 551
151 241 976
521 761 356
911 658 331
397 411 511
633 641 73
201 20 561
371 801 283
243 609 876
479 476 514
897 233 750
956 717 553
757 501 649
359 216 213
185 388 605
929 455 407
695 805 108
367 551 851
826 41 147
492 901 381
159 501 321
345 700 96
1 948 433
201 765 759
784 930 980
431 513 107
109 263 300
151 626 233
797 905 937
973 647 401
859 141 849
701 900 774
692 985 329
257 645 829
941 817 553
800 76 641
541 711 903
801 401 741
361 491 714
93 928 331
147 751 312
719 81 98
321 671 336
232 225 629
61 549 425
840 500 569
961 705 354
701 186 438
801 693 741
613 294 201
770 123 126
861 497 265
947 431 289
941 368 315
637 371 201
294 496 37
761 426 269
985 939 751
939 360 853
451 269 490
234 441 296
310 362 603
555 197 661
561 469 791
679 971 707
841 329 274
697 271 116
798 425 1
484 319 95
389 197 551
999 566 377
501 979 561
705 997 254
913 866 970
386 251 386
201 76 841
605 779 759
199 175 581
936 916 929
251 41 585
743 1 250
905 757 952
851 32 350
256 874 961
283 791 456
959 891 61
551 903 739
829 777 746
252 39 290
971 616 763
646 235 425
694 695 34
191 423 661
636 975 839
601 471 966
249 361 397
547 337 401
657 570 843
891 462 551
296 91 401
213 435 465
894 180 391
787 633 721
247 551 139
503 667 841
569 351 611
979 701 1
534 351 71
809 846 181
41 328 883
936 49 266
751 183 345
257 790 265
671 953 368
96 439 279
476 571 376
284 956 601
401 417 561
855 942 9
305 305 317
491 901 581
147 201 621
91 317 366
849 169 119
932 78 601
379 303 626
859 674 457
625 751 21
79 329 643
364 499 621
109 7 972
209 351 312
737 365 791
501 489 122
337 65 607
63 823 680
801 251 346
857 711 361
633 561 75
608 179 701
14 209 171
491 187 489
685 122 255
525 809 601
183 305 449
585 207 28
91 121 857
116 373 628
910 799 198
25 899 209
396 310 159
705 393 951
92 511 379
526 465 699
353 645 339
826 430 176
901 487 130
485 812 391
941 820 243
381 636 345
872 507 297
591 571 158
881 680 301
298 49 437
561 549 378
233 405 724
919 829 957
93 813 261
561 239 365
309 905 753
769 857 721
65 578 59
753 121 765
872 468 977
931 629 956
571 671 461
280 445 323
497 674 174
735 501 941
282 35 511
737 442 41
921 25 331
926 700 13
611 857 161
981 156 531
216 261 189
856 137 481
26 126 109
501 499 955
604 381 305
481 65 219
827 685 378
283 451 601
365 862 941
319 291 823
319 779 273
690 187 305
956 921 1
855 188 161
406 297 213
729 487 181
616 259 425
726 657 963
959 266 919
181 547 903
395 653 49
425 991 197
795 153 655
216 537 153
585 717 428
117 322 125
501 321 58
221 626 465
496 863 310
165 245 972
793 481 878
900 225 781
291 61 637
165 513 907
751 601 345
605 157 921
929 846 209
47 529 459
141 621 833
313 861 261
492 305 751
445 497 493
189 861 805
143 859 407
851 521 723
47 505 312
110 149 521
858 881 386
536 888 975
619 357 321
947 505 416
825 821 120
369 899 181
529 453 451
911 611 463
623 721 477
161 33 659
885 537 401
241 526 236
777 994 3
657 961 774
365 676 179
548 251 21
267 99 445
101 217 791
753 94 785
643 840 509
673 87 525
641 54 438
323 937 95
435 185 465
735 471 321
145 265 586
25 169 980
721 981 241
751 411 285
682 622 756
353 893 637
191 278 61
837 857 485
55 327 432
865 361 601
996 829 987
985 721 181
501 67 119
246 25 257
159 683 241
361 769 328
81 901 356
81 681 541
621 336 657
210 901 501
178 98 764
103 521 6
625 232 971
395 201 837
901 601 944
698 221 114
137 602 301
876 265 671
203 901 926
201 120 862
16 676 967
1 189 393
137 385 287
875 401 823
731 725 677
905 361 851
228 445 974
667 246 970
641 709 61
861 337 233
506 903 813
311 660 211
527 121 561
249 401 601
632 876 945
203 749 775
125 601 265
546 836 280
400 590 499
591 561 949
535 1 452
826 211 731
721 43 146
48 117 153
16 695 851
551 7 506
858 601 305
817 411 388
251 721 769
333 849 334
381 773 471
75 388 19
801 971 265
811 241 555
999 703 937
176 971 239
129 7 670
557 612 851
905 763 439
299 201 807
515 31 76
353 212 177
540 35 633
514 281 545
729 149 457
265 401 451
461 401 881
849 226 959
25 668 631
849 741 26
491 787 401
228 337 933
601 941 309
594 789 76
745 552 505
865 68 549
44 441 386
212 427 799
865 726 737
451 693 249
389 31 969
191 81 393
569 727 659
881 141 585
25 556 841
958 21 563
371 677 97
421 294 337
958 806 873
601 401 74
868 829 573
41 601 645
442 416 323
217 601 401
761 401 57
121 901 631
689 224 241
237 496 824
289 455 9
23 281 300
304 111 689
376 711 325
418 981 551
902 601 699
129 996 576
352 313 937
871 489 578
251 49 194
315 89 899
521 713 358
997 251 575
103 51 137
905 406 748
165 769 967
821 15 721
966 282 936
498 161 569
921 619 110
601 453 4
857 559 276
561 833 106
681 857 476
587 871 985
455 166 511
671 945 961
454 798 172
115 913 251
705 698 76
496 541 481
941 749 297
965 905 969
898 441 91
215 684 2
550 301 325
437 201 973
153 760 50
482 991 731
926 925 854
107 713 925
721 633 731
151 767 843
99 361 921
433 641 420
568 456 341
829 638 5
616 192 641
775 711 745
39 580 877
114 276 409
490 931 521
473 902 7
701 788 575
756 282 681
147 243 693
223 517 849
721 109 629
361 473 854
590 217 625
101 301 945
451 499 242
426 631 23
167 857 921
696 956 326
720 696 726
385 89 453
787 213 376
225 866 401
731 829 835
521 957 453
875 684 223
270 337 646
827 617 441
281 851 923
831 846 150
479 597 803
841 613 720
517 361 633
600 825 245
321 24 384
203 111 161
428 831 855
629 481 181
852 37 486
161 919 427
153 98 15
768 576 196
891 261 949
621 88 415
748 21 246
155 753 961
399 881 876
790 461 915
151 815 779
301 959 846
181 835 729
945 288 518
549 542 341
326 648 579
713 545 41
885 37 331
1 733 619
601 601 661
955 97 91
753 61 333
175 961 870
44 473 553
571 576 137
103 390 909
469 913 655
880 865 909
6 41 633
641 563 447
245 416 834
946 321 635
161 169 471
345 429 851
631 346 913
75 565 431
813 601 270
162 133 247
691 469 53
297 677 413
73 913 339
81 641 981
676 519 289
533 386 847
881 399 145
213 641 246
940 661 937
109 832 871
501 217 129
384 290 623
306 195 651
777 451 475
121 556 710
808 314 451
662 221 631
165 861 57
122 890 741
893 593 847
809 313 924
86 903 997
179 473 788
977 308 896
191 449 73
377 960 351
991 736 589
974 49 164
71 636 489
961 321 630
356 244 547
393 785 393
470 132 401
753 309 326
821 182 641
501 381 341
867 673 501
628 800 624
811 877 241
57 223 305
421 617 751
987 689 533
38 6 385
401 795 81
9 31 6
141 945 377
136 829 847
571 381 981
81 289 527
543 141 970
47 33 208
53 691 561
772 611 221
676 205 971
27 709 772
925 851 417
209 364 269
14 861 841
22 853 729
838 457 477
886 733 225
678 611 820
826 641 611
396 719 27
872 357 465
697 474 686
833 333 498
114 581 349
185 251 492
921 961 626
584 580 441
241 911 28
89 834 585
501 481 376
685 863 971
717 161 846
535 189 395
401 409 906
781 297 779
801 305 832
61 721 73
621 676 631
512 595 451
646 641 869
27 400 827
369 511 721
342 890 792
304 501 413
51 537 661
942 786 356
505 818 779
902 199 435
941 217 731
686 116 121
13 585 64
821 715 571
409 345 361
193 535 1
991 280 131
202 481 235
33 971 105
272 915 185
51 851 129
173 195 241
127 849 356
891 210 159
691 556 498
417 572 841
857 341 496
65 215 83
215 313 111
666 19 836
645 694 26
308 936 472
196 879 137
371 301 501
689 831 556
529 431 311
24 987 906
233 313 285
784 76 145
675 633 566
136 324 115
876 846 283
969 449 649
9 551 555
931 73 965
349 505 615
272 754 765
756 479 29
950 345 656
84 689 15
417 481 969
825 101 146
441 251 953
706 402 651
936 401 716
794 61 67
201 921 761
723 413 889
519 186 599
61 648 945
300 791 738
106 188 528
801 62 17
399 819 929
611 341 1
209 21 33
105 606 356
97 51 832
834 961 376
861 729 267
379 768 471
553 313 197
626 833 46
986 727 852
592 561 861
805 745 441
535 610 826
706 385 317
641 26 227
37 421 551
581 151 110
269 993 961
891 263 928
951 871 611
335 751 501
359 289 124
825 713 152
944 51 403
746 93 591
229 441 125
601 633 977
857 509 651
131 289 751
109 584 651
421 638 751
311 199 493
785 481 684
753 931 265
773 459 422
480 681 609
563 861 745
273 715 481
469 196 548
673 988 527
211 729 581
871 312 209
547 361 549
477 409 186
270 650 941
321 49 607
628 871 953
756 902 707
788 705 753
201 541 596
266 401 417
221 581 321
216 540 872
137 143 401
569 333 17
771 542 285
786 153 997
979 863 433
805 289 161
27 185 158
820 551 391
831 221 911
369 731 381
265 457 545
230 732 257
164 542 331
735 457 431
340 826 767
72 841 379
969 70 506
57 154 957
925 517 595
439 481 684
26 541 439
591 821 337
661 901 509
497 316 430
461 551 694
349 804 673
399 790 465
611 811 233
582 652 421
903 401 717
61 298 867
655 113 481
537 102 59
351 307 821
699 377 881
945 411 753
1 565 571
293 21 681
761 649 279
601 915 105
681 817 103
8 881 990
364 127 913
189 778 721
563 12 17
794 641 409
147 753 517
367 190 701
211 21 794
13 448 168
672 793 716
790 382 471
841 1 769
299 367 948
76 783 425
665 270 281
914 297 525
312 366 931
778 65 380
47 429 993
397 102 301
136 359 629
791 913 886
41 755 843
13 35 920
21 713 767
140 266 635
408 101 684
843 781 395
671 744 351
579 801 451
468 891 598
51 85 721
1 869 785
207 969 769
345 55 397
451 1 867
300 949 91
590 845 629
751 169 869
141 867 841
21 577 668
751 332 49
116 349 376
109 305 236
17 389 901
181 769 9
181 729 219
133 223 841
569 201 167
401 647 276
441 993 28
201 276 431
639 437 749
250 995 725
249 295 325
577 437 911
961 89 129
937 26 7
550 117 841
211 351 600
161 871 923
728 724 331
497 101 501
976 645 603
353 729 219
627 130 441
786 441 881
993 441 137
489 895 377
751 95 529
917 295 993
439 598 816
501 172 81
509 767 857
271 831 76
845 81 195
824 585 969
191 118 113
89 942 261
577 1 193
199 793 292
551 231 631
345 887 521
987 481 129
653 390 137
476 977 429
88 551 431
126 201 610
225 501 811
801 501 651
465 415 282
473 521 145
142 361 125
785 286 634
600 226 671
401 145 121
441 151 319
211 226 836
633 373 304
245 991 337
731 831 589
481 557 861
9 569 769
1 21 526
539 421 574
903 717 377
477 441 346
97 781 527
246 516 207
93 81 385
320 167 49
261 401 423
819 951 808
859 529 881
658 393 287
330 91 984
585 501 713
421 145 273
577 221 297
793 607 341
825 539 497
985 23 24
311 481 417
689 201 944
505 626 701
735 891 793
832 569 865
95 782 961
671 505 466
393 833 489
365 96 649
949 314 565
840 217 712
641 907 654
49 555 941
961 281 93
25 532 91
224 881 161
177 673 564
283 798 685
353 460 702
359 385 971
809 69 121
312 403 401
365 129 521
577 100 791
909 881 361
907 251 575
833 457 540
126 815 129
953 535 514
169 381 602
301 312 158
769 481 746
237 457 521
657 171 881
201 103 879
705 70 385
393 478 427
229 705 553
429 241 159
461 773 833
806 789 566
606 721 343
214 871 537
451 231 809
749 445 677
73 831 382
267 156 789
267 965 1
405 16 617
648 535 199
211 894 148
945 537 409
295 396 520
87 432 269
937 69 99
662 805 106
101 236 529
921 333 113
429 801 223
833 625 153
521 301 57
757 905 89
252 24 421
485 411 425
951 276 177
606 44 649
935 383 731
567 239 353
135 134 897
691 27 407
521 745 659
499 841 824
821 937 5
396 633 609
905 441 713
751 865 693
713 205 202
773 535 697
791 548 491
501 57 516
554 401 321
867 588 291
626 757 945
733 213 753
791 1 849
338 729 57
874 132 910
641 651 561
159 492 979
775 217 679
170 231 895
665 841 220
632 201 361
77 565 684
353 171 777
247 33 701
693 185 861
861 619 847
781 416 781
638 936 86
293 477 339
401 169 231
293 85 959
491 84 3
965 711 401
909 572 251
421 193 261
355 135 351
1 796 942
945 791 3
272 90 241
61 89 103
581 941 501
513 213 571
441 393 287
143 201 399
367 866 593
599 322 91
559 710 350
905 445 417
347 209 897
814 430 340
813 219 871
121 753 179
721 311 105
337 277 955
326 641 138
735 773 41
473 290 901
286 905 61
762 567 349
585 79 449
283 460 287
51 111 819
998 752 166
399 281 771
665 781 241
50 281 706
125 401 86
811 581 987
99 741 376
101 983 281
902 600 301
741 329 23
479 351 657
351 693 575
449 717 347
345 456 589
281 444 78
233 159 282
25 697 115
799 180 735
601 33 5
991 593 176
580 84 493
228 497 167
49 999 21
385 101 415
809 125 681
255 761 630
501 817 691
81 682 1
551 878 451
568 961 979
914 41 113
141 451 286
801 321 235
713 146 841
56 223 873
299 328 90
121 761 475
149 128 177
237 876 131
554 713 217
833 961 203
480 431 154
691 707 59
932 25 177
441 637 703
791 385 822
281 185 937
813 401 109
901 173 751
157 954 813
541 81 53
981 435 41
53 926 476
21 403 953
751 761 951
91 169 865
257 341 593
641 301 846
599 65 106
26 717 793
297 372 873
277 873 205
681 939 726
201 733 461
561 857 351
951 43 891
697 821 941
567 593 965
161 401 256
635 556 599
169 812 391
25 503 717
326 881 966
1 151 530
936 938 922
49 545 201
759 717 593
951 838 824
381 741 136
661 91 404
750 109 401
759 396 811
93 420 861
121 177 965
377 501 914
905 509 501
416 479 1
989 552 247
901 43 454
217 559 501
83 25 201
626 136 766
49 687 79
925 301 706
439 551 251
785 601 317
300 236 477
785 231 761
751 153 764
670 100 719
998 945 717
739 500 261
582 951 793
1 81 743
901 201 221
201 873 905
776 877 876
31 61 35
139 123 558
305 629 771
31 552 308
331 877 915
345 204 801
159 985 761
759 51 581
615 66 601
473 33 765
521 229 626
391 495 77
901 89 781
807 11 681
236 485 76
896 261 37
49 392 617
878 939 550
141 38 399
177 905 969
801 401 989
76 981 114
689 217 531
897 822 327
641 913 679
101 403 361
442 550 176
876 541 257
865 557 616
431 796 815
21 1 49
919 59 961
577 742 647
621 53 76
961 377 196
643 879 633
100 439 61
311 41 23
736 529 521
472 655 60
105 591 319
383 911 251
509 451 41
1 931 239
129 745 804
449 425 681
203 504 890
771 601 977
977 859 601
662 36 545
225 701 1
961 57 867
681 561 323
93 533 685
531 817 1
665 241 953
285 87 21
839 209 461
645 61 289
442 507 79
465 609 881
101 888 939
289 766 241
273 961 203
421 327 935
183 95 903
945 821 705
891 981 465
876 436 235
426 801 981
769 997 828
727 413 646
501 419 674
751 144 566
876 807 424
915 979 513
521 529 761
403 449 393
945 211 469
803 720 846
177 977 241
509 101 433
733 679 455
391 159 917
291 917 642
626 805 71
191 757 301
341 697 985
241 509 689
148 269 865
357 85 79
553 127 63
646 521 227
777 331 985
805 785 649
889 876 651
818 832 781
252 801 481
105 473 450
893 797 506
10 813 217
297 341 141
496 201 235
526 751 517
129 475 61
207 929 873
388 129 541
416 361 665
129 413 646
151 627 855
429 361 557
431 615 641
17 97 855
548 543 861
765 371 638
393 556 880
167 551 424
199 921 561
189 30 525
761 131 931
389 165 36
493 407 491
569 532 130
980 729 569
496 636 780
963 322 613
178 668 736
281 561 790
65 101 439
381 663 837
189 301 851
568 311 915
955 873 631
201 137 101
616 424 161
841 400 102
345 105 950
685 703 101
884 737 721
19 669 441
281 299 294
663 753 541
405 245 739
80 546 441
928 343 426
637 897 861
41 751 283
540 769 684
286 825 413
555 213 62
327 306 425
49 464 893
985 889 912
626 897 909
766 173 450
857 991 782
593 791 45
785 264 609
727 61 501
257 661 281
431 417 561
573 97 698
809 81 987
897 611 115
147 282 425
581 741 221
269 991 559
809 78 467
729 841 486
477 849 385
59 769 501
193 771 541
630 966 870
589 990 121
857 251 966
582 821 537
13 321 417
761 167 705
57 148 381
145 495 721
193 625 947
766 569 381
480 120 697
466 354 131
125 486 677
409 721 931
707 641 610
869 169 49
108 70 417
150 529 409
701 393 263
254 639 697
923 977 601
893 921 219
817 407 501
578 497 598
428 130 325
461 465 401
811 729 54
953 125 561
201 561 134
583 631 667
621 183 301
701 90 873
613 584 151
501 722 961
146 314 921
549 81 241
999 717 324
89 301 344
403 471 431
682 67 646
101 756 539
227 441 203
411 821 433
265 905 241
759 207 603
358 113 791
695 265 480
791 641 601
459 465 689
385 689 797
376 511 451
942 17 635
215 265 641
622 369 439
566 165 945
456 901 497
997 939 29
449 297 952
241 41 942
881 457 136
127 96 384
443 673 95
190 121 567
72 677 463
592 837 388
629 201 719
626 611 551
761 721 413
907 785 391
473 24 689
236 225 146
473 753 300
463 853 393
795 769 467
141 220 921
301 401 503
425 701 224
297 218 75
49 421 70
61 603 881
171 833 896
617 357 861
391 297 606
591 783 315
827 373 911
251 702 497
111 313 544
521 694 490
149 16 676
41 185 820
181 269 421
617 665 673
793 31 706
17 176 682
77 996 555
533 476 657
941 53 419
61 433 837
466 476 501
137 269 765
501 201 908
817 423 614
232 217 101
161 415 1
591 1 657
626 327 626
121 981 169
496 167 26
812 49 246
913 899 515
666 175 917
553 977 317
569 815 409
57 788 279
609 501 457
213 426 765
947 566 674
473 791 73
63 935 497
456 209 362
831 766 824
985 819 303
457 334 887
132 546 221
783 938 161
89 459 85
595 101 836
513 758 47
325 879 959
581 524 765
819 1 357
673 693 280
681 805 36
373 914 905
686 526 481
501 205 817
77 209 321
823 213 139
825 46 821
460 759 963
206 897 839
545 16 369
825 606 333
457 634 805
861 879 235
183 940 675
654 918 739
47 909 491
851 287 101
572 308 421
805 654 403
293 329 443
788 841 476
143 865 41
609 688 471
933 522 436
657 642 993
819 293 944
614 496 706
61 385 392
317 251 152
565 532 378
201 947 780
421 939 135
53 32 323
664 65 51
899 361 701
957 285 321
932 81 101
139 212 187
986 879 630
81 725 678
765 164 916
881 1 153
451 347 449
867 406 936
925 83 5
656 51 759
287 974 807
541 263 81
611 196 568
407 169 754
631 911 763
41 81 323
301 393 230
71 149 910
305 301 161
553 458 446
467 417 115
805 130 171
473 56 425
672 849 60
641 377 793
802 349 831
589 516 981
704 359 246
934 321 713
629 14 639
389 907 38
710 709 984
910 976 993
969 977 403
826 561 863
677 584 41
999 41 881
801 801 975
942 681 337
817 713 3
651 121 593
37 146 701
569 656 281
465 70 460
268 341 910
325 761 111
633 994 145
701 5 687
441 721 304
343 347 630
617 951 201
543 803 381
121 425 689
291 530 476
89 67 993
245 177 637
505 761 309
233 251 385
71 551 6
815 923 136
701 775 741
16 311 668
696 59 941
13 145 397
581 666 208
296 433 494
85 956 600
323 778 142
826 614 29
620 673 151
649 853 787
377 189 181
347 941 253
57 720 226
594 289 595
163 1 849
941 613 189
739 461 404
248 581 451
327 459 971
785 794 601
958 71 921
901 591 40
914 901 744
211 787 649
931 485 896
957 521 276
409 106 137
886 251 936
990 681 209
541 771 957
46 465 521
988 834 411
385 256 895
651 273 653
821 309 211
251 997 169
471 461 351
844 137 324
921 985 444
433 625 553
501 377 681
476 506 372
159 1000 126
229 793 113
773 849 199
651 333 785
701 301 181
737 673 817
643 473 212
277 786 262
24 737 189
587 2 327
600 241 309
843 301 260
503 317 47
205 707 776
91 931 1
793 401 847
251 450 331
751 107 105
502 993 253
600 741 681
985 635 616
831 607 254
7 529 101
513 319 929
751 490 555
346 55 957
894 387 751
110 761 203
538 801 962
273 977 9
539 993 185
251 303 126
767 296 271
874 923 817
943 17 897
31 106 489
109 545 759
719 81 225
344 376 456
713 481 671
394 918 569
619 251 217
539 758 873
330 257 261
176 549 457
301 346 671
165 841 881
535 397 105
616 997 257
303 17 26
646 1 605
1 929 297
78 705 235
517 492 547
389 801 341
465 456 546
915 997 236
516 351 961
563 439 25
881 946 645
569 287 609
561 265 401
814 562 49
901 123 673
654 513 705
57 786 9
553 89 631
627 33 943
739 969 154
625 141 986
6 861 703
461 382 801
131 593 221
817 613 12
807 537 641
929 543 681
611 866 876
769 69 113
225 183 191
294 374 621
131 976 401
876 891 89
576 722 672
23 473 617
705 535 743
897 244 577
719 82 793
333 822 851
701 483 465
585 233 426
75 225 778
105 291 146
281 656 394
865 319 819
359 911 657
979 201 951
648 511 620
121 426 774
13 124 951
678 150 209
961 381 936
512 654 506
137 441 214
969 22 576
741 586 469
161 381 156
74 634 321
85 145 477
985 309 259
605 591 897
83 728 405
773 753 875
937 774 226
556 977 858
362 841 976
777 301 849
752 670 491
841 137 465
664 163 31
891 933 753
53 36 745
861 523 826
305 182 353
697 92 552
401 49 729
1 915 731
848 876 177
891 369 891
186 121 98
621 380 925
169 616 153
60 446 806
529 925 265
666 951 485
701 417 601
681 286 127
281 831 425
201 751 377
111 874 391
395 697 617
94 393 697
861 991 79
839 705 113
561 401 633
623 941 866
401 424 563
853 959 900
395 886 1000
25 681 481
613 561 551
253 201 978
237 348 491
373 213 456
105 985 341
401 369 271
906 638 401
984 417 78
409 186 166
256 681 621
239 512 224
535 289 377
899 407 148
441 403 144
586 694 869
141 430 851
321 976 172
786 676 27
41 164 901
846 770 529
516 596 110
717 93 777
916 881 717
601 513 237
757 651 849
796 959 526
721 551 590
24 497 891
986 601 652
42 217 463
302 679 241
297 773 911
36 531 709
37 216 90
421 209 174
440 745 80
741 585 1
639 284 397
849 612 421
745 953 526
827 710 977
177 532 777
761 849 401
712 846 931
643 679 113
705 338 521
373 441 513
596 363 673
498 829 126
659 112 914
171 786 194
281 361 516
293 155 193
337 263 489
484 1 877
403 129 965
769 800 29
891 617 622
281 737 646
935 747 473
496 901 585
41 207 831
769 475 677
347 33 39
601 361 34
725 861 713
215 19 15
681 501 405
1 191 241
158 154 926
941 965 901
411 645 574
861 473 497
961 865 348
161 626 461
587 941 317
661 222 889
4 552 556
947 461 373
517 456 251
457 385 81
649 215 121
385 17 25
987 387 883
109 385 301
553 737 151
207 769 629
827 668 665
29 462 605
298 598 526
706 553 622
793 522 391
281 327 251
6 681 109
856 197 811
881 461 66
533 285 3
597 806 461
521 872 141
576 776 3
876 522 495
437 485 1
305 698 151
5 757 392
804 461 231
715 394 791
97 977 177
291 721 327
850 251 701
939 681 656
121 105 647
281 276 991
686 377 945
585 562 889
335 63 529
129 241 249
83 155 559
174 339 659
301 397 465
114 757 986
81 440 401
665 681 517
348 553 399
217 239 152
741 262 657
726 282 331
431 621 759
193 521 589
781 323 49
902 315 485
698 121 867
205 657 817
15 291 281
776 978 475
598 231 611
269 201 354
189 583 176
169 461 394
425 73 817
129 281 901
81 333 821
975 329 891
625 290 551
731 224 658
883 769 589
677 895 750
211 977 683
441 881 433
689 476 51
404 24 932
261 23 653
907 873 191
91 473 409
929 851 415
777 444 627
32 45 873
809 516 551
137 851 133
923 490 129
182 913 931
373 721 505
280 266 606
226 753 211
516 217 249
435 76 896
451 605 455
251 359 311
311 953 285
596 421 621
291 769 421
396 465 949
449 569 916
451 781 253
504 389 990
947 317 780
29 571 171
646 101 746
701 617 197
209 158 716
831 329 497
566 511 385
601 97 376
751 528 153
395 349 901
129 157 721
400 961 596
40 681 301
825 255 489
443 961 163
476 501 694
451 237 771
897 665 682
82 351 383
669 377 569
621 851 33
988 705 146
10 101 91
100 447 874
577 841 361
541 758 151
479 786 565
142 471 209
777 591 951
273 85 745
81 962 801
149 771 776
497 705 598
636 619 551
81 670 589
541 405 39
121 382 817
385 844 954
126 211 439
387 39 421
286 461 945
811 951 739
35 233 2
41 601 689
427 491 986
681 694 657
701 551 556
986 776 166
515 550 99
436 321 101
868 959 912
501 508 635
28 875 625
995 205 201
514 777 375
924 445 487
391 501 571
969 823 777
702 427 526
257 217 141
306 837 321
629 378 116
775 325 996
701 444 835
869 767 661
546 707 221
591 95 525
461 391 801
729 289 429
261 843 481
329 209 897
233 193 799
703 953 113
47 95 216
505 369 323
753 997 541
247 813 947
609 365 937
242 949 447
761 471 81
575 969 699
653 746 225
710 684 981
53 66 615
886 713 801
13 641 660
561 533 961
930 785 995
