100
9 16
22 30
26 26
50 28
12 13
5 7
47 35
7 15
20 30
18 43
38 38
30 34
48 12
46 30
6 30
15 3
16 18
32 19
49 45
28 12
10 27
42 39
22 37
25 25
13 14
38 12
4 27
23 48
4 13
31 40
7 25
42 21
40 4
44 39
13 5
15 7
39 17
50 30
49 11
20 16
20 42
10 10
25 17
38 28
41 26
1 7
26 19
41 14
28 44
39 29
49 19
49 50
46 46
15 14
20 28
14 10
15 32
27 2
39 26
14 9
35 46
41 7
14 19
2 19
3 31
2 16
47 10
35 39
40 21
32 9
30 16
18 44
16 38
32 38
22 29
11 41
9 21
37 46
17 6
40 26
13 38
37 6
28 7
35 7
5 3
14 9
44 28
49 38
23 11
5 15
2 10
39 6
48 47
13 32
44 4
36 4
20 38
18 22
23 31
43 37
